21530250
21531269
21531273
21531270
21531274
21513866
21514885
21514889
21514886
21514890
25757221
25757222
25757226
25758245
21514821
21514822
21514825
21514826
25822757
25822761
25822758
25822762
25823781
25823785
25823782
25823786
25725317
25725321
25725318
25725322
21530953
21530954
21268041
21268042
21269061
21269062
21269065
21269066
21529925
21529926
42501509
42501513
42501510
42501514
42502533
42502537
42502534
42502538
21267845
21267846
21267849
21267850
21268869
21268870
21268873
21268874
25561625
25561622
25561626
25561385
25561381
25560618
25561637
25561638
25561382
25822501
25822502
25822505
25822506
25724234
25725253
25725257
25725254
25725258
25724293
25724297
25724294
25724298
25756965
25756966
25756969
25756970
25757989
25757990
25757993
25757994
21513797
21513801
21269125
21269126
21269129
21269130
21268105
21268106
25561365
25561369
25561366
25561370
25560357
25560361
25560358
25560362
21530245
21530246
21530249
25560597
25822741
25822742
25822745
25822746
25823765
25823766
25823769
25823770
42502470
42502474
25561386
21267781
21267785
21267782
21267786
21268805
21268809
21268806
21268810
25560613
25560617
25560341
25560345
25560342
21529929
25822485
25822486
25462085
25462086
25462090
25463109
25463110
25463114
25462149
25462153
25822489
25822490
25823509
25823513
25823510
25823514
21251398
21251402
21252421
21252422
21252426
21513541
21513542
21513545
21513546
25758246
25758250
25560598
25560601
25560602
25561621
25724485
25724486
25724489
25724490
25725509
25725510
21268037
21268038
25724229
25724233
25724230
21531013
21531017
21529930
21530949
21530950
21529989
21529993
21529990
21529994
25823525
25823529
25823526
25823530
21514565
21514566
21514569
21514570
21513798
21513802
21251397
21514630
21514633
21514634
21513606
21513605
21513609
21513610
21514629
25462406
25462410
25463429
25463430
25463434
25560614
25560346
21251722
21252741
21252742
21252746
25462150
25462154
25463173
25463177
25463174
25463178
21268101
21268102
21531014
21531018
21530181
21530182
21530185
21530186
21531205
21531206
21531209
21531210
42501765
42501766
42501770
42502789
25724550
25724554
25725573
25725577
25725574
25725578
25756949
25756950
25756954
25757973
25757974
25757978
25561641
25561642
42502790
42502794
21513861
21513865
21252485
21252486
21252489
21252490
21251717
21513862
21251718
25724549
25724553
25462405
25725513
25725514
42501445
42501446
42501450
42502469
21251461
21251462
21251465
21251466
