296688353344
571566325824
313868288064
576196837440
296755527744
571633434688
313935396928
588813303872
301050495040
575928401984
318230364224
297023963264
571901870208
314203832448
589081739392
301318930560
576196837504
318498799744
593376706688
318431625280
593309532224
296755462208
571633369152
313935331392
588813238336
301050429504
575928336448
318230298688
593108205632
297023897728
571901804672
314203766912
296688353408
588746129536
314136658048
589014564992
571566260288
313868222528
588746129472
318163189824
593041096768
314136657984
318498734144
593376641088
593309597760
589014564928
318498799680
593376706624
296688418944
571566325888
313868288128
588746195072
300983386240
575861293184
301050495104
575928402048
314136723584
589014630528
301251821696
576129728640
