23595537
22546705
22546706
25581824
25585920
22546721
22546722
21320960
21321984
21326080
21325056
21583104
21587200
21584128
21588224
21321216
21325312
26757634
25602560
42310144
42314240
21600768
21604864
21337344
21341440
21338368
21342464
25532928
25537024
21599488
21603584
21600512
21604608
25519616
22546977
22546978
25860352
25864448
22563329
22563330
26806785
26806786
22579713
22579714
26872321
26872322
26757633
25843968
25848064
25581056
25585152
25582080
25586176
25843200
25847296
25844224
25848320
22300161
25859584
25863680
25860608
25864704
23595553
23595554
27789953
27789954
25598464
22546961
22546962
25598208
25602304
25597440
26511874
42555904
42560000
26774017
26774018
42572288
42576384
25798144
25795072
25799168
22545937
22545938
25532672
25536768
22545953
22545954
25794816
21322240
25516544
25520640
25777664
25781760
25778688
25782784
21670144
21403136
21407232
21599744
21603840
22300162
25516288
25520384
22316545
22316546
25778432
25782528
25515520
25794048
25798912
25531904
25536000
21665280
21669376
21666304
21670400
21337600
21341696
21338624
22301185
22301186
26544641
26544642
22317569
22317570
26610177
26610178
26495489
26495490
21342720
21402880
21406976
21403904
21408000
21665024
21669120
21666048
42379776
25601536
21326336
21583360
21587456
21584384
21588480
21404160
21408256
27789857
27789858
42637824
42641920
23595538
27789889
27789890
27789841
27789842
42375680
42293760
42297856
26511873
