292394632448
292394632704
567272539648
584452408832
292663068160
567540975104
584720844288
309642922240
584520829184
292664116736
567542023680
584721892864
292462790144
567340697088
584520566272
292731225600
584787954176
292462004736
567339911680
584519780864
292730440192
567608347136
584788216320
292461741568
567339648512
584519517696
292730177024
309575812608
584453719552
292394633728
567272540672
584721893888
584452409856
292663069184
567540976128
584720845312
292731226624
567609133568
584789002752
292730178048
567608084992
309574501632
292663067904
567540974848
584452408576
584720844032
292664379648
567542286592
292664116480
567542023424
584721892608
292664117504
567542024448
584721893632
292731488768
567609395712
584789264896
567339910656
584519779840
292462003712
