1378752726080
1378753841280
1378752792640
2478264420416
1653630699584
2753142327360
1383047759936
2482559387712
2478264353856
2753142260800
1383047693376
1653630633024
2482559321152
1657925600320
2757437228096
2757437229184
1378819836032
2478331463808
1653697742976
1378753774656
2478265402432
1653631681600
2753143309376
1383048741952
2482559322176
1657925601344
2757437229120
2753143310464
1383048743040
2482560370816
1657926649984
2757438277760
1378752792704
2478264420480
1653630699648
2753142327424
1383047760000
2482559387776
1657925666944
2757437294720
1657925666880
2757437294656
1383114868800
2482626496576
1657992775744
2757504403520
1378752726144
2478264353920
1653630633088
2753142260864
1383047693440
2482559321216
1657925600384
1653697807488
2753209435264
1383114867840
2482626495616
2757438343296
1383114803328
2482626431104
1657992710272
2757504338048
1378752727168
2478264354944
1653630634112
2753142261888
1378753775744
1383047758976
2482559386752
2482626495552
1657992774720
2757504402496
2757505385536
2757437293632
1383114867776
1657993758784
2757505386560
1383114803264
2482626431040
1657992710208
1378753775680
2478265403456
1653631682624
2753143310400
1657992774784
2757504402560
1383115916416
2482627544192
1657993823360
2757505451136
1378752791680
2478264419456
1653630698624
2753142326400
1383048742976
2482560370752
1657926649920
2757438277696
1383115851840
2482627479616
1383115917376
2482627545152
1657993824320
2757505452096
2478265403520
1653631682688
1383114802240
2482626430016
1657992709184
2757504336960
1378820950144
2478332577920
1653698857088
1383115917440
2482627545216
1657993824384
2757505452160
2478265469056
1653631748224
2753143376000
