26896897
26896898
27789973
27789977
27789974
27789978
27789909
22547029
22547033
22547030
22547034
22547045
22547049
22547046
22547050
26646017
26646018
26831361
26831362
22546022
22546025
22546026
22653441
22653442
22386177
22386178
22390273
22283878
22283882
22283941
22283945
22283942
22283946
22546789
22546790
22546793
22546794
26647041
26651137
26647042
26651138
22547113
22547114
22546005
22546009
22546006
22546010
22546021
26580481
26580482
26847746
22546853
22546857
26741146
22546854
22546858
26741141
26650113
26650114
26740389
26740390
26740393
26740394
43686401
43690497
43686402
43690498
43362818
26741142
26741157
26741161
26741158
26741162
43620865
26740373
26740374
26740377
26740378
26892801
26892802
26581505
26581506
26585601
26585602
43624962
26843649
26847745
26843650
26909185
26913281
26909186
26913282
26633729
26633730
22546773
22546777
22546774
22546778
26629633
26629634
23595689
23595690
23595622
23595625
23595626
22456833
22456834
22649345
22649346
23595621
26584577
26584578
26740325
26740326
26740330
27789925
27789926
43358721
43362817
43358722
26741414
22546085
22546089
22546086
22546090
26741413
26827265
26827266
43620866
22370817
23595609
22370818
22632961
22637057
22637058
22632962
23595606
26569217
26569218
43424257
43428353
43424258
43428354
26630657
26634753
22391297
22387202
22391298
26565121
26565122
22374913
27789910
22390274
22451713
22455809
22451714
22455810
26564098
27789929
27789930
26630658
22387201
22452737
22452738
22369793
22369794
22373889
22373890
22283685
22283686
22283689
22283690
26741418
27789989
27789990
27789993
27789994
22547109
22547110
23595605
23595610
22283621
22283625
22283622
22283626
22374914
22284965
22284966
22284970
26564097
26568194
44567205
44567206
44567210
22283877
23595685
23595686
27789913
27789914
22714881
22718977
22714882
22718978
26634754
22283605
22283606
22283610
43342337
43342338
43346434
