17516791104
17517906304
34697775488
17786341760
34966210944
17585015168
34764884352
17853450624
35033319808
17583900288
34763769472
17852335744
35032204928
17517840000
34697709184
17786275456
34966144640
17584948864
34764818048
17584227712
34764096896
17852663168
35032532352
17516856960
34696726144
17785292416
34965161600
17516857664
34696726848
17785293120
34965162304
17583966528
34763835712
17852401984
35032271168
17517906240
34697775424
17518102912
34697972096
17786538368
34966407552
34696660288
34965095744
17583899968
17785226560
34763769152
17852335424
35032204608
17516792192
34696661376
17785227648
34965096832
17583901056
34763770240
17852336512
35032205696
17518168448
34698037632
17786603904
34966473088
17585015424
34764884608
17853450880
35033320064
17517053568
34696922752
17785489024
34965358208
17584162432
34764031616
17852597888
35032467072
17786276160
34966145344
17584949568
34764818752
34697709888
17853385024
35033254208
17517840704
17517119104
34696988288
17785554560
34965423744
17584227968
34764097152
17852663424
35032532608
17786341696
34966210880
17585015104
34764884288
17853450560
35033319744
17517054528
34696923712
17785489984
34965359168
17584163392
34764032576
17852598848
35032468032
17518103104
34697972288
17517053248
34696922432
17785488704
34965357888
17584162112
17516856640
34696725824
17785292096
34965161280
17583965504
34763834688
17852400960
35032270144
17518103168
17516792448
17852335680
35032204864
34696661632
17785227904
34965097088
17583901312
34763770496
17852336768
35032205952
17517118784
34696987968
17785554240
34965423424
17518168704
34698037888
17786604160
34966473344
17585277568
34765146752
17853713024
35033582208
17852401216
35032270400
17518102848
34697972032
17786538304
34966407488
17585211712
34765080896
17853647168
35033516352
17853450816
35033320000
17585015360
34764884544
17517053504
34696922688
17785488960
34965358144
17584162368
34764031552
17852597824
35032467008
17517120064
34696989248
17785555520
34965424704
17584228928
34764098112
17852664384
35032533568
34765081152
17518101888
34697971072
17585210752
34765079936
17853449600
17584228736
34764097920
17852664192
35032533376
35033318784
17786340736
34966209920
17585014144
17517905280
34697774464
35033516608
17786538560
34966407744
17585211968
17853647424
34698037824
17585277504
34765146688
17786604096
34966473280
17853712960
35033582144
34763835776
17786537344
34966406528
17853384320
35033253504
17517841024
34697710208
17786276480
34966145664
17584949888
34764819072
17853385344
35033254528
17517054592
34696923776
17518167424
34698036608
17786602880
34966472064
17585276288
34765145472
17853711744
35033580928
17517905536
34697774720
17786340992
34966210176
34764031296
17518101824
34697971008
17786537280
34966406464
17585210688
34765079872
17853646144
17584163200
34764032384
17852598656
35032467840
34966144320
17584948544
34764817728
17853384000
35033253184
17517839680
34697708864
17786275136
17853646208
35033515392
17517053312
34696922496
17785488768
34965357952
17584162176
34764031360
17518167680
34698036864
17786603136
34966472320
17585276544
34765145728
17853712000
35033581184
17786340928
34966210112
35033515328
17785490048
34965359232
17584163456
34764032640
17852598912
35032468096
17517839936
34697709120
17786275392
34966144576
17584948800
34764817984
17517905472
34697774656
17852598592
35032467776
17516856704
34696725888
17785292160
34965161344
17583965568
34763834752
17852401024
35032270208
