292126262592
292127377792
567005284736
309307246976
584185153920
292194486656
567072393600
309374355840
584252262784
292193371776
567071278720
309373240960
584251147904
292127311488
567005218432
309307180672
584185087616
292194420352
567072327296
292193699200
567071606144
309373568384
584251475328
292126328448
567004235392
309306197632
584184104576
292126329152
567004236096
309306198336
584184105280
292193438016
567071344960
309373307200
584251214144
292127377728
567005284672
292127574400
567005481344
309307443584
584185350528
567004169536
584184038720
292193371456
309306131776
567071278400
309373240640
584251147584
292126263680
567004170624
309306132864
584184039808
292193372544
567071279488
309373241728
584251148672
292127639936
567005546880
309307509120
584185416064
292194486912
567072393856
309374356096
584252263040
292126525056
567004432000
309306394240
584184301184
292193633920
567071540864
309373503104
584251410048
309307181376
584185088320
292194421056
567072328000
567005219136
309374290240
584252197184
292127312192
292126590592
567004497536
309306459776
584184366720
292193699456
567071606400
309373568640
584251475584
309307246912
584185153856
292194486592
567072393536
309374355776
584252262720
292126526016
567004432960
309306395200
584184302144
292193634880
567071541824
309373504064
584251411008
292127574592
567005481536
292126524736
567004431680
309306393920
584184300864
292193633600
292126328128
567004235072
309306197312
584184104256
292193436992
567071343936
309373306176
584251213120
292127574656
292126263936
309373240896
584251147840
567004170880
309306133120
584184040064
292193372800
567071279744
309373241984
584251148928
292126590272
567004497216
309306459456
584184366400
292127640192
567005547136
309307509376
584185416320
292194749056
567072656000
309374618240
584252525184
309373306432
584251213376
292127574336
567005481280
309307443520
584185350464
292194683200
567072590144
309374552384
584252459328
567072393792
309374356032
584252262976
292126524992
567004431936
309306394176
584184301120
292193633856
567071540800
309373503040
584251409984
292126591552
567004498496
309306460736
584184367680
292193700416
567071607360
309373569600
584251476544
292194486848
292127573376
567005480320
292194485632
567072392576
292193700224
567071607168
309373569408
584251476352
309374354816
584252261760
309307245952
584185152896
292127376768
567005283712
309307443776
584185350720
292194683456
309374552640
584252459584
567072590400
584252525120
567005547072
309307509312
584185416256
292194748992
567072655936
309374618176
309307442560
584185349504
309374289536
584252196480
292127312512
567005219456
309307181696
584185088640
292194421376
567072328320
309374290560
584252197504
292126526080
567004433024
292127638912
567005545856
309307508096
584185415040
292194747776
567072654720
309374616960
584252523904
292127377024
567005283968
309307246208
584185153152
567071540544
292127573312
567005480256
309307442496
584185349440
292194682176
567072589120
309374551360
292193634688
567071541632
309373503872
584251410816
584185087296
292194420032
567072326976
309374289216
584252196160
292127311168
567005218112
309307180352
292194682240
567072589184
309374551424
584252458368
292126524800
567004431744
309306393984
584184300928
292193633664
567071540608
292127639168
567005546112
309307508352
584185415296
292194748032
567072654976
309374617216
584252524160
309307246144
584185153088
584252458304
309306395264
584184302208
292193634944
567071541888
309373504128
584251411072
292127311424
567005218368
309307180608
584185087552
292194420288
567072327232
292127376960
567005283904
309373503808
584251410752
292126328192
567004235136
309306197376
584184104320
292193437056
567071344000
309373306240
584251213184
