1391905277248
1409152255616
2508663883392
1684030162560
2783541790336
1392240821888
2491752449664
1667118728832
2766630356608
2783541791296
1409420691072
2783810488960
1667051619648
1684030490944
2783542118720
1391905605952
2491417233728
1666783512896
2766295140672
1409085475136
2508597102912
1392174041408
2491685669184
2783810553472
2508865210752
1684231489920
2783743117696
1391972387200
2491484014976
1666850294144
2766361921920
1409152256384
2508663884160
1684030163328
1684030425472
2491417167168
1666783446336
2766295074112
1409085408576
2508597036352
1683963315520
2783474943296
1684231817600
1667051686528
2766563314304
1409353648768
2508865276544
1684231555712
2783743183488
1391972452992
2491484080768
1666850359936
2766361987712
1392241150528
2491752778304
1667119057472
2766630685248
1409421019712
2508932647488
1684298926656
2783810554432
1667051947392
2766563575168
1409353909632
2508865537408
1684231816576
2783743444352
1391972713856
2491484341632
1666850620800
2766362248576
1392174041472
2491685669248
1667051619904
2766563247680
1409353582144
2508865209920
1684231489088
1667051948416
2766563576192
1409353910656
1392173778560
2491685406336
1667051685504
2766563313280
1409353647744
2508865275520
1684231554688
1391905277568
2491416905344
1666783184512
2766294812288
1409085146752
2508596774528
1683963053696
2783474681472
1392173713024
2491685340800
1392241150336
2491752778112
1667119057280
2766630685056
1409421019520
2508932647296
1684298926464
2783810554240
1392240887424
2491752515200
1667118794368
2766630422144
1409420756608
2508932384384
1684298663552
2783810291328
1667051686464
2766563314240
1409353648704
2508865276480
1684231555648
2783743183424
1391972452928
2491484080704
1666850359872
2766361987648
1666850621056
2766362248832
1409152583296
2508664211072
1684030490240
2783542118016
1392240822848
2491752450624
1667118729792
2766630357568
1409420692032
2508932319808
1684298598976
2783810226752
1409152582976
2508664210752
1684030489920
2783542117696
1667051947328
2766563575104
1409353909568
2508865537344
1684231816512
2783743444288
1391972714880
2508663948928
1409420954240
1391972649536
2491484277312
1666850556480
2766362184256
1409152518720
2508664146496
1684030425664
2783542053440
2491484079744
1666850358912
2766361986688
1392240822592
2491752450368
1667118729536
2766630357312
1409420691776
2508932319552
1684298598720
2491752515904
1667118795072
2766630422848
1391905540480
2491417168256
1666783447424
2766295075200
2783541791104
1392240822656
2491752450432
1667118729600
2766630357376
1409420691840
2508932319616
1684298598784
2783810226560
2783541856576
1684231490176
2783743117952
1391972387456
2491484015232
1666850294400
2766361922176
1409152256640
2508663884416
1684030163584
1391905278336
2491416906112
1666783185280
2766294813056
1409085147520
2508596775296
1683963054464
2783474682240
1392173713792
2491685341568
1391972649344
2491484277120
1666850556288
2766362184064
1391905344128
2491416971904
1666783251072
2766294878848
1409085213312
2508596841088
1683963120256
2783474748032
1392173779584
2491685407360
1667051685440
2766563313216
1409353647680
2508865275456
1684231554624
2783743182400
1391972451904
2491484079680
1666850358848
2766361986624
2783810226496
2508663884096
1684030163264
2783541791040
2766563248448
1409353582912
2508865210688
1684231489856
2783743117632
1391972387136
1391905278272
2491416906048
1666783185216
2766294812992
1409085147456
2508596775232
1683963054400
2783474682176
1392173713728
2491685341504
1392241149568
2491752777344
1667119056512
2783541855872
1392241084992
2491752712768
1667118991936
2766630619712
1409420954176
2508932581952
1684298861120
2783810488896
1409085212992
2508596840768
1683963119936
2783474747712
1392173779264
2491685407040
1392240888128
1667051686208
2766563313984
1409353648448
1391905278528
2491416906304
1666783185472
2766294813248
1409085147712
2508596775488
1684231752064
2783743379840
2766563247424
1409353581888
2508865209664
1684231488832
2783743116608
2766630618432
2491685602624
1667051881792
2766563509568
1409353844032
1391905540736
1391905278592
2491416906368
1666783185536
2766294813312
1392241084800
2491752712576
1667118991744
2766630619520
1409420953984
2508932581760
1684298860928
2783810488704
2508932318848
1684298598016
2783810225792
1409152321088
2508663948864
1684030228032
2783541855808
1391905343872
2491416971648
1666783250816
2766294878592
1409085213056
2508596840832
1683963120000
2783474747776
1392173779328
2491685407104
1391905606272
2491417234048
1666783513216
2766295140992
1409085475456
2508597103232
1683963382400
1391972648576
2491484276352
1666850555520
2766362183296
1409152517760
2508664145536
1684030424704
2783542052480
2508932318528
2491416905024
2766294811968
1666783184192
2508596774208
1409085146432
1683963053376
2783474681152
1392173712704
2491685340480
1409152320896
2508663948672
1684030227840
2783541855616
1391972649280
2491484277056
1666850556224
2766362184000
1409152518464
2508664146240
1684030425408
2783542053184
1667051882816
2766563510592
1409152584064
2508664211840
1684030491008
2783542118784
2491484014912
1666850294080
2766361921856
1409152256320
2783474682432
1392173713984
2491685341760
1667051620928
2766563248704
1409353583168
2508865276224
1684231555392
2783743183168
1391972452672
2491484080448
1666850359616
2766361987392
1409152321856
2508663949632
1684030228800
1409152321152
2783810554176
1391972714816
2491484342592
1666850621760
2766362249536
2508865538368
1684231817536
2783743445312
1409152584000
2508664211776
2508664146304
1667051948352
2766563576128
1409353910592
1391905344064
2491416971840
1666783251008
2766294878784
1409085213248
2508596841024
1683963120192
2783474747968
1392173779520
2491685407296
1666850621824
2508865472128
1684231751296
2783743379072
1667051685248
2766563313024
1409353647488
2508865275264
1684231554432
2783743182208
1391972451712
2491484079488
1666850358656
2766361986432
1409152322176
2508663949952
1684030229120
2783541856896
1683963054656
1392241150272
2491752778048
1667119057216
2766630684992
1409421019456
2508932647232
1684298926400
1392240887360
2491752515136
1667118794304
2766630422080
1409420756544
2508932384320
1684298663488
2783810291264
1409152255360
2508663883136
1684030162304
2783541790080
1392240821632
2491752449408
1667118728576
2766630356352
1409420690816
2508932318592
1667051619712
2766563247488
1409353581952
2508865209728
1684231488896
2783743116672
1391972386176
2491484013952
1666850293120
2766361920896
1392241084032
2491752711808
1667118990976
2766630618752
1409420953216
2508932580992
1391972714048
2491484341824
1666850620992
2766362248768
1409152583232
2508664211008
1684030490176
2783542117952
1667051620672
1391905342848
2491416970624
1666783249792
2766294877568
1409085212032
2508596839808
1683963118976
2783474746752
1392173778304
2491685406080
1392240887168
2491752514944
1667118794112
2766630421888
1409420756352
2508932384128
1684298663296
2783810291072
2766630684288
2783474944320
1409353647424
2508865275200
1409085211968
2508596839744
1683963118912
2783474746688
1684231554368
2783743182144
1391972451648
1409152583040
2508664210816
1684030489984
2783542117760
1684298861184
1391905540672
2491417168448
1666783447616
2491484277376
1666850556544
2766362184320
2783542053504
2508932582016
2766563510912
1409353845376
2508865473152
1684231752320
2783743380096
2491484014144
1666850293312
2766361921088
1409152255552
2508663883328
1684030162496
2783541790272
1667051948608
2766563576384
1409353910848
2508865538624
1684231817792
2783743445568
1391972715072
2491484342848
1666850622016
2766362249792
1409152517504
2508664145280
1684030424448
2783542052224
1392241083776
2491752711552
1667118990720
2766630618496
1409420952960
2508932580736
1392173976192
2491685603968
1667051883136
1392240888448
2491752516224
1667118795392
2766630423168
1409420757632
2508932385408
1684298664576
2766362182976
1392241149312
2491752777088
1667119056256
2766630684032
1409421018496
2508932646272
1684298925440
2783810553216
1684030228096
2783743182464
2491416970880
1666783250048
2766294877824
1409085212288
1392173712960
2491685340736
2508596840064
1683963119232
1391905539648
2491417167424
1666783446592
2766295074368
1409152320832
2508663948608
1684030227776
2783541855552
1392240887104
2491752514880
1667118794048
2766630421824
1409420756288
2508932384064
2491752449600
1392240821824
1667118728768
2766630356544
1391972386112
2491484013888
1666850293056
2766361920832
1409152255296
2491685669504
1667051948672
2766563576448
1409353910912
2508865538688
1684231817856
2783743445632
1392241150592
2491752778368
1667119057536
1391972648512
2491484276288
1666850555456
2766362183232
1391905539456
2491417167232
1666783446400
2766295074176
1409085408640
2508597036416
1683963315584
2783474943360
1392173974912
2491685602688
1409353844288
1391905342784
2491416970560
1666783249728
2766294877504
1684298663232
2783810291008
1392173778240
2491685406016
1667051685184
2766563312960
2766630685312
1409421019776
2508932647552
1684298926720
2783810554496
2491417167488
1666783446656
2766295074432
1409085408896
2508597036672
1684298860160
2783810487936
1666850555264
2766362183040
1409152584256
2508664212032
1684030491200
2783542118976
1409421018752
2508932646528
1391905605248
2491417233024
1666783512192
2766295139968
1409085474432
2508597102208
1683963381376
2783475009152
1667051882048
1392241149504
2491752777280
1667119056448
2766630684224
1409421018688
2508932646464
1684298925632
2783810553408
2508597036608
1683963315776
1392174040704
2491685668480
1667051947648
2766563575424
1409353909888
2508865537664
1684231816832
2783743444608
1391972714112
2491484341888
2508865471808
1684231750976
2783743378752
1409420952896
2508932580672
1409152517440
2508664145216
1684030424384
2783542052160
1392241083712
1684298925696
1667051619968
2766563247744
1409353582208
2508865209984
1684231489152
2783743116928
1391972386432
2491484014208
1666850293376
1391905277504
2783810488640
1409420757312
2508932385088
1684298664256
2783810292032
1683963382080
2783475009856
1391905343808
2491416971584
1666783250752
1391905604928
2491417232704
1666783511872
2766295139648
1409085474112
2508597101888
1683963381056
2783475008832
1392174040384
2491685668160
1391905343040
2491416970816
1666783249984
2766294877760
1409085212224
2508596840000
1683963119168
2783474746944
1392173778496
2491685406272
1409085474368
2508597102144
1683963381312
2783475009088
1392174040640
2491685668416
2783541791360
1392240822912
2491752450688
1667118729856
2766630357632
1409420692096
2508932319872
1684298599040
2783810226816
1684298859904
2783810487680
1667051881856
2766563509632
1409353844096
2508865471872
1684231751040
2783743378816
1391972648320
2491484276096
1667118992000
2766630619776
1392241085056
2491752712832
2783474943552
1409152517696
2508664145472
1684030424640
2783542052416
1409085408832
1392173975104
2491685602880
2508865472064
2766563509824
1684231751232
2783743379008
1392241083968
2491752711744
1667118990912
2766630618688
1409420953152
2508932580928
1684298860096
2783810487872
2783475009920
1391905606016
2491417233792
1666783512960
2766295140736
1409085475200
1667051947584
2766563575360
1409353909824
2508865537600
1684231816768
2783743444544
1391905605184
2491417232960
1666783512128
2766295139904
2766563510656
1409353845120
2508865472896
2491484342656
1391972452736
2491484080512
1666850359680
2766361987456
1409152321920
2508663949696
2491752711488
1391972648256
2491484276032
1684298925376
2783810553152
1667051620736
2766563248512
1409353582976
1391905539392
1684030228864
2783541856640
1667051686272
2766563314048
1409353648512
2508865276288
1684231555456
1392240888192
2491752515968
1667118795136
2491416905280
1666783184448
2766294812224
1409085146688
2783743116864
1391972386368
1409420691008
2508932318784
1684298597952
2783810225728
1666850555200
2766361921152
1683963315840
2783474943616
1392173975168
2491685602944
1667051882112
2766563509888
1409353844352
1391905343104
1391905539712
1684298664512
2783810292288
1391972713792
2491484341568
1666850620736
2766362248512
1392241149248
2491752777024
1667119056192
2766630683968
1409421018432
2508932646208
1392173975872
2491685603648
2783743379776
1392241084736
2491752712512
1667118991680
2766630619456
1409420953920
2508932581696
1684298860864
1409152518528
2783474747008
1391972451968
1392173974848
1409085147776
2508596775552
1683963054720
2783474682496
1392173714048
2491685341824
1667051620992
2766563248768
1409353583232
2508865211008
2783542053248
2783743445376
2783743183232
1409085409664
2508597037440
1683963316608
2783474944384
1392173975936
2491685603712
1667051882880
2508865538432
2766362249600
2508597102976
1683963382144
1667118990656
1684298859840
2783810487616
2783810292352
1684298597760
2783810225536
2766294878528
2766295075392
1409085409856
2508597037632
1683963316800
2783474944576
1392173976128
2491685603904
1391905606208
2491417233984
1666783513152
1684298597696
2783810225472
2508663883072
1684030162240
2783541790016
1392240821568
2491752449344
1667118728512
2766630356288
1409420690752
1391972649600
1409152518784
2508664146560
1684030425728
2491417168512
1666783447680
2766295075456
1409085409920
2508597037696
1683963316864
2783474944640
2766630422912
1409420757376
2508932385152
1684298664320
2783810292096
1391972715136
2491484342912
1666850622080
2766362249856
1409152584320
2508664212096
1684030491264
2783542119040
2783475010176
1392174041728
1409353845056
2508865472832
1684231752000
1391905540416
2491417168192
1666783447360
2766295075136
1409085409600
2508597037376
1683963316544
2508865210944
1684231490112
2783743117888
1391972387392
2491484015168
1666850294336
2766361922112
1409152256576
2508663884352
1684030163520
1409152322112
2508663949888
1684030229056
2783541856832
1392240888384
2491752516160
1667118795328
2766630423104
1409420757568
2508932385344
2766295140928
1409085475392
2508597103168
1683963382336
2783475010112
1392174041664
2491685669440
1667051883072
2766563510848
1409353845312
1391905277312
2491416905088
1666783184256
2766294812032
1409085146496
2508596774272
1683963053440
2783474681216
1392173712768
2491685340544
1391905604992
2491417232768
1666783511936
2766295139712
1409085474176
2508597101952
1683963381120
2783475008896
1392174040448
2491685668224
2491484079424
1666850358592
2766361986368
2508596774464
1683963053632
2783474681408
2508865473088
1684231752256
2783743380032
