21595749
21595750
21595753
21595754
25511333
25511334
25511337
25511338
25512357
25512358
25512361
25512362
25511589
25511590
25855333
25855334
25855337
25855338
25856357
25856358
25856361
25856362
25855589
25855590
25790885
25790886
25790889
25790890
25790117
25790118
25790121
25790122
25791141
25791142
42305129
42305130
42306149
42306150
42306153
42306154
21661289
21661290
21662309
21662310
21662313
21662314
42304857
42305109
42305110
42305113
42305114
42306133
42305882
42305878
42304858
42305881
42568105
42568106
25593433
25593434
25594453
25594454
25594457
25594458
25774422
25576869
25576870
25576873
25576874
25577893
25577894
25577897
25577898
25577125
25527909
25527910
25527913
25527914
25528933
25528934
25527653
25527654
25527657
25527658
21318246
21318249
21318250
42567061
42567062
42567065
42567066
42568085
42568086
42568089
42568090
42567317
42567318
42370665
42370666
42371685
42371686
42371689
42371690
42304933
42304934
42304937
42304938
42305957
42305958
42305961
42305962
42305189
42305190
21398869
21398870
21398873
21398874
21399893
21399894
21399897
42567333
42567334
25839205
25839206
25839209
25839210
25840229
25840230
25840233
25840234
25593494
25593497
25593498
25594517
25594518
25594521
25594522
21317993
21317994
21579114
21580133
21317209
21317210
21318229
21318230
21318233
21318234
25838949
25838950
25838953
25838954
25839973
25839974
25839977
25839978
42370469
42370470
42370473
42370474
42371493
42371494
42371497
42371498
42370725
42370726
21595541
21595542
21595545
21399209
21399210
21400229
21400230
21400233
21400234
25789865
25789866
25527717
25527718
25527721
25527722
25528741
25528742
25528745
25528746
25528665
25528666
42632809
42632810
42633829
25594278
25594281
25594282
25839269
25839270
25839273
25839274
25840293
25840294
25840297
25577833
25577834
25576789
25576790
25576793
25576794
25577813
25577814
25577817
25577818
25774426
25774742
42551910
42550889
42550890
42550629
42550630
42550633
42550634
42551653
42551654
42551657
42305941
42305942
42305945
42305946
42305173
42305174
42305177
42305178
42306197
42306198
42551913
42289514
42288741
42288742
42288745
42288746
42288485
42288486
42288489
42288490
21333589
21333590
21333593
21333594
21334613
21333333
21333334
21333337
21333338
21334357
25855593
25855594
25856613
25856614
25856617
25856618
25790038
25790041
25790042
25791061
25791062
25791065
25791066
25527893
25527894
42551914
25774694
25774697
25774698
25773669
25773670
25773673
25773674
25774693
25527701
25527702
25527705
25527706
25528725
25528986
42289765
42289766
42289769
42289770
42567017
42567018
42568037
42568038
42568041
25577061
25577062
21595737
21595738
21596757
21596758
21596761
21596762
42304869
25791145
25791146
42304870
42304873
42304874
42305893
42305894
42305897
42305898
42305125
42305126
21579353
21579354
25838997
25838998
25839001
25839002
25840278
25840281
21596773
21596774
21596777
21596778
21595493
21595494
21595497
21595498
21596517
21596518
42568281
42568282
25839253
25839254
25839257
25840217
42289749
42289750
42289753
42289754
42305877
42304917
42304918
42304921
42304922
25577046
25578074
25577049
25577050
25578069
25578070
25578073
25773465
25773466
25839957
25839958
25839961
25839962
25839189
25839190
25839193
25839194
25840213
25855317
25774425
25774677
25774678
25774681
25774682
25773397
25773398
25773401
25773402
25774421
25527637
25527638
25527641
25527642
25528661
25528662
42632549
42632550
42632553
42632554
42633573
42633574
42633577
42633578
42632805
42632806
42551658
42550885
42550886
42551909
25773717
25773718
25773721
21580121
21580122
21579093
21579094
21579097
21579098
21580117
21580118
21579349
21579350
25840298
25773722
25774741
25774745
25774746
25773461
25773462
25527977
25527978
25528997
25528998
25529001
25529002
21333657
21333658
21334677
21334678
21334681
21334682
21595546
42289498
42288725
42288726
42288729
42288730
42288469
42288470
42288473
42288474
42289493
25528677
25528678
25528681
25528682
21334694
21334697
21333413
21333414
21333417
21333418
21334437
21334438
21334441
21334442
25511253
25511254
25511257
25511258
25512277
25512278
25512281
25512282
25511509
25511510
42288549
42288550
42288553
42288554
42289573
42289574
42289577
42289578
42288805
42288806
21334425
21334426
25855657
25855658
25856677
25856678
25856681
25856682
25527897
25527898
25528917
25528918
25528921
25528922
25789781
25789782
25789785
25789786
42567013
42567014
42568042
42567269
42567270
42550953
42550954
42551973
42551974
42551977
42551978
25774762
25855318
25855321
25855322
25856341
25856342
25856345
25856346
25855573
25790869
25790870
25790873
25790874
25790101
25790102
25790105
25790106
25791125
25791126
25789797
25789798
25789801
25789802
25790821
25790822
25790825
25790826
25511269
25511270
25511273
25511274
25512293
25512294
25512297
25512298
25511525
25511526
25511593
25511594
25512613
25512614
25512617
25512618
21333653
21333654
42567257
42567258
21661014
21661017
21661018
21662037
21662038
21662041
21662042
21661269
21661270
21661273
21334698
21333669
42567321
42567322
42568341
42568342
42568345
42568346
25855381
25855382
25855385
25855386
25856405
25855637
25855638
25855641
25855642
25856661
21318309
21318310
21318313
21318314
21398885
21398886
21398889
21398890
21399909
21399910
21399913
21399914
25593237
25593238
25773653
25773654
25773657
25773658
42371418
21595477
21595478
21595481
21595482
21596501
21596502
21596505
21596506
21595733
21595734
25791082
25593173
25593174
25593177
25593178
25594197
25594198
25594201
25594202
25593429
25840218
25838933
25838934
25838937
21399898
21399125
21399126
21399129
21399130
21400149
21400150
21400153
21400154
21661013
42550869
42550870
42550873
42550874
42551893
42551894
42551897
42551898
42304853
42304854
25773737
25789845
25789846
25789849
25789850
42567337
42567338
25593509
25593510
25593513
25593514
25594533
25594534
25594537
25594538
42306134
42306137
42306138
21398949
21398950
21398953
21398954
21399973
21399974
21399977
21399978
21399205
21399206
42568021
42568022
42568025
42568026
42567253
42567254
42568277
42568278
25840214
42306201
42306202
42567273
42567274
42568293
42568294
42568297
42568298
42568357
42568358
42568361
42568362
21595802
21596821
21596822
21596825
21596826
21596565
21596566
21596569
21596570
21333397
25577126
25577129
25577130
25578149
25578150
25578153
25578154
21333349
21333350
21333353
21333354
21334373
21334374
21334377
21334378
21333605
21333606
21333670
21333673
21333674
21334693
25789861
25789862
25593430
21399145
21399146
21400165
21400166
21400169
21400170
21661029
21661030
21661033
21661034
25512549
25512550
25512553
25512554
21595813
21595814
21595817
21595818
21596837
21596585
21596586
21596838
21596841
21596842
21662058
21662053
21662054
21662057
21661285
21661286
25527961
25527962
25528981
25528982
25528985
25855574
25855577
25855578
25856597
25856598
25856601
25856602
25594277
42305193
42305194
42306213
42306214
42306217
42306218
25790805
25790806
25790809
25790810
25790037
21333398
21333401
21333402
21334421
21334422
21316954
21316950
21317973
21317974
21316949
21316953
21580373
21580374
21580377
21580378
25773477
25773478
25773481
25773482
25774501
25774502
25774505
25774506
25773733
25773734
21334614
21334617
21334618
42633642
21579178
21580197
21580198
21580201
21580202
21579429
21579430
21579433
21579434
21580453
21334361
21334362
42632533
42632534
42632537
42632538
42633557
42633558
42633561
42633562
42632789
42632790
25511321
25511322
25512341
25512342
25512345
25512346
25511573
25511574
25577877
25577878
25577881
25577882
25838938
25577045
42288809
42288810
42289829
42289830
42289833
42289834
21316965
21316966
21316969
21316970
21317989
21317990
21317222
21317225
21317226
21318245
21661274
21662293
21662294
21662297
21662298
21595557
21595558
21595561
21595562
21596581
21596582
25577109
25577110
21333609
21333610
21334629
21334630
21334633
21334634
42371670
42371673
42371674
25856409
25856410
21662377
21661097
21661098
21662117
21662118
21662121
21662122
21661354
21661349
21661350
42633830
42633833
42633834
25855397
25855398
25855401
25855402
25856421
25856422
25856425
25856426
25855653
25855654
42566997
42566998
42567001
42567002
25528726
25528729
25528730
25527957
25527958
42632873
42632874
21334358
25856662
25856665
25856666
21661353
21662374
21662378
21661093
21661094
21662373
21317221
21579366
21579369
21579370
21580389
21580390
21580393
21579365
21580134
21580137
25528937
25528938
42370729
42370730
42371749
42371750
42371753
42371754
25593241
25593242
25594261
25594262
25594265
25594266
25593493
21399141
21399142
42633638
42633641
25593253
25593254
25593257
25593258
21596521
21596522
42370645
42370646
42370649
42370650
42371669
25593189
25593190
25593193
25593194
25594213
25594214
25594217
25594218
25593445
25593446
21317029
21317030
21317033
21317034
21318053
25839013
25839014
25839017
25839018
25840037
25840038
25840041
25840042
25577065
25577066
42633893
42633894
42633897
42633898
42632869
42632870
21595797
21595798
21595801
25840282
25840021
25840022
25840025
25840026
25839258
25840277
25577113
25577114
25578133
25578134
25578137
25578138
25511513
25511514
21580138
25511529
25511530
25773413
25773414
25773417
25773418
25593449
25593450
25594469
25594470
25594473
25594474
25856406
25527973
25527974
42567077
42567078
42567081
42567082
42568101
42568102
21580394
25512533
25512534
25512537
25512538
21579173
21579174
21579177
21318054
21318057
21318058
21317285
21317286
21317289
21317290
42370410
42371429
42371430
42371433
42371434
42370389
42370390
42370393
42370394
42371413
42371414
42371417
25578085
25578086
25578089
25578090
25576805
25576806
25576809
25576810
25577829
25577830
25774485
25774486
25774489
25774490
25773738
25774757
25774758
25774761
42550693
42550694
42550697
42550698
42551717
42551718
42551721
42551722
42550949
42550950
42370661
42370662
21579109
21579110
21579113
25790053
25790054
25790057
25790058
25791077
25791078
25791081
25511577
25511578
25512597
25512598
25512601
25512602
25511317
25511318
42289509
42289510
42289513
25791129
25791130
25774437
25774438
25774441
25774442
25576853
25576854
25576857
25576858
42633818
21580454
21580457
21580458
42632613
42632614
42632617
42632618
42633637
42370405
42370406
42370409
42632793
42632794
42633813
42633814
42633817
21317977
21317978
21317205
21317206
42551638
42551641
42551642
42550613
42550614
42550617
42550618
42551637
42289494
42289497
