279509534016
42575392
42572320
42576416
42292512
42296608
42293536
42297632
42554656
42558752
42555680
42559776
42292768
42296864
21325328
21322256
21326352
21583376
21587472
21584400
21588496
42293792
42297888
42554912
42559008
42555936
42560032
25859360
25863456
25860384
25864480
25597472
25601568
25598496
25602592
25859616
25863712
25597456
25601552
25598480
25602576
25515328
25519424
25516352
25520448
25777472
25781568
25778496
25782592
25515584
25519680
42374432
42378528
42375456
42379552
42636576
42640672
42637600
42641696
42374688
25516576
25520672
25777696
25781792
25778720
25782816
25580832
25584928
25581856
25585952
21402896
21406992
21403920
21408016
21665040
21669136
21666064
21670160
21403152
21407248
21604624
21337616
21341712
21338640
21337360
21341456
25864768
25597504
25601600
25598528
25602624
25863488
25859392
25844032
25848128
25581120
25585216
25582144
25586240
25843264
25847360
25844288
25859600
25863696
25860624
25864720
25531664
21587232
21584160
21588256
21321248
21325344
21322272
21326368
21583392
21587488
21584416
42310160
42314256
42571280
42575376
42572304
42576400
25515392
25519488
25516416
25520512
25777536
25781632
25778560
21403168
21407264
21408288
21665056
21669152
21666080
21670176
21665312
21669408
21666336
25843072
25847168
25844096
25848192
25581184
25585280
25582208
25586304
25843328
25847424
25860640
25864736
25597312
25601408
25598336
25602432
25859456
25863552
25860480
25864576
25597568
25601664
21599552
21325072
21326096
21583120
21322000
21587216
21584144
21588240
21321232
25531680
25535776
25532704
25536800
25793824
25797920
25794848
25798944
25531936
25536032
42555920
42560016
25581072
25585168
25582096
25586192
25842960
25847056
25843984
25843216
25847312
25844240
42571072
42575168
42572096
42576192
42309184
42313280
42310208
42314304
42571328
42575424
21670432
21404192
25516608
25520704
25777728
25781824
25778752
25782848
25848096
25581088
25585184
25582112
25586208
25843232
25847328
25844256
25848352
25537040
25794064
25798160
25795088
25799184
42308880
42312976
42309904
42314000
42571024
42575120
42572048
42576144
42309136
42313232
21338656
21342752
21599776
21603872
21600800
21604896
21402912
21407008
21403936
21408032
42378784
42375712
42379808
42636832
42640928
42637856
42641952
25781776
25778704
25782800
25580816
25584912
25581840
42308928
42313024
42309952
42314048
21599872
21603968
21600896
21604992
21337472
21341568
21338496
21342592
21599616
21603712
25842976
25847072
25844000
42308992
42313088
42310016
42314112
42571136
42575232
42572160
42576256
42309248
42313344
25598592
25602688
25859712
25863808
25860736
25864832
21341504
21604928
21337408
21338432
21342528
21337728
21341824
21338752
42310272
42314368
42571392
42575488
42572416
42576512
25860368
25864464
25536832
25793856
25797952
25794880
25798976
25794112
25798208
25795136
25799232
25532736
42308896
42312992
42309920
42314016
42571040
42575136
42572064
42576160
42309152
42313248
25532960
25537056
25794080
25798176
25795104
25799200
25597216
25601312
25598240
25602336
21338384
21342480
21342736
21599760
21603856
21599504
21600784
21604880
21603600
21600528
21404176
21408272
21665296
21669392
21666320
21670416
21600640
21604736
25580864
25584960
25581888
25585984
25843008
25847104
21603648
21600576
21604672
21337664
21341760
21338688
21342784
21599808
21603904
21600832
25848336
25585936
25848080
42559760
42292752
42296848
42293776
25519632
25516560
25520656
25777680
21342848
25793920
25798016
25794944
25799040
25532032
25536128
25794176
25798272
25795200
25799296
42375696
42379792
42636816
42640912
42637840
42641936
21337376
21341472
21338400
21342496
21599520
21603616
21600544
21604640
21337632
21341728
21320992
21325088
21322016
21326112
21583136
25533056
25537152
25782656
25515648
25519744
25580928
25585024
25581952
25586048
25844352
25848448
25515296
25519392
25516320
25520416
25777440
25781536
25778464
25782560
25515552
25519648
25848384
25597248
25601344
25598272
25602368
25860416
25864512
25859648
25863744
25860672
25515280
25519376
25516304
25520400
25777424
25781520
25778448
25782544
25515536
42572352
42576448
42292496
42296592
42293520
42297616
42554640
42558736
42555664
42297872
42554896
42558992
25531712
25535808
25531968
25536064
25532992
25537088
25597200
25601296
25598224
25602320
25859344
25863440
25516672
25520768
25777792
25781888
25778816
25782912
25531776
25535872
25532800
25536896
42310176
42314272
42571296
42374416
42378512
42375440
42379536
42636560
42640656
42637584
42641680
42374672
42378768
21588512
25535760
25532688
25536784
25793808
25797904
25794832
25798928
25531920
25536016
25532944
