1104143254848
42567202
42568225
42568226
42288417
42288418
42289441
42289442
42550561
42550562
42551585
42551586
42288673
42288674
21317138
21318161
21318162
21579281
21579282
21580305
21580306
42289697
42289698
42550817
42550818
42551841
42551842
25855265
25855266
25856289
25856290
25593377
25593378
25594401
25594402
25855521
25855522
25593361
25593362
25594385
25594386
25511233
25511234
25512257
25512258
25773377
25773378
25774401
25774402
25511489
25511490
42370337
42370338
42371361
42371362
42632481
42632482
42633505
42633506
42370593
25512481
25512482
25773601
25773602
25774625
25774626
25576737
25576738
25577761
25577762
21398801
21398802
21399825
21399826
21660945
21660946
21661969
21661970
21399057
21399058
21596434
21333521
21333522
21334545
21333265
21333266
25856578
25593409
25593410
25594433
25594434
25855298
25855297
25839937
25839938
25577025
25577026
25578049
25578050
25839169
25839170
25840193
25855505
25855506
25856529
25856530
25527569
21579042
21580065
21580066
21317153
21317154
21318177
21318178
21579297
21579298
21580321
42306065
42306066
42567185
42567186
42568209
42568210
25511297
25511298
25512321
25512322
25773441
25773442
25774465
21399073
21399074
21400097
21400098
21660961
21660962
21661985
21661986
21661217
21661218
25838977
25838978
25840001
25840002
25577089
25577090
25578113
25578114
25839233
25839234
25856545
25856546
25593217
25593218
25594241
25594242
25855361
25855362
25856385
25856386
25593473
25593474
21595457
21316882
21317906
21579025
21317905
21579026
21580049
21580050
21317137
25527585
25527586
25528609
25528610
25789729
25789730
25790753
25790754
25527841
25527842
42551825
42551826
25576977
25576978
25578001
25578002
25838865
25838866
25839889
25839121
25839122
25840145
42566977
42566978
42568001
42568002
42305089
42305090
42306113
42306114
42567233
42567234
21662241
21662242
25512513
25512514
25773633
25773634
25774657
25774658
25839906
25576993
25576994
25578017
25578018
25839137
25839138
25840161
25840162
25528850
25789969
25789970
25790993
25790994
42304785
42304786
42305809
42305810
42566929
42566930
42567953
42567954
42305041
42305042
21334561
21334562
21595681
21595682
21596705
21596706
21398817
21398818
21399841
21399842
42370594
42371617
42371618
42632737
42632738
42633761
42633762
25773586
25774609
25774610
25576721
25576722
25577745
42304833
42304834
42305857
42305858
21595777
21595778
21596801
21596802
21333377
21333378
21334401
21334402
21595521
21595522
25838881
25838882
25839905
42304897
42304898
42305921
42305922
42567041
42567042
42568065
42568066
42305153
42305154
25594497
25594498
25855617
25855618
25856641
25856642
21333314
21596738
21333313
21334337
21334338
21333633
21333634
21334657
42306177
42306178
42567297
42567298
42568321
42568322
25856273
25856274
25528642
25789761
25789762
25790785
25790786
25790017
25790018
25791041
25791042
25528641
42304801
42304802
42305825
42305826
42566945
42566946
42567969
42567970
42305057
42305058
25528865
25528866
25789985
25789986
25791009
25791010
25593121
25593122
25594145
25594146
21334289
21334290
21334546
21595665
21595666
21595409
21596689
21596690
21595410
21596433
21400081
21400082
21661201
21661202
21662225
21662226
21596545
21596546
25576769
25576770
25577793
25577794
25838913
25838914
21595458
21596481
21596482
21333569
21333570
21334593
21334594
21595713
21595714
21596737
25840146
25577746
25839890
42551570
42288657
42288658
42289681
25511442
25512465
25512466
25773585
21334658
25789825
25789826
25790849
25790850
25527937
25527938
25790081
25790082
25791105
25791106
42371601
42371602
42632721
42632722
42633745
42633746
21333281
21333282
21334305
21334306
21595425
21595426
21596449
21596450
21333537
21333538
21316897
21316898
21317921
21317922
21579041
25528961
25528962
25774466
25511553
25511554
25576833
25576834
25577857
25577858
25840257
25840258
25511201
25511202
25512225
25512226
25773345
25773346
25774369
25774370
25511457
25511458
25840194
25593153
25593154
25594177
25594178
25856321
25856322
25855553
25855554
25856577
25511185
25511186
25512209
25512210
25773329
25773330
25774353
25774354
25511441
42568257
42568258
42288401
42288402
42289425
42289426
42550545
42550546
42551569
42289682
42550801
42550802
25527617
25527618
25527873
25527874
25528897
25528898
25593105
25593106
25594129
25594130
25855249
25855250
25512577
25512578
25773697
25773698
25774721
25774722
25527681
25527682
25528705
25528706
42306081
42306082
42567201
42370321
42370322
42371345
42371346
42632465
42632466
42633489
42633490
42370577
42370578
21580322
25527570
25528593
25528594
25789713
25789714
25790737
25790738
25527825
25527826
25528849
