27806241
27806242
26511905
26511906
26774049
26774050
26773025
26773026
43551249
43551250
43551010
43287841
43287842
43288097
43288098
43550241
43550242
26494497
26494498
26756641
26756642
26510865
26510866
26511889
26511890
26757409
26757410
22300194
22301217
22301218
22563105
22299938
22300193
22316561
22316562
43551265
43551266
26806914
26543489
26543490
26543745
26543746
26805889
26805890
26544769
26544770
26806657
23611938
26806658
26806913
26494241
26494242
22299937
27822625
27822626
22579745
22579746
22578721
22316321
22316322
22316577
22316578
22317601
22317602
22579489
22579490
26609025
26609026
26609281
26609282
26872193
26872194
26610305
26610306
26872449
26872450
22562321
22562322
22300177
22300178
26544705
26544706
26806849
26806850
26805825
26805826
26510625
26510626
26510881
26510882
26495506
26757649
26757650
26756625
26756626
26494225
26494226
26494481
22578722
23628321
23628322
22563106
22563361
22563362
43534865
43534866
44583441
44583442
43271697
43271698
43271441
43271442
43533841
43533842
22579730
22579729
23611937
26774033
26774034
26757665
26757666
43289121
43289122
43551009
22562337
22562338
22317585
22317586
26871425
26871426
26757393
26757394
26494482
26495505
26495521
26495522
27921025
27921026
43271457
43271458
43288081
43288082
43271713
43271714
43533857
43533858
43289105
43289106
43534625
43534626
22563346
22301201
22301202
22563089
22563090
22563345
23611922
23611921
26543681
26543682
26806593
26806594
26543425
26543426
26773793
26773794
22299921
22299922
27806225
27806226
43272721
43272722
43534609
43534610
43272737
43272738
43534881
43534882
26609217
26609218
26610241
44599841
44599842
26872385
26872386
27855489
27855490
26610242
44583457
44583458
27855425
27855426
