279509730560
279509730816
554387637760
283804698112
558682605056
279778166272
554656073216
558951040512
283873118464
558751025408
279779214848
554657121792
284074182144
558952089088
279846323712
559018150400
279577102848
554455009792
283872070144
558749977088
279845538304
559018149376
554724492800
284141553152
559019460096
554455008768
283872069120
558749976064
279509992960
554387899904
283804960256
559019461120
279511042560
554388949504
279509731840
554387638784
558682606080
279778167296
554656074240
284073134592
558682867200
279577101824
554387637504
558682604800
279846586880
554724493824
