86169158976
103349357120
172068833856
103617792576
172337269312
86170274176
154889750912
103350143360
172069620096
103618578816
172338055552
86437594752
155157071488
103617463936
172336940672
86170207872
154889684608
103350077056
172069553792
86437922176
155157398912
103617791360
172337268096
86169224832
154888701568
86169225536
154888702272
103349094720
172068571456
103617530176
172337006912
86170274112
154889750848
86170470784
154889947520
103350339968
172069816704
154888635712
172068504896
86437594432
103617463616
172336940352
86169160064
154888636800
103349029248
172068505984
103617464704
172336941440
86170536320
154890013056
103350405504
172069882240
103618579072
172338055808
103350077760
172069554496
154889685312
103618513216
172337989952
86170208576
86169486976
154888963712
103349356160
172068832896
103617791616
172337268352
103350143296
172069620032
103618578752
172338055488
103618579008
172338055744
86169422400
154888899136
103349291584
172068768320
86169421120
154888897856
103349290304
172068767040
103617529152
172337005888
86169160320
154888637056
103349029504
172068506240
103617464960
172336941696
86169486656
154888963392
86170536576
154890013312
103350405760
172069882496
103618841216
172338317952
103617529408
172337006144
86169421376
154888898112
103349290560
172068767296
103617726016
172337202752
103617727040
172337203776
86169487936
154888964672
172069815680
154889946496
86438905216
103618774400
172338251136
103618512512
172337989248
86170208896
154889685632
103350078080
172069554816
103618513536
172337990272
86169422464
154888899200
103350404480
172069881216
103618839936
172338316672
172069553472
86438643008
103618512192
172337988928
86170207552
154889684288
86169421184
154888897920
103349290368
172068767104
86170469760
86170535552
154890012288
103350404736
172069881472
103618840192
172338316928
