360845477184
360845543040
635723449984
429565019776
704442926720
378025412224
652903319168
446744888960
721622795904
360912651904
635790558848
652903253312
446744823104
721622730048
360912586048
635790492992
429632062784
704509969728
378092455232
652970362176
446811931968
429632128640
704510035584
378092521088
378026396288
652904303232
446745873024
721623779968
360913635968
635791542912
429633112704
704511019648
378093505152
652971412096
360845542720
635723449664
429565019456
704442926400
378025411904
652903318848
446744888640
721622795584
360912651584
635790558528
360846592640
635724499584
429566069376
704443976320
378026461824
652904368768
446745938560
721623845504
360913701504
429632063104
704509970048
378092455552
652970362496
446811932288
721689839232
360846526080
635724433024
429566002816
704443909760
360846526784
635724433728
429566003520
704443910464
378026395968
652904302912
446745872704
721623779648
360913635648
635791542592
635790494016
429632063808
360845478208
635723385152
652971477312
446813047104
721690954048
378026461504
652904368448
446745938240
446744889664
721622796608
360912652608
635790559552
429632129344
704510036288
378092521792
652970428736
446811998528
360846592320
378093504896
652971411840
446812981632
721690888576
360845478272
704442861120
378025346624
652903253568
446744823360
721622730304
360912586304
635790493248
429632063040
704509969984
378092455488
429632129408
704510036352
378092521856
652970428800
446811998592
721689905536
360845542976
635723449920
429565019712
704442926656
378025412160
652903319104
446744888896
721689838912
378026396224
652904303168
446745872960
721623779904
360913635904
635791542848
429633112640
704511019584
378093505088
652971412032
378025413184
652903320128
446744889920
721622796864
360912652864
635790559808
429632129600
704510036544
378092522048
652970428992
721689905472
652970428032
446811997824
721689904768
446812981888
721690888832
360846592576
635724499520
429566069312
704443976256
378026461760
652904368704
446745938496
721623845440
360913701440
635791608384
360846525760
635724432704
429566002496
704443909440
378026394944
635723384128
704442860864
378025346368
429564953920
360845478528
635723385472
429564955264
704442862208
378025347712
652903254656
446744824448
721622731392
360912587392
635790494336
446811997568
721689904512
446745871744
360846525824
635724432768
429566002560
652904301952
360913634688
635791541632
429633111424
704511018368
704443909504
378026460544
652904367488
446745937280
721623844224
360913700224
635791607168
429633176960
704511083904
378093569408
652971476352
446812981824
721690888768
429632128320
704510035264
378092520768
652970427712
446811997504
721689904448
721623778944
360913634944
635791541888
429633111680
704511018624
378093504128
652971411072
446812980864
721690887808
704509970816
378092456320
652970363264
446811933056
721689840000
704511018560
378093504064
652971411008
446812980800
721690887744
360845543808
635723450752
429565020544
704442927488
378025412992
652903319936
446744889728
721622796672
360912652672
635790559616
429632064064
704509971008
378092456512
652970363456
446811933248
721689840192
360846527040
635724433984
429566003776
704443910720
635791608448
429633178240
704511085184
378093570688
652971477632
446813047424
721690954368
721689838976
378026395008
360846591360
635724498304
378093503872
652971410816
446812980608
721690887552
429566068096
704443975040
635724432960
429566002752
704443909696
378026395200
652904302144
446745871936
721623778880
360913634880
635791541824
429633111616
378026395264
652904302208
446745872000
360846591616
635724498560
429566068352
704443975296
378026460800
652904367744
446745937536
721623844480
360913700480
635791607424
721690954304
429633178176
704511085120
378093570624
652971477568
446813047360
721690887488
429633177216
704511084160
378093569664
652971476608
446813046400
721690953344
446745872768
721623779712
704443974976
378026460480
652904367424
446745937216
721623844160
360913700160
635791607104
429633176896
704511083840
378093569344
360845544064
635723451008
429565020800
704442927744
378025413248
652903320192
446744889984
721622796928
360912652928
635790559872
429632064128
704509971072
378092456576
652970363520
446811933312
721689840256
360846527104
635724434048
429566003840
704443910784
704509970752
378092456256
652970363200
378025347392
446811932992
721689839936
652903254336
446744824128
721622731072
360912587072
429633112384
704511019328
378093504832
652971411776
446812981568
721690888512
360845543744
635723450688
429565020480
704442927424
378025412928
652903319872
652904301888
446745871680
721623778624
360913634624
635791541568
429633111360
704511018304
378093503808
652971410752
446812980544
721623778688
446744888704
721622795648
360912651648
635790558592
635790493056
429632062848
704509969792
378092455296
652970362240
446811932032
360846526016
360913700416
635791607360
429633177152
704511084096
378093569600
652971476544
446813046336
721690953280
429633177984
704511084928
378093570432
652971477376
446813047168
721690954112
652970429056
446811998848
721689905792
360845478464
635723385408
429564955200
704442862144
378025347648
652903254592
446744824384
721622731328
360912587328
635790494272
360845477440
635723384384
429564954176
721622795840
360912651840
635790558784
429632128576
704510035520
378092521024
652970427968
360845544000
635723450944
429565020736
704442927680
446811998784
721689905728
721623845184
360845477504
635723384448
429564954240
704442861184
378025346688
652903253632
446744823424
721622730368
360912586368
635790493312
635724499264
429566069056
704443976000
360913701184
635791608128
429633177920
704511084864
378093570368
429564954944
704442861888
360845477248
635723384192
429564953984
704442860928
378025346432
652903253376
446744823168
721622730112
360912586112
446813046144
721690953088
360845542784
635723449728
429565019520
704442926464
378025411968
652903318912
429632128384
704510035328
378092520832
652970427776
652971476288
446813046080
721690953024
429566068032
360846591296
635724498240
360846526848
635724433792
429566003584
704443910528
378026396032
652904302976
704511019392
446811997760
721689904704
360846591552
635724498496
429566068288
704443975232
378026460736
652904367680
446745937472
721623844416
360913635712
635791542656
429633112448
429632129664
704510036608
378092522112
360846592384
635724499328
429566069120
704443976064
378026461568
652904368512
446745938304
721623845248
360913701248
635791608192
652970362432
446811932224
721689839168
635723385216
429564955008
704442861952
378025347456
652903254400
446744824192
721622731136
360912587136
635790494080
429632063872
