361112864064
378359908992
653237815936
447079385728
721957292672
721957292416
447347755392
722225662336
378359843456
653237750400
447079320192
721957227136
361448409728
636326316672
430167886464
705045793408
378628278912
653506185856
361112930944
635990837888
429832407680
704710314624
378292800128
653170707072
447012276864
721890183808
361381366400
378292733568
653170640512
447012210304
721890117248
361381299840
636259206784
430100776576
704978683520
378561169024
653439075968
447347755328
653439076672
721890117952
361381300544
636259207488
430100777280
704978684224
378561169728
635990772032
429832341824
653506251072
722225727808
361112930624
635990837568
429832407360
704710314304
447012276544
721890183488
361381366080
636259273024
430100842816
704978749760
378561235264
653439142208
447280712000
722158618944
653506184832
447347754624
722225661568
361112865152
635990772096
429832341888
704710248832
378292734336
653170641280
447012211072
721890118016
361381300608
636259207552
378292734272
653170641216
447012211008
361112865088
361179973952
447347755648
722225662592
721957227072
361112865344
635990772288
429832342080
704710249024
378292734528
653170641472
447012211264
721890118208
361381300800
430100777536
704978684480
378561169984
653439076928
447280646720
447347821120
361112930880
635990837824
429832407616
704710314560
361448475200
636326382144
430167951936
705045858880
378628344384
653506251328
361180039744
636057946688
429899516480
447012209984
721890116928
361381299520
636259206464
430100776256
378359907648
653237814592
447079384384
721957291328
361448473920
361112865408
635990772352
429832342144
704710249088
378292734592
653170641536
447012211328
721890118272
361381300864
636259207808
429899449728
704777356672
378359842176
653237749120
447079318912
721957225856
361448408448
636326315392
361112864128
635990771072
636259207744
361448409664
636326316608
430167886400
705045793344
378628278848
653506185792
447347755584
722225662528
447280646464
722158553408
430167950720
705045857664
378628343168
653506250112
447347819904
722225726848
447280711040
361112929664
635990836608
429832406400
704710313344
378292798848
653170705792
447012275584
721890182528
361180038528
430167886144
705045793088
378628278592
653506185536
722225662272
361448408704
636326315648
430167885440
705045792384
378628277888
361179973184
636057880128
429899449920
704777356864
378359842368
653237749312
447079319104
721957226048
636259273344
430100843136
704978750080
378561235584
653439142528
447280712320
722158619264
361180039808
636057946752
429899516544
361448475264
636326382208
430167952000
705045858944
378628344448
447347754560
722225661504
635990771264
429832341056
704710248000
378292733504
653170640448
447012210240
721890117184
361381299776
378292800064
653170707008
722158553664
361179974208
636057881152
429899450944
704777357888
378359843392
653237750336
447079320128
378561234304
653439141248
430100776320
704978683264
378561168768
653439075712
447280645504
722158552448
361179972992
636057879936
447280645760
722158552704
361179973248
636057880192
429899449984
704777356928
378359842432
653237749376
447079319168
721957226112
636259206720
430100776512
704978683456
378561168960
653439075904
447280645696
704777423424
378359908928
653237815872
447079385664
721957292608
722225728064
447012276800
721890183744
361381366336
636259273280
361112929920
635990836864
429832406656
704710313600
378292799104
653170706048
447012275840
721890182784
361381365376
636259272320
361448408640
636326315584
430167885376
430100842112
704978749056
378561234560
653439141504
447280711296
722158618240
361180038784
636057945728
429899515520
704777422464
378628278656
653506185600
704978683200
378561168704
653439075648
447280645440
722158552384
447347754304
722225661248
653237749056
447079318848
721957225792
361180038464
636057945408
429899515200
704777422144
636326380864
430167950656
705045857600
378628343104
361112929600
635990836544
429832406336
704710313280
378292798784
653170705728
378359907904
653237814848
447079384640
721957291584
361112929856
430100777600
704978684544
378561170048
653439076992
447280646784
722158553728
361179974272
636057881216
429899451008
704777357952
704710248768
636057880896
429899450688
704777357632
378359843136
653237750080
447079319872
721957226816
361448409408
636326316352
653506251392
447347821184
722225728128
429832340864
704710247808
378292733312
653170640256
447012210048
721890116992
361381299584
636259206528
361179972928
636057879872
429899449664
704777356608
378359842112
635990771008
704710247744
429832340800
378292733248
653170640192
653439141184
447280710976
722158617920
378359908736
653237815680
430167885184
705045792128
378628277632
653506184576
447347754368
722225661312
361381365120
636259272064
430100841856
704978748800
653506184768
430100842880
704978749824
378561235328
653439142272
447280712064
722158619008
361180039552
636057946496
429899516288
704777423232
361448408384
653170705984
447012275776
721890182720
361381365312
636259272256
430100842048
361180038720
636057945664
429899515456
704777422400
430100843072
704978750016
378561235520
653439142464
447280712256
722158619200
704777423488
378292799808
653170706752
361448474944
636326381888
430167951680
447347820864
705045792320
378628277824
704978748992
378561234496
653439141440
447280711232
722158618176
361112864320
447347820096
722225727040
636057945472
429899515264
704777422208
722158617984
378359907712
653237814656
447079384448
721957291392
361448473984
636326380928
361448475008
636326381952
430167951744
705045858688
378628344192
653506251136
447347820928
722225727872
361112864384
635990771328
429832341120
704710248064
361180039488
636057946432
429899516224
704777423168
378359908672
653237815616
447079385408
721957292352
705045858624
378628344128
378359907968
653237814912
447079384704
721957291648
447012275520
721890182464
361381365056
636259272000
653506250048
447347819840
722225726784
430100841792
704978748736
378561234240
636326315328
430167885120
705045792064
378628277568
653506184512
378359843200
653237750144
447079319936
721957226880
361448409472
636326316416
430167886208
705045793152
361448474176
636326381120
430167950912
705045857856
378628343360
653506250304
635990836800
429832406592
704710313536
378292799040
447079385472
361112930688
635990837632
429832407424
704710314368
378292799872
653170706816
447012276608
721890183552
361381366144
636259273088
722158552640
361448474240
636326381184
430167950976
705045857920
378628343424
653506250368
447347820160
722225727104
430100777344
704978684288
378561169792
653439076736
447280646528
722158553472
361179974016
636057880960
429899450752
704777357696
