361113911616
704980844928
378563330432
653441237376
447282807168
722160714112
704980844864
378563330368
653441237312
447282807104
722160714048
361450570048
636328476992
430170046784
705047953728
378630439232
361449455936
361450570112
636328477056
430170046848
705047953792
378630439296
653508346240
447349916032
722227822976
378562282112
653440189056
447281758848
722159665792
447080366656
721958273600
430101824064
704979731008
378562216512
653440123456
447281693248
722159600192
361181020736
636058927680
361449521792
636327428736
430168998528
705046905472
378629390976
653507297920
447348867712
722226774656
447349850688
722227757632
361114960448
635992867392
429834437184
704712344128
378294829632
653172736576
447014306368
721892213312
653239845248
447081415040
721959321984
722160714304
378294895168
704980845120
378563330624
653441237568
653172802112
361182134848
636060041792
429901611584
704779518528
704711361152
378293846656
653171753600
447013323392
721891230336
361382412928
636260319872
430101889664
704979796608
361182134592
636060041536
429901611328
704779518272
378362003776
653239910720
447081480512
721959387456
361115025728
635992932672
378563265088
653441172032
447282741824
722160648768
430102872640
704980779584
378360889728
653238796672
447080366464
721958273408
361449456000
636327362944
430168932736
705046839680
378629325184
653507232128
361450504768
636328411712
430169981504
705047888448
378630373952
653508280896
378293846592
653171753536
447013323328
721891230272
361382412864
361449521728
636327428672
430168998464
705046905408
378629390912
447080432256
721958339200
722226708864
361113911680
635991818624
429833388416
704711295360
378293780864
653171687808
447013257600
721891164544
361382347136
361450504576
636328411520
636260254080
430101823872
704979730816
378562216320
653440123264
447281693056
722159600000
361181020544
636058927488
429900497280
636328477248
430170047040
705047953984
378630439488
653508346432
447349916224
722227823168
447014371904
361113911872
635991818816
361113977216
635991884160
361113911936
635991818880
429833388672
704711295616
378293781120
653171688064
447013257856
721891164800
361382347392
636260254336
361181086080
636058993024
429900562816
704778469760
378360955264
653238862208
447080432000
721958338944
721891164480
361181020480
636058927424
429900497216
704778404160
378360889664
653507232064
447348801856
722226708800
653238796608
653508346176
447349915968
722227822912
636260319808
430101889600
704979796544
378562282048
653440188992
447281758784
722159665728
378360889984
653238796928
447080366720
721958273664
361449456256
636327363200
430168932992
705046839936
378629325440
653507232384
429833388608
704711295552
378293781056
653171688000
447013257792
721891164736
361382347328
636260254272
361181086272
636058993216
653507297856
447348867648
722226774592
361113977472
635991884416
429833454208
378562281856
653440188800
429833453952
704711360896
378293846400
653171753344
447013323136
721891230080
361382412672
636260319616
430101889408
704979796352
361449521536
636327428480
430168998272
705046905216
378629390720
653507297664
447348867456
722226774400
636327362880
430168932672
705046839616
378629325120
635991818560
704711295296
429833388352
378293780800
653171687744
447013257536
447081414976
721959321920
378361938240
653239845184
636059976000
447013323072
721891230016
361382412608
636260319552
430101889344
704979796288
378562281792
361449521472
636327428416
430168998208
705046905152
378629390656
653507297600
447348867392
722226774336
429900497472
704778404416
636261302912
430102872704
704980779648
378563265152
653441172096
447282741888
722160648832
361182069376
636059976320
429901546112
430169981312
705047888256
378362004096
653239911040
447081480832
721959387776
704778404224
430102872384
704980779328
378563264832
653441171776
447282741568
430101824128
704979731072
378562216576
653440123520
447281693312
722159600256
361181020800
636058927744
429900497536
704778404480
361383395904
636261302848
361182069312
636059976256
429901546048
704779452992
378361938496
653239845440
447081415232
721959322176
430169981248
705047888192
361449456192
636327363136
430168932928
705046839872
378629325376
653507232320
447348802112
722226709056
378360889920
653238796864
429900563008
704778469952
378360955456
653238862400
447080432192
721958339136
361113977408
635991884352
429833454144
704711361088
704711360832
378293846336
653171753280
361113977152
635991884096
429833453888
447281758592
722159665536
361450570368
636328477312
430170047104
705047954048
378630439552
430102938240
704980845184
378563330688
653441237632
447282807424
722160714368
361182134912
636060041856
429901611648
704779518592
361181086016
636058992960
429900562752
704778469696
378360955200
653238862144
447080431936
721958338880
378362004032
653239910976
447081480768
721959387712
721892278848
447282807360
361383461440
636261368384
430102938176
361115025984
704779453056
378361938560
653239845504
447081415296
721959322240
378563264896
653441171840
447282741632
361182069120
636059976064
429901545856
704779452800
722160648576
653172736384
447014306176
653508346496
447349916288
722227823232
378630373760
653508280704
447349850496
722227757440
653440188736
361115025792
635992932736
429834502528
704712409472
378294894976
653172801920
447014371712
721892278656
361383461248
429834502464
704712409408
378294894912
653172801856
447014371648
721892278592
361383461184
636261368128
447281758528
722159665472
721892213120
378361938304
635992932928
429834502720
704712409664
704712343872
378294829376
653172736320
447014306112
721892213056
361383395648
378630373696
653508280640
361450504512
636328411456
361450504832
636328411776
430169981568
705047888512
378630374016
653508280960
447349850752
722227757696
447080366400
721958273344
361114960512
635992867456
429834437248
704712344192
378294829696
653172736640
447014306432
721892213376
361383395968
361182134656
636060041600
429901611392
704779518336
378362003840
653239910784
447081480576
721959387520
361115026048
635992932992
429834502784
704712409728
378294895232
653172802176
447014371968
721892278912
361383461504
636261368448
447348801920
361114960256
635992867200
429834436992
704712343936
378294829440
361383395712
636261302656
430102872448
704980779392
636261368192
430102937984
361181086336
636058993280
429900563072
704778470016
378360955520
653238862464
722160648512
429901545792
704779452736
636261302592
447349850432
722227757376
361182069056
361114960192
635992867136
429834436928
361382347072
636260254016
430101823808
704979730752
378562216256
653440123200
447281692992
722159599936
447348802176
722226709120
430102937920
361450570304
