26909189
26913285
26909190
26913286
22554982
22555046
22554981
22550890
22554986
22555049
22550949
22550953
22550950
22550954
22555050
26749349
26749353
26749350
26749354
26827269
26831365
26827270
22291877
22291878
22291881
22291882
26831366
26827273
26831369
22554218
22550118
22550121
22550122
22554213
22554214
22554217
22386181
26580485
26748566
26749338
22550885
22550889
22550886
26580486
26584581
26584582
26580489
26629637
43342341
43424265
43428361
43424266
43428362
23603877
23603881
23603878
23603882
26744469
26744473
26744470
26744474
26748565
26748569
26748570
26744485
26744489
26629641
26629642
26580490
26584585
26584586
26744421
26744422
26744426
26748517
26748518
22287717
22287718
22287721
22287722
22291813
22291814
26843654
26847750
22718981
22714886
22718982
22555241
22555242
22554985
43358725
43362821
43358726
43362822
43358729
43362825
43358730
43362826
43424261
43428357
26564106
23599717
26745510
26745514
23599721
23599718
23599722
23603813
23603817
23603814
23603818
26630666
27794086
27794090
22554277
22554281
22554278
22554282
26568198
26564105
26568202
26564101
26564102
26633733
26629638
26633734
26646021
26646022
26650117
26650118
26646025
26646026
26650121
26650122
26744486
22292069
22288041
22292074
22287978
22292133
22292137
22288038
22288042
22288037
22287973
22287974
27794005
27794006
27794009
27794010
26827274
26831370
26892805
26896901
26634758
23603798
22554970
22554965
22632965
22632966
22637061
26909193
26913290
26909194
43686409
43690505
43686410
43690506
26896902
26744490
22391305
22391306
22387210
22387209
22291817
22291818
26745253
26745254
26745257
26745258
26745509
22551146
22555237
22555238
26745242
27798101
26633738
22550182
22550186
26569222
26565129
26569225
26565130
26569226
26581509
26585605
26581510
26892806
26892809
26896905
26892810
23599701
26896906
22555302
22369797
22373893
26748522
26565125
26565126
26569221
22551145
22292138
22649353
22649354
22653449
22653450
26748581
26748582
26748585
26748586
26634761
22387206
22391302
22554198
22554202
22550869
22550870
22550873
22550874
22373898
22369798
22373894
22369801
22369802
22455818
22550181
22550185
22451717
22451718
22455813
22455814
22551125
26847754
26843653
26847749
26843657
26847753
26843658
27798117
27798118
27798121
27798122
22551141
22551142
22370821
22374917
22370822
22374918
22370825
22374921
22370826
22374922
22387205
22391301
26634762
22551129
22551126
22551130
22555221
22555225
22555222
22555226
26585606
26581513
26581514
26585609
26585610
22554201
22550101
22550102
22550105
22550106
22554197
22555045
43620869
43620870
43624966
43620873
43620874
43624970
43686405
43690501
22289066
22293162
22289061
22293157
22451721
22451722
22455817
22551210
22551209
22452745
22456841
22452746
22456842
26633737
26749334
27794021
27794022
22293158
26749333
26745237
26913289
22550117
26647045
26651141
26647046
26651142
27794073
27794074
22649349
22649350
22637062
22632969
22637065
22632970
22637066
27794069
27794070
27798165
27798169
27798166
27798170
23599786
23599706
22452741
22456837
22653446
22714889
22718985
22714890
22718986
26749605
26749606
22390282
26749610
27798181
27798185
27798182
27798186
27794025
27794026
27794085
27794089
26647049
26647050
26651145
26651146
22292070
26630665
22373897
22390277
22386182
22390278
22386185
22390281
22386186
43690502
22452742
22714885
23599705
23599702
23603797
23603801
23603802
22554966
22653445
22555305
22555306
23599781
23599782
23599785
22555301
27798102
27798105
27798106
26745238
22551206
22551205
43686406
26630661
26634757
26630662
22554969
43342342
43346438
22456838
22292134
44571302
44571306
22287781
22287782
22287785
22287786
22289062
22291797
43424262
43428358
43342345
43342346
43346442
44571301
44575397
44575398
44575402
22291798
22291802
22287701
22287702
22287706
