22644324
22644328
22645348
22645352
26559908
26559912
26560164
26560168
26646096
26650192
26822308
26822312
26580640
26584736
26843552
26847648
26581664
26905172
26905176
26585760
26843808
26847904
26647136
26651232
26909280
26913376
26838692
26838696
26839716
26839720
43354724
43354728
43616612
43616616
43616868
43616872
44669600
44673696
22652576
22710884
22710888
22649504
22653600
23698080
43341152
43345248
43353684
43353688
43354708
43354712
43604320
43603552
43686496
43690592
26643028
26643032
26827168
26831264
26625444
26625448
26625700
26625704
26646160
26650256
26887844
26887848
26576484
26576488
26577508
26577512
26839396
26839400
26839652
26576228
26576232
26642084
43357840
43361936
43616660
43616664
43358864
43362960
43621008
43625104
43615892
43615896
43420260
43420264
43620768
43624864
43682404
43682408
43353508
43353512
43353764
43353768
43423328
43427424
22383188
22383192
43615908
43615912
22369696
22373792
22447700
22447704
22369952
22374048
22632096
26842768
26846864
26888804
26888808
26843792
26847888
27892368
27896464
26896800
26642072
26643092
26643096
26905236
26905240
22365800
22386256
22390352
22627940
22627944
22387280
22366804
22366808
22628692
22628696
26580624
26584720
26843536
26847632
26581648
26585744
43419044
43419048
43419300
43419304
43423392
43427488
43681444
43681448
22386320
22390416
22645140
22710868
22710872
22710692
22710696
22710948
22710952
26576292
26576296
26576548
26576552
26646112
26650208
26826336
26830432
43621024
43625120
26888788
26888792
26633632
26888868
26888872
26909328
26913424
27937444
27937448
26646176
27871828
27871832
26563984
26568080
26625620
26625624
26564240
26568336
26826384
26830480
26625684
43357776
43361872
43600228
43600232
43358800
43362896
43620944
43625040
43599460
43599464
43353748
43353752
43354772
43354776
43337316
43337320
43338340
43338344
43337060
43337064
22382164
22382168
22632800
22369632
22373728
22369888
27892384
27896480
26839636
26839640
26827360
26831456
27875936
27880032
44649060
44649064
26847824
26822244
26822248
26823268
26823272
26843728
26839448
26839700
26576276
26576280
26576532
26576536
26629728
26839704
43600484
43600488
43358816
43362912
43620960
22645332
22645336
22633056
22637152
23681632
23685728
43353444
27888292
27888296
43353448
43353700
43353704
43357792
43361888
43615844
43615848
26891936
26896032
22633040
22637136
26629776
26633872
26888596
27937428
27937432
26892944
26897040
22649440
22653536
23693924
23693928
22386272
22390368
22645092
22645096
22387296
22391392
44653152
44657248
26887828
26887832
26888852
43345504
43338328
43600212
43600216
43600468
43353492
43353496
22451808
22455904
22645156
22645160
26626644
26626648
26827152
26831248
26827408
26831504
27875984
27880080
26564256
26568352
26827344
26831440
26564176
26568272
26822996
26823000
26565200
26569296
26823252
43419220
43419224
43420244
43420248
26563936
26568032
26576468
26576472
26564192
26568288
22644388
43357856
43361952
43358880
43362976
43620000
23702176
27871892
27871896
23677524
23677528
22369872
22373968
22370896
22374992
43682468
43682472
26822292
26822296
26823316
26823320
26892880
26896976
26629712
26633808
26577572
26577576
26839460
26839464
22382228
22382232
22383252
22383256
22645144
22645396
22645400
43337300
43337304
43338324
43337044
43337048
43341392
43345488
26580576
26584672
26838628
26838632
22645416
22381988
22381992
22382244
22382248
22644392
26559832
26560084
26560088
26822228
26822232
43337124
43337128
43337380
43337384
43423312
43427408
43599524
43599528
22644372
22644376
26909344
26913440
27953828
27953832
26577492
26577496
26827104
26831200
43625056
43686480
43690576
44649124
44649128
26565280
26569376
26827424
26831520
26826400
26830496
26838676
26838680
26892896
26896992
27888276
27888280
26581600
26585696
26843744
26847840
26559844
26559848
26560100
26560104
26580560
26584656
43624096
26561188
26561192
26823076
26823080
26823332
26823336
43604576
43608672
22632864
22636960
22370976
22375072
22633120
22637216
22636192
43419240
44665492
44665496
26629792
26633888
26892704
26630816
26892960
22628776
22629028
22629032
22455888
22628004
22628008
22386080
22390176
22447716
22447720
22386336
22390432
22648480
26888856
26629536
26823256
26559828
43345568
22373984
22636896
22370912
22375008
22632032
22636128
27888232
26564000
26568096
26642004
26642008
43419236
22448724
22448728
43600472
43341408
43599444
43599448
43604560
43608656
44649044
44649048
26909264
26633824
26630752
26634848
26642088
26643108
26643112
26904996
26905000
26905252
26905256
43607648
43608416
43616852
43616856
26642020
26642024
22447524
22447528
22447780
22447784
22451872
22455968
22709924
22709928
43342432
43346528
43616916
43616920
43616932
43616936
26565264
26569360
44665444
44665448
22649488
22653584
22387344
22391440
43682388
43682392
26626724
26626728
26888612
26888616
26561176
22381924
22381928
22382180
22382184
22383268
22383272
22645412
44665508
44665512
22448740
22448744
22649248
22653344
26823012
26823016
22714976
22719072
23693988
23693992
22387360
22391456
26577556
26577560
26839444
27876000
27880096
26904228
26904232
43354788
43354792
43616676
43616680
26565216
26569312
22381972
22381976
22628948
22628952
22627924
22627928
22365780
22365784
22365524
22365528
26647120
26651216
26913360
22452816
22456912
22714960
22719056
43341472
43604384
43608480
43342496
43346592
43604640
43608736
43603616
43607712
26560148
26560152
26823060
26823064
43338404
43338408
43600292
43600296
43600548
43600552
43690656
22365540
22365544
22365796
22366820
22366824
22628708
22628712
22628964
22628968
23681696
23685792
22452832
22456928
22448804
22448808
22383204
22383208
26897056
26842784
26846880
26905188
26905192
26634912
23759528
22452896
22456992
22715040
22719136
26650272
26647200
26651296
26625636
26625640
27941536
27945632
22649424
22653520
23677540
23677544
26839656
43420324
43420328
43682212
43682216
26642068
43428512
43686560
26641828
26641832
26580384
26584480
22365604
22365608
22365860
26647184
26651280
26626660
26626664
23693972
23693976
26888600
26630800
26634896
26625688
26626708
26626712
26561108
26561112
26561124
26561128
44731044
44731048
26643044
26643048
22365864
22451792
22628772
22366884
22366888
43341216
43345312
26580368
26584464
26630736
26634832
27871908
27871912
43424336
43428432
22391376
27888228
23759524
26561172
26559892
26559896
26581584
26585680
26625428
26625432
43424352
43428448
23677604
23677608
27871844
27871848
43424416
43357600
43361696
44653216
44657312
43342416
43346512
