22644321
22644322
22645345
22645346
26559905
26559906
26560161
26560162
26642001
26642002
26822305
26822306
26576545
26576546
26839457
26839458
26577569
26905169
26905170
26577570
26839713
26839714
26643041
26643042
26905185
26905186
26838689
26838690
43354721
43354722
43616609
43616610
43616865
43616866
44665505
44665506
22644386
22710881
22710882
22645409
22645410
23693985
43337057
43337058
43353681
43353682
43354705
43354706
43600225
43337314
43682401
43682402
26643025
26643026
26823073
26823074
26625441
26625442
26625697
26625698
26642065
26642066
26887841
26887842
26576481
26576482
26577505
26577506
26839393
26839394
26839649
26576225
26576226
26642081
43353745
43353746
43616657
43616658
43354769
43354770
43616913
43616914
43615889
43615890
43420257
43420258
43616673
43616674
43353505
43353506
43353761
43353762
43419233
43419234
22383185
22383186
43615905
43615906
22365601
22365602
22447697
22447698
22365857
22365858
22628001
26838673
26838674
26888801
26888802
26839697
26839698
27888273
27888274
26888610
26643089
26643090
26905233
26905234
22365794
22382161
22382162
22627937
22627938
22628706
22366801
22366802
22628689
26576529
26576530
26839441
26839442
26577553
26577554
43419041
43419042
43419297
43419298
43681441
43681442
22382225
22382226
22645137
22710865
22710866
22710689
22710690
22710945
22710946
26576289
26576290
26642017
26642018
26822241
26822242
43616929
43616930
26888785
26888786
26888865
26888866
27937441
27937442
27871825
27871826
26559889
26559890
26625617
26625618
26560145
26560146
26822289
26822290
26625681
26625682
43600226
43616849
43599457
43599458
43600481
43616850
43337313
43338337
43338338
22628705
22365537
22365538
22365793
22628946
27888289
27888290
26839633
26839634
26823265
26823266
27871841
27871842
44649057
44649058
26576273
26576274
26625633
43600482
22645329
22645330
22628961
22628962
23677537
23677538
43353441
43353442
43353697
43353698
43615841
43615842
22628945
26888593
26888594
26888849
26888850
23693921
23693922
22382177
22382178
22645089
22645090
22383201
22383202
26887825
26887826
43338321
43338322
43600209
43600210
43353489
43353490
22447713
22447714
22645153
22645154
26626641
26626642
26823057
26823058
26561169
26823313
26823314
27871889
27871890
26823249
26823250
26560081
26560082
26822993
26822994
26561105
26561106
43419217
43419218
43420241
43420242
26559841
26559842
26576465
26576466
26560097
26560098
22644385
43354785
43354786
23693986
23677521
23677522
22365777
22365778
22628690
43682465
43682466
22383249
22383250
22645138
22645393
22645394
43599441
43599442
43337297
43337298
43337041
43337042
26838625
26838626
22381985
22381986
22382241
22382242
26559826
26822225
26822226
43337121
43337122
43337377
43337378
43599521
43599522
22644369
22644370
26905249
26905250
27953825
27953826
26577489
26577490
26823009
26823010
43682385
43682386
44649121
44649122
26561185
26561186
26823329
26823330
26839650
22628769
22628770
22366881
22366882
22629025
22629026
22628002
44665489
44665490
26888609
26626721
26559825
22366817
22366818
27888226
22448721
22448722
43600465
43600466
44649041
26625634
26626657
26626658
26642082
26643105
26643106
26904993
26904994
22447521
22447522
22447777
22447778
22709921
22709922
26561170
44665441
44665442
26626722
22381921
22381922
22383265
22383266
22448737
22448738
27871905
27871906
26904225
26904226
26561121
26561122
22381969
22381970
22627921
22627922
22365521
43600289
43600290
43338401
43338402
43600545
43600546
23677601
23677602
22448801
22448802
23759521
23759522
43420321
43420322
43682209
43682210
26641825
26641826
23693969
23693970
27937425
26626705
26626706
27937426
44731041
44731042
27888225
26625425
26625426
22365522
44649042
