1396201293120
1400833115520
2500344743296
1675711022464
1396269712704
2495781340480
1671147619648
2770659247424
1413449581888
2512961209664
1692890891584
1400833115456
2500344743232
1418012984640
1396202342784
2495713970560
1671080249728
2770591877504
1413382211968
2512893839744
1688260118912
2787771746688
1400497310080
2500008937856
1396268665472
2495780293248
1671146572416
2770658200192
1413448534656
1396537099904
2496048727680
1671415006848
2770926634624
1413716969088
2513228596864
1688594876032
2788106503808
2513228401216
1688594680384
2788106308160
1413650713216
1675441604160
2774953231936
1417743566400
2517255194176
1692621473344
2792133101120
2513162340992
2500008936768
1675375215936
1400766007936
2500277635712
1675643914880
2775155542656
1417945877120
2517457504896
1692823784064
2792335411840
2517188085120
1675442653504
1400833182016
2500344809792
1675711088960
2775222716736
1396269779264
2495781407040
1671147686208
2770659313984
1413449648448
1688527505728
2788039133504
1396469729600
2495981357376
1671347636544
2770859264320
1396536903040
2496048530816
1671414809984
2770926437760
1413716772224
2513228400000
1688594679168
2788106306944
1400832920128
2500344547904
1675710827072
2775222454848
1418012789312
2517524417088
1692890696256
2792402324032
1400765811072
2500277438848
1675643718016
2775155345792
1417945680256
2517457308032
1692823587200
2792335214976
1396201293376
2495712921152
1671079200320
2770590828096
1413381162560
2512892790336
1688259069504
2787770697280
1675375543680
2774887171456
1417677505920
2517189133696
1692555412864
2792067040640
1396471104896
2495982732672
1671349011840
2770860639616
1418012002944
2517523630720
1692889909888
2792401537664
1396268665408
2495780293184
1671146572352
2770658200128
1413448534592
2512960162368
1688326441536
2787838069312
1400563632704
2500075260480
1396201620864
2495713248640
1671079527808
2770591155584
1413381490048
2512893117824
2517457242496
1692823521664
2792335149440
1413649664640
2513161292416
1688527571584
2788039199360
1400564746624
2500076374400
1675442653568
2774954281344
1417744615808
2517256243584
1692622522752
2792134150528
1692555413888
2792067041664
1400496522880
2500008150656
1675374429824
2774886057600
1396469991040
2495981618816
1675441276288
2774952904064
1417743238528
2517254866304
1692621145472
2792132773248
1396202604928
2495714232704
1671080511872
2770592139648
2500277699904
1675643979072
1675375543616
2774887171392
1417677505856
2517189133632
1692555412800
2792067040576
1396471104832
1417945941312
1418012001856
2517523629632
1692889908800
1675643651392
2775155279168
1417945613632
2517457241408
1692823520576
2792335148352
1400765023616
2500276651392
1675642930560
2775154558336
1417944892800
2517456520576
1692822799744
2792334427520
1671349013056
2770860640832
1413650975296
2513162603072
1688528882240
2788040510016
1396269516416
2495781144192
1671147423360
2770659051136
1413449385600
2512961013376
1688327292544
2787838920320
1400564483712
2500076111488
2512893119104
1688259398272
2787771026048
1400496589440
2500008217216
1675374496384
2774886124160
1417676458624
2517188086400
1692554365568
1396202408576
2495714036352
1671080315520
2770591943296
1413382277760
2512893905536
2788039132736
1688260184704
2787771812480
1400497375872
1675374429760
2517456455232
2774886057536
1417676392000
2517188019776
1692554298944
2792065926720
2792334362176
1413649860160
2513161487936
2792402586240
1400564680000
2500076307776
1675642866048
1417945679488
2517457307264
1692823586432
2792335214208
1688594876736
2788106504512
1396269516352
2495781144128
1671147423296
2770659051072
1413449385536
2512961013312
2787838920256
2512960161344
2787838068288
1675374496320
2774886124096
1417676458560
2517188086336
1692554365504
2792065993280
1396470057536
2495981685312
1671347964480
2770859592256
1413717756544
2513229384320
1688595663488
2788107291264
1400564484416
2500076112192
1675442391360
2774954019136
1418011673984
2517523301760
1692889580928
2792401208704
1396537887296
2496049515072
1671415794240
2770927422016
1413717756480
2513229384256
1688595663424
2788107291200
1688326243648
2770658002240
2770926701184
1413717035648
2513228663424
1688594942592
1413650647424
2513162275200
1688528554368
2788040182144
1688327555712
2787839183488
1417677178176
2517188805952
1692555085120
2792066712896
1396202341696
1400497308992
1692555151680
1400563632512
2500075260288
2517456194176
1692822473344
2792334101120
1396202670720
2495714298496
1671080577664
2770592205440
1413382539904
2512894167680
1688260446848
2787772074624
1400497638016
2500009265792
2517524612416
2792402519360
1675711022400
2775222650176
2500276389440
1675642668608
2775154296384
1400563632768
2500075260544
1675441539712
2774953167488
1417743501952
2517255129728
1692621408896
2792133036672
1417743501632
2517255129408
1692621408576
2792133036352
1396537100608
2496048728384
1671415007552
2770926635328
1413716969792
2513228597568
1413716969024
1688594875968
1396469990784
2495981618560
1671347897728
2770859525504
1413649859968
2513161487744
1688527766912
2788039394688
1400766007872
2500277635648
1675643914816
2775155542592
1417945877056
2517457504832
1413382539584
2512894167360
1688260446528
2787772074304
1692890958144
2774954281280
1417676457280
2517188085056
1400833181312
1675441342848
2774952970624
1417743305088
2517254932864
1692621212032
2792132839808
2770926437696
1396536902976
2496048530752
1671414809920
1413716772160
2513228399936
1688594679104
2788106306880
2775222650240
1400496522624
2500008150400
1675642931776
2775154559552
1675374429568
2774886057344
1417676391808
2517188019584
1692554298752
2792065926528
1400765811008
2500277438784
1675643717952
1417945680192
2775155345728
1413650646656
2513162274432
1688528553600
2788040181376
1396201359936
2495712987712
1671079266880
2770590894656
1413381229120
2512892856896
1688259136064
2787770763840
1400496327232
2500007955008
1692555150912
2792066778688
1675374167424
1396469728640
2495981356416
1671347635584
2770859263360
1396269516160
2495781143936
1671147423104
2770659050880
1413449385344
2512961013120
1688327292288
2787838920064
1400564483456
2500076111232
1396538149248
2496049777024
1671416056192
2770927683968
1413718018432
2513229646208
1688595925376
2788107553152
1671079528832
2770591156608
1413381491072
2512893118848
1688259398016
1400564746560
1396202407296
2495714035072
1671080314240
2770591942016
1413382276480
2512893904256
1688260183424
2787771811200
2775154492736
1688527766848
1688527768192
2517254866240
1692621145408
2792132773184
1418011937408
2517523565184
1692889844352
2792401472128
1396268402304
2495780030080
1671146309248
2770657937024
1413448271488
2512959899264
1688326178432
2787837806208
1400563369600
2500074997376
2787771025792
1418012788032
2517524415808
1692890694976
2792402322752
1675442390336
2774954018112
1396269516096
2495781143872
1671147423040
2770659050816
1671347964224
1400765024576
2500276652352
1675642931520
2775154559296
1413381491008
2512893118784
2787771025728
1400496589120
1413649925760
2513161553536
1688527832704
2788039460480
1400563435136
2500075062912
1675441342080
2774952969856
1417743304320
2517254932096
1692621211264
2792132839040
1417676196224
1396268664128
2495780291904
1671146571072
2770658198848
2517187824000
1692554103168
2792065730944
1396268468864
2495780096640
1413448338048
1417945679424
2517457307200
1692823586368
2792335214144
2792401208896
1400831804992
2500343432768
1675709711936
2775221339712
1688594613824
1418011674176
2517523301952
1400563369536
2792402585920
1418013051200
2517524678976
1396201360000
2495712987776
1671079266944
2770590894720
1413718017664
2513229645440
1688595924608
2788107552384
1417944630848
2517456258624
1692822537792
2792334165568
1692889580864
1400831804736
1396470057600
1671146375744
2770658003520
1413448337984
2512959965760
1688326244928
2787837872704
1400563436096
2500075063872
1671348685120
2770860312896
1413650647360
2513162275136
1688528554304
2788040182080
2792133822848
1413717820800
2513229448576
1688595727744
2788107355520
1688595924288
2788107552064
1396538148160
2496049775936
1671416055104
2770927682880
1413718017344
2513229645120
1396202341952
2495713969728
1671080248896
2770591876672
1413382211136
2512893838912
1688260118080
2787771745856
1418012984704
2517524612480
1692890891648
2792402519424
2495713248896
1671079528064
2770591155840
1413381490304
2512893118080
1671347701376
2770859329152
1413649663616
2513161291392
1688527570560
2788039198336
1418011739776
2517523367552
1692889646720
2792401274496
1396201293184
2495712920960
1671079200128
2770590827904
1400496260480
2500007888256
1396201621888
2495713249664
1396269713728
2495781341504
1671147620672
2770659248448
1413449582912
2512961210688
1688327489856
2787839117632
2775222388096
1675441539648
2774953167424
1417743501888
2517255129664
1692621408832
2792133036608
1675442324864
2774953952640
1417744287104
2517255914880
1692622194048
2770590893632
1400764761664
1671147686528
2770659314304
1413449648768
1400563435840
2500075063616
2517523564096
1688327226944
2788039394880
2513228334656
1675442325056
1675375216192
2774886843968
2512961275456
1688327554624
2787839182400
1671347963520
2770859591296
1396201293440
2495712921216
1671079200384
2770590828160
1413381162624
2512892790400
1688259069568
1413449647744
2788107617920
2500344809088
1675711088256
2775222716032
1413650647616
2513162275392
1396268401984
2495780029760
1396536837440
2496048465216
1671414744384
2770926372160
1413716706624
2513228334400
1688594613568
2788106241344
1418011740480
2770927748672
1413718083136
2513229710912
1688595990080
2788107617856
1675374232960
1671414810944
2770926438720
1413716773184
2513228400960
1688594680128
2788106307904
2517523368256
1692889647424
2792401275200
1396268468544
1671080249984
2770591877760
2770859525696
1413448271424
2512959899200
1688326178368
2792401471040
1692889581120
1396538148416
2496049776192
1671416055360
2770927683136
2774885860736
1688527570304
2788039198080
1671079265664
2770590893440
1413381227904
2512892855680
1688259134848
2787770762624
1400496326016
2500007953792
2770657937728
1413448272192
2512959899968
1400564484480
2500076112256
1396202342976
2495713970752
1671080249920
2770591877696
1413382212160
2512893839936
1688260119104
2787771746880
2775154296128
1413649663296
1688260184448
2787771812224
1400497375616
2500009003392
1400832919936
2500344547712
1675710826880
2775222454656
1418012789120
2517524416896
1671414744704
2770926372480
1413716706944
2513228334720
1688594613888
2788106241664
1400764958336
2500276586112
1675642865280
2775154493056
1396269779520
2495781407296
1671147686464
2770659314240
2792134149504
1400833181056
2500344808832
1675711088000
1418013050240
2517524678016
1692890957184
2792402584960
1413718082944
1400766072128
1396201621824
2495713249600
1671079528768
2770591156544
1413448337728
2512959965504
1688326244672
2787837872448
1400496523584
2500008151360
2774954280256
1417744614720
2517256242496
1692622521664
2792134149440
1418013050176
2517524677952
1692890957120
2792402584896
1396536838528
2496048466304
1671414745472
2770926373248
1413716707712
2513228335488
1688594614656
2788106242432
1675442391424
2774954019200
1688528882048
2788040509824
1418013051264
2517524679040
1400563631680
2500075259456
2774953166400
1417743500864
2517255128640
1692621407808
2792133035584
1418011936320
1692889843264
2500074998400
1396202669696
2495714297472
1400832133696
2500343761472
1675710040640
2775221668416
1418012002880
2517523630656
1692889909824
1400765745472
2500277373248
1675643652416
2775155280192
1417945614656
2517457242432
1692823521600
2792335149376
1396202342720
2495713970496
1688528554560
2788040182336
1418011937344
2517523565120
1692889844288
2792401472064
1413650713152
2513162340928
1688528620096
2788040247872
1413449385280
2512961013056
1688327292224
2787838920000
1400497636672
2500009264448
2792065992320
2512961276544
1396538215040
2496049842816
1671416121984
2770927749760
1413718084224
1413649926784
2500277373568
1675643652736
2775155280512
2788106241600
1688528880960
1396201621056
2495713248832
1671079528000
2770591155776
1688259397184
2787771024960
2513162602112
1688528881280
2788040509056
1692889843072
2792401470848
1675441538432
2774953166208
1417743500672
2517255128448
1692621407616
2792133035392
2792133100864
1675441538624
1396268664384
2495780292160
1413448533568
1675642865216
2495713183296
1692554364288
2792065992064
1413649663360
2513161291136
1400764761472
2500276389248
1396537166208
2496048793984
1671415073152
2770926700928
1396469992064
1671347899008
1675441604992
2774953232768
1417743567232
2517255195008
2495981619840
2770927421056
2770859526784
1413649861248
1675441538368
2774953166144
2500075259200
1688594942272
2788106570048
1400832133440
2500343761216
1400563697984
2500075325760
1675441604928
2774953232704
1396269451584
2495781079360
1671147358528
2770658986304
1396471040640
2495982668416
1396202605184
2495714232960
1671080512128
2770592139904
1692555348608
2792066976384
2495714297408
1671080576576
2770592204352
2770859263296
1675375479360
2774887107136
1417677441600
2517189069376
1692555348544
2792066976320
1396471040576
2495982668352
1671348947520
2770860575296
2787771024704
1413649925440
2513162601792
1688260117888
2787771745664
1396201359680
2495712987456
1671079266624
2770590894400
1413381228864
2512892856640
2787838854720
1413449320000
2500277372480
2788040508736
2787772008832
1400497572224
1396471040384
2495982668160
1671348947328
1675441277504
2774952905280
1413649599040
2513161226816
1688527505984
2788039133760
1675642604096
2775154231872
1396469729856
2495981357632
1396537887360
2496049515136
1671415794304
2770927422080
1413718017600
2513229645376
1688595924544
2788107552320
1400563434880
2500075062656
1692621211008
2792132838784
1688326243712
2787837871488
1675710761536
2775222389312
1418012723776
2517524351552
1692890630720
2792402258496
2788039395904
2495981619776
1671347898944
2770859526720
1413649861184
2513161488960
1688527768128
1396201556544
2495713184320
1671079463488
1417945613952
2517457241728
2500008937088
1400831870336
2500343498112
1418011739520
2517523367296
1692889646464
2792401274240
1396470843776
2500009003648
1675375282816
2774886910592
1417677245056
2517188872832
2495982471552
1400765811328
2500277439104
2512961275520
1688327554688
2787839182464
1692622259840
2792133887616
1671080576640
1413650646592
2513162274368
1688528553536
2788040181312
1400564418880
2500076046656
2500009003584
1413649597760
2513161225536
1688527504704
2788039132480
1675441276224
2774952904000
1418011673920
2517523301696
2792401208640
1417744288128
2517255915904
1692622195072
1418012723584
2495712922240
1671079201408
2770590829184
2512892791424
1688259070592
2787770698368
1400563631744
2500075259520
2792401471104
2512893053312
1688259332480
2787770960256
1688595990912
2788107618688
1396537887040
2496049514816
1671415793984
2770927421760
1396202605120
2495714232896
1671080512064
2770592139840
2513161487680
1396537099584
2496048727360
1671415006528
2770926634304
1413716968768
1396268729984
2495780357760
1671146636928
2770658264704
1413448599168
2512960226944
1688326506112
2787838133888
1400563697280
2500075325056
1418011739712
2517523367488
1400563435072
2500075062848
1396201358912
2495712986688
1671079265856
1400564681088
2500076308864
1413650712960
2513162340736
1688528619904
2788040247680
1675375282560
2774886910336
1417677244800
2517188872576
1692555151744
2792066779520
1400564419136
2500076046912
1675442326080
2774953953856
1417744288320
2517255916096
1413650909760
2513162537536
1688528816704
2788040444480
1413649599104
2775154231936
1396202407488
2495714035264
1671080314432
2770591942208
1413382276672
1413649925696
2513161553472
1688527832640
2788039460416
1671347636800
2770859264576
1417744550464
2517256178240
1692622457408
2792134085184
1418012985920
2517524613696
2513161553216
1688527832384
2788039460160
1400833116800
2500344744576
1675711023744
1418012985984
2517524613760
1692890892928
2792402520704
2775222651520
2788040246848
1396537886336
2496049514112
1671415793280
1692890629760
2792402257536
1675375216256
2774886844032
1417944893056
1692890892864
2792402520640
1688595925568
2788107553344
1396269713984
2495781341760
1400564681280
2500076309056
1675710039360
2517255193920
2513162536576
1400497571456
2500009199232
1396202604160
2495714231936
1671080511104
2770592138880
1413650908800
1418012722496
2517524350272
1671080248640
2770591876416
1413650646336
2513162274112
2495713969472
1417676457600
1675441277568
1396201294464
1396469729664
2495981357440
1671347636608
2770859264384
1413649598848
2513161226624
1688527505792
2788039133568
1675643718272
2775155346048
1417945680512
2517457308288
1413650975360
2513162603136
1688528882304
2788040510080
1688528815744
1400766006912
2500277634688
2792402519680
2788040443520
1400564680320
2770592138816
1413382473280
1671147357568
2770658985344
1400564746880
2500076374656
1400831805760
2500343433536
1692889581888
2792401209664
2495780096320
2517456520832
1692822800000
2792334427776
2788039395968
1418012723520
2517524351296
1692890630464
2792402258240
1675442588032
2774954215808
1671147620736
2770659248512
1413449582976
2512961210752
1688327489920
2787839117696
1675442390592
2774954018368
1417744352832
2517255980608
1692622259776
2792133887552
2500344810112
1675711089280
2774953167168
1418011937088
2517523564864
1692889844032
2792401471808
2775222717056
1418011674240
2517523302016
1692889581184
2792401208960
1396536904256
2496048532032
1671414811200
2770926438976
1413716773440
1675441343040
2513161225600
1688527504768
2788039132544
1400764695936
2500276323712
2513162602048
1396538213952
2496049841728
1671416120896
1675441277248
2774952905024
1396201294208
2495712921984
1671079201152
2770590828928
1675375217024
2774886844800
1418013051520
2517524679296
1396202603840
2495714231616
1671080510784
2770592138560
1692622194304
1396201556608
2500075326016
1675441605184
2774953232960
1396202670400
2495714298176
1396538149504
2496049777280
1692890696320
1675709712704
2775221340480
1400564418112
2500076045888
1396268467840
2495780095616
1671146374784
2770658002560
1396536903296
1417743566464
2517255194240
1692621473408
1413382211904
2512893839680
2500076046976
1413650647680
2513162275456
1688528554624
2788040182400
1688528619136
2788040246912
1671079200064
1400563434816
2500075062592
2496048793216
1671415072384
1413650712128
2513162339904
1688528619072
1396537886080
2496049513856
1417676392832
2517188020608
1675441603904
2774953231680
1417743566144
2792402258304
2792133822080
2495981618752
1671347897920
1688527767104
1692890696064
2792402323840
1400564417856
2500076045632
1400563370624
1396537952576
2496049580352
2770927487296
1675442588224
2774954216000
1413650646400
2513162274176
1688528553344
2788040181120
1418012722816
2517524350592
1417743239552
2517254867328
1692621146496
2792132774272
1417744288064
2517255915840
1692622195008
2792133822784
1675442325824
2774953953600
1400764695872
2500276323648
1675642602816
2775154230592
1400564681344
2500076309120
1675442588288
2774954216064
1418012788352
2517524416128
1692890695296
2792402323072
1413650712192
2513162339968
1413649664576
2513161292352
1688527571520
2788039199296
2495712920896
2770590827840
1400563370368
2500074998144
2792133101184
1675441604224
2774953232000
2500276390528
1675642669696
2775154297472
2517456259712
1692822538880
2792334166656
1692890958464
1400833182336
2792402324096
2770592204416
1400564745856
2500076373632
1675442652800
2774954280576
2792401536640
1418012001920
2517523629696
1692889908864
2513161292160
1688527571328
2788039199104
1396469728576
2495981356352
1671347635520
1675374167360
2774885795136
2774954214784
1396202408320
2495714036096
1671080315264
2770591943040
1396201358720
2495712986496
1675441341824
2774952969600
2517524351360
1692890630528
1413649598016
1671079462464
2770591090240
1413381424704
1396201555520
1418012788288
2517524416064
1692890695232
2792402323008
1400563369280
2500074997056
2517457570432
1692823849600
2792335477376
1675442653824
2774954281600
1418012788096
2517524415872
1692890695040
2792402322816
1413650711936
1671080249664
2770591877440
1400563436160
2500075063936
1675441343104
2774952970880
1396201621120
