86236267840
25843344
25847440
25844368
21599584
25848464
21402976
21407072
21404000
21408096
21403232
21407328
21404256
21408352
25778512
25782608
25777744
25781840
25778768
25782864
25848144
25794960
25799056
25520544
25515680
25519776
25516704
25520800
25777568
25781664
25778592
25782688
25777824
25860448
25864544
25859680
25863776
25860704
25864800
25597328
25601424
25860432
25864528
25598352
25602448
25597584
25601680
25598608
25602704
25602720
25794208
25798304
25795232
25799328
25794976
25799072
42292640
42296736
42293664
42297760
42292896
42296992
42293920
42298016
42554784
42558880
25580880
25584976
25581904
25586000
25581136
25585232
25582160
25586256
25843024
25847120
42572192
25859744
25863840
25860768
25864864
42576288
25535824
42575184
42572112
42576208
25532752
25536848
25531984
25536080
25533008
25860512
25864608
42572128
42576224
42571360
42575456
42572384
42576480
25537104
25793872
25797968
25794896
25798992
21600656
21604752
25794128
25798224
25795152
21665120
21669216
21666144
21670240
21665376
21669472
21666400
21670496
42308944
42313040
42309968
42314064
42309200
42313296
42310224
42314320
42572176
42576272
42576544
25859664
25863760
25860688
25864784
25844128
25848224
25843360
25847456
25844384
25848480
21588320
21583456
21587552
21584480
21588576
25793936
25798032
21321120
25580960
25585056
25581984
25586080
25536096
25533024
21588304
21583440
21587536
21584464
21588560
21325136
21326160
21321296
21322064
21325392
25531808
25535904
25532832
25536928
25532064
25536160
25533088
25537184
25793952
25798048
25515360
25519456
25516384
25520480
25515616
25519712
25516640
25520736
25777504
25781600
42309024
42313120
42310048
42314144
42378848
42375776
42379872
42636640
42640736
42637664
42641760
42636896
25515344
25519440
25516368
25520464
25515600
25519696
25516624
25520720
25777488
25781584
25781920
25778848
25782944
42309280
42313376
42310304
42314400
42571168
42575264
42571344
42575440
21666128
21670224
21665360
21669456
21666384
21670480
25597264
25601360
25598288
25602384
25597520
25601616
25598544
25602640
25859408
25863504
21584288
21588384
21583520
21587616
21584544
21588640
42374480
42378576
42375504
42379600
42374736
42571424
42575520
25844064
25848160
25843296
25847392
25844320
25848416
42572448
42571408
42575504
42572432
42576528
25859472
25863568
25860496
25864592
25859728
25863824
25860752
25864848
25515424
25519520
25516448
21337440
21341536
21338464
21342560
21337696
21341792
42640992
42637920
21599568
21603664
21326176
25531728
21321312
21341520
21338448
21342544
21337680
21341776
21338704
25799248
42642000
25531744
25535840
25532768
42374560
42378656
42375584
42379680
42374816
42378912
42375840
42637728
42641824
42636960
42641056
42637984
42642080
21341856
21338784
21599648
21603744
21600672
21604768
21599904
21604000
21600928
21605024
25799264
25581216
25585312
25582240
25586336
25843104
25847200
21338720
21342816
21603680
21600608
25520528
25520784
25777552
25781648
25778576
25782672
25777808
25781904
25515408
25519504
25516432
42296928
42293856
42297952
42554720
42558816
42560096
42555744
42559840
42554976
42559072
42556000
42292576
42296672
42293600
42297696
42292832
21403040
21407136
21404064
21408160
21403296
21407392
21404320
21408416
21665184
21669280
25778528
25782624
25777760
25781856
25778784
25782880
25533072
25597344
25601440
25598368
25602464
25597600
25601696
25598624
25859488
25863584
25580944
25585040
25581968
25586064
25581200
25585296
25582224
25586320
25843088
25847184
21600592
21604688
21599824
21603920
21600848
21604944
42379936
42636704
42640800
42308960
42313056
42309984
42314080
42309216
42313312
42310240
42314336
42571104
42575200
21666208
21670304
21665440
21669536
21666464
21670560
42314384
42571152
42575248
21342800
21337424
21325152
21322080
25580896
25584992
25581920
25586016
21337488
21341584
21338512
21321056
21325408
21322336
21326432
21583200
21587296
21584224
25536864
25532000
25537120
25793888
25797984
25794912
25799008
25794144
25798240
25795168
25844048
25778832
25782928
25843280
25847376
25844304
25848400
25515664
25519760
25516688
42309008
42313104
42310032
42374496
42378592
42375520
42379616
42374752
21402960
21407056
21403984
21408080
21403216
21407312
21404240
21408336
21604704
21599840
21603936
21600864
21604960
25597280
25601376
25598304
25602400
25597536
25601632
25598560
25602656
25859424
25863520
25794192
25798288
25795216
25799312
42642016
25531792
25535888
25532816
25536912
25532048
21342608
21599888
21603984
21600912
21605008
25537168
25581152
25585248
21337744
21341840
21338768
21342864
21599632
21603728
25536144
25844112
25848208
21665104
21669200
42292816
42296912
42293840
42297936
42554704
42558800
42556064
42560160
42314128
42309264
42313360
42310288
42555728
42559824
42554960
42559056
42555984
42560080
42292560
42296656
42293584
42297680
42571088
42572368
42576464
21342880
21337504
21341600
21338528
21342624
21337760
21322320
21326416
21583184
21587280
21584208
25582176
25586272
25843040
25847136
42555808
42559904
42555040
42559136
21325216
21322144
21326240
21321376
21325472
21322400
21326496
21583264
21587360
42636624
42640720
42637648
42641744
42378832
42375760
42379856
42636880
42640976
42637904
