1447740638528
1452371217024
2551882844800
1727249123968
2826760751744
1521090693760
2620602321536
1795968600704
2895480228480
1795968600640
1452102781504
2551614409280
1726980688448
2826492316224
1520822258240
2620333886016
1795700165184
2895211792960
1448076249664
1795633055360
2895144683136
1448009139840
2547520767616
1722887046784
2822398674560
1516728616576
2616240244352
1791606523520
2891118151296
1726981671296
2826493299072
1520823241088
2620334868864
1795701148032
2895212775808
1795901426304
2895413054080
1447741753984
2547253381760
1722619660928
2822131288704
2826760751488
1516461230720
2615972858496
1791339137664
2890850765440
1452036721280
2895414102656
1795901425024
2895413052800
2891119135296
1791607507520
1521023583808
1520755148352
2547252331840
1722618611008
2620266776128
1795633055296
2895144683072
1795901490752
1448009139776
2547520767552
1448077297280
2547588925056
1722955204224
2822466832000
1516796774016
2895211791744
1447808862528
2547320490304
1722686769472
2822198397248
1448010189120
1448077297984
2547588925760
1722955204928
2822466832704
1516796774720
1795968534912
2895480162688
2822465717632
1516795659648
2616307287424
1791673566592
2891185194368
1452102714752
2551614342528
1726980621696
2826492249472
1520822191488
1452372199808
2551883827584
1727250106752
2826761734528
1521091676544
2620603304320
1795969583488
2895481211264
1726981670528
2826493298304
1520823240320
2620334868096
1795701147264
2895212775040
1447807814016
2547319441792
1722685720960
2822197348736
1516527290752
2616038918528
1791405197696
2890916825472
1452102781312
2551614409088
1448076184192
2547587811968
1722954091136
2822465718912
1447807747392
2547319375168
1722685654336
2822197282112
1516527224128
2616038851904
1791405131072
2890916758848
1520822191424
1795700098368
1795700098688
2895211726464
2620602321216
2826760751424
2895480228160
1447807813952
2547319441728
1722685720896
2822197348672
1516527290688
2616038918464
1791405197632
1726914562688
2826426190464
1520756132480
2620267760256
1795634039424
2895145667200
1448010123904
2547521751680
1722888030848
2822399658624
1448077231424
2547588859200
1722955138368
2822466766144
1516796708160
2616308335936
1791674615104
2891186242880
1452372198720
2551883826496
2547520767360
1722887046528
2822398674304
1516728616320
2616240244096
1791606523264
2891118151040
1452304106880
2551815734656
1727182013824
1452372199040
2551883826816
1727250105984
2826761733760
1521091675776
2620603303552
1795969582720
2895481210496
1452371216960
2551882844736
2620602321472
2826760751680
2895480228416
1795901491584
2895413119360
1726914626944
2826426254720
1520756196736
2620267824512
1447741752704
2547253380480
1722619659648
2822131287424
1516461229440
2615972857216
1727182998080
1447741688384
2547253316160
1722619595328
2822131223104
1516461165120
2615972792896
1791339072064
2890850699840
1452036655680
1448009139520
2547520767296
1722887046464
2822398674240
1516728616256
2616240244032
1791606523200
2891118150976
1452304106816
2551815734592
2620334934656
1795701213824
2895212841600
1726913579392
2826425207168
1520755149184
2620266776960
1795633056128
2895144683904
1448009140608
2547520768384
1722887047552
2822398675328
1521024633408
2826493364800
2895212841536
1791406246464
2890917874240
2620603370048
1521090693696
1452103830080
2551615457856
1726981737024
1795901424960
2895413052736
1452304041280
2551815669056
1452103830144
2551615457920
1726981737088
2826493364864
1520823306880
1452371150208
1722955138432
2551615391104
1726981670272
2826493298048
1520823240064
2620334867840
1795701147008
2895212774784
1791606457728
1448077297216
2547588924992
1722955204160
2822466831936
1516796773952
2616308401728
1791674680896
2891186308672
1516729664896
2616241292672
1791607571840
2891119199616
1452304107136
2551815734912
1727182014080
2826693641856
1521023583872
2620535211648
1795901490816
2895413118592
1452372199744
2551883827520
1727250106688
2826761734464
1521091676480
2620603304256
1795969583424
2895481211200
1452103763520
2551615391296
1726981670464
2826493298240
1520823240256
2620334868032
1795701147200
2895212774976
1452036654464
2551548282240
1726914561408
2826426189184
1520756131200
2620267758976
1448076184128
2547587811904
1722954091072
2822465718848
1516795660864
2616307288640
1791673567808
2891185195584
1791607506560
2891119134336
1722619595136
2822131222912
1516461164928
2615972792704
1791339071872
2890850699648
1452036655488
2551548283264
1726914562432
2826426190208
1452372265600
2551883893376
1727250172544
2826761800320
1521091742336
2620603370112
1795969649280
2895481277056
1447740705408
2547252333184
1722618612352
2822130240128
1516460182144
2615971809920
1791338089088
2890849716864
1452035672704
2551547300480
1516729600320
2616241228096
1791607507264
2891119135040
1452305090880
2551816718656
1727182997824
2826694625600
1521024567616
2620536195392
1452102714688
2551614342464
1726980621632
2826492249408
2895211726144
2547252266304
2822130173248
1516460115264
1722618545472
2547587810624
1791406180992
2890917808768
1452372198976
2551883826752
2620536194432
2551816717696
1447807747456
2547319375232
1722685654400
2822197282176
1516527224192
2616038851968
1791405131136
2890916758912
1516527289728
2620603303296
1447741752640
2547253380416
1722619659584
2822131287360
1516461229376
2615972857152
1791339136320
2890850764096
1452304107840
2551815735616
1727182014784
2826693642560
1521023584576
2620535212352
1795901491520
2895413119296
2826493363776
2620535146048
1795901425216
2895413052992
1795969648192
1448076183104
2547587810880
1722954090048
2822465717824
1516795659840
1447740639552
2547252267328
1722618546496
2822130174272
1516460116288
2615971744064
1791338023232
2890849651008
1448077232768
2547588860544
1722955139712
1791405196672
2822466767488
2620334934592
1447740638848
2547252266624
1722618545792
2822130173568
1516460115584
2615971743360
1791338022528
2890849650304
1452035606144
2551547233920
2620603304576
1795634038080
2895145665856
1452036654400
2551548282176
1726914561344
2826426189120
1448076248448
2547587876224
1722954155392
1727250172480
2826761800256
1521091742272
2616307287616
1791673566784
2891185194560
1452371150400
2551882778176
1795632989760
2895144617536
1448009074240
2547520702016
1722886981184
1795634038144
2895145665920
1452305156480
2551816784256
1727183063424
2826694691200
1447741753728
2547253381504
1722619660672
2822131288448
1516461230464
2615972858240
1791339137408
2890850765184
1452036721024
2551548348800
2826426254976
1520756196992
2620267824768
1795634103936
2895145731712
2620333819264
1795700098432
2895211726208
2620536194368
1795902473536
2895414101312
1447807813248
2547319441024
1722685720192
2822197347968
1516527289984
2616038917760
1791405196928
2890916824704
1452102780544
2551614408320
2822398608960
1516728550976
2616240178752
1791606457920
2891118085696
1452305155712
1521090693504
2620602321280
1795968600448
2895480228224
2551816783488
1726913513088
2826425140864
1520755082880
2620266710656
1795632989824
2895144617600
1448009074304
2547520702080
1722886981248
2822398609024
2891185195648
1726980687424
1795700164160
1452371215936
2551882843712
1727249122880
2826760750656
1521090692672
2620602320448
1795968599616
2895480227392
2551882777984
2620602254720
2895480161664
2826760684928
1727249057152
1521090626944
1795968533888
2616038917440
1791405196608
2890916824384
1448010123648
2547521751424
1722888030592
2822399658368
1516729600384
2616241228160
1791607507328
2891119135104
1516528339264
2616039967040
1791406246208
2890917873984
2895212775744
1452103829824
2551615457600
1726981736768
2826493364544
1520823306560
2620267825472
1795634104640
2895145732416
2826693577344
1521023519360
2620535147136
1447740639616
2826492249664
2895211726400
1727249057344
2826760685120
1521090627136
2620602254912
1795968534080
2895480161856
1520822191680
1447740638784
1447740705344
2547252333120
1722618612288
2822130240064
1516460182080
1521090628224
2620602256000
1795968535168
2895480162944
1726980688256
2826492316032
1520822258048
2620333885824
1795700164992
2895211792768
1521091676800
1448076248384
2547587876160
2615971809856
1791338089024
2890849716800
1452035672640
2551547300416
1726913579584
2826425207360
1520755149376
2620266777152
1795633056320
2826694691136
1521024633152
2620536260928
1795902540096
2895414167872
1447808797312
2547320425088
1722686704256
2822198332032
1516528274048
2616039901824
1448010122880
2547521750656
1722888029824
2822399657600
1516729599616
2616241227392
1722954155328
2822465783104
1516795725120
2616307352896
1791673632064
2891185259840
1452371215680
2551882843456
2895480227136
1447740704064
2826426254912
1520756196928
2620267824704
1795634103872
2895145731648
1452036720192
2551548347968
1447740639872
2547252267648
1722618546816
2822130174592
1516460116608
2615971744384
1791338023552
2890849651328
1452035607168
2551547234944
1727249122688
2895480227200
1795968599424
2616038917504
2822465783168
1516795725184
2616307352960
1791673632128
2891185259904
1452371215744
2616308337216
1791674616384
2891186244160
2620603304512
2551615392320
2620334869056
2826493299264
2895212776000
2890917808704
1452103764544
1452371216768
2551882844544
1727249123712
2826492314944
1520822256960
2620333884736
1795700163904
2895211791680
1447807812928
2547319440704
1722685719872
2822197347648
1516527289664
2822131222144
1516461164160
2615972791936
1791339071104
2890850698880
1452036654720
2551548282496
1726914561664
2826426189440
2895144618560
1726980687488
2826492315264
1520822257280
2620333885056
1795700164224
2895211792000
2551548349056
1726914628224
2826426256000
1520756198016
2620267825792
1795634104960
2895145732736
1448010189440
2547521817216
1722888096384
1447807812992
2547319440768
1722685719936
2822197347712
2826760750464
1452102780288
2551614408064
1726980687232
2826492315008
1520822257024
1520756131392
2620267759168
1795634038336
2895145666112
1448010122816
2547521750592
1722888029760
2822399657536
1516729599552
2616241227328
1521090626880
2620602254656
1795968533824
2895480161600
1452371150144
2551882777920
1727249057088
2826760684864
2551816783232
1727183062400
2826694690176
1448010123584
2547521751360
1722888030528
2822399658304
1448077297024
2547588924800
1722955203968
2822466831744
1516796773760
2616308401536
1791674680704
2891186308480
1447741687360
2547253315136
1722619594304
2822131222080
2890850765376
1452036721216
2551548348992
1726914628160
2826426255936
1520756197952
2620267825728
2620536261184
1727183063616
1795634104896
2551815670336
1727181949504
2826693577280
1521023519296
2620535147072
1795901426240
2895413054016
1452304042560
1452371216000
2551882843776
1727249122944
2826760750720
1521090692736
2620602320512
1795968599680
2895480227456
2822399724160
1516729666176
2616241293952
1791607573120
2891119200896
1447808797056
2547320424832
1722686704000
2822198331776
1516528273792
2616039901568
1791406180736
2890917808512
1452103764352
2551615392128
1452103763328
1727183062656
1448076183936
2547587811712
1722954090880
2822465718656
1516795660672
2616307288448
1791673567616
2891185195392
1452102781248
2551614409024
2826694624896
1447808796992
2547320424768
1722686703936
2822198331712
1516528273728
1448077232448
2547588860224
1722955139392
2822466767168
1516796709184
1791607506496
2891119134272
1516461164096
2615972791872
1791339071040
2890850698816
2822399657344
1516729599360
2616241227136
1791607506304
2891119134080
1521024566656
2826694624640
1727182996864
1795902473600
2615972791680
2551816717888
1727182997056
2826694624832
1521024566848
2620536194624
1795902473792
2895414101568
2551548282432
1726914561600
2826426189376
1452372198784
2551883826560
2826761733504
2895481210240
1791406245184
1726914627968
2826426255744
1520756197760
2620267825536
1795634104704
2895145732480
1448010189184
2547521816960
1722888096128
2822399723904
1452371216704
2551882844480
1521090693440
1727249123648
1795968600384
1452305089856
2551816717632
1727182996800
2826694624576
1521024566592
1516461163840
2615972791616
1791339070784
1520756131136
2620267758912
1448076183168
2547587810944
1722954090112
2822465717888
2620333884992
1452102780480
2551614408256
2826492315200
2895211791936
1452305091200
2551816718976
1727182998144
2826694625920
1447740639808
2547252267584
1722618546752
2822130174528
1516460116544
1726980622912
2826492250688
1520822192704
2620333820480
1795700099648
2620266775936
1795633055104
2547520703104
1722886982272
2822398610048
1516728552064
2616240179840
1791606459008
2891118086784
1452304042624
2551815670400
1727181949568
2547521816896
1722888096064
2822399723840
1516729665856
2616241293632
1791607572800
2891119200576
1452305156416
2551816784192
1727183063360
1447807748416
2547319376192
1722685655360
2822197283136
1516527225152
2616038852928
1726981736832
2826493364608
1520823306624
2620334934400
1795701213568
2895212841344
2615971744320
1791338023488
2890849651264
1452035607104
2551547234880
1726913514048
2826425141824
1520755083840
2620266711616
1795632990784
1791405197952
2890916825728
2895481211520
2826693641600
1521023583616
2620535211392
1795901490560
2895413118336
1448010189376
2547521817152
1722888096320
2822399724096
1516729666112
2616241293888
1791607573056
2891119200832
1726913578560
2826425206336
2620535211584
1447740704320
2547252332096
1722618611264
2822130239040
1516460181056
2615971808832
1791338088000
1795701146944
2895212774720
1448076183872
2547587811648
1722954090816
2822465718592
1516795660608
2616307288384
1791673567552
2891185195328
1452372265344
2551883893120
1727250172288
2826761800064
1521091742080
2620603369856
1795969649024
2895481276800
1795902473856
1516728551040
2616240178816
1791606457984
2891118085760
1452304041600
2551815669376
1727181948544
2826693576320
1521023518336
2620535146112
2547252266368
1722618545536
2822130173312
1516460115328
2615971743104
1447740638592
1791338022272
2890849650048
2551548283456
1726914562624
2826426190400
1520756132416
2620267760192
1795634039360
2895145667136
1452103829120
2551615456896
1726981736064
2826493363840
1520823305856
2620334933632
1795701212800
2895212840576
1448076249728
2547587877504
1722954156672
2822465784448
1516795726464
2616307354240
1791673633408
2891185261184
2822465717568
2620333819200
2826425140544
1520755082560
2620266710336
1795632989504
2895144617280
1448009073984
2547520701760
1722886980928
1516796709504
2616308337280
1791674616448
2891186244224
2616240179584
1791606458752
2891118086528
1452304042368
2551815670144
1727181949312
2826693577088
1521023519104
2620535146880
1795901426048
1521091675456
1447740704384
2547252332160
1722618611328
2822130239104
1516460181120
2615971808896
1791338088064
2890849715840
1452035671680
2551547299456
2826694690432
1726980622976
2826492250752
1520822192768
2620333820544
1795700099712
2895211727488
1795902474816
2620536195648
1452305091136
2551816718912
2826694625856
1521024567872
2895414102592
2620266775872
2826425206080
1520755148096
1452372264576
2551883892352
1727250171520
2826761799296
1521091741312
2620603369088
1795969648256
2895481276032
1726913513792
2826425141568
1520755083584
2620266711360
1795632990528
2895144618304
1448009075008
2547520702784
1722886981952
2822398609728
1448077232512
2547588860288
1722955139456
2822466767232
1516796709248
2616308337024
1791674616192
2891186243968
1452371151488
2551882779264
1727249058432
2826760686208
2890849715776
1452035671616
2551547299392
2895413118528
2891118151232
1520822257216
1452304107072
2551815734848
1727182014016
2826693641792
1727182013760
2826693641536
1521023583552
2620535211328
1795901490496
2895413118272
2547521751616
1722888030784
2822399658560
1516729600576
2616241228352
1448077232704
2547588860480
1722955139648
2822466767424
1516796709440
1727250172224
2826761800000
1521091742016
2620603369792
1795969648960
2895481276736
1448077296960
2547588924736
1722955203904
2822466831680
1448077231744
2547588859520
1722955138688
2822466766464
1516796708480
2616308336256
1791674615424
2891186243200
1520823305792
1452103829056
2551615456832
1726981736000
1795701212736
2547587877440
1722954156608
2822465784384
1516795726400
2616307354176
1791673633344
2891185261120
1447808796288
2547320424064
1722686703232
2822198331008
1516528273024
2616039900800
1791406179968
2890917807744
1452103763584
2551615391360
2895211727424
1447808862848
2822398608704
1516728550720
2616240178496
1791606457664
2891118085440
2547320490624
1722686769792
2822198397568
1516528339584
2616039967360
1791406246528
2890917874304
1727250171456
2826761799232
2895481275968
1521091741248
2895414101632
1452305155456
1727250105920
2826761733696
1521091675712
2620603303488
1795969582656
2895481210432
1447808796224
2547320424000
1722686703168
2822198330944
1447741687424
2547253315200
1722619594368
1521024632192
2620536259968
1795902539136
2895414166912
1520823306816
1795701213760
1795969649216
2822466832960
1516796774976
2616308402752
1791674681920
2891186309696
1452372265536
2551883893312
2616308336960
1791674616128
2891186243904
1795969582400
2895481210176
1727250105664
2826761733440
2620603303232
2822399657280
1516729599296
2616241227072
1791607506240
2891119134016
1516528272960
2616039900736
1791406179904
2890917807680
1726913514112
2826425141888
1520755083904
2620266711680
1795632990848
2895144618624
1448009075328
1791339136640
1791339070848
2890850698624
2890850764416
1452036720256
2551548348032
1726914627200
1521090628160
1452371151424
2551882779200
1795968535104
1727249058368
2826760686144
2620602255936
2895413053824
2615971809600
1448077298304
2547588926080
1722955205248
2822466833024
1516796775040
2616308402816
1791674681984
2891186309760
1516728551744
2616240179520
1791606458688
2891118086464
1452304042304
2551815670080
1727181949248
2826693577024
1521023519040
2620535146816
1448010188352
2547521816128
1722888095296
2822399723072
1516729665088
2616241292864
1791607572032
2891119199808
1452305155648
1726914627136
1521024566912
2620536194688
2616308401792
1791674680960
2891186308736
1452103764608
2551615392384
1726981671552
2826493299328
1520823241344
2620334869120
1795701148288
2895212776064
1448077231680
2547588859456
1722955138624
2822466766400
1516796708416
2616308336192
1791674615360
1521091675520
2822466766208
1791674615168
1447808796032
2547320423808
1722686702976
2822198330752
1516528272768
2616039900544
1791406179712
1448010122624
2547521750400
1722888029568
1726914626880
2826426254656
1452036719936
2551548347712
1520756196672
2620267824448
1795634103616
2895145731392
1448009140544
2547520768320
1722887047488
2822398675264
1516728617280
2616240245056
1791606524224
2891118152000
2551816783424
1727183062592
2826694690368
1521024632384
2620536260160
1795902539328
2895414167104
2620603369024
2620334933568
1447808861760
1447808862592
2547320490368
1722686769536
2822198397312
1516528339328
2616039967104
1791406246272
2890917874048
1452103829888
2551615457664
1516528272704
2616039900480
1791406179648
2890917807424
1452103763264
2551615391040
1726981670208
2826493297984
1520823240000
2620334867776
1447807748736
2547319376512
1722685655680
2822197283456
1516527225472
2616038853248
1791405132416
2890916760192
1452102716032
2551614343808
1452035606848
2551547234624
1452372200064
2551883827840
1727250107008
2826761734784
2895144684096
1791405197888
2890916825664
1727249123904
1447807814208
2547319441984
1722685721152
2822197348928
1516527290944
2616038918720
2616308402496
1791674681664
2891186309440
1452372265280
2551883893056
1447808862784
2547320490560
1722686769728
2822198397504
1516528339520
2616039967296
2616039901504
1791406180672
2890917808448
1447741688128
2547253315904
1722619595072
2822131222848
1516461164864
2615972792640
1791339071808
1727183062336
2826694690112
1521024633216
2620536260992
1795902540160
2895414167936
2891118085504
1452304041344
2551815669120
1727181948288
2826693576064
1521023518080
2620535145856
1448076182912
2547587810688
1722954089856
1516795659904
2616307287680
1791673566848
2891185194624
1791339136384
2890850764160
1452036720000
2551548347776
1795634103680
2895145731456
1448010188160
2547521815936
1722888095104
2822399722880
1447807748672
2547319376448
1722685655616
2822197283392
1516527225408
2616038853184
1791405132352
2890916760128
1452102715968
2551614343744
1722887046720
2822398674496
1516728616512
2616240244288
1791606523456
1795901425280
2895413053056
1448010188096
2547521815872
1722888095040
2822399722816
1516729664832
2616241292608
1791607571776
2891119199552
1452305155392
2551816783168
2890850698560
1795901425984
2895413053760
2551882843520
2620602320256
1448077298240
2547588926016
1722955205184
1516729665920
2616241293696
1791607572864
2891119200640
1516728617600
2616240245376
1791606524544
2891118152320
1452304108160
2551815735936
2826425140800
1520755082816
2620266710592
2547252266560
1722618545728
2822130173504
1516460115520
2615971743296
1791338022464
2890849650240
1452035606080
2551547233856
1726913513024
1521024567936
1727182015104
2826693642880
1521023584896
2620535212672
1795901491840
2895413119616
2547252267392
1722618546560
2822130174336
1516460116352
2615971744128
1791338023296
2890849651072
1452035606912
2551547234688
1726913513856
1795969583744
1726913578624
2826425206400
1520755148416
2620266776192
1448009140800
2547520768576
1722887047744
2822398675520
1516728617536
2616240245312
1791606524480
1795901491776
2891118152256
1452304108096
1520823241280
1726981671488
1795701148224
1520756132224
2620267760000
1795634039168
2895145666944
1448010122560
2547521750336
1722888029504
1447741688448
2547253316224
1722619595392
2822131223168
1516461165184
2615972792960
1791339072128
2890850699904
1452036655744
2551548283520
1447807748480
2547319376256
1722685655424
2822197283200
1516527225216
2616038852992
1791405132160
2890916759936
1452102715776
2551614343552
1452304041536
2551815669312
1727181948480
2826693576256
1521023518272
1795633055040
2895144682816
2822130238784
1516460180800
2615971808576
1791338087744
2890849715520
1452035671360
2551547299136
1726913578304
1448010188416
2547521816192
1722888095360
2822399723136
1516729665152
2616241292928
1791607572096
2891119199872
2890850699584
1452036655424
2551548283200
1452103764288
2551615392064
1726981671232
2826493299008
1520823241024
2620334868800
1795701147968
1452102715712
2551614343488
1726980622656
2826492250432
1520822192448
2620333820224
1795700099392
2895211727168
1791405132096
2890916759872
2895481211456
1452372200000
2551883827776
1727250106944
2826761734720
1521091676736
1726980687168
1452102780224
2551614408000
1452305090944
2551816718720
1727182997888
2826694625664
1521024567680
2620536195456
1795902474624
2895414102400
1447741753664
2547253381440
1722619660608
2822131288384
1516461230400
2615972858176
1791339137344
1516795660928
2616307288704
1791673567872
1520755082624
2620266710400
1795632989568
2895144617344
1448009074048
2547520701824
1722886980992
2822398608768
1516728550784
2616240178560
1520756131456
2620267759232
1795634038400
2895145666176
1516728617344
2616240245120
1791606524288
2891118152064
1452304107904
2551815735680
1727182014848
2826693642624
1521023584640
2620535212416
2615971743040
1791338022208
2890849649984
1452035605824
2551547233600
1726913512768
1727181948224
2826693576000
1521023518016
2620535145792
1727249122624
2826760750400
1521090692416
2620602320192
1795968599360
2826425207104
1520755149120
2620266776896
1795633056064
2895144683840
1447740705088
2547252332864
1722618612032
2822130239808
1516460181824
2895481276992
1447741753920
2547253381696
1722619660864
2822131288640
1516461230656
2615972858432
1791339137600
2826694691392
2895414168128
1452305090176
2551816717952
1727182997120
1447741752896
2547253380672
1722619659840
2822131287616
1516461229632
2615972857408
1791339136576
2890850764352
2551815735872
1727182015040
2826693642816
1521023584832
2620535212608
2895413119552
1516796773696
2616308401472
1791674680640
2891186308416
1447741687168
2547253314944
1722619594112
2822131221888
1516461163904
1727250105728
1795969582464
2895414101376
1452305089920
2616308336000
1726914562368
2826426190144
1520756132160
2620267759936
1795634039104
2895145666880
1726981735808
2826493363584
1520823305600
2620334933376
1795701212544
2895212840320
1448076249472
2547587877248
1722954156416
2822465784192
1516795726208
2616307353984
1791673633152
2891185260928
2826425141632
1520755083648
2620266711424
1795632990592
2895144618368
1448009075072
2547520702848
1722886982016
2822398609792
1516728551808
1447808797248
2547320425024
1722686704192
2822198331968
1516528273984
2616039901760
1791406180928
1795969583680
2895480162880
1448010123840
2891186243136
1726980622720
2826492250496
1520822192512
2620333820288
1795700099456
2895211727232
1516795659584
2616307287360
1791673566528
2891185194304
1722954089792
1448076182848
1795902474560
2895414102336
1452372264320
2551883892096
1727250171264
2826761799040
1521091741056
2620603368832
1795969648000
2895481275776
1447741752960
2547253380736
1722619659904
2822131287680
1516461229696
2615972857472
1452036654656
1448009075264
2547520703040
1722886982208
2822398609984
1516728552000
2616240179776
1791606458944
2891118086720
1448076248704
2547587876480
1722954155648
2822465783424
1516795725440
2616307353216
1791673632384
2891185260160
1452305156736
2551816784512
1727183063680
2826694691456
1521024633472
2620536261248
1795902540416
2895414168192
1447808861824
2547320489600
1521024632448
2620536260224
1795902539392
2895414167168
1722686768768
2822198396544
1516528338560
2616039966336
1521024632128
2620536259904
1795902539072
2895414166848
1452103828800
2551615456576
1726981735744
2826493363520
1520823305536
2620334933312
1726913579648
2826425207424
1520755149440
2620266777216
1795633056384
2895144684160
1448009140864
2547520768640
1722887047808
2822398675584
2890917807488
1452371151232
2551882779008
1727249058176
2826760685952
1521090627968
2547253314880
1722619594048
2822131221824
1447741687104
2620602255744
1795902474880
2890916825408
1452102715008
2551614342784
1726980621952
2826492249728
1520822191744
2620333819520
2547320489536
1722686768704
2822198396480
1516528338496
2616039966272
1791406245440
2890917873216
2895212840512
1452372264512
2551883892288
1452305090112
2826492315968
1520822257984
2620333885760
1795700164928
2895211792704
1791338088768
2890849716544
1452035672384
2551547300160
1726913579328
2891186242944
1448077231488
2547588859264
1516796708224
1448076249408
2547587877184
1722954156352
2822465784128
1516795726144
2616307353920
1791673633088
2891185260864
1452371150464
2551882778240
1727249057408
2826760685184
1521090627200
2620602254976
1795968534144
2895480161920
1447807813184
2547319440960
1722685720128
2822197347904
1516527289920
2616038917696
1791405196864
2890916824640
1516729600640
2616241228416
1791607507584
2891119135360
1447740704128
2547252331904
1722618611072
2822130238848
1516460180864
2615971808640
1791338087808
2890849715584
2895145732672
2620334934336
1795701213504
2895212841280
2890850765120
1452036720960
2551548348736
1726914627904
2826426255680
1520756197696
1726980688192
1447808861568
2547320489344
1722686768512
2822198396288
1516528338304
2616039966080
1791406245248
2890917873024
1452103828864
2551615456640
1452372264256
2551883892032
1727250171200
2826761798976
1521091740992
2620603368768
1795969647936
2620333884800
2895144682880
2890916824448
1452035671424
2551547299200
1726913578368
2826425206144
1520755148160
1795700163968
1521090692480
1452102781568
2551614409344
1726980688512
2826492316288
1520822258304
2620333886080
1795700165248
2895211793024
1448076248640
2547587876416
1722954155584
2822465783360
1516795725376
2616307353152
1791673632320
2891185260096
1447807747712
2547319375488
1722685654656
2822197282432
1516527224448
2616038852224
1791405131392
2890916759168
1448009139584
1452305156672
2551816784448
1795902540352
1795701212480
2895212840256
2895481275712
2890917872960
1447808861504
2547320489280
1722686768448
2822198396224
1516528338240
2616039966016
1447741688192
2547253315968
1447807814272
2547319442048
1447808795968
2547320423744
1722686702912
2822198330688
1722685721216
2822197348992
1516527291008
2616038918784
1727249058112
2826760685888
1521090627904
2620602255680
1795968534848
2895480162624
1452371151168
2551882778944
1795700098624
1447807747648
2547319375424
1722685654592
2822197282368
1516527224384
2616038852160
1791405131328
2890916759104
1452102714944
1448077298048
2547588925824
1722955204992
2822466832768
1516796774784
2616308402560
1791674681728
2891186309504
2551614342720
2620333819456
1726980621888
1447740705152
2547252332928
1722618612096
2822130239872
1516460181888
2615971809664
1791338088832
2890849716608
1452035672448
2551547300224
2620536195712
1452035605888
2551547233664
1726913512832
2826425140608
1791406245504
2890917873280
