1464920769856
2581680686400
1757046965568
2856558593344
1825766442304
2925278070080
2585975653696
1761341932864
2860853560640
1482169124160
2581680751936
1825766507840
1464988142208
2564499769984
1739866049152
2839377676928
1533707618944
2633219246720
1808585525888
2908097153664
1482168011392
2581679639168
1812814169408
2912325797184
1486665353856
2586176981632
1761543260800
2861054888576
1555384830592
2654896458368
1830262737536
2929774365312
1555451939456
2654963567232
2908298217792
1813149780544
2912661408320
1469485287808
2568996915584
1744363194752
2843874822528
1538204764544
2637716392320
1813082671488
2912594299264
1465190581632
2564702209408
1740068488576
2839580116352
1533910058368
2633421686144
1808787965312
2908299593088
1482370450816
2581882078592
1537936328320
2637447956096
1812814235264
2912325863040
1808853961280
1551155923520
2650667551296
1469551544896
2569063172672
1744429451840
2843941079616
1538271021632
2637782649408
1813148928576
1486464092544
2585975720320
1761341999488
2860853627264
1555183569280
2654695197056
1830061476224
2929573104000
1537935476352
2637447104128
1812813383296
2912325011072
1486395868800
2585907496576
1761273775744
2860785403520
1555115345536
2654626973312
1757045983872
2856557611648
1550887553664
2650399181440
1825765460608
2925277088384
2912660620864
1538203977088
2637715604864
1813081884032
2912593511808
1808787966528
2908299594304
1464921885312
2564433513088
1739799792256
2839311420032
1533641362048
2633152989824
1808519268992
2908030896768
1482101754496
2581613382272
1486664304192
1813081818688
2912593446464
1469484435008
2568996062784
1744362341952
2843873969728
1538203911744
2637715539520
1555383780928
1812814432832
1744429188480
2843940816256
1538270758272
2637782386048
1813148665216
2912660292992
1533976840768
2633488468544
1464988141952
2564499769728
1739866048896
2839377676672
1533707618688
2633219246464
1808585525632
2908097153408
1482168011136
2581679638912
2856490240576
1550820182592
2650331810368
1825698089536
2925209717312
1757046966656
2856558594432
1550888536448
2650400164224
1825766443392
2925278071168
1469552592192
1538272068928
2637783696704
1813149975872
2912661603648
1533976054080
2633487681856
1808853961024
2908365588800
1482436446528
2581948074304
1761609320768
2861120948544
1808586639680
2908098267456
1464922147136
2564433774912
1469284223296
2568795851072
1744162130240
2843673758016
1761273840960
1486395934016
1469552658048
2569064285824
1744430564992
2581947876672
2581612529024
1756978808192
2856490435968
1550820377984
2650332005760
1825698284928
1744093906304
1469215999360
2568727627136
2843605534080
1465190582848
2564702210624
1740068489792
2839580117568
1533910059584
2633421687360
2856490502720
1533640575552
2633152203328
1808518482496
1464988992896
2564500620672
1739866899840
2839378527616
1533708469632
2633220097408
1464921884032
2564433511808
1739799790976
1825966720320
2925478348096
1482369336640
2581880964416
2633420571968
1551088813376
2650600441152
1757247243584
1486462715200
2585974342976
1555182191936
2654693819712
1469551544960
2569063172736
1744429451904
2843941079680
1538271021696
2637782649472
1813148928640
2912660556416
2564767942272
2839645849216
1533975791232
2633487419008
1808853698176
2908365325952
1482436183680
2581947811456
1486731217280
2586242845056
1761609124224
2861120752000
1555450694016
2654962321792
1830328600960
2929840228736
1486462781056
2585974408832
1761340688000
2860852315776
1555182257792
2654693885568
1830060164736
2929571792512
2925210765952
1555452004672
2654963632448
1830329911616
2929841539392
1740135532160
2839647159936
1533977101952
2633488729728
1808855008896
2908366636672
1464987945536
2564499573312
1533707422272
1486462782016
1761340688960
1551155989056
2650667616832
1757247310208
2856758937984
1551088880000
2650600507776
1825966786944
2925478414720
1464989189440
2564500817216
1739867096384
2839378724160
1533708666176
2633220293952
1808586573120
2908098200896
1482169058624
2569064220032
2912593249664
1469216064896
1465256379776
2564768007552
1740134286720
2839645914496
2908030110080
1482100967808
2581612595584
1486395869568
2585907497344
1761273776512
2860785404288
1555115346304
2654626974080
1829993253248
2929504881024
1813150042752
2912661670528
1486395672128
2585907299904
2912324814400
1761273579072
1464920835648
2564432463424
1739798742592
2839310370368
1533640312384
2633151940160
1757314091392
2856825719168
1551155661184
2650667288960
1826033568128
2925545195904
1757045655168
2856557282944
1550887224960
2650398852736
1825765131904
2925276759680
1469283173952
2568794801728
1744161080896
2843672708672
1538002650688
1538204960320
2637716588096
2856557348416
2585907496512
1555450627456
1482436183424
1830328534400
2654962255232
2929840162176
1464920770176
2564432397952
1739798677120
2839310304896
1533640246912
2633151874688
1808518153856
2908029781632
1482100639360
2581612267136
2925546506560
1465257690752
2564769318528
1482169058880
2581680686656
2843941145216
1464921098560
2564432726336
1739799005504
2839310633280
1533640575296
2633152203072
1808518482240
2908030110016
1482437560960
2581949188736
1757315467904
2856827095680
1551157037696
1744363129472
2843874757248
1538204699264
2637716327040
1813082606208
2912594233984
2843672447296
1538002389312
2637514017088
1812880296256
2912391924032
1486462781760
1464987945280
1482370124416
2581881752192
2929841276544
1533707356480
2633218984256
2929572840768
1469283961216
2568795588992
1744161868160
2843673495936
1538003437952
2637515065728
1812881344896
2912392972672
1469484435072
2568996062848
1744362342016
2843873969792
1538203911808
2637715539584
1813081818752
2912593446528
1829993055552
2929504683328
1464920835392
2564432463168
1739798742336
2839310370112
1469215802688
2568727430464
1486731216448
2586242844224
1761609123392
2861120751168
1555450693184
2654962320960
1830328600128
2929840227904
1486664107392
2586175735168
1761542014336
2861053642112
1555383584128
1830261491072
1482370189888
2581881817664
1757248096832
2856759724608
1551089666624
2650601294400
1825967573568
1538270824832
2637782452608
1469283173760
2568794801536
1744161080704
2843672708480
1538002650496
2637514278272
1812880557440
2912392185216
1465257690496
2564769318272
1740135597440
2839647225216
1808855074176
2908366701952
1482437559680
2581949187456
2929774429504
1761274563136
2860786190912
1761274890624
2860786518400
1757247309376
2856758937152
1464988141184
2564499768960
1739866048128
2839377675904
1761610107200
2861121734976
1469551610176
2569063237952
1744429517120
2843941144896
1538271086912
2637782714688
1813148993856
2912660621632
1482100640128
2581612267904
1761610106176
2861121733952
1486732199232
2586243827008
1761542211904
2861053839680
1533976053312
2650667550272
1826033829440
2925545457216
2861120947776
1761609320000
1469551543872
2569063171648
1744429450816
1486395868736
2929504880192
1761273775680
1482436183616
2581947811392
1757314090560
2856825718336
1482369074560
2581880702336
1757246981504
2856758609280
1744093709632
2843605337408
1537935279424
2637446907200
1812813186368
2912324814144
1486732265088
2586243892864
1761610172032
2861121799808
1830329648768
2654963370624
1555116395072
1550888602176
2650400229952
1825766509120
2925278136896
2585907563072
1469552396864
2569064024640
1533707617664
1464920771200
2564432398976
1739798678144
2839310305920
1808518154880
2908029782656
1482100640384
2581612268160
2581882012992
1757248292160
2856759919936
1551089861952
2650601489728
1825967768896
2925479396672
1486731152000
2586242779776
1761609058944
2861120686720
1830328535680
2929840163456
1482370451072
2581882078848
1757248358016
2856759985792
1551089927808
2650601555584
1825967834752
2925479462528
2633219245440
1808585524608
2929571988864
1550887486848
2650399114624
1555451939392
2654963567168
1830329846336
2929841474112
2839646111296
1486665353600
2586176981376
1761543260544
2861054888320
1555384830336
1486396917376
2839310304576
1757315139200
2856826766976
1551156708992
2650668336768
1826034615936
2925546243712
1757247244928
2856758872704
1538003437120
2637515064896
1812881344064
2912392971840
1812814235008
2912660555072
1830328796480
1551155922240
2650667550016
1826033829184
2925545456960
1465256576320
2564768204096
1533975857728
2633487485504
1808853764672
2908365392448
1482168076672
2581679704448
1757045983616
2856557611392
1825765460352
2925277088128
1739800053312
2839311681088
1533641623104
2633153250880
1808519530048
1469485484608
2568997112384
1744363391552
2843875019328
1482370386496
1555384830528
2654896458304
1830262737472
1469217048896
2568728676672
1808854747456
1464921033280
2564432661056
1739798940224
1464988927552
2564500555328
1739866834496
2839378462272
1533708404288
2633220032064
1808586311232
1808519202176
2908030829952
2843606649472
1537936591488
2637448219264
1812814498432
2912326126208
1533976906368
2633488534144
1808854813312
2908366441088
1538002388544
2637514016320
1812880295488
2912391923264
1486462780992
2585974408768
1825765197376
2925276825152
1740134483264
2839646111040
1533976053056
2633487680832
1808853960000
2908365587776
1744430564736
2843942192512
1538272134528
2637783762304
1813150041472
2912661669248
2839310568000
1812881279616
2912392907392
1482101950848
2581613578624
1756979857792
2856491485568
1550821427584
2650333055360
1825699334528
2925210962304
1469217048960
2568728676736
1830262737280
2929774365056
2912325862784
1813148994176
2912660621952
1761541949056
2861053576832
1555383518848
2654895146624
1830261425792
1469551544704
2569063172480
1551089862976
2650601490752
1825967769920
2925479397696
1538204961088
2637716588864
2637514212992
1812880492160
2912392119936
1465257364096
2564768991872
1740135271040
2839646898816
1533976840832
2633488468608
1808854747776
2908366375552
1486665352768
2586176980544
1761543259712
2861054887488
1830262736448
2929774364224
1486732461632
2586244089408
1761610368576
2861121996352
2843605337472
2929571792256
1469485286720
2568996914496
2908299527744
2908298282560
1465257624960
2564769252736
1555183568192
1830061475136
1486464091456
2585975719232
1761341998400
2860853626176
1744160818496
2843672446272
1812880295232
2912391923008
1482167813440
2581679441216
1482370123392
2581881751168
2925479201408
1538203650368
1813081557312
1469484173632
2568995801408
1744362080576
2637715278144
1469215737408
2568727365184
1744093644352
2843605272128
1537935214144
2637446841920
1812813121088
1551089927488
2650601555264
1830060362048
2929571989824
1469484239488
2568995867264
1744362146432
2843873774208
1813081623168
2912593250944
1812814236224
2912325864000
2856557282688
1555182520960
2654694148736
1808854747520
2908366375296
1482437233024
2581948860800
1756978808448
2856490436224
1550820378240
2650332006016
1825698285184
2925209912960
1761273842048
2860785469824
2861054625152
1538204697984
1555384567168
1830262474112
1537936262784
2637447890560
1812814169728
2912325797504
1551088617024
1757314156096
2856825783872
1469282911808
2568794539584
1744160818752
2843672446528
1555183503744
2654695131520
2843941078592
1538271020608
2637782648384
1813148927552
2912660555328
1469484434816
2568996062592
2908299528768
1465190517312
2564702145088
1740068424256
2839580052032
1533909994048
2633421621824
1486731216192
2586242843968
1469216852288
1482101753408
2581613381184
1550821230144
2650332857920
2860786190656
1825966785856
2925478413632
1482369402176
2581881029952
1555116393792
2654628021568
1551156708672
2650668336448
2843942127232
1486732462656
2586244090432
1469552593472
2569064221248
1538272070208
2637783697984
2650667287872
1826033567040
2925545194816
1551155660096
1486731479616
2586243107392
1761609386560
2861121014336
1555450956352
2654962584128
1830328863296
2929840491072
1486664370560
2586175998336
1756979857024
1550821426816
2650333054592
2637447169408
1486395934336
2585907562112
1761273841280
2860785469056
1555115411072
2654627038848
1829993318016
2929504945792
1482436249216
2581947876992
1551155725952
2650667353728
1826033632896
2925545260672
1464922080896
2564433708672
1739799987840
2839311615616
2908031092352
1813082867264
1482370385472
2581882013248
1757248292416
2856759920192
2912594495040
1551089862208
2650601489984
1825967769152
2925479396928
1486731151744
2586242779520
1761609058688
2861120686464
1555450628480
2654962256256
1482437559872
2581949187648
1757315466816
2856827094592
1757248357760
2856759985536
1551089927552
2650601555328
1825967834496
2925479462272
1486462715520
2585974343296
1469485221440
2568996849216
1744363128384
2843874756160
1808518416960
2908030044736
2908097939008
2650399114560
1761610369344
2861121997120
1482169059712
2581680687488
1744363193920
2843874821696
1757315138944
1757247244672
2856758872448
1551088814464
2650600442240
1825966721408
2925478349184
1744161867072
2843673494848
1538003436864
2637515064640
1486732528256
2586244156032
1761610435200
2861122062976
1740134287680
2839645915456
2633487485248
1808853764416
2908365392192
1830329846080
2929841473856
1465257625920
2564769253696
1464920835456
2564432463232
1739798742400
2839310370176
1808518219136
2908029846912
1812813186432
2912324814208
2637513951552
1482370385216
1465189468800
2564701096576
1740067375744
2839579003520
1533908945536
2633420573312
1464921033024
2564432660800
1739798939968
2839310567744
1464988927296
2637515328064
1812881607232
2912393235008
1469284223552
2568795851328
1744162130496
2843673758272
1538003700288
1469217114496
2568728742272
1744095021440
2843606649216
1537936591232
2637448219008
1812814498176
2912326125952
2633151940224
1808518219392
2908029847168
1761542276672
2861053904448
1555383846464
2654895474240
1830261753408
2929773381184
1486664369728
2586175997504
1469283895680
2568795523456
1744161802624
2843673430400
1812881279360
2912392907136
1761609057856
2861120685632
2929840162368
1829993318784
2929504946560
1482370124352
1757248031296
2581881752128
2856759659072
2569063957888
1744430237056
2650668336512
2843941864832
1813149713792
1482369337728
2581880965504
2843605599552
2912325076288
1537935541568
1744093971776
1812813448512
1757247243840
2856758871616
1551088813632
2650600441408
1825966720576
2925478348352
1482369336896
2581880964672
1808518481472
2908030109248
1469215737152
2568727364928
1537935213888
2637446841664
1812813120832
2912324748608
1744093644096
2843605271872
1486732199552
2586243827328
1761610106496
2861121734272
1555451676288
2843940883008
1538270825024
2637782452800
1813148731968
2912660359744
1469484239232
2568995867008
1538203715968
2637715343744
1744094758208
1486396983872
2585908611648
1533977168448
2633488796224
1808855075392
2908366703168
1761340950912
2860852578688
1555182520704
2654694148480
1830060427648
2929572055424
2581882013312
1757248292480
2856759920256
1551089862272
2650601490048
1825967769216
2925479396992
2564701947264
1740068226432
1533909796224
2633421424000
1808787703168
2908299330944
1464921884288
2564433512064
1739799791232
2839311419008
1808519267968
2856758676032
1551088618048
2569063958848
1538271807808
2637783435584
1469484501632
2568996129408
1469283894848
2568795522624
1744161801792
2843673429568
1538003371584
2637514999360
1469216000576
2568727628352
1465256315456
2564767943232
2908366636608
1550887487872
2650399115648
1825765394816
2925277022592
1469551543616
2569063171392
1538271020352
2637782648128
1813148927296
2637515327104
1740068424000
2839580051776
1533909993792
2633421621568
1808787900736
2908299528512
1533641557568
2633153185344
1740068488512
2839580116288
1533910058304
2633421686080
1808787965248
2908299593024
1482370450752
2581882078528
1469551609472
2569063237248
1744429516416
2843941144192
1538271086208
2856491287872
1486395672960
2585907300736
1761273579904
2856558593408
1812881540480
1808855008576
2908366636352
2654962583872
1830328863040
2929840490816
1555182519872
2654694147648
1830060426816
2654627038592
2929504945536
1830329846400
2929841474176
2650667353472
1551088878976
2650600506752
1825966785920
1739799004544
2839310632320
2564701095552
2564700833344
1551155923264
2650667551040
1486732528000
2586244155776
1744161867328
2843673495104
1744362080896
2843873708672
2912593185408
1464922147456
2564433775232
1739800054400
2839311682176
1808519531136
2908031158912
1482102016640
1813082868288
1469282912640
2568794540416
1538002389376
2637514017152
2912391924096
1555384633664
2654896261440
2925478152768
1482369141312
2581880769088
2839378527552
1533708469568
2633220097344
1808586376512
2908098004288
1464922146176
2564433773952
1739800053120
2839311680896
1808519529856
2908031157632
1830328534336
2929840162112
1486731150656
2586242845248
2861120752192
2650601228608
1739867097408
2839378725184
1533708667200
2633220294976
1808586574144
2581881817728
1757248096896
1551089666688
2650601294464
1825967573632
1555452003904
2654963631680
2637514278528
2568727430528
2912660359488
2586243893568
1829993055616
1744093709696
1756978611584
2856490239360
1469215802752
2650601489792
1757248292224
1464921097792
2564432725568
1739799004736
2839310632512
1533640574528
2633152202304
1744362145088
1813081621824
2912593249600
1486732462720
2586244090496
1469552396672
2569064024448
1744430303616
2843941931392
1538271873408
2637783501184
1813149780352
2912661408128
1469283960448
2568795588224
1464922080576
2564433708352
1739799987520
2839311615296
1808519464256
2908031092032
1538002324096
2637513951872
1812880231040
2912391858816
1830329649792
2929841277568
2912393169472
1482167814720
2581679442496
1550887291456
1825765198400
2925276826176
1830329648448
2929841276224
1465257363008
2564768990784
1469485550208
2568997177984
1744363457152
2843875084928
1813082933888
1555451742528
2654963370304
1744430238336
2843941866112
1813149715072
2912661342848
2843672446336
1744160818560
2654962320768
2929840227712
1486731216256
1757248096640
1551089666432
2650601294208
1825967573376
2925479201152
1756979661440
2856491289216
1550821231232
2650332859008
1825699138176
2925479201344
2912593184320
1830328797504
2929840425280
1486731413824
2586243041600
1761609386624
1555450956416
2654962584192
1533909010048
2633420637824
1756979661184
2856491288960
1550821230976
2650332858752
1825699137920
2925210765696
1469216852352
2568728480128
1825966721344
2925478349120
1538002650432
1469283173696
2568794801472
1744161080640
1812880557376
2637514278208
1482370385536
1469284223616
1739865786688
1533641624128
1757248031360
2856759659136
1551089601152
2650601228928
1825967508096
2925479135872
2908031158592
2568795851392
1469282846272
2568794474048
1744160753216
2843672380992
1538002323008
2637513950784
1812880229952
2912391857728
1550821230208
2650332857984
1464921032256
2564432660032
1739798939200
2925210700096
1533909731648
2633421359424
1808787638592
1465190254912
1756978873984
2856490501760
1825698350720
2925209978496
1469216065152
1555115149696
2654626777472
1829993056640
1761610172736
2861121800512
1808855009856
1465257626176
2564769253952
2912594561664
1464920770112
2564432397888
1739798677056
2839310304832
1533640246848
2633151874624
1808518153792
2908029781568
1744362079552
2843873707328
1469484172608
2568995800384
1813081556288
2912593184064
2654694147712
1830060426880
2929572054656
1533640246592
1808518153536
2908029781312
2564432397632
2929841472896
1486732461440
1761610368384
2650601293120
2925479200064
1469485484672
2568997112448
1486396720768
2585908348544
1538003700352
2637515328128
1555116459328
1486396982592
2585908610368
1829994366272
1486731478592
1830328862272
2929840490048
2929504619136
2654628022848
1482369336704
2581880964480
1486731414144
2586243041920
1739799726400
2839311354176
2633152923968
1533641557376
2633153185152
1808519464320
2908031092096
1464922080640
2564433708416
2843673758336
2637513950528
2843672380736
2633488796288
1808855075456
2908366703232
2856758674816
1469484238208
2568995865984
1744362145152
1825966523776
2925478151552
2843873772928
1813081621888
1830329911936
2929841539712
2654695195968
1486395671872
2585907299648
1761273578816
2860785206592
1808519203136
2908030830912
2581613316416
1756979595584
2856491223360
2912661604928
2908365391232
1538002388352
1825766180416
2925277808192
1486396983936
2585908611712
1761274890880
1486732526976
2586244154752
1761610433920
2861122061696
1830329910656
2929841538432
1469282911616
2568794539392
2586242844032
1555450692992
1830328599936
1482370189952
1808519202368
2908030830144
1812880229696
2912391857472
1538002322752
1469282846016
2568794473792
1744160752960
1533708405056
2633220032832
1808586312000
2908097939776
2564499834496
1482370189696
2581881817472
1486731413056
2586243040832
1830328796736
2929840424512
1757248293440
2581882014272
2856759921216
1825967770176
1551089863232
2650601491008
2654626712192
1469216786752
2568728414528
1744094693696
2843606321472
1465256314176
2564767941952
1740134221120
2839645848896
1808853697856
2908365325632
2581613644416
1550821493376
2650668665472
1808518153600
2908029781376
1744162130560
2861120686656
1830328601152
1486731478656
2586243106432
1761609385600
2861121013376
1555450955392
2654962583168
1830328862336
2929840490112
1825967835776
2925479463552
1808519531072
2633153251904
2908031158848
1464922147392
2564433775168
1555450627392
2654962255168
2586242778432
1464921885056
2564433512832
1739799792000
2839311419776
1533641361792
2633152989568
1808519268736
2908030896512
1825967507776
1482370124096
2581881751872
1757248031040
2856759658816
2925479135552
1551089600832
2929505929792
1739799988800
2839311616576
1808519465536
2908031093312
1486731151936
2586242779712
1555450628672
1830328535616
2929840163392
1464922081856
2564433709632
2912594496064
