1391654667584
1391721777472
2491233405248
1391723153984
2491234781760
1391655717248
2491167345024
1666533624192
2766045251968
1408835586432
2508347214208
1683713493376
2783225121152
1391722826112
2491234453888
1391654667648
2491166295424
1666532574592
2766044202368
1408834536832
2508346164608
1683712443776
2783224071552
1408835652160
2508347279936
2783225186880
2766061046400
1408851380864
2508363008640
2783225448064
1683729287808
2783240915584
2766111638912
1408901973376
2508413601152
1408834864512
2508346492288
1683712771456
2783224399232
1391722104192
2491233731968
1666600011136
2766061046336
1408851380800
2508363008576
1683729287744
2783240915520
1391656044096
2491167671872
1666533951040
2766045578816
1408835913280
2508347541056
1683713820224
2783225448000
1391655979392
2491167607168
2766045514112
1391723088256
2491234716032
1391739864704
1391654734144
2491166361920
1666532641088
2766044268864
1408834603328
2508346231104
1683712510272
2783224138048
1408918423936
2508430051712
1683796330880
1391723087232
2491234715008
2783307958656
1391655783040
2491167410816
1666533689984
2766045317760
1408835652224
2508347280000
1683713559168
2783225186944
1391722891904
2491234519680
1391739931264
2491251559040
2766129465984
1408919800448
2766129399360
1408919733824
2508431361600
1683797640768
2783309268544
1666601060736
2766112688512
1408903022976
2508414650752
1683780929920
2783292557696
2783307958592
1683796330816
1391738554688
1391723087168
2491234714944
2783292491072
1666600994112
2491250182464
2766128089408
1666617838144
2766129465920
1408919800384
2508431428160
1683797707328
1391722039936
2491233667712
1666599946880
1666549351808
2766060979584
1408851314048
2508362941824
1683729220992
2783240848768
2766111311168
1408901645632
2508413273408
1683779552576
2783291180352
2491166295360
2766044202304
1408834536768
2508346164544
2783292557632
1391672821376
2491184449152
1666550728320
2766062356096
1408852690560
2508364318336
1683730597504
2783242225280
1391656045184
2491167672960
2766045579904
1408835914368
2508347542144
2783225449088
1391723154048
2491234781824
1391671511424
2491183139200
1666549418368
2766061046144
1408851380608
2508363008384
1683729287552
2783240915328
1391671444800
2491183072576
2508347541824
2783225448768
1391723153728
2491234781504
1666601060672
2766112688448
1408903022912
2508414650688
1683780929856
1391671511360
2491183139136
1666549418304
2783225447744
1391739864448
2491251492224
1666617771392
2766129399168
1408919733632
2508431361408
1683797640576
2783309268352
1391722890880
2491234518656
1666600797824
2766112425600
1408834865792
2508346493568
2766112688704
1408903023168
2508414650944
1683780930112
2783292557888
1408852429376
1391654996544
2491166624320
1666532903488
2766044531264
1391654929792
2491166557568
2783241897344
1391739602304
2491251230080
1666617509248
2766129137024
1408919471488
2508431099264
1683797378432
2508414387584
1683780666752
1391655781760
2491167409536
1666533688704
2766045316480
1408835650944
2508347278720
1683713557888
2766112425344
1391739931008
1666617837952
1391739864384
2491251492160
1666617771328
2766129399104
1391722890816
2491234518592
1391738817152
2491250444928
1666616724096
2766128351872
1408918686336
2508430314112
1683796593280
2783308221056
1391739930944
2491251558720
1683797707072
2783309334848
2766129465664
1408919800128
1391721843072
2491233470848
1666599750016
1666599946624
1391738817088
1391721843328
2491234780544
2766111574336
1408901908800
2508413536576
1683779815744
2508363204224
2783241111168
2766062093632
1408852428096
2508364055872
1683730335040
1408852690240
2508364318016
1683730597184
2783242224960
1391672821056
2491184448832
1666550728000
2766062355776
2766044464512
1408834798976
2508346426752
2783224333696
1666617771648
2766129399424
1666616526144
2766128153920
1408918488384
2508430116160
1683796395328
2783308023104
1408851379584
2508363007360
1683729286528
2783240914304
2783224137088
1391721842048
2491233469824
1666599748992
2766111376768
1408902759808
1408851576384
2508363204160
1683729483328
2783241111104
1408834865536
2508346493312
1683712772480
2783224400256
1408851642944
2508363270720
1683729549888
2783241177664
2508413339200
1683779618368
1408851314240
2508362942016
2783292294464
1408834865472
2508346493248
2783224400192
1391654667904
2491166295680
2766044202624
1408834537088
2508346164864
1391721776704
1683779619392
2783291247168
1666599750208
2766111377984
2491251492480
1666549613952
1408851576192
1408919733888
2508431361664
1683797640832
2783309268608
1683729221184
2783240848960
1391738553920
1666616460864
2491251295616
1666617574784
1391671773568
2491183401344
1666549680512
2766061308288
1408851642752
2508363270528
1683729549696
2783241177472
1391671706944
2491183334720
1666549613888
2766061241664
2766128088704
1408918423168
2508430050944
2783307957888
1391655782784
2491167410560
1666533689728
2766045317504
1408835651968
2508347279744
1683713558912
2783225186688
1391722891648
2491234519424
2783224071808
1391721776768
2491233404544
1666599683712
2766111311488
1408901645952
2508413273728
1683779552896
2783291180672
2783291246976
2508431428224
2783309335168
1683779553600
2783291181376
1666599684416
2783308220736
2766111639872
1408901974336
2508413602112
1683779881280
2783291509056
1391671773504
2783291246912
1391721843008
1408851379840
2508363007616
1683729286784
2783240914560
1391654668672
2491166296448
1666532575616
2766044203392
1408834537856
2508346165632
1683712444800
2783224072576
1391721777536
2491233405312
1391654733184
2491166360960
1666532640128
2766044267904
1408834602368
2783309006464
2508414323264
1666601060928
1391738881344
2491250509120
1391654668928
1666599683648
1391739930240
2491251558016
2766129464960
1408919799424
2508431427200
2783309334144
1666601059712
2766112687488
1408903021952
2508414649728
1683780928896
2783292556672
1408918423872
1391738553664
2491250181440
2766128088384
1408918422848
2508430050624
2783307957568
1666599945856
2766111573632
2508346426944
1683712706112
1391722038848
2491233666624
2491183138176
2766061045120
1391654995328
2491166623104
1666532902272
2766044530048
2783309335104
2491184122432
2766062029376
1408852363840
2508363991616
1683730270784
2783241898560
1683712771712
2783224399488
1408835651136
2508347278912
1683713558080
2783225185856
1391738816128
2491250443904
1666616723072
2766128350848
1408918685312
2508430313088
1683796592256
2783308220032
1391739929920
2491251557696
2766129464640
1408919799104
2508431426880
2783309333824
1391722038656
1666599945600
1391672494464
2491184122240
1666550401408
2766062029184
1408852363648
2508363991424
2783241898368
1666616723008
2766128350784
1408918685248
2508430313024
1683796592192
2783308219968
1391738816064
2491250443840
1666617509504
2766129137280
1408919471744
2508431099520
1666550401344
2766062029120
1408852363584
2508363991360
1683730270528
2783241898304
1391671772800
2491183400576
1666549679744
2766061307520
1408851641984
2508363269760
1683729548928
2783241176704
2491184121408
1666550400576
2766062028352
1391738815872
2491250443648
2766128350592
1408918685056
2508430312832
2783308219776
2783291246144
2766111376960
2783224334912
1391671772544
1666549679488
1666549351744
2783224071488
2491184384384
2766062291328
2508364253568
1683730532736
2783242160512
1391739603520
2491251231296
1666617510464
2766129138240
1408919472704
2508431100480
1683797379648
2783309007424
2766062291520
1408852625984
2508364253760
1683730532928
2783242160704
1391739865664
2491251493440
1408902957632
1683780864576
1391723088448
1666600732992
1391722826048
2491184121472
1666550400640
1391655716480
2491167344256
2766045251200
1408852362816
2508363990592
1683730269760
2783225120064
2508414321984
1391655716160
2491167343936
2766045250880
1408835585344
2508347213120
1408901646656
2766060980544
1391739603264
2491251231040
2766129137984
1408919472448
2508431100224
2783309007168
1391738881664
2491250509440
2766128416384
1408918750848
2508430378624
2783308285568
2491184187776
1666550466944
2766062094720
1683730336128
2783241963904
1408901712448
2508413340224
1666599684480
2766111312256
1408901646720
2508413274496
1683779553664
1666617772608
2766129400384
1408919734848
2508431362624
1683797641792
2783309269568
1391655717504
2491167345280
2766045252224
1408835586688
1391655978368
2491167606144
1666533885312
2766045513088
2491184450176
2766062357120
1408852691584
2508364319360
1683730598528
2783242226304
1391655717184
2491167344960
2766045251904
1683713493312
2783225121088
1408835586368
1391654995584
2491166623360
2766044530304
1408834864768
1391739865472
2491251493248
2766129400192
1408919734656
2508431362432
2783309269376
2491184384576
1391739602560
2491166296704
2766044203648
1408834538112
2508346165888
1391656044160
2491167671936
2766045578880
