296370898240
296371161664
571249068608
313551030848
588428937792
300666128960
575544035904
317845998144
592723905088
296387938880
571265845824
300667177600
575545084544
317847046784
592724953728
300666915200
575544822144
317846784384
592724691328
296388725120
571266632064
313568594304
588446501248
300683692416
575561599360
313567873344
588445780288
300682971456
575560878400
317862840640
592740747584
296371227200
571249134144
313551096384
588429003328
300666194496
575544101440
317846063680
592723970624
296388004416
571265911360
296388987520
571266894464
313568856704
588446763648
300683954816
575561861760
317863824000
592741730944
296372013440
571249920384
313551882624
588429789568
300666980736
575544887680
317846849920
592724756864
296388790656
571266697600
592725018240
296387742336
571265649280
313567611520
588445518464
575561927296
317863889536
592741796480
296371160448
571249067392
313551029632
588428936576
300666127744
575544034688
317845996928
592723903872
296387937664
571265844608
317847110976
300667177344
575545084288
317847046528
571248805504
313550767744
588428674688
300665865856
575543772800
317845735040
592723641984
296387675776
571265582720
313567544960
592723708544
317845801344
592723708288
571265845632
313567807872
588445714816
300682905984
575560812928
317862775168
592740682112
588445451904
300682643072
575560550016
317862512256
592740419200
296371225984
571249132928
313551095168
588429002112
300666193280
317845734720
592723641664
575544100224
317846062464
592723969408
296388987456
571266894400
313568856640
588446763584
300683954752
575561861696
317863823936
592741730880
296387741312
571265648256
313567611456
588445518400
300682709568
575560616512
317862578752
592740485696
592741468800
588445452608
300682643776
575560550720
317862512960
592740419904
317863561536
592741468480
588429986112
300667177280
575545084224
296372210048
571250116992
313552079232
588429986176
592723708224
313568855680
588446762624
300683953792
588445451584
300682642752
575560549696
317862511936
592740418880
571248805184
588428674368
300665865536
313550767424
575543772480
313567610496
588445517440
300682708608
575560615552
317862577792
592740484736
296371948160
571249855104
313551817344
588429724288
300666915456
575544822400
317846784640
592724691584
296388725376
571266632320
296370899328
571248806272
313550768512
588428675456
300665866624
575543773568
317845735808
592723642752
296387676544
571265583488
296372275584
571250182528
313552144768
588430051712
296370963776
571248870720
313550832960
588428739904
300665931072
575543838016
317845800256
592723707200
296387740992
571265647936
300666979968
575544886912
317846849152
592724756096
300666980992
296389053056
571266960000
313568922240
588446829184
300684020352
296371160704
571249067648
313551029888
588428936832
300666128000
575544034944
317845997184
592723904128
296387937920
571265844864
313568855616
588446762560
300683953728
575561860672
317863822912
592741729856
575545149824
317847112064
592725019008
313567610432
588445517376
300682708544
575560615488
317862577728
592740484672
592724691264
296388725056
571266632000
313568594240
588446501184
300683692352
575561599296
296371226240
571249133184
313567545664
313551095424
588429002368
300666193536
575544100480
317846062720
592723969664
296388003456
317863627392
592741534336
296372013376
571249920320
313551882560
588429789504
296370899520
571248806464
313550768704
588428675648
300665866816
575543773760
588428937856
300666129024
575544035968
317845998208
592723905152
571265844544
313567806784
588445713728
300682904896
592740681024
575560811840
317862774080
296371160384
571249067328
313551029568
313568658752
588446565696
317863822656
592741729600
575544034624
592740484416
296371946816
571249853760
571250117248
296372210304
296370899584
571248806528
313550768768
588428675712
300665866880
575543773824
296372275840
571250182784
313552145024
588428674624
300667243136
575545150080
317847112320
592725019264
317862578560
592740485504
317847111040
300666914368
575544821312
317846783552
592724690496
296371947072
571249854016
313551816256
588429723200
317847046464
592724953408
296388987200
300683692608
575561599552
317863561792
592741468736
588446828864
300684020032
317863889216
313568660032
588446566976
300683758144
575561665088
317863627328
592741534272
575544034880
317845997120
592723904064
296387937856
571265844800
313567807040
588445713984
300682905152
575560812096
317862774336
588429003392
300666194560
317845736000
592723642944
296387676736
571265583680
313567545920
588445452864
300682644032
575560550976
313568594496
588446501440
296371946880
571249853824
313551816064
588429723008
317863560576
592741467520
571266631040
313568593280
588446500224
300683691392
575561598336
313567544704
588445451648
300682642816
575560549760
317862512000
296372012416
571249919360
313551881600
588429788544
300666979712
575544886656
296388789632
571266696576
313568658816
296372210240
571250117184
313552079424
588429986368
300667177536
575545084480
317847046720
592724953664
300682643840
575560550784
317862513024
592740419968
313552144960
588430051904
588428937600
588445518208
300682709376
575560616320
296372209024
571250115968
313552078208
588429985152
300667176320
575545083264
317847045504
592724952448
296388986240
571266893184
588429723264
300666914432
575544821376
317846783616
592724690560
296388724352
571266631296
317863560768
592741467712
296388724288
588430051968
300682709632
575560616576
317862578816
592740485760
313568594560
575561599616
296372274560
571250181504
313552143744
588430050688
300667241856
575545148800
296372012672
571249919616
592741533312
317845996864
592723903808
296387937600
296371225920
296387675456
571265582400
313567544640
592723904896
296371161472
571249068416
313551030656
313551816000
588429722944
300666914112
575544821056
317846783296
592724690240
296388724032
571266630976
592723643008
296387676800
571265583744
313567545984
588445452928
300682644096
575560551040
317862513280
592740420224
313567610240
588445517184
300682708352
575560615296
317862577536
592740484480
300666914176
575544821120
317846783360
296388724096
313551096192
588429003136
296388004480
571265911424
592740681280
575561860736
317863822976
592741729920
296372274816
571250181760
313552144000
575545149056
317847111296
313567872576
588445779520
300682970688
575560877632
317862839872
592740746816
313568921152
296387938944
571265845888
588445715072
300682906240
575560813184
317862775424
592740682368
296371161728
571249068672
313568921216
588446828160
300684019328
575561926272
317863888512
592741795456
575561598528
300665865792
300666979904
575544886848
317846849088
296388789824
571265845568
317862840704
296388004224
571265911168
313567807808
588445714752
300682905920
296371226944
571249133888
313551096128
296371160640
571249067584
313551029824
588428936768
300666127936
313552143936
313567873408
588445780352
300682971520
575560878464
313568921984
588446828928
300684020096
575561927040
296370963840
571248870784
313550833024
588428739968
300665931136
575543838080
317845800320
592723707264
296387741056
571265648000
317863561600
592741468544
313568659840
588446566784
300683757952
575561664896
317863627136
592741534080
296372209984
571250116928
313552079168
571266894144
592724953472
296388987264
571266894208
296389052800
571266959744
296371947840
571249854784
313551817024
588429723968
300666915136
575544822080
317846784320
571265910400
313567872640
588445779584
300682970752
575560877696
317862839936
592740746880
