296638285120
296655127872
571533034816
313834997056
588712904000
300950095168
575828002112
318129964352
593007871296
301218728512
576096635456
296923564672
296655325824
571533232768
313835195008
588713101952
300950293120
575828200064
318130162304
593008069248
296923761280
571801668224
300950030720
575827937664
318129899904
593007806848
296923498880
571801405824
314103368064
588981275008
301218466176
576096373120
575811487360
318113449600
592991356544
296907048576
571784955520
314086917760
588964824704
301202015872
575828265600
318130227840
593008134784
301201950080
576079857024
318381819264
593259726208
314103694912
588981601856
301218793024
576096699968
318398662208
593276569152
313818417536
588696324480
300933515648
575811422592
318113384832
592991291776
318381622656
593259529600
296638351744
571516258688
313818220928
588696127872
318113188224
592991095168
296906787200
571784694144
314086655616
588964562560
314103629184
588981536128
314103694720
588981601664
301218792832
576096699776
318398662016
593276568960
571516192384
313818154624
296655325760
571533232704
313835194944
588713101888
300950293056
575828200000
593008069184
296923761216
571801668160
571784955456
314086917696
588964824640
301202015808
576079922752
318381884992
593259791936
314086656576
588964563520
301201754688
576079661632
318381623872
593259530816
318129965696
593007872640
314086852928
588964759872
301201951040
576079857984
318381820224
296638548288
571516455232
313818417472
588696324416
300933515584
592991028544
296906984064
571784891008
314086853248
588964760192
296655324800
571533231744
300950292096
575828199040
318130161280
593008068224
296923760256
571801667200
314086590080
588964497024
318381557376
318398662272
593276569216
318398596480
593276503424
301201754496
576079661440
318381623680
593259530624
296923564352
571801471296
314103433536
588981340480
588713101632
296655391040
571533297984
314086851968
588964758912
296638548352
571516455296
296923826816
571801733760
314103696000
588981602944
301218794112
576096701056
318398663296
593276570240
592991094400
318381558400
593259465344
296655063680
571532970624
313834932864
588712839808
318129900160
593007807104
313835260544
588713167488
300950358656
296638286208
571516193152
318113122688
592991029632
296906721664
571784628608
300950292032
575828198976
296923760192
571801667136
314103629376
588981536320
301218727488
576096634432
318113450368
314103630400
588981537344
592991357312
314086918528
588964825472
296638352000
571516258944
313818221184
296638547264
571516454208
313818416448
301218531904
576096438848
296906720576
296638286144
571516193088
313818155328
588696062272
300933253440
575811160384
318113122624
592991029568
296906721600
571784628544
571533298240
313835260480
588713167424
300950358592
318113121920
592991028864
296906720896
588964825664
318381886016
593259792960
318398597696
593276504640
588964825408
301202016576
576079923520
592991095104
296906787136
571784694080
593007872320
588712905024
318129965376
314086656320
588964563264
296638286400
313818155584
588696062528
300933253696
575811160640
296655390336
571533297280
300950357632
575828264576
296923825792
571801732736
301202016640
576079923584
318381885824
593259792768
296906786432
571784693376
296655325568
571533232512
300933514560
575811421504
318113383744
592991290688
571784889664
301201950016
576079856960
318381819200
296638548608
296638286464
571516193408
301202015616
576079922560
318381884800
593259791744
588964496960
301201688128
588696061504
300933252672
576079595072
575811159616
318113121856
592991028800
296906720832
571784627776
575811422528
318113384768
592991291712
296906983744
571784890688
313835194688
296638612800
313818481984
588696388928
592991029824
296906721856
571784628800
314086591040
588964497984
314103368256
588981275200
296638613824
571516520768
313818483008
588696389952
300933581120
575811488064
296923826496
318381885760
593259792704
318113450304
576096634240
318398401088
593276308032
300950096448
575828003392
296923564608
571801471552
571516258880
313818221120
588696128064
300933319232
575811226176
318113188416
592991095360
296906787392
571784694336
318113122880
313818154368
588696061312
296906720640
571784627584
301218465152
576096372096
593276241280
314086589824
588964496768
301201687936
576079594880
313818219904
588696126848
296906786176
571784693120
318398596416
296638350912
318381622848
593259529792
314086655360
318129964416
296655127936
571533034880
296923563392
571801470336
301218530688
576096437632
318398399872
296906984000
571784890944
314086853184
588964760128
296638548544
571516455488
313818417728
588696324672
300933515840
575811422784
296923826752
571801733696
314103695936
588981602880
301218794048
576096700992
313818483264
300933581376
575811488320
296907049536
313834998400
588712905344
296923498048
571801404992
314103367232
588981274176
313834931776
588712838720
300950029888
575827936832
313818416512
588696323456
296906982784
571784889728
296923760000
571801666944
301218727296
301218728576
576096635520
296923499136
571801406080
588981275264
301218531968
576096438912
296655129216
575811160704
296655390080
571533297024
313835259264
588713166208
575828264320
296923825536
571801732480
313818482048
575828264256
318130226496
593008133440
318113449280
592991356224
296907048256
571784955200
301202015552
576079922496
318398661952
593276568896
593259464000
571516192064
588696061248
313818154304
318398334272
593276241216
296923497792
296655324544
571533231488
313835193728
588713100672
318129898880
593007805824
296923497856
571801404800
296923563328
571801470272
314103432512
588981339456
301218530624
576096437568
318398399808
593276306752
301201753408
576079660352
593259726464
296906983040
571784889984
314103432768
588981339712
313818219840
588696126784
575811224896
296906786112
313818417792
588696324736
300933515904
575811422848
318113385088
592991292032
296655390272
571533297216
300950357568
575828264512
296923825728
571801732672
313818220096
588696127040
296655324480
571533231424
296906982720
301218727232
576096634176
318129964672
318381885056
593259792000
296638285376
588981602624
296655390016
313835259200
588713166144
576096699712
296907048320
571784955264
318113385024
301201753664
576079660608
296655128128
313834997312
588712904256
300950095424
575828002368
571801404736
301218465088
576096372032
571532969280
588712838464
300933318208
575811225152
318113187392
592991094336
300933514816
575811421760
318113384000
592991290944
318113449536
592991356480
296907048512
301201951104
576079858048
318381820288
593259727232
296923826560
571801733504
314103695744
588981602688
301218793856
576096700800
571784956480
314086590848
588964497792
318381558144
593259465088
314086656384
588964563328
300950096256
575828003200
296923498112
571801405056
571784627840
314103432832
588981339776
314103630208
588981537152
318113122944
592991029888
588964498048
314103433600
588981340544
318398663040
593276569984
588696128128
318113188480
592991095424
314103433856
588981340800
592991357248
301218728320
576096635264
318113450624
592991357568
571516192320
