1396149912896
1396166953600
2495678581376
1671044860544
2770556488320
1413346822784
2512858450560
1688224729728
2787736357504
1400461920896
2499973548672
1675339564416
2774851192192
1417641526656
1692519433600
2517153154432
2775119955520
1417910289984
2517421917760
1692788196928
2792299824704
1675323050368
2774834678144
1417625012608
1400445207872
2499956835648
2517136640384
1692502919552
2792014547328
1396418611584
1675322853760
2774834481536
1417624816000
2517136443776
1692502722944
2792014350720
1396418414976
2495930042752
1671296321920
2770807949696
1675339827776
2774851455552
1417641790016
2517153417792
1692519696960
2792031324736
2495661803840
1671028083008
2770539710784
1413330045248
2512841673024
1688207952192
2787719579968
1400445143360
2499956771136
1675591485760
1417909962112
1692787869056
1396435454592
2495947082368
1671313361536
2770824989312
1413615323776
2513126951552
1688493230720
2788004858496
1396150241664
2495661869440
1671028148608
2770539776384
1413330110848
2512841738624
1688208017792
2787719645568
1400445208960
2499956836736
2792282719872
1400444881472
2499956509248
1675322788416
2774834416192
1417624750656
2517136378432
1692502657600
2792014285376
2495947016832
1671313296000
2770824923776
2517136377472
1692502656640
2792014284416
1396418348672
2495929976448
1671296255616
2770807883392
1413598217856
2513109845632
1675339827840
2774851455616
1417641790080
2517153417856
1692519697024
2792031324800
1400461723200
2499973350976
1675339630144
2774851257920
1675339630976
1417641593216
2517153220992
1692519500160
2792031127936
1413598546304
2513110174080
1688476453248
2787988081024
1396166953344
2495678581120
1671044860288
2770556488064
1692502656320
2792014284096
2495661540672
2770539447616
1413329782080
2512841409856
1688207689024
2787719316800
1400444880192
1396149913152
2495661540928
1671027820096
2770539447872
1413329782336
2512841410112
1688207689280
2787719317056
1400444880448
2499956508224
2792031324480
1675608262976
1396149979712
2495661607488
1671027886656
2770539514432
2512841476672
1688207755840
2787719383616
1400461657408
1692771354240
1400730356352
2500241984128
1675608263296
2775119891072
1417910225536
2517421853312
1692788132480
2792299760256
2512858516032
1688224795200
2787736422976
1413598479680
2513110107456
1688476386624
2787988014400
1417910028672
2517421656448
1692787935616
2792299563392
1675339630208
2774851257984
1417641592448
2517153220224
1692519499392
2792031127168
2792282982016
2787719316864
1671296583296
2770808211072
1413598545536
2513110173312
2787988080256
1396418415168
2495930042944
1671296322112
2770807949888
1413598284352
2513109912128
1688476191296
2787987819072
1413330111040
2512841738816
1688224466304
2787736094080
1400461657472
2499973285248
1688224728448
1396418610560
2495930238336
1671296517504
2770808145280
1413598479744
1413615258240
2513126886016
1688493165184
2788004792960
1396166690432
2495678318208
1671044597376
2770556225152
1413346559616
2512858187392
1688224466560
1417909962048
1692787868992
2792299496768
1400713578880
2500225206656
1675591485824
2775103113600
1417893448064
2517405075840
1692771355008
2792282982784
1396435454528
2495947082304
1671313361472
2770824989248
1413615323712
2513126951488
1417641592384
2792031127104
1417893184896
1692771091840
1417624749440
2517136377216
1692502656384
2792014284160
1675322787200
2774834414976
1675323049600
2774834677376
1417625011840
2517136639616
1692502918784
2792014546560
1396166756992
2495678384768
1671044663936
2770556291712
1413346626176
2512858253952
1688224533120
2787736160896
1400730158720
2500241786496
1675608065664
2775119693440
1417910027904
2517421655680
1692787934848
2792299562624
1692502721920
2792014349696
1400444945792
2499956573568
1675322852736
2774834480512
1413346559552
2512858187328
1688224466496
2787736094272
1413598284160
2513109911936
1688476191104
2787987818880
1400713382272
2500225010048
1675591289216
2775102916992
1417893251456
2517404879232
1400713315648
2500224943424
1675591222592
2775102850368
1417893184832
2517404812608
1692771091776
2774834414912
1417624749376
2517136377152
1396149979776
2495661607552
1671027886720
2770539514496
1413329848960
2512841476736
1688207755904
2787719383680
2775119694400
1675339631168
2774851258944
1417641593408
2517153221184
1692519500352
1413614995840
1675339630912
2774851258688
1417641593152
1692519500096
2792031127872
1400461723968
2499973351744
1396418677056
2495930304832
1671296584000
2770808211776
1413598546240
2513110174016
2787988080960
2787736094336
1400444946752
2499956574528
1417624815936
2517136443712
1692502722880
2792014350656
1396435191104
2495946818880
1671313098048
2770824725824
1413615060288
2513126688064
1400730158400
2500241786176
1675608065344
2775119693120
1400713578112
2500225205888
1675591485056
1396150240832
1400713381248
1675591288192
1413598283136
2513109910912
1688476190080
2787987817856
2495678317952
2770556224896
1413346559360
2512858187136
1692502919488
2792014547264
2517405075072
1396435125888
1413614995072
2513126622848
1688492902016
1413329782144
2512841409920
1688207689088
1671313032576
1413614994816
2513126622592
1688492901760
2788004529536
2792299496832
1692771354176
1396435453504
2495947081280
1671313360448
2770824988224
1413615322688
2513126950464
1688493229632
2788004857408
2495930304064
1671296583232
2770808211008
1413598545472
2513110173248
2787988080192
1688476190272
2787987818048
1396149913216
2788004529728
1692787869248
1396166690368
1671044597312
1396166756736
2495678384512
1671044663680
2770556291456
1413346625920
2512858253696
1688224532864
2787736160640
1400461724032
1396166691136
2495678318912
1671044598080
2770556225856
1413346560320
2512858188096
1400730092864
2500241720640
1675607999808
2775119627584
2788004529472
2775103113536
1400713578816
2500225206592
1417893448000
2517405075776
1692771354944
2792282982720
1400445142592
2499956770368
1675323049536
2774834677312
1417625011776
2517136639552
1692502918720
2792014546496
2787719579264
1400445142656
2499956770432
1417910028608
2517421656384
1692787935552
2792299563328
1413598217600
2775119693376
1692502721856
2792014349632
2774834480448
1417624814912
2517136442688
1400444945728
2499956573504
1400713644672
2500225272448
1675591551616
2775103179392
1675323116160
2774834743936
1675339826752
2774851454528
1417641788992
2517153416768
1692519695936
2792031323712
1688492901952
1688224728640
2787736356416
1400461919808
2499973547584
1400713578048
2500225205824
1675591484992
2775103112768
2792282981952
1417893447232
2517405075008
1675339892096
2774851519872
1417641854336
2517153482112
1692519761280
2513126623552
1688492902720
2788004530496
1400713644608
2500225272384
1396435192448
2495946820224
1671313099392
2770824727168
1413615061632
2513126689408
1688492968576
2788004596352
2500225008960
1675591288128
2775102915904
1417893250368
2517404878144
1692771157312
2792282785088
1400730420608
2500242048384
1675608327552
2775119955328
2495661540992
1675339565696
2774851193472
1417641527936
2517153155712
1692519434880
2792031062656
1413598481024
2513110108800
1688476387968
2787988015744
1396166952576
2495678580352
1692502985280
2792014613056
1671044859520
2770556487296
1413346821760
2512858449536
1688224728704
2787736356480
2513126951232
1688493230400
2788004858176
1671313099072
1413615257920
1692771353984
2787736356224
1396167019136
1671044926080
1400461986432
2499973614208
1396149913984
2495661541760
1671027820928
2770539448704
1413329783168
2512841410944
1688207690112
2787719317888
1400444881280
2499956509056
1396435387968
1671313294912
1413615257152
2513126884928
1688493164096
2788004791872
1400730355264
2500241983040
1675323115904
2774834743680
2495930304896
2770808211840
2770539709760
1413330044224
2512841672000
1688207951168
2787719578944
1400445142336
2499956770112
1675323049280
2792282981696
1417909963392
2517421591168
2792299498112
1396166756928
1671044663872
1688476124480
1417910291008
2517421918784
1413346888256
2499973614144
1675339893312
2774851521088
1675591551552
2775103179328
2792283048512
1417893513792
2517405141568
1692771420736
1400445208896
2499956836672
2517136705856
1692502985024
2792014612800
1675591551296
2775103179072
1396166953536
1671044860480
1396418414208
2495930041984
1671296321152
1413598283392
2513109911168
1675323114816
2774834742592
1417625077056
2517136704832
1692502984000
2792014611776
2512858252608
1688224531776
2787736159552
1400461985088
2792031388992
2499973612864
2774851519808
1417641854272
2517153482048
1692519761216
1396149914240
2495661542016
2770539448960
1413329783424
2512841411200
1688207690368
1396150176320
2495661804096
1671028083264
2770539711040
1413598218816
2513109846592
1688476125760
2787987753536
1400713316928
2500224944704
1675591223872
2792299758976
1417641788800
1692519695744
1396166952320
2495678580096
1671044859264
2770556487040
1413346821504
2512858449280
1417624815232
1671044925824
2770556553600
1692788196672
2792299824448
1417910289728
1396167018880
1400461658688
2499973286464
2495678646656
2774851454272
2495678580032
1675608261952
2775119889728
1417910224192
2517421851968
1692788131136
1413598284096
2513109911872
1688476191040
2787987818816
1417625012800
2517136640576
1692502919744
2792014547520
1396149978688
2495661606464
1671027885632
2770539513408
1413346821440
2495678646592
2770556553536
1413346888000
1688224794944
1400461986112
2499973613888
1396435454336
1671313361280
1417909963328
2517421591104
1692787870272
2792299498048
1417624750400
2517136378176
1692502657344
2792014285120
2770539447936
1400461920640
1675339827584
1417641789824
2517153417600
1692519696768
2495930041920
1671296321088
2770807948864
1396418414144
2513109911104
2787736159872
1400461723264
2499973351040
1413598217536
2499973285184
2774851192128
1396149978496
2495661606272
1671027885440
2770539513216
1413329847680
2512841475456
1688207754624
2787719382400
1396435453568
2495947081344
1671313360512
2770824988288
1413615322752
2513126950528
1688493229696
2788004857472
1396150175360
2495661803136
1671028082304
2770539710080
2517153220160
1692519499328
1396166755904
2495678383680
1671044662848
2770556290624
1413346625088
2512858252864
1688224532032
1417624749632
1692502656576
2792014284352
2775119890816
1417910225280
2517421853056
1692788132224
2792299760000
1396150175040
1396418610496
2495930238272
1671296517440
2770808145216
2495661802816
1671028081984
2513110173056
1417910027840
2517421655616
1692787934784
2792014349888
1675608065600
1396435454272
1413615323456
2792014546304
1417625011584
2517136639360
1692502918528
1688492967488
2788004595264
2495661868608
1671028147776
2770539775552
1413330110016
2512841737792
1688208016960
2787719644736
2517153219968
2792031126912
1400445208128
2499956835904
1675323115072
1400713643584
2500225271360
1675591550528
2775103178304
1396167018048
2495678645824
1671044924992
2792014350912
1417624816192
2517136443968
1692502723136
1417641789760
2517153417536
1692519696704
2792299562304
1688492967232
1417641592128
1692519499072
1400445208192
2499956835968
1675323115136
2774834742912
1396418676352
2495930304128
2774851521152
1417641855616
2517153483392
1692519762560
2775103112576
1417893447040
1413330109760
2512841737536
1688208016704
2787719644480
1413329847936
2512841475712
1688207754880
2787719382656
1417893512768
2517405140544
1692771419712
2792283047488
2774834742848
1417625077312
2517136705088
1692502984256
1396418676288
1400713382464
2500225010240
1675591289408
2775102917184
2775119956608
1417910291072
2517421918848
2792299825792
2770807884416
1413598218880
2513109846656
2787987753600
1400713316992
2500224944768
1675591223936
1688207690304
2787719318080
2495661541696
2770539448640
1413329783104
2512841410880
1688207690048
2787719317824
1417641527616
1417910224448
2517421852224
1692788131392
2792299759168
2774834677056
1413346887296
2512858515072
1688224794240
2787736422016
1400461985408
2499973613184
2517405141376
2792283048320
1413330045568
2512841673344
1688207952512
2787719580288
2770556552768
1413346887232
2512858515008
1688224794176
2787736421952
1400461985344
2495678581056
2770556488000
1413346822464
1396150176064
2495678317888
1671044597056
1396435389056
1675591550272
2775103178048
1417893512512
2517405140288
1692771419456
2792283047232
1396150240576
2495661868352
2770539775296
1400461986368
1417641855552
2517153483328
1692519762496
2792031390272
1400713577792
1413615061376
2513126689152
1688492968320
2788004596096
1692771157632
1417893251648
2517404879424
1692771158592
2792282786368
2513109845376
1688476124544
2787987752320
1400730092928
2500241720704
1675607999872
2775119627648
2792031061376
2774851193216
1417641527680
2517153155456
1692519434624
2792031062400
2792299825728
1692788197952
1400730421824
2500242049600
1675608328768
2775119956544
1413615060608
2499973612928
1413615256960
2513126884736
1688493163904
2788004791680
1400730093952
2500241721728
1675608000896
2775119628672
2495678384448
2770556291392
1400461657728
2499973285504
2774851192448
1417641526912
2517153154688
1692519433856
2792031061632
2513110107776
2787988014720
2792014612032
1396418413952
2495930041728
1671296320896
2770807948672
1400461722944
2499973350720
1675339629888
1396150240896
1396435192128
2495661868672
2770539775616
1417909962368
2517421590144
2792299497088
2787987752256
2513126885696
1688493164864
2788004792640
1396149913920
1413598545216
2513110172992
2787988079936
1400713643328
2500225271104
1396435387776
2495947015552
1671313294720
1400461658432
2499973286208
2774851193152
1396418611520
2495930239296
1671296518464
2770808146240
1396418677376
2495930305152
1671296584320
2770808212096
1413598546560
2792282785408
2500241721664
1675608000832
2775119628608
1417909963072
2517421590848
2792299497792
1675322788224
2774834416000
1417624750464
2517136378240
1692502657408
2792014285184
1396418349440
1671296256384
1400713316736
2500224944512
1675591223680
2775102851456
1417893185920
2517404813696
2513110174336
2787988081280
2775102851712
1417893186176
2517404813952
1692771093120
2792282720896
1692771158400
2792282786176
2517136443008
1692502722176
2792014349952
2775102851648
2517404813888
1692771093056
2792282720832
1396435126912
2495946754688
1671313033856
2770824661632
1417893250688
2517404878464
1396150241920
2495661869696
2770539776640
1396166691456
2495678319232
1671044598400
2770556226176
1400461658752
1396150241600
2495661869376
2770539776320
1692771092864
2792282720640
1675339565632
2513109846336
2787987753280
2500224944448
2775102851392
1417893185856
2500225009984
1675591289152
2775102916928
2787987752576
2774851520128
1417641854592
2517153482368
1692519761536
2792031389312
1417910290048
2517421917824
2792299824768
1413598218560
2774851520832
1417641855296
2517153483072
1692519762240
2792031390016
1417910290752
2517421918528
2792299825472
1396418611776
2495930239552
1671296518720
2770808146496
