1396218070336
1675459431040
2774971058816
1396503283328
2496014911104
1671381190272
2770892818048
1413683152512
2513194780288
1688561059456
2788072687232
1400798250624
2500309878400
1417761393216
2517273020992
1692639300160
2792150927936
1396219120000
2495730747776
1671097026944
2770608654720
1413398989184
2512910616960
1688276896128
2787788523904
1400514087296
2500025715072
1417961670272
2517473298048
1692839577216
2792351204992
1396486572416
2495998200192
1671364479360
2770876107136
1413666441600
2513178069376
1688544348544
2788055976320
1400781539712
2500293167488
1675677468288
2775189096064
2774902572352
1417692906816
2517204534592
1692570813760
2792082441536
1417709750848
1692587657792
2517221378624
2792099285568
2787804318272
1671112821312
2770624449088
1413414783552
2512926411328
1688292690496
1396219446848
2495731074624
1671097353792
1675726752128
2775238379904
1418028451456
2517540079232
1692906358400
2792417986176
1413667424896
2513179052672
1688545331840
2788056959616
1400598300032
2500109927808
1675476206976
2774987834752
1396570392960
2496082020736
1671448299904
2775239427456
1418029761920
2517541389696
1692907668864
2792419296640
1396554925440
2496066553216
1671432832384
2770944460160
1413734794624
1396235963008
2495747590784
1671113869952
2770625497728
1413415832192
2512927459968
1688293739136
2787805366912
1400530930304
2500042558080
1396571769472
2496083397248
1671449676416
2770961304192
1413751638656
2770676025984
2500109862464
1675476141632
2774987769408
1417778103872
2517289731648
1692656010816
2792167638592
1417978120576
2517489748352
1692856027520
2792367655296
1413466163584
2512977791360
1688344070528
2787855698304
2500108814720
1675475093888
2774986721664
1675676157312
2775187785088
1417978119552
2517489747328
1692856026496
2792367654272
1400798250368
2500309878144
2770892817792
1413683152256
1692857338176
1675459430720
2774971058496
1417761392960
2517273020736
1692639299904
2792150927680
1396504659584
2496016287360
1671382566528
2770894194304
1413684528768
2513196156544
1688562435712
2788074063488
1400799626880
2500311254656
2512977003904
2787854910848
1400848582976
2500360210752
1417979497088
2517491124864
1692857404032
2792369031808
1400849631872
2500361259648
1671097027136
2770608654912
1396303333696
2495814961472
1671181240640
2770692868416
1413483202880
2512994830656
1688361109824
2787872737600
1400598300992
2500109928768
1400848648832
2500360276608
1675726555776
2775238183552
1688292690240
2512926411072
2787804318016
1417694283072
2517205910848
1692572190016
2792083817792
1400514413888
2500026041664
1400529881408
1396286293632
2495797921408
1671164200576
2770675828352
1413466162816
2512977790592
1688344069760
2787855697536
1400581260928
1688344332864
2787855960640
1400581524032
2500093151808
2792418314816
2517221640768
1396303333952
2495814961728
1671181240896
2770692868672
1675407722816
1400514348352
1418046278272
2517557906048
1692924185216
2792435812992
1396486768960
2495998396736
1671364675904
2770876303680
1675660757376
2775172385152
1400530929024
2500042556800
1675408835968
2774920463744
1417710798208
2517222425984
1396571769216
2496083396992
1671449676160
2770961303936
1413751638400
2513263266176
2774919416448
1396303267136
2495814894912
1671181174080
1671432635968
2770944263744
1413734598208
2513246225984
1688612505152
2788124132928
2770692801856
1400849696320
2500361324096
2513178331712
2788056238656
1688544610880
1400781802048
2500293429824
1675659708992
2775171336768
1417961671232
2517473299008
1692839578176
1396302219904
2495813847680
1671180126848
2770691754624
1413482089088
2512993716864
1688359996032
2787871623808
1400597187200
2500108814976
1418045490816
2517557118592
1692923397760
2792435025536
1400849631616
2500361259392
1675727538560
2775239166336
1396218399360
2495730027136
1671096306304
2770607934080
1413398268544
2512909896320
1688276175488
2787787803264
1396570655296
2496082283072
1671448562240
1413750524480
2513262152256
1692637989440
2792149617216
1675407984256
2774919612032
1417709946496
2517221574272
1692587853440
2792099481216
1417961604416
1692571075904
2512927458624
1688293737792
2787805365568
1688545330560
2788056958336
1688544281984
2788055909760
1400781473152
2500293100928
1418028713344
2517540341120
1671432833600
1396554926656
2770877352320
1417694284096
2517205911872
1692572191040
2792083818816
1396503545408
2496015173184
1671381452352
2770893080128
2787855697280
1396286293376
2495797921152
1671164200320
2770675828096
1413466162560
2512977790336
1688344069504
2774970795392
1417761129856
1413398268480
2512909896256
1396554728768
2496066356544
1671432635712
2770944263488
1413734597952
2513246225728
1688612504896
2788124132672
1400781801792
2500293429568
1675659708736
2775171336512
1417961670976
2517473298752
1692839577920
2792351205696
1396486834496
2495998462272
1692638972224
1675743595136
2775255222912
1396218070656
2495729698432
1671095977600
2770607605376
1413397939840
2512909567616
1688275846784
1396553681536
2496065309312
1396285179456
2495796807232
1671163086400
2770674714176
1413465048640
2512976676416
1688342955584
2787854583360
1400580146752
2500091774528
1413465049664
2512976677440
1688342956608
2787854584384
1675458054784
2774969682560
1417761131136
2517272758912
1692639038080
2792150665856
1396570655040
2496082282816
1671448561984
2770960189760
1413750524224
2513262152000
1400781538944
2500293166720
1675659445888
2775171073664
1396235109760
2495746737536
1671113016704
2770624644480
1413414978944
2512926606720
1688292885888
2787804513664
1417709946240
1692587853184
2495998199424
1671364478592
1418028779904
2517540407680
1692906686848
2792418314624
1417979168384
2517490796160
1692857075328
2792368703104
1417760343680
2517271971456
1692638250624
2792149878400
2775187851840
1400866670976
2500378298752
1675744577920
2775256205696
1400798512448
2500310140224
1675676419392
2775188047168
1417978381632
2517490009408
1692856288576
2792367916352
1396503545152
2496015172928
1400598234752
2500109862528
1675476141696
2774987769472
1400865359488
2500376987264
2792166656576
1417710012800
2517221640576
1692587919744
2792099547520
1688344005248
2787855633024
1396553681280
2496065309056
1671431588224
2770943216000
1413733550464
2513245178240
1688611457408
2788123085184
1400848648576
2500360276352
2770674713920
1413465048384
2495796806976
2774969681216
1396285179200
2512976676160
1688342955328
2787854583104
1400580146496
1417760015680
1417692972608
2517204600384
1692570879552
2792082507328
2512993520192
1396302023232
2495813651008
1671179930176
1396286555712
2495798183488
1671164462656
2770676090432
1413466424896
2512978052672
1688344331840
2787855959616
1400581523008
1417776793984
2517288421760
1692654700928
1396285180224
2495796808000
1671163087168
2770674714944
1413465049408
2512976677184
1688342956352
2787854584128
1400580147520
2500091775296
2500092102976
2774970009920
1396218071424
2495729699200
1671095978368
2770607606144
1413397940608
2512909568384
1688275847552
2787787475328
1400513038720
2500024666496
1692839314816
2792350942592
2500293166464
1675659445632
2775171073408
1396486571392
1675677272704
2775188900480
1400529880640
2500041508416
1675391994432
2774903622208
1417693956672
1396219120192
2495730747968
1413482874240
2512994502016
1688360781184
2787872408960
1417778170496
2517289798272
1692656077440
2792167705216
2770691557696
1413734795840
2513246423616
1688612702784
2788124330560
2770959926656
1413750261120
1400865359232
2500376987008
1675743266176
2775254893952
1418045228416
2517556856192
1692923135360
2792434763136
1675676485248
2775188113024
1396218071680
2495729699456
1671095978624
2770607606400
1413397940864
2512909568640
1688275847808
2787787475584
1396571768448
2496083396224
1671449675392
2770961303168
1413751637632
2513263265408
1688629544576
2788141172352
1400866735744
2500378363520
2792419101248
1417962457472
2517474085248
1692840364416
2792351992192
1675726555520
1413666441856
2513178069632
1688544348800
2788055976576
1675459430784
2774971058560
1675743266432
2775254894208
1417776859456
1396302022976
1688344331584
2770676090176
2787855959360
2792150926656
1413466424640
2512978052416
1396504332928
2496015960704
1671382239872
2770893867648
1413684202112
2513195829888
1688562109056
2788073736832
1400799300224
2500310928000
1417710799424
2517222427200
1692588706368
2792100334144
2792166590016
1396235109952
2495746737728
1671113016896
2770624644672
2500108813888
1675475093056
2774986720832
1417777055296
2517288683072
2787872672384
1396553943616
2496065571392
1671431850560
2770943478336
1413733812800
2513245440576
1688611719744
2788123347520
1400848910912
2500360538688
1396234913088
2495746540864
1671112820032
1413398989120
2512910616896
1688276896064
2787788523840
1400514087232
2500025715008
2774903621952
1417693956416
2517205584192
2792083491136
2792417985920
1413667424640
2513179052416
1688545331584
2788056959360
1396571768192
2496083395968
1671449675136
2770961302912
1413751637376
2513263265152
1688629544320
2788141172096
1400866735488
2500378363264
2792419296576
1675659707968
1417961670208
2517473297984
1413666702912
2513178330688
1688544609856
2788056237632
1396486833728
1417776793152
2517288420928
1692654700096
2792166327872
1396302218880
2495813846656
1671180125824
2770691753600
1413482088064
2512993715840
1688359995008
2787871622784
1400597186176
2500108813952
1418029827712
2517541455488
1692907734656
2792419362432
1418045295232
2517556923008
1692923202176
2792434829952
1396504332672
2496015960448
1671382239616
2770893867392
1413684201856
2513195829632
1688562108800
2788073736576
1400799299968
2500310927744
2500377249344
1675743528512
2775255156288
1418045490752
2517557118528
1692923397696
2792435025472
2517558233664
1692924512832
2792436140608
1417979496832
2517491124608
1692857403776
2792369031552
1671365527168
2770877154944
2500091774272
1675458053440
2770624447808
2792418314560
1396553943360
2496065571136
1400580212352
2500091840128
1396218398080
2495730025856
1671096305024
2770607932800
1413398267264
1417693234560
2517204862336
1692571141504
2792082769280
1417962456640
2517474084416
1418046278016
2517557905792
1692924184960
2792435812736
1417709947520
2517221575296
1692587854464
2792099482240
1413750262400
2513261890176
1688628169344
2788139797120
1400596990528
2500108618304
1675474897472
2774986525248
1396553615936
2496065243712
1671431522880
2770943150656
1396218071616
2495729699392
1671095978560
2770607606336
1413397940800
1413733485120
1396486833472
2495998461248
1417961669952
1692839576896
2517473297728
2792351204672
1671364740416
1688544609600
1400781800768
2500293428544
1396302218624
2495813846400
1671180125568
2770691753344
2517472971328
1692839250496
2792350878272
1396303267392
2495814895168
1671181174336
2770692802112
1413483136576
2512994764352
1688361043520
2787872671296
1400598234688
1400531125824
2517557118272
1692923397440
1400865621312
2500377249088
1418045490496
1417760082240
2517271710016
1692637989184
2792149616960
2770674714240
1417710996096
2517222623872
1692588903040
2792100530816
1675744577152
2775256204928
2770676024896
1671382305344
2770893933120
1675475946112
2774987573888
1671382501952
2770894129728
1413684464192
2513196091968
1688562371136
2788073998912
1400799562304
2500311190080
1675677469248
2775189097024
2513263002944
2500108813632
1675475092800
2774986720576
1688611390784
2500024665408
1675390944576
1400781473088
2500293100864
1417961342272
2517472970048
1692839249216
2792350876992
1671114066240
2770625694016
1396553680256
2496065308032
1400597251712
2500108879488
1675475158656
2774986786432
1675459365504
2774970993280
1413414979200
1688292886144
2770675763776
1413466098240
2512977726016
1688344005184
2787855632960
1675459103296
2774970731072
1417761065536
2517272693312
1692638972480
1417761130880
2517272758656
1692639037824
1692839511680
2792351139456
1675726554688
2775238182464
2517490795904
2792368702848
2792368768640
1675676223808
2775187851584
2775172384064
1675407787584
2774919415360
2788124068416
1396487555648
2495999183424
1400782522944
2500294150720
1675660429888
2775172057664
1417979431232
2517491059008
1396504594752
2496016222528
1671382501696
1413684463936
2513196091712
1396571441792
2496083069568
1671449348736
2770960976512
1413751310976
2513262938752
1688629217920
2788140845696
1400866409088
2500378036864
1413466098048
2512977725824
1688344004992
2787855632768
1417692972352
2517204600128
1692570879296
2792082507072
1400849696384
2500361324160
1400596989248
1688359798080
2787871425856
2774970730816
2517272693056
1400581196096
1413466097984
2512977725760
1688344004928
2787855632704
1396504331904
2496015959680
1413684201088
2513195828864
1688562108032
2788073735808
1400799299200
2500310926976
1417979431552
2517491059328
1692857338496
2792368966272
1675677272448
2775188900224
1400848583296
2500360211072
1675726490240
2775238118016
1396219118912
2495730746688
1417778170240
2517289798016
1692656077184
2792167704960
2792166655360
1692639234432
2792150862208
1413734532416
2513246160192
1688612439360
2788124067136
1675391993152
2774903620928
1675390945920
2774902573696
1396486507136
1400581196160
2500092823936
2495998134912
2775239428672
1675743594048
2775255221824
1675676484992
2775188112768
2770894195264
2792419100992
2770625693312
1413416027776
1688293934720
2787805562496
1671432570496
2770944198272
2788123085376
1417979168128
1692857075072
1417777907264
2517289535040
1692655814208
2792167441984
1688361044352
2787872672128
1396285442368
2495797070144
1671163349312
2770674977088
1413465311552
2512976939328
1688343218496
2787854846272
2775238444352
1675726816576
2513261954368
1688628233536
2788139861312
1413734533440
2513246161216
1413397939584
2512909567360
1688275846528
2787787474304
1400513037696
2500024665472
1675390944640
2774902572416
1396218070400
2495729698176
1675392322176
2774903949952
1417694284416
2517205912192
1413398988160
2512910615936
1692572191360
2792083819136
1413734599296
2513246227072
1688612506240
2788124134016
2770876041536
1675659381056
1396486506816
2495998134592
1396487883328
2495999511104
1671365790272
2770877418048
1413667752512
2513179380288
1688545659456
2788057287232
2775172385344
1417962719808
2513262217792
1688628496960
1413683481152
1417710012992
1418045294976
1413483137664
1417776858752
2517288486528
1692654765696
1675677271616
2775188899392
1396571703872
2496083331648
1671449610816
2770961238592
1413751573056
2513263200832
1688629480000
2788141107776
1400866671168
2500378298944
1396234913408
2495746541184
1671112820352
2770624448128
1413414782592
2512926410368
1688292689536
1413414978880
2512926606656
2787804317312
1418028714368
2517540342144
1692588902016
2792100529792
1692638185088
1671097027200
2770608654976
1413398989440
2512910617216
1688276896384
2787788524160
1400514087552
2500025715328
1417962456384
2517474084160
1396504593984
2496016221760
1675392321920
2774903949696
1417694284160
2517205911936
1692572191104
2792083818880
2517221575040
1692587854208
2792099481984
2513246422400
1688612701568
1413750262144
1688628169088
2788139796864
1418029762944
1418045556096
2517557183872
2517541390720
1396504331840
2496015959616
1671382238784
2770893866560
1400782850368
2500294478144
1675660757312
2775172385088
1417962719552
2517474347328
1692840626496
2792352254272
1692839250240
1418045556032
2517557183808
1692923462976
2792435090752
1396302284096
2495813911872
1671180191040
2770691818816
1413482153280
2512993781056
1396303268224
2495814896000
1671181175168
2770692802944
2512994765184
1396554730112
2496066357888
2517204534848
2792082441792
1400581195328
2500092823104
1396218333760
2495729961536
1671096240704
2770607868480
1400513301056
2500024928832
2792150862144
1671365724480
2770877352256
1417961409152
2517473036928
1692839316096
2792350943872
2513263266432
1688629545600
2788141173376
1675744577856
2517558167872
1692924447040
2792436074816
1671163086208
2770674713984
1400531125632
2500042753408
1675409032576
2774920660352
1400782521728
2500294149504
1675660428672
2788124067200
2775172056448
1400581195136
2500092822912
1675459102080
1417962390912
1400849630592
1675458053504
2774969681280
2770691492160
1400598038912
2500109666688
1675475945856
2774987573632
2500311188800
1675677467968
2775189095744
1417979430208
2517491057984
1692857337152
2792368964928
1400799561024
1396503546496
2496015174272
1671381453440
2770893081216
1413683415680
2513195043456
1688561322624
2788072950400
1400798513792
2500310141568
1418029500992
2517541128768
1692907407936
2792419035712
1692856092032
1417962391936
2517474019712
1692840298880
2792351926656
2788073802304
1675475158400
2774986786176
1396554729856
2496066357632
1413734599040
2513246226816
1688612505984
1400849697152
2500361324928
1675459102016
2774970729792
2517272692032
1692638971200
2792150598976
1396235961984
2495747589760
1671113868928
1418028713536
2517540341312
2792100268608
1692906620480
2792418248256
1413667686976
1688545593920
2513179314752
1400848647488
2500360275264
1675726554432
2775238182208
1671365527872
2770877155648
1671364676160
1692856289600
2792367917376
2513245112896
1688611392064
2788123019840
1692906359360
1400848583232
2500360211008
1675726490176
2775238117952
1418028452416
1692587853376
2792099481152
1400530929216
2500042556992
1675408836160
1400529880384
2500041508160
1675407787328
2774919415104
2495998200128
1671364479296
2770876107072
1413666441536
2513178069312
1400866407808
2500378035584
1675744314752
2775255942528
1396503546240
2496015174016
1671381453184
2770893080960
1400798513536
2500310141312
1400866735424
2500378363200
1396236223808
2495747851584
1671114130752
1396235176576
2495746804352
1671113083520
2770624711296
2792150665600
1418029762176
2517541389952
1692907669120
2517556922752
1675726817856
2775238445632
1675475945792
2774987573568
1671163087232
2770674715008
1413465049472
2512976677248
1688342956416
2787854584192
1418046540352
2517558168128
1692924447296
2792436075072
1417979431296
2517491059072
1692857338240
2792368966016
1396286556800
2495798184576
1671164463744
2770676091520
1413466425984
2512978053760
1688344332928
2787855960704
1400581524096
2500093151872
1671112754496
2770624382272
1671448365632
2770959993408
2770892884352
1400580146816
1396235961664
2495747589440
1671113868608
2787804318336
1400529881728
2500041509504
1675407788672
1400581457472
2500093085248
1671364412736
2770876040512
1413666374976
2513178002752
1688544281920
2788055909696
1400849959552
2500361587328
1675727866496
2775239494272
1400782849600
2500294477376
1396303267456
2495814895232
1671181174400
2770692802176
1413483136640
2512994764416
2500042754368
1671180912192
2770692539968
1675475880576
2774987508352
1396234914176
2495746541952
1671112821120
1675458316864
2774969944640
2792367654528
1675660756288
1675475093120
2774986720896
1417776858496
1692654765440
2517288486272
2792166393216
2774902834752
1417693169216
1396571702592
2496083330368
1671449609536
2770961237312
1413751571776
2513263199552
1688629478720
2788141106496
2517271905664
1413466360384
2512977988160
1688344267328
2787855895104
1396236223872
2495747851648
1671114130816
2770625758592
1413416093056
2512927720832
1688294000000
1675676224128
2775187851904
1675458316608
2774969944384
1417760278848
2517271906624
1692638185792
2792149813568
1417777121920
2517288749696
1692655028864
2792166656640
1671096239424
1396285179520
2495796807296
1671163086464
1688629545344
2788141173120
1675677206912
2775188834688
1418028451392
2517540079168
1692906358336
2792417986112
2770892819072
2770691557760
1418029500736
1675475944768
2774987572544
1396285179264
2495796807040
1396219185536
2495730813312
1671097092480
2770608720256
1413399054720
2512910682496
1688276961664
1418028779136
2517540406912
1692906686080
1400799627648
2500311255424
1692906358080
2517540078912
2792417985856
2500360209728
1675726488896
2775238116672
1418028451136
1400866670208
2500378297984
1417978448256
2517490076032
1692856355200
1400529880704
2500041508480
1675407787648
2774919415424
2517205846656
1692572125824
2792083753600
2517474019904
1692840299072
2792351926848
1417776793216
2517288420992
1692654700160
2792166327936
1675458053696
2517271643712
1692637922880
2792149550656
1675726489152
2775238116928
1396286555520
2495798183296
1671164462464
2770676090240
1413466424704
2512978052480
1688344331648
2787855959424
1400581522816
2500093150592
1418046605952
2517558233728
1692924512896
2792436140672
1396570458432
2496082086208
1671448365376
2770959993152
1396286229056
2495797856832
2512926410112
1688292689280
1396234913152
2495746540928
1671112820096
2770624447872
1413414782336
1692587656576
2792099284352
1400529880448
1675391994240
2774903622016
1396285441600
2495797069376
1671163348544
2770674976320
1413465310784
2512976938560
1688343217728
2787854845504
1400580408896
2500092036672
1396487555392
2495999183168
2770877090112
1671365462336
1413667424576
2513179052352
1688545331520
2495998461568
1671364740736
2770876368512
1413666702976
2513178330752
1688544609920
2788056237696
1400781801088
2500293428864
1675659708032
1396235110720
2495746738496
1671113017664
2770624645440
1396303070848
2495814698624
1671180977792
2770692605568
1400581195392
1675458120320
2774969748096
1675659707712
2775171335488
1400849630784
2500361258560
2517474019648
2792351204736
1692839576960
1413683414592
2513195042368
1688561321536
2788072949312
1418046277248
2517557905024
1692924184192
2792435811968
2770943412800
1396285442624
2495797070400
1671163349568
1413465311808
2512976939584
1688343218752
2787854846528
1400798316928
2500309944704
1675676223872
1396302285120
1671382502016
1417777121664
2517288749440
1692655028608
2792166656384
1417692907136
2517204534912
1692570814080
2792082441856
1413666375296
2513178003072
1675659643264
2775171271040
2512926672192
1417692972416
2517204600192
1692570879360
2792082507136
1396302022272
2495813650048
1671179929216
2770691556992
1413481891456
2512993519232
1688359798400
2787871426176
1400596989568
2500108617344
1417709750592
2517221378368
1671432571456
2770944199232
1400849631808
2500361259584
1675727538752
1413666703680
2513178331456
1688544610624
2788056238400
1671114065472
2770625693248
1400865687168
2500377314944
1675743594112
2775255221888
1675727800960
2775239428736
1413733550720
2513245178496
1688611457664
2788123085440
2512910878016
2787788784960
2775187851648
2517205846592
2775172319808
1688612440384
2788124068160
1688611718784
2788123346560
2774903620992
1417693955456
2517205583232
1692571862400
2792083490176
1396219118976
2495730746752
1692588706432
1688612440448
2788124068224
2792100334208
2787788523136
1675677272640
2775188900416
1400798251648
2500309879424
1417710799232
2517222427008
1692588706176
2792100333952
1675459365440
2774970993216
1417761327680
2517272955456
1692639234624
2792150862400
1400581458496
2500093086272
1396286491200
1396218137152
2495729764928
1671096044096
2770607671872
1413398006336
2512909634112
1688275913280
2787787541056
1400596990336
1692839250304
2792350878080
2500108618112
1675458316672
2774969944448
1396571703936
2496083331712
1671449610880
2770961238656
1413751573120
2513263200896
1688629480064
2788141107840
1417709685312
2517221313088
1692587592256
1400580408704
2500092036480
1675458315648
2500360471936
1675392058688
2774903686464
1688360060224
2787871688000
1675475158336
1413415765568
2512927393344
1688293672512
2787805300288
1692923201152
1671364478272
2770876106048
2517222361408
1692588640576
2792100268352
1400799299904
2500310927680
1675677206848
2775188834624
1418046604864
2517558232640
1692924511808
2792436139584
2792435090816
1692907669888
1400866736768
2500378364544
1396554730048
2496066357824
2500041508224
1675407787392
2774919415168
1675458315840
2774969943616
2774970729856
1675660690816
2512977986944
1688344266112
2787855893888
1400849892736
2500361520512
1675727799680
1675744381568
2775256009344
1418046540416
1675659643200
1417961605440
2792351140160
2500293364032
1400598038144
2500109665920
2787787801920
1413415831168
2512927458944
1688293738112
2787805365888
2775171074624
1413416093312
2512927721088
1688294000256
2496066554432
1396303071616
2495814699392
1671180978560
2770692606336
1413482940800
2512994568576
1417978381888
2517490009664
1692856288832
2792367916608
1413414783360
2512926411136
1688292690304
2787804318080
1675660429632
2500294150464
2775172057408
1400782522688
2792100332928
2770625496448
1688359733824
2787871361600
2792149616000
2517271709056
2495998199168
1671364478336
2770876106112
1413666440576
2775171335808
1688292623936
2787804251712
2792351926592
1400848582272
2500360210048
2770877090432
2787871688320
1400798251392
2500309879168
1675676158336
2775187786112
2495729698112
2770607605056
1413397939520
1671095977280
2512909567296
1688275846464
2787787474240
1400513037632
1396503349632
2496014977408
1671381256576
1675744316032
2775255943808
1396554663296
2496066291072
1413734532480
2513246160256
1688612439424
1417709750912
2517221378688
1692587657856
2792099285632
1400580409728
2500092037504
1400513299840
2500024927616
2787804580480
1675743332992
2775254960768
1396285246016
2495796873792
1413465115200
2517473035904
1413481825856
2512993453632
1688359732800
2787871360576
1400513037952
2500024665728
1675390944896
2774902572672
1396487555712
2495999183488
1671365462656
1396285441664
2495797069440
1671163348608
2770674976384
1413465310848
2512976938624
1688343217792
2787854845568
1400580408960
1396487555456
2495999183232
1417710733888
2517222361664
1692588640832
1688360847744
2787872475520
1413465310592
2512976938368
1688343217536
2787854845312
1417760277888
1396302285440
2495813913216
1671180192384
2770691820160
1413482154624
2512993782400
1688360061568
2787871689344
1396235897152
1413414782272
2512926410048
1688292689216
2787804316992
1417694218880
1396487817792
2495999445568
2770959927936
1413482154368
2512993782144
1688360061312
2787871689088
2774969747008
2500024731264
1417777120896
2517288748672
1692655027840
2792166655616
1671365461632
2770877089408
2788073801024
1413482875456
1396504398464
2496016026240
1671382305408
2770893933184
1413684267648
2513195895424
1688562174592
2788073802368
1417979234688
2517490862464
1692857141632
2792368769408
1418029763136
2517541390912
1692907670080
2792419297856
1396302284416
2495813912192
1671180191360
2770691819136
1413482153600
2512993781376
1688360060544
1396504398208
2496016025984
1671382305152
2770893932928
1413684267392
2513195895168
1688562174336
2788073802112
1400799365504
2500310993280
1400849893952
2500361521728
1675727800896
1675408049472
2774919677248
1417692907904
2517204535680
1692570814848
2792082442624
1675744643712
2775256271488
1671365461312
1400866474624
2500378102400
2495814633024
1413684266368
2513195894144
1688562173312
2788073801088
2496066553408
1671432832576
1396219447936
2495731075712
1671097354880
1400596924032
2500108551808
2774986458752
2787804317056
2788056959296
1417709749632
2517221377408
2770944461376
1417760278080
2517271905856
1692638185024
2792149812800
1417962391872
1692840298816
