297780184384
595273779520
297847294272
572725201216
315027163456
589905070400
298939123328
573817030272
315045053760
298065397376
572943304320
590123173504
302360364672
577238271616
319540233856
594418140800
299139139200
574017046144
320396134784
595274041728
320397249088
595275156032
316102281792
590980188736
298922412608
314961365568
589839272512
573800319552
297781234048
572659140992
314961103232
589839010176
302076201344
576954108288
303434433856
578312340800
303150204480
578028111424
315228555648
590106462592
302343653760
577221560704
319523522944
594401429888
316302297472
591180204416
303418706560
578296613504
315312376128
590190283072
303148893504
578026800448
320328762688
595206669632
573731833152
316033795392
298853926208
590911702336
302091995712
576969902656
319271864896
594149771840
303165737536
578043644480
320345606720
595223513664
297781560896
572659467840
314961430080
302076528192
316117682560
590995589504
319340021376
594217928320
590190348928
298871752256
298132507008
573010413952
315312376192
319591875968
594469782912
302412006784
577289913728
303485748608
578363655552
320665617792
595543524736
298117039488
572994946432
303501280896
578379187840
303485487744
578363394688
572675984000
314977946240
589855853184
302093044352
576970951296
319272913536
594150820480
298871818880
573749725824
298133883520
573011790464
315313752704
590191659648
302428850816
316118992448
590996899392
303234090560
578111997504
320413959744
595291866688
319591876992
594469783936
320328829568
595206736512
319338908288
594216815232
316119059072
590996966016
303435482496
578313389440
316319008128
590123173248
573800319296
320397248832
595275155776
299123673728
574001580672
298066773632
572944680576
319541610112
594419517056
316303346048
591181252992
303434369408
578312276352
297865447744
572743354688
572674935104
314976897344
298870769984
314961429824
573733209408
573748676928
319256397120
315028276864
589906183808
302143374976
577021281920
298922149504
302143638080
577021545024
319323507264
594201414208
297798338880
572676245824
303417329216
578295236160
302093043072
298938926464
573816833408
302361478528
577239385472
319541347712
298133883264
573011790208
315313752448
590191659392
302428850560
577306757504
297848341888
572726248832
595542215232
298939123008
573817029952
591197243712
302343916096
577221823040
316302559808
299122690624
574000597568
591180466752
297864333952
572742240896
591265335680
298938075776
320664636032
595542542976
572658420352
590190545472
320682199424
595560106368
590928742016
303165933184
578043840128
320413763200
595291670144
320345868928
595223775872
319590565504
594468472448
303232779584
578110686528
590929593664
297864332608
572742239552
590107445888
298115728768
572993635712
315295597952
590173504896
576969901440
577238336896
302143374720
577021281664
316320385408
591198292352
320412650112
595290557056
302075479616
576953386560
319322392128
594200299072
302412006976
577289913920
302427539008
577305445952
299190519360
574068426304
298048948544
572926855488
315228817728
590106724672
299122690368
574000597312
319255021184
297847293504
572725200448
315027162688
589905069632
302142260800
577020167744
316387166592
591265073536
316118730368
590996637312
315312638272
590190545216
572659141184
298870770048
573748676992
589854999936
302092191104
576970098048
303165932928
578043839872
298872080704
573749987648
320614237504
595492144448
298065659200
572943566144
302360626496
577238533440
299206248064
574084155008
299189537152
574067444096
302143309440
577021216384
297847293248
572725200192
302143637056
577021544000
316319073920
591196980864
572994947648
303417394560
578295301504
320613976448
595491883392
298870769216
297781234240
316102019456
590979926400
303233042816
578110949760
589905070656
320615352960
595493259904
320397247808
595275154752
314961365312
589839272256
302360626752
577238533696
314977093184
589855000128
302092191296
576970098240
578028111168
303165737600
578043644544
303484766784
578362673728
320664635968
595542542912
297797027136
572659140928
314961103168
589839010112
298854975808
316320320128
315313751424
299207624064
574085531008
297864332928
572742239872
315246315904
590124222848
320681346624
595559253568
303501544064
578379451008
303417394816
578295301760
297864332672
302159299968
577037206912
302160348736
577038255680
577305642304
303234090624
578111997568
319256332864
315296647744
590174554688
316117747328
590995654272
316320320064
591198227008
320414026368
595291933312
319591615040
303501215360
302093306176
298854974784
573732881728
320328764032
595206670976
297798076736
316320319872
591198226816
298870769280
573748676224
303233107584
578111014528
320396986752
595274893696
315229866304
594469783872
316034058624
590911965568
302360627584
577238534528
316118993280
590996900224
594469849664
297781299584
572659206528
303233042048
578110948992
298870769024
573748675968
320682461824
595560368768
595560367680
303501543040
590106461568
302142522944
577020429888
572658091328
316320122176
591198029120
316320123264
591198030208
