1466011288896
357930393
357930394
357934745
357934742
357934746
357930645
357930646
357930649
362191509
362191513
357997158
362178150
362178154
362453413
362453414
362453417
362453418
362457513
362457514
362453669
362453670
362437013
362437017
362441113
362174053
447130218
362437290
362441386
380213925
380213926
380218021
380218022
362194602
357997146
358001242
362190249
362190250
362194345
362194346
446339493
446339494
362194581
362194585
362194582
379230885
379230886
379234981
379234982
358000293
358000294
358000297
358000298
380218025
380218026
362436265
362440361
362436266
362440362
362190246
380213910
380213914
380218010
379234917
379234918
379234921
379234922
362190501
362194597
362190502
363485849
363485850
362437269
362437270
362437273
362437274
362441365
362441366
362441369
363485845
362457766
362453674
362457770
362195541
362195542
362195545
362195546
446339749
446343845
446339750
446343846
446339754
446343850
447388325
447388329
379230821
379165333
379165334
379169429
379169430
379165338
379169434
379165349
379165350
378967718
378971814
378967722
378971818
379164326
379164330
379168422
379168426
447126182
447130278
447126186
447130282
379169445
379169446
379165097
379169193
379165098
379169194
379165093
379165094
357930410
379169189
379169190
379230629
379233961
379233962
362437018
380201642
379230805
379234901
379230806
379234902
358259365
358259369
358259366
358259370
362191526
362191530
362436262
362440358
378968661
378968662
378968666
379169450
379230809
379234905
379230633
379230630
379230634
357931685
358259109
358259113
358263209
378968742
378968746
378972837
378972838
378972842
379230889
362179158
362175066
362179162
362191445
362191446
362125990
362130086
362125994
362130090
362437034
362441130
379169130
379165354
357996202
362457749
362453654
362175082
362179178
362457765
362453673
362191514
362195610
362174042
362178138
358000234
379234906
362194598
362190505
362194601
362190506
379165034
362457750
362437014
362441114
357997157
357997161
379230890
379234986
362190245
379234985
362130085
362437285
362441381
362437286
362441382
362437289
379165078
379165082
357930666
362191449
362191450
362191510
362194586
362456745
362456746
362190485
362190489
362190486
362190490
380213929
380213930
362436261
363502246
363502250
362178149
362174057
362178153
362174054
362195609
362124954
362129045
362129046
362129050
362125973
362125974
362195605
357930405
357934501
357930409
357934505
357930406
357934502
357934506
362191461
362191462
362194538
447126181
357996134
357934490
362191465
362195557
362195561
358001257
358001254
357997162
358001258
357931669
357935765
357931670
357935766
362175077
362179173
358262442
362436246
362436250
362174058
378967653
378967654
379164310
379164314
379168410
362437029
362437033
357934489
357918053
357918054
357913958
357913962
357995942
357995946
447126118
447126122
362129066
379230822
362125989
379230826
379164325
378971813
379169178
362195558
362195562
362194537
362175062
358258345
358258346
379168421
362175141
362175142
380213861
380213909
380213913
380218009
379230825
357997142
362124966
362129062
362124970
357931673
357935769
362124709
362128805
362124710
362128806
362124714
362128810
362190437
362190441
447130277
362190442
362190438
357931689
357935781
357935785
357931686
357931690
357935782
357935786
362124965
362179157
362191466
362195622
362195626
380197541
380197542
380201637
380201638
380197546
357914022
357918118
362124950
357934741
378968741
362175061
362441126
357996133
357996137
357996138
357930650
380213865
380213862
380213866
379164309
362453658
362457754
358000233
446339498
446343590
446343594
362128790
362128794
362124949
362178214
447126117
362457769
363485861
363485865
363489957
363489961
362175081
379230810
362124693
362124694
362124698
362128789
357930342
357930346
362195621
362195606
362179177
357996197
357996201
357996198
358263210
358001253
447388326
447388330
447392426
362437030
362441125
362441129
379165077
362453657
358001317
358001318
358259110
362174117
362174118
362174122
362178213
362178218
362452645
362452649
378967461
378967462
378967466
357934762
362452650
358001321
358001322
358259114
357930390
362129061
362195625
362191525
362191529
380279461
380279465
380279462
380279466
362436249
362440345
362440346
379234729
379229861
379229865
379229862
379229866
357913957
357918058
362179174
379165030
378972762
362441370
380217961
380217962
380283562
358263465
358263466
359307941
359307945
359312041
378971750
357997145
358001241
362173861
362173862
362173866
362177957
362177958
362177962
378971749
378967658
378971754
362453653
362457753
363485862
363489958
362441385
379165081
378972778
357930389
379234730
357930662
357934757
357934761
357934758
362452646
357930661
357930665
357997225
357997226
363485866
363489962
379169177
362175078
362179237
362179238
362175146
357918117
357918122
357914021
446338725
446338726
446338730
378968677
378972773
378972774
357930341
357930345
378968682
378968678
358263462
357914282
357918378
362125978
357931674
362174038
362130069
362130070
380283561
362124650
378972758
447392425
357914277
357918373
357914278
357918374
362436245
362174037
357997221
357997222
362130074
362440357
357935770
363485846
358262441
358258341
358258342
378972757
446343589
357914026
357997141
357995945
358000041
358000042
378971562
362179242
357934441
357934442
378967717
363502245
363502249
363489946
379165029
359307942
359307946
358263461
357995941
363489945
359312042
363506345
357913942
357913946
357915301
362124645
362124646
363506346
446342826
357919397
357915302
357919398
715823782
715823786
715827882
357915306
357919402
362128746
357918042
715823781
