17248093456
17248093712
34427962896
17315202576
34495071760
17248159248
34428028432
17315268112
34495137296
17249207824
17248094736
17315268896
34495138080
17249208608
34429077792
17316317472
17248093728
34427962912
17315202592
34495071776
17249142304
34429011488
17316251168
34496120352
17248159264
34428028448
17249142288
34496120336
17316316688
34496185872
34427963920
17315203600
17249143312
34429012496
17316252176
34496121360
17248160272
34428029456
17315269136
34496186656
17315268128
34495137312
34496185888
17248094752
34427963936
17315203616
34429012512
17316252192
34496121376
17248160288
34428029472
34428029200
17315268880
34496186640
17248093472
34427962656
17315202336
34495071520
17248159008
17316317728
34496186912
17315202320
17315267856
17248094480
34427963664
17315203344
34495072528
17316317712
17315267872
34495137056
34427963680
34495072544
