17516527888
34696462880
17785029152
34964898336
17583702560
17517576720
34697445904
34965881360
17584685584
34764554768
17853121040
17516528160
34696397344
17784963616
34964832800
17583637024
34763506208
34696397328
34964832784
17517642272
34697511456
17786077728
34965946912
17584751136
34764620320
35033055776
35032990224
17517642256
34697511440
34965946896
17516528144
17516593680
34696462864
34964898320
17583702544
17853186336
35033055520
35031941664
17584685600
34764554784
35032990240
17852138016
35032007200
17583702304
34763571488
35032006944
17517642016
34697511200
17786077472
34965946656
17584750880
34964832528
17583636752
17852072208
35031941392
17517576464
34697445648
34965881104
17584685328
34764554512
17853120784
35032989968
34696462608
34964898064
34696397072
34763505936
17583636768
34763505952
17516593424
17583702288
34763571472
17852137744
35032006928
17517642000
34697511184
34965946640
35031941408
17584685344
34764554528
35032989984
