1094976518
1099170822
1094981634
1099170882
1115948050
1099237378
1115965442
1094976522
1099170826
1099434113
1116211233
1115949089
1208494098
1094977542
1099171846
1095239686
1099433990
1115949062
1116211206
1099171906
1115949074
1099175938
1115948038
1115953154
1151338502
1208510496
1094985730
1099180034
1115948042
1099170946
1115948066
1099302914
1115981826
2189953033
1099434050
1116211218
1208494113
2189953030
1094977546
1099171850
1095239690
1099433994
1115949066
1116211210
1099171970
1115949090
1099170945
1115948065
1099302913
1115981825
1147144202
1208526864
1115965441
1115948049
1094977541
1099171845
1095239685
1099433989
1115949061
1116211205
1099171905
1115949073
1099434114
1116211234
1208494114
2189953034
1115957250
1147144198
1208510480
1094976517
1099170821
1099175937
1094981633
1115948037
1115953153
1094976521
1099170825
1094985729
1099180033
1115948041
1115957249
1151338506
1208526880
1099434049
1116211217
1208494097
2189953029
1099170881
1099237377
1094977545
1099171849
1095239689
1099433993
1115949065
1116211209
1099171969
