292126000400
292126000656
584183776784
292193109520
567071016464
309372978704
584250885648
292127049232
567004956176
584184825360
292126066976
567003973920
309305936160
584183843104
292193175840
292126000672
567003907616
309305869856
584183776800
292193109536
567071016480
309372978720
584250885664
567004956192
292193109264
309372979472
584250886416
292127050000
567004956944
309306919184
584184826128
292194158864
567072065808
309306984992
584184891936
292194224672
567072131616
309374093856
584252000800
567005022480
567072065040
309306984720
584184891664
292194224400
567072131344
309305869840
309374093584
567005022736
309306984976
584184891920
292194224656
567072131600
309374093840
584252000784
567071082784
309373045024
584250951968
292193175072
567071082016
309373044256
584250951200
292127114784
292126001680
567003908624
309305870864
584183777808
292193110544
567071017488
309372979728
584250886672
567004957200
567005022496
584184891680
567072131360
584252000544
584252000528
584251934224
584184825376
567072065056
584251934240
292126066208
309305935392
584183842336
292126001696
567003908640
309305870880
584183777824
292193110560
567071017504
309372979744
584250886688
567004957216
292126066960
567003973904
309305936144
584251934992
292193175824
309373045008
292126065936
567003972880
567072064784
292126000416
567003907360
309305869600
584183776544
292193109280
567071016224
309372978464
584250885408
567004955936
584184825120
567072064800
584251933984
584183842080
309374092576
584251999520
292126065952
567003972896
309305935136
309374027024
584251933968
309305935120
584183842064
567003907344
309305869584
567071016208
584183776528
309372978448
292126001424
309305870608
292193110288
567004955920
584184825104
584184890640
292193174816
567071081760
309373044000
567005021472
584184890656
567072130336
292193110304
567071017248
309372979488
584250886432
292127050016
567004956960
292194223376
567072130320
309374092560
584251999504
292193174800
309373043984
567005021456
309306919200
584184826144
567072065824
584251935008
292126001440
309305870624
292126066192
567003973136
309305935376
584183842320
292193175056
567071082000
309373044240
584250951184
567072066064
584184826400
567072066080
584251935264
292126067232
567003974176
309305936416
292193176096
309373045280
567005022752
567005021712
584184890896
567072130576
584251999760
584251935248
584184826384
292126067216
567003974160
309305936400
292193176080
309373045264
567005021728
584184890912
567072130592
584251999776
