1374457758992
1374457759248
2748847293968
1374524868112
2474036495888
1649402775056
2748914402832
1374458807824
1649336714768
2748848342544
1374457825568
2473969453344
1649335732512
2748847360288
1374524934432
2473969387040
2748847293984
1374524868128
2474036495904
1649402775072
2748914402848
1374524867856
1649402775824
2748914403600
1374458808592
2473970436368
1649336715536
2748848343312
1649403824400
1649336781344
2748848409120
1374525983264
2474037611040
1649403890208
2748915517984
2473970501904
1649336781072
2748848408848
1374525982992
2473969387024
1649403889936
1649403823632
2473970502160
1649336781328
2748848409104
1374525983248
2474037611024
1649403890192
2474036562208
1649402841376
2748914469152
1374524933664
2474036561440
1649402840608
1374458873376
2474037545488
1649403824656
2748915452432
2748848343568
1374457825808
2473969453584
1649335732752
1374524934672
2474036562448
1649336780320
1649403889184
1649336715808
2474037545504
1649403824672
2748915452448
1374457825824
1649335732768
2474036562464
2748915517712
1374457825552
2473969453328
1649335732496
2748915452176
1374524934416
1374457824528
2474037544208
1649336781088
1649403889952
2748915517728
2473969386784
1649335665952
1374524867872
2474036495648
1649402774816
2748914402592
1649403823392
2748915451168
1374457824544
1649335731488
1649403823376
2748915451152
1649335731472
2473969386768
1649335665936
2474036495632
2473969387792
2474036496656
1649336714512
1374524933408
1649402840352
1649336780064
1649403888928
2474036496672
2748914403616
1649336780048
2748915452192
2473969388048
2748847294992
2474036496912
1374457824784
1649335731728
1649403823648
1374457824800
2474036496928
1649336780304
