1141904722
1141904738
1141904984
1141905000
1141904978
1141904994
2283182112
2283186208
2237671944
2241866248
2283809362
2283809378
2241866244
2283809361
2283809377
1146497025
1146497026
1146759169
1146759170
1209374736
1209378832
1209440272
1209444368
1210075492
1210075496
1141910177
1142253600
1142331400
1142270080
1142958436
1142958500
1142958692
1142958756
1142336000
1209378944
1209641088
1150621698
1151338822
1150699522
1151338898
1150687234
1151338886
1150949378
1142954344
1142954408
1142954600
1142954664
1141906002
1141906018
1142253572
1142269956
1142331408
1142335504
1141987586
1142003970
1142954322
1142954338
1141991682
1142008066
1142954578
1142954594
1163405316
1167599620
2283104768
2283120768
2237671940
1142954337
1142954401
1142008065
1142073601
1142954593
1142954657
1167595524
1184372740
1209379072
1142003969
1209362464
1209374848
1210091860
1210091864
1210091924
1210091928
1141908818
1141908834
1141909080
1141909096
1141909074
1141909090
1141910098
1141910114
1142253576
1142269960
1210075721
1209313345
1209575489
1210075529
1210075785
1142253584
1142331396
1142270016
1142335744
1146492930
1210075480
1210075736
1210075544
1210075800
1146427394
1150625793
1150625794
1150715905
1150715906
1150691329
1150691330
1150953473
1150953474
1210075465
1141987585
1142954321
1141991681
1142954577
1163401220
1209444384
1209706528
1210092200
1209374752
1209378848
1209440288
1210091876
1210091880
1210091940
1209292866
1209296962
1210075462
1210075466
1209309250
1141987842
1142004226
1142958418
1142958434
1141991938
1142008322
1142958674
1142958690
1163926024
1168120328
1141906017
1142249476
1142253824
1142008321
1142073857
1142958689
1142958753
1168120324
1184897540
1209379328
1209444864
1168124420
1184901636
1209313346
1210075526
1210075530
2237147140
2241341444
2283182096
2283186192
2237147144
2241341448
2283805266
1209297025
1209559169
1210091849
1210092105
1209313409
1210091944
1151338826
1151338914
1151338890
1151339146
1210075556
1210075560
1209624584
1209640968
1163930120
1168124424
1210067538
1210067554
1142069762
1142958498
1210067618
1209292930
1209297026
1210091846
1210091850
1209309314
1209313410
1210091910
1210091914
2237667848
2241862152
1141909160
1142335496
1142335520
1142597640
2283805265
2283805281
1210075476
1146427393
1210075540
1142954596
1142954324
1142954340
1142954580
1141904721
1141904737
1141904977
1141904980
1141904993
1141906001
1146505217
1146505218
1146492929
1146755073
1146755074
1209358352
1209362448
1209374784
1209378880
2283805346
1210067553
1210067617
1142335492
1142597636
1141904802
1141905064
1141905058
2283448328
2258643464
2283809442
1146431490
1147144522
1146521602
1147144610
1147144586
1147144842
1209640976
1209624608
1141910097
1141910113
1142249480
1150621697
1150699521
1150687233
1150949377
1209358368
1141904996
1142954404
1141905060
1142954660
1141905057
1141906081
2283809441
1209444608
1167595528
1184372744
1210063457
2237143044
2241337348
2283104512
2283120704
1209296961
1209559105
1209362688
1163401224
1210063441
1151339142
1209575553
1210091913
1210092169
2241862148
2258639364
2283186688
2258643460
1141909154
1141910178
1142958440
1142958504
1142958696
1142958760
1141908898
1210063458
1210063522
1210075525
1209292865
1210075461
1209309249
2237143048
2241337352
1141906082
1210092120
1210092184
1142954328
1142954584
1210075752
1146431489
1146521601
1209640992
1210092136
1142073602
1142954658
1184376836
1209640964
1209706500
1167599624
1184376840
1209624580
1163405320
1210063442
1142069506
1142954402
1142254080
1142958420
1142958676
1141908817
1141908833
1141909076
1209559106
1210075722
1141987841
1142004225
1142958417
1142958433
1141991937
1142958673
1163926020
1142069505
1210063521
1141909092
1141909073
1141909089
1141908897
1141909156
1141909153
1209292929
1210091845
1209309313
1210091909
2237667844
1209575490
1210075786
2258118660
2283448324
2258118664
2283805282
1209706512
1210075816
1209362944
1163930116
1210067537
1142069761
1142958497
1142073858
1142958754
1184897544
1209706504
1184901640
1142331424
1142958424
1142958680
1209559170
1210092106
1209575554
1210092170
2258639368
2258114564
2283186432
2258114568
2283805345
1141904801
1147144518
1147144594
1209641024
1147144582
1147144838
1209624592
