1117028156688
1117028157712
2216539785488
1134208026896
2233719654672
1117296593168
1134275201568
2233786829344
1117363767840
1134543637024
2234055264800
1134543636000
1117296658704
2216808286480
1134476527888
2233988155664
1117095332112
2216606959888
1134275201296
2233786829072
1117363767568
2216875395344
2233989137936
1117096314384
2216607942160
1134276183568
1117364749840
2216876377616
1134544619024
2234056246800
2233787811344
1134276249104
2233787876880
1117029271056
2216540898832
1134209140240
2233720768016
2216809334288
1134477575696
1117364750608
2216876378384
1134544619792
2234056247568
1134476462352
2233988090128
1117095266576
2216606894352
1134275135760
2233786763536
1117028157728
1134208026912
2233719654688
1117296593184
1134476462368
2233988090144
1117095266592
2216606894368
1134275200544
1134209074464
1117297640736
2216809268512
1134477509920
1117096314144
2216607941920
1134276183328
1117029205280
2216606959120
1134275200528
2233786828304
1117363766800
2216875394576
1134543635984
2234055263760
1117028157968
2216539785744
1134208027152
2233719654928
1117296593424
1134476462608
2233988090384
1117095266832
2216606894608
1117297706272
2216809334048
1134477575456
2233989203232
1117096379680
2233787811088
2216876377360
1117297706256
1117364815120
2216876442896
2234056312080
2216539850000
1134208091408
1117028223504
2216539851280
1134208092688
2233719720464
1117296658960
1134476528144
2233988155920
2233720767776
1117028156704
1134208025888
2233719653664
1117296592160
1134476461344
2233988089120
1134276250128
2233787877904
1117363702288
2234056313360
1117095332368
2216606960144
1134275201552
2233786829328
1117363767824
2216875395600
1117028223264
1134208092448
1117296658720
1117028157984
1134208027168
2233719654944
1117296593440
2216808221216
1134476462624
2233988090400
1117095266848
2216606894624
2216809268768
2233989137952
1117096314400
2216607942176
1134276183584
2233787811360
2216876377632
1134476527904
2233988155680
1117095332128
2216606959904
1134275201312
2233786829088
1117363767584
1134543636768
1117029271072
2216540898848
1134209140256
2233720768032
1134543637008
2234055264784
2216540899856
2233720769040
1134477576720
2233989204496
1134543636752
1134275136032
2233786763808
1117363702304
1134543571488
2234055199264
2216540834336
2233720703520
1134544620064
2234056247840
1117095332384
2216606960160
2233720703504
1117297642000
2233787812368
1117096315408
1134543635744
1117028222224
1134543635728
1134208025872
1134476461328
2216808285456
1134476526864
1117095331088
1134275200272
1117363766544
2234056313120
1134544619040
2216607942928
2233787812112
1117029206288
2216540834064
1134209075472
2233720703248
1117297641744
1134477510928
1134276250144
2233787877920
1117364816416
1134544685600
2234056313376
1117029271824
2216540899600
1134209141008
2233720768784
1117297707280
1134477576464
2233989204240
1117096380688
2216608008464
2216608007696
1134476461584
1117095265808
1117028222480
1134208091664
1134476527120
1117095331344
2234056246544
1117297640720
1134477509904
2216607941904
2233787811104
2216876377376
1134544618784
1117095331104
1134275200288
1117029270816
1117095265568
1134275134752
2233786762528
2216875328800
1134543570208
2234055197984
1134477575712
2233989203488
1117096379936
2216608007712
1134276249120
1134544684576
2233989138960
1117364750864
2234056247824
1117029206544
2216540834320
1134209075728
1134544619808
2234056247584
2233989138704
1117096315152
2216876443152
2234056312336
2216876443920
2216539851024
2216608008720
2216876444176
2216607942944
2233787812128
2233786763552
2234055199008
1134275134992
1117363701264
1134543570448
1117028156944
1134208026128
1117029271840
1117297707296
2216808220192
2233988089376
1117095265824
1117029205520
1134209074704
1134477510160
1117095331360
2216809335072
2233989204256
1117096380704
2216608008480
1134276249888
2233787877664
1117364816160
1134544685344
1134275135008
1134543570464
2216607943200
2233787812384
2216608008736
2234055264544
1134276248864
1134544684320
1117029205264
1117029270800
1134477575440
