1142954090
1141199878
1141203974
1141203986
1141220358
1141204226
1141281810
2236098600
2240292874
2236099080
2257066024
2240293000
2257070120
2257066020
2240292996
2257070116
1146267649
1146251266
1146267650
1209309201
1209309202
1209313297
1209313298
1210075429
1210075430
1210075433
1141548041
1142003721
1142003722
1142069257
1142958181
1142958182
1142958245
1142958246
1142069258
1209559073
1209559074
1150375938
1150392322
1151338582
1151338598
1150441474
1150457858
1151338646
1142954089
1142954153
1142954154
1141220418
1141285906
1141991429
1141991430
1142007813
1142007814
1141200902
1141204998
1141205010
1141221382
1141205250
1141282834
1141221442
1141286930
1162352649
1162356745
2236098596
2240292870
2236099076
1141282821
1141286917
1141221441
1141286929
1141287169
1141549061
1166546949
1166551045
1183324165
1141205009
1209292834
1209296929
1209296930
1210091797
1210091798
1210091801
1210091802
1141199882
1141203978
1141204002
1141220362
1141204482
1141281826
1141220482
1141285922
1141991433
1141991434
1208592401
1166551108
1183328276
1208592449
1208657937
1141286145
1141548037
1142003717
1142003718
1142069253
1142069254
1146247170
1141220357
1210075674
1146198017
1150380033
1150396417
1150380034
1150396418
1150445569
1150461953
1150445570
1150461954
1208576017
1141200901
1141204997
1141221381
1141205249
1141282833
1162352645
1209575457
1209575458
1210092074
1209309217
1209309218
1209313313
1209313314
1210091813
1210091814
1210091817
1162352664
1166546968
1162356760
1166551064
1166547016
1141200906
1141205002
1141205026
1141221386
1141205506
1141282850
1141221506
1141286946
1162352650
1162356746
1141285905
1141987333
1141221505
1141286945
1141287425
1141549065
1166546950
1166551046
1183324166
1183328262
1166551556
1208592393
1183324184
1166551112
1183328280
2236094473
2236098569
2236098584
2240292873
2236098824
2257066008
2240292936
1162356772
1166551076
1208576033
1208592417
1166551172
1210091818
1151338586
1151338602
1151338650
1151338666
1210075434
1166546954
1166551050
1162357256
1208576010
1166551560
1208592394
1141282826
1141286922
1183328776
1208657930
1162352680
1166546984
1162356776
1166551080
1166547080
1183324200
1166551176
1183328296
2236094474
2236098570
1141285898
1142007818
1142073353
1142073354
1142007817
2240292932
2257070100
1210075413
1146181633
1210075414
1210075417
1210075418
1142954086
1142954069
1142954070
1142954085
1141199877
1141203973
1141204225
1141203985
1141281809
1141220417
1146181634
1146198018
1146247169
1146263553
1146263554
1209292817
1209292818
1209296913
1209296914
2282399750
1183328772
1208657929
1142073349
1142073350
1141281798
1141285894
1141286146
2257065994
2257070090
2257070600
2282399754
1146185730
1146202114
1147144282
1147144298
1147144346
1147144362
1141220481
1141285921
1141987337
1150375937
1150392321
1150441473
1150457857
1209292833
1141987334
1142954149
1141285893
1142954150
2282399753
1183328261
1166551300
1208592389
1183328516
2236094469
2236098565
2236098580
2240292869
1162356756
1166551060
1162356741
1162356996
1208576005
1151338662
1183328292
1208592513
1208657953
2257065990
2257070086
2257070596
1141286402
1141548042
1142958185
1142958186
1142958249
1142958250
1141281802
1183328520
1208657926
1183324180
1162352660
1166546964
1166547012
2236098820
2257066004
1141548038
1210092057
1210092058
1142954073
1142954074
1146185729
1146202113
1146251265
1210092073
1141287170
1141549062
1166546953
1166551049
1183324169
1183328265
1166551304
1208592390
1162357000
1208576006
1141282822
1141286918
1141987338
1142958165
1142958166
1141199881
1141203977
1141204001
1208576018
1208592402
1141200905
1141205001
1141205025
1141221385
1141205505
1141282849
1162352646
1162356742
1208657925
1141220361
1141204481
1141281825
1141281801
1141285897
1141286401
1162352676
1166546980
1166547076
1183324196
2236094470
2236098566
1208592450
1208657938
2257065993
2257070089
2257070104
2257070344
1209575441
1209575442
1210075689
1210075690
1162357252
1208576009
1141282825
1141286921
1141287426
1141549066
1183324170
1183328266
1142958169
1142958170
1208576034
1208592418
1208592514
1208657954
2257065989
2257070085
2257070340
2282399749
1141281797
1209559057
1209559058
1147144278
1147144294
1147144342
1147144358
1210075673
