1094976793
1094976794
1094976809
1094976810
1099171205
1099171206
1116211497
1116211498
2189953305
2189953306
2189953321
2189953322
1095239962
1095239977
1095239978
1099434373
1099434374
1099434377
1099434378
1099172166
1099172422
1099172230
1099172486
1115949394
1115949650
1115949410
1115949666
1115948626
1115948386
1116211554
1116211810
1099433286
1099433542
1099433350
1099433606
1116210514
1116210770
1116210530
1099171209
1099171210
1094977817
1094977818
1094977833
1094977834
1099172229
1099172233
1099172234
1099171097
1099171098
1099171113
1099171114
1115948325
1115948326
1115948329
1115948330
1099172121
1099172122
1116211493
1116211494
2189953301
1099172118
1099172374
1099172378
1115949334
1115949338
1115949594
1099171094
1099171350
1099434310
1116211537
1116211538
1116211553
1099171145
1099171146
1115948385
1115948449
1115948450
1099172169
1099172170
1099433238
1099433494
1099433242
1099433498
1116210454
1099171142
1099172426
1099171398
1099171402
1094977814
1094978070
1094978074
1095238934
1099433289
1099433290
1099433353
1099433354
1116210529
1116210593
1116210594
1115948309
1115948310
1115948313
1115948314
1099172117
1115948566
1115948570
1115949473
1115949474
1099434634
1115948706
1099434313
1099434314
1099433241
1099433257
1099433258
1116210469
1163925514
1168119818
1163929610
1168123914
1115949337
1094977813
1168119814
1184897030
1184897034
1115949590
1115949350
1115949606
1208494181
1208494245
1116210470
1116210473
1116210474
1099434265
1099434266
1099434281
1099434282
1116210710
1116210726
2189952278
1116211617
1116211618
1099172490
1115949353
1115949354
1208494166
1208494182
1208494170
1208494186
1115948586
1208494250
1116210457
1116210458
2189952281
2189952282
2189952297
2189952298
1116211481
1116211482
1115949730
1116211754
1099434309
1095238933
1099172165
1094976789
1094976790
1099171141
1095238937
1095238938
1099433285
1095239957
1095239958
1095239961
1208494246
1115948642
1094977050
1094977066
1099171462
1099171466
2189953562
2189953578
1095239194
1095238954
1095239210
1099433610
1095240218
1116211874
1115949393
1099433349
1116210513
1095240214
1099434566
1099434570
1116211477
1099434261
1099171093
1115949333
2189952534
2189952538
1116211478
1116211734
1116211750
2189953302
2189953558
1116210786
1115949610
1099434262
1116210453
1099433237
1094978090
1099434630
1095238953
1099433546
1116210850
1115948582
1099172138
1099172394
1099172137
1115949349
1099171354
1099171370
1115949409
1115948369
1115948370
1099433514
1163925510
1116211794
2189952277
1116210730
1099434522
1099434538
1095240234
1208494165
1184901130
1116210714
2189952554
1116211738
1099434518
1094977046
1095239190
