1121256015120
1121256016144
2220767643920
2237947513104
1125550983440
2225062611216
1138704386592
2238216014368
1125819484704
2225331112480
2242510981664
1121524517136
2221036144912
2238216014096
1125819484432
2225331112208
2242510981392
1121525499408
2221037127184
1138705368592
2238216996368
1125820466704
2225332094480
1143000335888
2242511963664
1125552031248
2225063659024
2242512029200
1121257129488
2220768757264
1138436998672
2237948626448
1125552096784
2225063724560
1142731965968
2242243593744
2242512029968
2242242480400
1121524451600
2221036079376
2238215948560
1125819418896
2225331046672
1121256016160
1138435885344
1125550983456
2225062611232
1142730852640
2242242480416
1121524451616
1138704385568
2238216013344
1125819483680
1121257063712
2220768691488
1138436932896
2237948560672
2221036144144
1125819483664
2225331111440
2221036079632
2242243527952
1121525499152
2221037126928
2238216996112
2220767708432
1121256081936
2220767709712
1138435951120
2237947578896
1125551049232
2225062677008
1142730918416
2242242546192
1142730851616
1121524450592
2225063658784
2242243527968
2242510916112
1138705435152
1142731901456
2242243529232
2221036145168
1125550983712
2225062611488
2242242480672
1121524451872
2221036079648
1125552031264
2225063659040
2242243528224
2238216996384
1125820466720
2225332094496
2237948626464
1125552096800
2221037128208
2238216997392
1125819419168
2225331046944
2242510916128
1143000336928
2242511964704
1121256081952
1125551049248
2225062677024
2242242546208
2242512029984
1125819483408
1121256080656
1121524450576
2237947577616
1125551047952
1121524516112
1121257064720
2220768692496
2237948561680
2242243528976
1125820533280
2225332161056
2242512030240
1121257130256
2220768758032
2237948627216
2242243594512
1121525565712
2221037193488
1143000402448
1125819418128
1138435950096
1125551048208
1121525564688
1125820531984
2225332159760
2242512028944
1125550982416
1125550982432
2225331045664
2225063724576
2242243593760
1121525564960
2221037192736
1125820532256
2242511964688
2238216997136
2242510915856
2237947578640
2220768758288
2242243594768
1138705434128
2225331046688
1125550982688
2225332160016
1125551048224
2238217062672
1125819418144
2242243529248
2242243594784
1121257063696
1121257129232
