17449616704
34898183488
17450927424
34630796608
34899232064
17718315648
34898184832
17450928768
34630797952
34899233408
17449617984
17450927680
34630796864
34899232320
34629487168
34897922624
34630797888
34629485888
34897921344
17450665280
34630534464
34898969920
17449878848
34629748032
34898183744
17449617024
34629486208
34897921664
17450665600
34630534784
34898970240
17449879168
34629748352
17718315328
34898184512
17450928448
34630797632
34899233088
34898183808
17450927744
34630796928
34899232384
17449618048
34629487232
34897922688
17450666624
34630535808
34898971264
17449880192
17718315392
34898184576
17450928512
34630797696
34899233152
17449617728
34629486912
34897922368
17450666304
34630535488
34898970944
17449879872
34629748288
17449616960
34629486144
34897921600
17450665536
34630534720
34898970176
17449879104
17449616768
34629485952
34897921408
17450665344
34630534528
34898969984
17449878912
34629748096
34899233344
17450666560
34630535744
34898971200
17449880128
34629749312
34898184768
17450928704
34898183552
17450927488
34630796672
34899232128
17449617792
34629486976
34897922432
17450666368
34630535552
34898971008
17449879936
