1396133922064
1692755101200
2792266728976
1675576281632
1675576345872
2775087973648
1417878308112
2517389935888
2792267842832
1671280265488
2770791893264
1413582227728
2513093855504
2787971762448
1400697325840
2500208953616
1675575232784
2775086860560
2495915100704
1671281379872
2770793007648
2513094969888
2499940583968
1675306863136
2774818490912
2517120453152
2791998360096
1692756216080
1396402424352
2495914052128
1417877194272
1675576280352
1413583342096
2513094969872
2787972876816
1413582292496
2513093920272
1688460199440
1400697390608
1675575297552
2775086925328
1417877259792
1675306863120
2774818490896
1417608825360
1417877195040
2517388822816
2499940583696
1675306862864
2774818490640
2517120452880
2791998359824
1396402424080
2495914051856
1671280331024
1396134970896
2495646598672
1671012877840
2770792941072
1396403406352
2495915034128
1671281313296
1413314840080
2512826467856
1688192747024
1671012877584
2770524505360
1413314839824
1417878309392
1692756216336
2792267844112
2517388822800
2792266729744
1396135036432
2495646664208
1671012943376
2770524571152
1688192812560
2787704440336
1400430003728
1688191699216
2787703326992
2791999342864
2495915100432
1688461183248
2787972811024
1396133923104
2495645550880
1413313792288
2512825420064
1688191699232
2787703327008
1400428890400
2499940518176
1675306862112
1417608824352
2787972810016
1417878242592
1692756149536
2792267777312
2775087908128
1675307844896
2774819472672
1417609807136
2517121434912
1692487714080
1675306797584
2517120387600
1692755102224
2792266730000
2770791893520
1400697326096
1417877195280
1417609872672
1692487779616
2791999407392
1675307910432
2774819538208
2517120451856
1396133987600
2791998358800
2499940582672
1400697390352
2500209018128
1675575297296
2517388821776
2517120453136
1692486732304
2791998360080
2495914052112
2787704375840
1675575298576
1396402357792
2517120386336
1396402357536
1400698373408
1417608824096
2517120451872
2774818425120
2791998294304
1396402358560
1400698374688
1417878243872
2517389871648
1692756150816
2792267778592
2513093921296
1692756150800
2792267778576
2500209019168
1396133923360
1675307845152
2774819472928
1417609807392
2517121435168
2791999342112
2517388888352
2791999407648
1417878308384
2517389936160
1400428956176
2774819473936
1400428890656
2499940518432
2517120387616
2791998294560
1396402358816
2500208953888
2517388823072
1400697391648
2500209019424
1692487715344
1675307910688
2774819538464
1396402357520
2495913985296
1671280264464
2495645615376
1671011894544
2770523522320
2512825484560
2787703391504
1400428954896
1396402423056
1671280330000
2774819473680
2792267778320
1675576281360
1671281314064
1692756216352
2792267844128
2787704441376
2513094969616
1675576346896
2791999408400
1671281379600
1675306796560
1413313857040
1400428955152
1413313791248
1671011829008
2512825419024
1400428889360
1688192746784
1675576345888
2775087973664
2495645549856
1400428889376
1692756215328
2787704440352
2770792942096
2770524506640
1671012944144
2770524571920
2512826534160
2787704441104
2770524572176
1400698439200
1675576346144
1400697325088
1675575232032
1400697390624
1400429938208
1675576280608
1400428955168
2791999343136
1671012943120
2791999408672
2517389937184
2787704374544
1671281313040
1671281378576
2787972875536
1400428889632
2512825420048
2517388888608
2512825485584
2513093921040
2787972876560
2787704375568
