17516791056
17518168352
34698037536
17786603808
34966472992
17585277216
34765146400
17853712672
35033581856
17517906464
34697775648
17786341920
34966211104
17585015328
34764884512
17853450784
35033319968
17584162336
34764031520
17852597792
35032466976
17517119008
34696988192
17785554464
17584948496
34764817680
17853383952
35033253136
17517839632
34697708816
17786275088
17786603792
34966472976
17585277200
34765146384
17853712656
35033581840
17518103072
34697972256
17786538528
34966407712
17585211936
34765081120
17853647392
35033516576
17517054224
34696923408
17785489680
34965358864
17584163088
34764032272
17852598544
35032467728
17518102800
34697971984
17516792096
34696661280
17785227552
34965096736
17583900960
34763770144
17852336416
35032205600
17517840672
34697709856
34764817936
17853384208
35033253392
17518168608
34698037792
17786604064
17516792080
34696661264
17785227536
34965096720
17583900944
34763770128
17852336400
35032205584
17517905168
34697774352
17786340624
34966209808
17585014032
34764883216
17853449488
35033318672
17516856592
34696725776
17516857616
34696726800
17785293072
34965162256
17583966480
34763835664
17852401936
17518101776
34697970960
17786537232
34966406416
17786275344
34966144528
17584948752
35033515296
17516856608
34696725792
17785292064
34965161248
17583965472
17517905184
34697774368
17786340640
34966209824
17518167312
34698036496
17786602768
34966471952
17585276176
34765145360
17853711632
35033580816
34697774608
17786340880
34966210064
17585014288
34764883472
17853449744
35033318928
17786341904
34966211088
17853450768
35033319952
17853385232
35033254416
17517840912
34697710096
17786276368
34966145552
17516792352
34696661536
17785227808
34965096992
17583901216
34763770400
17852336672
35032205856
17517840928
34697710112
17517839648
34697708832
17853383968
35033253152
34965424672
17584228896
17583901200
34763770384
17852336656
35032205840
34764098080
17852664352
35032533536
17585014048
34764883232
17853449504
35033318688
17584949776
34764818960
17585277456
34765146640
17518168592
34698037776
17516792336
34696661520
17785227792
34965096976
17516857872
34696727056
17785293328
34965162512
17583966736
34763835920
17852402192
17786537488
34966406672
17585210896
34765080080
17853646352
35033515536
17518102032
34697971216
17786276384
34966145568
17584949792
34764818976
17853385248
35033254432
17517054496
34696923680
17785489952
34965359136
34966472208
17585276432
34765145616
17518167568
34698036752
17853711888
35033581072
17516857632
34696726816
17785293088
34965162272
17583966496
34763835680
17852401952
35032271136
17518101792
34697970976
34965423648
17584227872
34764097056
17852663328
35032532512
17517054480
34696923664
17785489936
34965359120
17584163344
34764032528
17852598800
35032467984
17518167328
34698036512
17786602784
34966471968
17585276192
34765145376
17853711648
35033580832
17517905440
34697774624
17786340896
34966210080
17585014304
34764883488
17853449760
35033318944
17517120016
34696989200
17785555472
34965424656
17584228880
34764098064
17852664336
35032533520
17584163104
34764032288
17852598560
35032467744
17517119776
34696988960
17785555232
34965424416
17584228640
34764097824
17852664096
35032533280
17516857888
34696727072
17785293344
34965162528
17583966752
34763835936
17852402208
35032271392
17852597520
35032466704
17518102048
34697971232
17786537504
34966406688
17585210912
34765080096
17853646368
35033515552
17518167584
34698036768
17786603040
34696660240
17785226512
17583899920
34965095696
17852335376
35032204560
34966472224
17785292048
34965161232
17584163360
34764032544
17852598816
35032468000
17585210640
34765079824
17853646096
35033515280
17583965456
34763834640
17852400912
35032270096
34966144272
34763769104
34965423392
17786275104
34966144288
17584948512
34764817696
17786537248
34966406432
17585210656
34765079840
17853646112
17517120032
34696989216
17785555488
34764818704
17517840656
34697709840
17786276112
34966145296
17584949520
17853384976
35033254160
35032271376
17517906192
34697775376
17786341648
34966210832
17585015056
34764884240
17853450512
35033319696
35033516304
17517119760
34696988944
17785555216
34965424400
17584228624
34764097808
17852664080
35032533264
17518168336
17785488656
34965357840
17517053200
34696922384
17584162064
34764031248
17517118736
34696987920
17852663056
35032532240
17785554192
34965423376
17584227600
34764096784
17786276128
34966145312
17584949536
34764818720
17853384992
35033254176
17517054240
34696923424
17785489696
34965358880
17516856848
34696726032
17785292304
34965161488
17583965712
34763834896
17852401168
35032270352
17517905424
17516791312
17516791328
34696660512
17785226784
34965095968
17583900192
34763769376
17852335648
35032204832
17517839904
34697709088
17516791072
34696660256
17785226528
34965095712
17583899936
34763769120
17852335392
35032204576
17786538256
34966407440
17585211664
34765080848
17853647120
17852400928
35032270112
34763834656
34698037520
34696660496
17785226768
34965095952
17583900176
34763769360
17852335632
35032204816
17517839888
34697709072
17786603024
34966473248
17585277472
34765146656
17853712928
35033582112
17517906448
34697775632
17585015312
34764884496
17517053456
34696922640
17785488912
34965358096
17584162320
34764031504
17852597776
35032466960
17786275360
34966144544
17584948768
34764817952
17853384224
35033253408
17517053472
34696922656
17785488928
34965358112
17517118992
34696988176
17785554448
34965423632
17584227856
34764097040
17852663312
35032532496
17517906208
34697775392
17786341664
34966210848
17585015072
34764884256
17853450528
35033319712
17517053216
34696922400
17785488672
34965357856
17584162080
34764031264
17852597536
35032466720
17585276448
34765145632
17853711904
35033581088
17786538512
34966407696
17585211920
34765081104
17853647376
35033516560
17518103056
34697972240
17517118752
34696987936
17785554208
17584227616
34764096800
17852663072
35032532256
17516856864
34696726048
17785292320
34965161504
17583965728
34763834912
17852401184
35032270368
17786604048
34966473232
17853712912
35033582096
35032271120
17518102816
34697972000
17786538272
34966407456
17585211680
34765080864
17853647136
35033516320
