292126262544
1213474850
1214286090
1213736994
1214286346
2240292882
2257070113
2257070098
2282399768
1162352674
1166547074
1162357280
1166551680
1217665057
1217927201
1141205012
1141282836
1141221444
1141287184
1141203988
1141281812
1141220420
1146259466
1147152546
1166551058
1208592408
1183328274
1208657944
1150388234
1150453770
1151346786
1151346850
1166551074
1183328290
1208592424
1208657960
1141204004
1141220484
1141281816
1141286416
1141205028
1141221508
1141282840
1141287440
1141220376
1141285924
1146177542
1146243078
1147148370
1147148434
1162356753
1166551105
1208576020
1208592452
1146193926
1146259462
1217669154
1217931298
1141286160
1146177541
1147148369
1146193925
1147148385
1146259461
1147148449
1166546961
1166551312
1183324177
1141203992
1141281828
1141220424
1141286176
1183328544
1213470737
1213732881
1214269957
2236094481
1213470738
1213736977
1213732882
1214269958
1146177546
1147152466
1146243082
1147152530
1162356754
1208576024
1166551106
1208592456
1151342674
1150437382
1151342738
1162356769
1208576036
1166551169
1208592516
1166551073
1208592420
1183328289
1208657956
1150388230
1151342690
1150453766
1151342754
1141286948
1141549080
1146193930
1183328528
1218480646
2236098594
1141205016
1141221448
1141282852
1141287200
2240292994
2257066018
2236098577
2257066001
2240292929
2257070352
1141285912
1141548056
1141221400
1141286936
1150388229
1151342689
1150453765
1151342753
1166546977
1166551328
1183324193
1141286432
1141205032
1141282856
1141221512
1141287456
1141204008
1141281832
1147152482
1150371850
1150437386
1151346770
1151346834
1162356770
1208576040
1166551170
1208592520
1218480645
2236094498
2236099104
2240293504
1141220488
1213470754
1214286086
1213732898
1214286342
2236098578
2257066017
2240292930
2257070368
1213474849
1213736993
1214286089
1214286345
2236098593
2257066002
2240292993
2257070608
1150388233
1151346785
1150453769
1151346849
1166546978
1166551584
1183324194
1183328800
1141205280
1141221760
2257070624
1217665058
1217931297
1217927202
1141204240
1141200916
1141220672
1141205264
1141221696
1146243077
1147148433
1162352657
1162357008
1166547009
1166551360
1214286341
1141286932
1141220372
1141285908
1141548052
1141221396
1141549076
1147148386
1147148450
1166551057
1208592404
1183328273
1208657940
1146193929
1147152481
1146259465
1147152545
1166546962
1166551568
1183324178
1183328784
1141204256
1141220736
1141199896
1141204496
1141200920
1141205520
1146177545
1147152465
1166547010
1166551616
1146243081
1147152529
1162352658
1162357264
1150371846
1150371845
1151342673
1150437381
1151342737
1162352673
1162357024
1166547073
1166551424
2236098832
2240293184
1218480650
2240292898
2257070114
2282399784
1141199912
1141204512
1141220992
1141200936
1141205536
1141222016
1150371849
1150437385
1151346769
1151346833
1213474834
1213736978
1214269962
2240292881
2257070097
2282399764
1141285928
1141548072
1141221416
1141286952
1141549096
1141220392
1213470753
1214286085
1213732897
2236094482
2236099088
2236098848
2240293248
