21744649488
21746026784
38925895968
26040994080
43220863264
22014462240
39194331424
26309429536
43489298720
21745764896
38925634080
26040732192
43220601376
22014200352
39194069536
26309167648
43489036832
22013347360
39193216544
26308314656
43488183840
21744977440
38924846624
26039944736
22014133520
39194002704
26309100816
43488970000
21745698064
38925567248
26040665360
43220534544
43220863248
22014462224
39194331408
26309429520
43489298704
21745961504
38925830688
26040928800
43220797984
22014396960
39194266144
26309364256
43489233440
21744912656
38924781840
26039879952
43219749136
22013348112
39193217296
26308315408
43488184592
21745961232
38925830416
21744650528
38924519712
26039617824
43219487008
22013085984
39192955168
26308053280
43487922464
21745699104
38925568288
39194002960
26309101072
43488970256
21746027040
26040994336
21744650512
38924519696
26039617808
43219486992
22013085968
39192955152
26308053264
43487922448
38925632784
26040730896
43220600080
22014199056
39194068240
26309166352
43489035536
21744715024
38924584208
26039682320
38924585232
26039683344
43219552528
22013151504
39193020688
26308118800
21745960208
26040927504
43220796688
26040665616
43220534800
39194264864
26309362976
43219813664
21744715040
38924584224
26039682336
43219551520
22013150496
21745763616
21746025744
38925894928
26040993040
43220862224
22014461200
26309428496
43489297680
38925633040
26040731152
43220600336
39194068496
26309166608
43489035792
43220863504
43488971280
38925568528
43220535824
39194003984
21744650784
26039618080
43219487264
22013086240
26308053536
43487922720
21745699360
38925568544
21745698080
26309100832
43488970016
43219814944
22013413920
39193283104
26308381216
43488250400
38925632800
26040730912
22014199072
39194068256
26309166368
26040994320
21744650768
26039618064
43219487248
22013086224
26308053520
43487922704
21744716304
26039683600
43219552784
22013151760
39193020944
26308119056
43220796944
22014395920
39194265104
26309363216
43489232400
38925829648
26040666656
43220535840
39194004000
26309102112
43488971296
21744912928
38924782112
26039880224
43219749408
26040993296
26309428752
43489297936
38925895184
38924585248
26039683360
43219552544
22013151520
39193020704
26308118816
43487988000
21745960224
38925829408
43219813920
22013412896
39193282080
26308380192
21744912912
26039880208
43219749392
22013348368
26308315664
43488184848
21746025760
26040993056
22014461216
26309428512
43489297696
38925633056
26040731168
39194068512
26309166624
21744978448
38924847632
26039945744
43219814928
22013413904
39193283088
26308381200
43488250384
22013348128
39193217312
43488184608
21744978208
38924847392
43219814688
22013413664
39193282848
26039683616
43219552800
22013151776
26308119072
43487988256
26308314384
21745960480
38925829664
26040927776
39194265120
26309363232
26040993312
26039616784
22013084944
26308052240
22013348384
43488184864
22014395664
39194264848
43489232144
22013150480
26308117776
21745763600
26040665376
22014133536
39194002720
26308117792
22014395680
26040666384
39194003728
38925568272
43487988240
38925633808
43220601104
39194069264
43489036560
21744978192
38924847376
26039945488
22013413648
39193282832
26308380944
38925895952
26039878928
21744911632
22013347088
26039944464
22013412624
26308379920
21744977168
26040666400
39194003744
26309101856
21744912672
38924781856
26039879968
26039682576
26308118032
21744649760
26039617056
22013085216
26308052512
21744649504
22013084960
43220797712
39194265872
43489233168
26039617040
26308052496
26040927760
43220863520
26309429792
43489298976
43220601360
43489036816
26039879184
26308314640
26040665632
26309101088
21744911904
26039879200
26039944720
26308380176
38925633824
39194069280
21744911648
22013347104
26309428768
43220797968
43489233424
21744977184
22013412640
26039682592
26308118048
43489298960
38925830432
39194265888
