279442687248
279444064544
554321971488
283739031840
558616938784
279712500000
554590406944
284007467296
558885374240
279443802656
554321709600
283738769952
558616676896
279712238112
554590145056
284007205408
558885112352
279711385120
554589292064
284006352416
558884259360
279443015200
554320922144
283737982496
279712171280
554590078224
284007138576
558885045520
279443735824
554321642768
283738703120
558616610064
558616938768
279712499984
554590406928
284007467280
558885374224
279443999264
554321906208
283738966560
558616873504
279712434720
554590341664
284007402016
558885308960
279442950416
554320857360
283737917712
558615824656
279711385872
554589292816
284006353168
558884260112
279443998992
554321905936
279442688288
554320595232
283737655584
558615562528
279711123744
554589030688
284006091040
558883997984
279443736864
554321643808
554590078480
284007138832
558885045776
279444064800
554321971744
283739032096
279442688272
554320595216
283737655568
558615562512
279711123728
554589030672
284006091024
558883997968
554321708304
283738768656
558616675600
279712236816
554590143760
284007204112
558885111056
279442752784
554320659728
283737720080
279442753808
554320660752
283737721104
558615628048
279711189264
554589096208
284006156560
279443997968
554321904912
283738965264
558616872208
283738703376
558616610320
279712171536
554590340384
284007400736
558885307680
558615889184
279442752800
554320659744
283737720096
558615627040
279711188256
279443801376
279444063504
554321970448
283739030800
558616937744
279712498960
554590405904
284007466256
558885373200
554321708560
283738768912
558616675856
279712237072
554590144016
284007204368
558885111312
558616939024
284007139856
558885046800
279443737104
554321644048
283738704400
558616611344
279712172560
554590079504
279444064784
279442688544
554320595488
283737655840
558615562784
279711124000
554589030944
284006091296
558883998240
279443737120
554321644064
279443735840
554321642784
284007138592
558885045536
558615890464
279711451680
554589358624
284006418976
558884325920
554321708320
283738768672
558616675616
279712236832
554590143776
284007204128
558885111072
554321971728
283739032080
279442688528
554320595472
283737655824
558615562768
279711123984
554589030928
284006091280
558883998224
279442754064
554320661008
283737721360
558615628304
279711189520
554589096464
284006156816
558616872464
279712433680
554590340624
284007400976
558885307920
279443998224
554321905168
283738704416
558616611360
279712172576
554590079520
284007139872
558885046816
279442950688
554320857632
283737917984
558615824928
283739031056
558616938000
279444063760
279712499216
554590406160
284007466512
558885373456
554321970704
279442753824
554320660768
283737721120
558615628064
279711189280
554589096224
284006156576
558884063520
279443997984
554321904928
558615889440
279711450656
554589357600
284006417952
558884324896
279442950672
554320857616
283737917968
558615824912
279711386128
554589293072
284006353424
558884260368
279444063520
554321970464
283739030816
558616937760
279712498976
554590405920
284007466272
558885373216
279443801632
554321708576
283738768928
558616675872
279712237088
554590144032
284007204384
558885111328
279443016208
554320923152
283737983504
558615890448
279711451664
554589358608
284006418960
558884325904
279711385888
554589292832
284006353184
558884260128
279443015968
554320922912
283737983264
558615890208
279711451424
554589358368
284006418720
558884325664
279442754080
554320661024
283737721376
558615628320
279711189536
554589096480
284006156832
558884063776
284006352144
558884259088
279443998240
554321905184
283738965536
558616872480
279712433696
554590340640
284007400992
558885307936
279444063776
554321970720
283739031072
554320594192
283737654544
279711122704
558615561488
284006090000
558883996944
558616938016
558615627024
279711386144
554589293088
284006353440
558884260384
279712433424
554590340368
284007400720
558885307664
279711188240
554589095184
284006155536
558884062480
554589029648
279443801360
558884062496
283738703136
558616610080
279712171296
554590078240
554589095200
284006155552
283738965280
558616872224
279712433440
279443016224
554320923168
283737983520
283738704144
558616611088
279712172304
554590079248
284007139600
558885046544
279443736848
554321643792
558884063760
279443802384
554321709328
283738769680
558616676624
279712237840
554590144784
284007205136
558885112080
279443015952
554320922896
283737983248
558615890192
279711451408
554589358352
284006418704
558884325648
279444064528
554321971472
283737916688
558615823632
279442949392
554320856336
279711384848
554589291792
283737982224
558615889168
279711450384
554589357328
284006417680
558884324624
279443014928
554320921872
283738704160
558616611104
279712172320
554590079264
284007139616
558885046560
279442950432
554320857376
283737917728
558615824672
279442753040
554320659984
283737720336
558615627280
279711188496
554589095440
284006155792
558884062736
279443801616
279442687504
279442687520
554320594464
283737654816
558615561760
279711122976
554589029920
284006090272
558883997216
279443736096
554321643040
279442687264
554320594208
283737654560
558615561504
279711122720
554589029664
284006090016
558883996960
283738966288
558616873232
279712434448
554590341392
284007401744
558885308688
283739031824
554320594448
283737654800
558615561744
279711122960
554589029904
284006090256
558883997200
279443736080
554321643024
283738965520
558616939040
279712500256
554590407200
284007467552
558885374496
279443802640
554321709584
283738769936
558616676880
279712238096
554590145040
284007205392
558885112336
279442949648
554320856592
283737916944
558615823888
279711385104
554589292048
284006352400
558884259344
283738703392
558616610336
279712171552
554590078496
284007138848
558885045792
279442949664
554320856608
283737916960
558615823904
279443015184
554320922128
283737982480
558615889424
279711450640
554589357584
284006417936
558884324880
279443802400
554321709344
283738769696
558616676640
279712237856
554590144800
284007205152
558885112096
279442949408
554320856352
283737916704
558615823648
279711384864
554589291808
284006352160
558884259104
279712499232
554590406176
284007466528
558885373472
283738966544
558616873488
279712434704
554590341648
284007402000
558885308944
279443999248
554321906192
279443014944
554320921888
283737982240
279711450400
554589357344
284006417696
558884324640
279442753056
554320660000
283737720352
558615627296
279711188512
554589095456
284006155808
558884062752
279712500240
554590407184
284007467536
558885374480
558884063504
279443999008
554321905952
283738966304
558616873248
279712434464
554590341408
284007401760
558885308704
