296621507856
296621836576
571499743520
313801705760
588679612704
300916803872
575794710816
318096673056
592974580000
296890272032
571768178976
314070074640
588947981584
301185172752
576063079696
296621574688
571499481632
313801443872
588679350816
300916541984
575794448928
318096411168
592974318112
296890010144
571767917088
314070141216
588948048160
301185239328
576063146272
318365108512
593243015456
588948048144
301185239312
576063146256
318365108496
593243015440
301184910608
576062817552
318364779792
593242686736
571499414800
313801377040
300916475152
588679283984
318096344336
592974251280
571767915792
576062817808
318364780048
593242686992
300916738592
575794645536
318096607776
592974514720
296890206752
571768113696
314070075936
588947982880
301185174048
576063080992
296621771024
571499677968
313801640208
588679547152
300916738320
575794645264
318096607504
592974514448
296621508896
571499415840
313801378080
588679285024
300916476192
575794383136
318096345376
592974252320
296889944352
571767851296
296621836832
314069879328
588947786272
301184977440
576062884384
318364846624
593242753568
571499743776
296890010128
571767917072
314069879312
588947786256
301184977424
301185238304
576063145248
318365107488
593243014432
318365108768
593243015712
571499742480
313801704720
588679611664
300916802832
575794709776
318096672016
575794382096
296621573392
571499480336
313801442576
588679349520
300916540688
575794447632
318096409872
592974316816
296890008848
296621770000
571499676944
300916737296
575794644240
318096606480
592974513424
296890205456
571768112400
314069812752
588947719696
301184910864
296890008864
571767915808
314069878048
588947784992
296890205472
571768112416
314070074656
588947981600
301185172768
301185238288
576063145232
318365107472
593243014416
592974578960
296890270992
571768177936
314070140176
588948047120
296621835536
314069878288
588947785232
301184976400
576062883344
593242752528
318364781072
593242688016
301185239568
576063146512
318365108752
593242753552
314069878304
588947785248
301184976416
576062883360
296621509152
571499416096
300916476448
575794383392
318096345632
592974252576
296889944608
571767851552
296621507872
571499414816
300916475168
575794382112
296889943328
571767850272
313801378064
588679285008
300916476176
575794383120
296621573408
571499480352
301184976160
576062883104
592974514704
593243015696
314069813776
588947720720
313801378320
588679285264
300916476432
300916737552
575794644496
318096606736
592974513680
314069813792
588947720736
301184911904
576062818848
318364781088
593242688032
296621771296
571499678240
313801640480
588679547424
313801704976
588679611920
300916803088
575794710032
318096672272
592974579216
301184910624
576062817568
296889943312
571767850256
576063079712
296621770016
571499676960
313801639200
588679546144
296621835552
571499742496
300916802848
575794709792
296890271008
571768177952
314069879072
588947786016
314069879056
588947786000
296621573664
571499480608
313801442848
588679349792
300916540960
575794447904
300916737568
575794644512
314070074912
588947981856
301185173024
576063079968
300916803104
575794710048
318096672288
592974579232
318365043232
593242950176
318365041936
593242948880
314069878032
588947784976
301184976144
576062883088
314069812496
588947719440
318096607760
300916737312
575794644256
313801442592
588679349536
314069813520
588947720464
313801443600
588679350544
300916541712
575794448656
318096410896
592974317840
313801705744
588679612688
318096673040
592974579984
314069813536
588947720480
301184911648
576062818592
313801640224
588679547168
314070074896
588947981840
301185173008
576063079952
318365042192
593242949136
300916540944
575794447888
318096410128
592974317072
300916475424
575794382368
314070075664
588947982608
318365042960
593242949904
318096673312
592974580256
301185239584
576063146528
575794383376
318096345616
592974252560
314070141200
300916475408
575794382352
318096411152
318364846608
592974318096
301184910880
576062817824
313801639456
588679546400
313801443616
588679350560
301185238560
576063145504
301185238544
576063145488
318365043216
593242950160
318096673296
592974580240
314070075680
588947982624
