21811496208
21811497232
38991366416
26106464528
43286333712
22079932688
39259801872
26173639200
43353508384
22147107360
39326976544
26442074656
43621943840
39326975520
26442073632
26106530064
43286399248
22079998224
39259867408
26374965520
43554834704
21878671632
39058540816
26173638928
43353508112
43555816976
21879653904
39059523088
26174621200
43354490384
22148089360
39327958544
26443056656
43622925840
26174686736
43354555920
21812610576
38992479760
26107577872
43287447056
22081046032
39260915216
26376013328
22148090128
39327959312
43622926608
26374899984
43554769168
21878606096
39058475280
26173573392
43353442576
21811497248
38991366432
26106464544
43286333728
22079932704
39259801888
26374900000
43554769184
21878606112
39058475296
26173638176
22147106336
39260849440
26375947552
43555816736
21879653664
39059522848
26174620960
43354490144
22148089120
21812544800
38992413984
26173638160
43353507344
22147106320
39326975504
26442073616
43621942800
21811497488
26442009104
43621878288
26106464784
43286333968
22079932944
26374900240
43554769424
22081045792
39260914976
26376013088
43555882272
21879719200
43354490128
22148089104
22081045776
39328023824
26443121936
43622991120
38991430928
26106529040
43286398224
26106530320
43286399504
22079998480
26374965776
43554834960
26106463520
43286332704
22079931680
26374898976
43554768160
21878605088
22080980256
43354556944
39326910992
22147041808
21878671888
39059524112
43353508368
22147107344
21811562784
38991431968
26106530080
43286399264
22079998240
26106464800
43286333984
26374900256
43554769440
21878606368
39058475552
26173572368
22147040528
43353441552
39260849696
26375947808
43555816992
39059523104
26174621216
43354490400
22148089376
39327958560
39259867424
26374965536
43554834720
21878671648
39058540832
26173638944
43353508128
22147107104
39326976288
21812610592
38992479776
26107577888
43287447072
39326976528
43621943824
21812611600
38992480784
43287448080
22081047056
39260916240
26376014352
22147107088
39326976272
26173573664
43353442848
22147041824
39326911008
26442009120
43621878304
21812546080
38992415264
26107513376
43287382560
26443057696
43622926880
21811563040
26106530336
43286399520
22079998496
26374965792
43554834976
21878671904
26107513360
43287382544
22080981520
39260850704
26173637920
21811561744
39326909712
26442007824
26106463504
26374898960
21878605072
22079997200
26374964496
21878670608
26173637904
22147106064
43622992160
26443056672
21879654672
39059523856
21812545808
38992414992
26107513104
43287382288
22080981264
39260850448
26375948560
26174687776
43354556960
22148155936
26443123232
43622992416
21812611344
38992480528
22081046800
39260915984
21879720208
39059589392
21879719440
39059588624
26374899216
26106529296
26374964752
22079931664
43622925584
22080980240
26375947536
21879653648
39327958304
43622925600
21878670624
21812610336
38992479520
43287446816
21811496224
26173572384
22147040544
39326909728
26442007840
39260915232
26376013344
43555882528
21879719456
39059588640
26174686752
22148154912
39328024096
26443122208
43555818000
43354491408
43622926864
21812546064
43622926624
26374964512
21811561760
26106529056
22079997216
22147106080
39328024080
26443122192
43622991376
39326910736
26442008848
39328024848
38991431952
43555883536
21879720464
39059589648
39328025104
43622992400
39260850464
43555817760
39059523872
43354491168
39327959328
26173573408
39326910752
26442008864
38992415008
26107513120
26173572624
43353441808
26442008080
26106463760
38992480544
43287447840
26106463776
26374899232
26107512096
21812545040
26107512336
26375947792
26106529312
26374964768
39260916000
43555883296
21879720224
39059589408
43354556704
22148155680
39328024864
26173572640
26442008096
26107512352
43555818016
43354491424
43353442832
43287448096
43555883552
21879720480
22148154656
21812544784
22148154640
21812610320
21879719184
