1121054688528
1099174996
1099175000
1115952212
1115952216
1099175060
1099175064
2189957220
2189957224
1116227736
1116227752
2189957284
2189957288
1099257860
1099261956
1116035076
1116039172
1099323396
1099327492
1116051460
1116055556
1099438164
1099438168
1094985828
1094985832
1099180180
1099180184
1094985892
1094985896
1099180196
1099180200
1095067680
1095084040
1099323400
1099327496
1095084160
1095149576
1099327520
1099343880
1095247972
1099180116
1099180120
1115957332
1115957336
1115957348
1115957352
1115952228
1115952232
1115964500
1115964516
1208509701
1208509702
1115964564
1115964580
1208509705
1208509706
1115965524
1115965540
1116227732
1116227748
1099499624
1099303060
1115981908
1115981924
1099303000
1099256960
1099302036
1115980884
1115980900
1095243880
1099438228
1099438232
1095243940
1095243944
1099438244
1099438248
1099175016
1115953320
1099175076
1099175080
1115952292
1115952296
1099176036
1099176040
1099257984
1099323520
1116035104
1116051488
1099262080
1099257864
1099261960
1099261984
1099278344
1099261968
1099278340
1099327504
1099343876
1116116996
1116121092
1099236504
1115964504
1115964520
1099237460
1099237524
1099261056
1099302040
1115980888
1115980904
1099302996
2189961320
1115953316
1099438180
1099438184
1116215396
1116215400
1116215460
1116215464
1116035088
1116051472
2189776900
2189780996
1116051520
1115964568
1115964584
1208509961
1208509962
1115965528
1115965544
1094981736
1094981732
1099277440
1099302056
1115980952
1115980968
1099303064
1115981972
1115981988
1099303016
1099303080
1116117008
2189781008
2189797380
1116227668
1116227684
2189957204
2189957208
1099327616
1116051584
1116117024
1099278464
1116051464
1116055560
1116117000
1116121096
1099442276
1099442280
1099175012
1116215380
1116215384
1208510729
1208510730
1115965592
1115965608
1208510985
1208510986
1208526089
1208526090
1116244136
1208527369
1208527370
1116039184
1116055568
1116055616
1116121104
2189797440
2189862916
1116227672
1116227688
1099179108
1099179112
1115956324
1115956328
1099179172
1099179176
1099499608
1099499672
1095243876
1095063556
1095247976
1099442324
1099442328
1095248036
1095248040
1099442340
1099442344
1094980696
1094980712
1094980708
1094981716
1094981720
1099176020
1095067652
1095067664
1095084036
1095243860
1095243864
1115981976
1115981992
1099179092
1099179096
1115956308
1115956312
1099179156
1099179160
2189961316
1116244120
2189961380
2189961384
1116035080
1116039176
1099442260
1099442264
1099176104
1094980772
1095084096
1095149572
1099176024
1099180132
1099180136
1094984804
1094984808
1094985812
1094985816
1115981912
1115981928
1099236436
1099236500
1099236440
1099237464
1099237528
1099344000
1116055680
1116121120
1099524224
1099565208
1116244116
1116244132
1099540608
1099565224
1115956388
1115956392
1115957412
1115957416
1208527113
1208527114
1099327552
1099257920
1099323456
1099262016
1099499604
1099499668
1115953236
1115953240
1099176084
1099176088
1115953252
1115953256
1116219476
1116219480
1116219496
1116219492
1116219556
1116219560
1115980948
1115980964
1208527109
1208527110
1208510725
1208510726
1115965588
1115965604
1208526085
1208526086
1094980776
1094981796
1094981800
1099176100
2189776904
2189781000
1099236456
1099236520
1116244072
1099499688
1094984868
1094984872
1099278400
1099343936
2189781024
2189797384
1116244052
1116244068
2189961300
2189961304
1099237480
1099237544
1208526345
1208526346
1116039200
1116055584
2189797504
2189862920
1116244056
1099520128
1099565204
1094984788
1094984792
1095067656
1095063560
1095247956
1095247960
