1116960195904
2233651955008
1117228893504
1134408762688
2233920390464
1134140328576
2233651956352
1134408764032
2233920391808
1116960197184
2216471824960
1134140066368
2233651694144
1134408501824
2233920129600
1134140327488
2233651955264
1134408500800
2216472086080
2216471823680
2233651692864
1134140065088
1134408500544
2233920128320
1116960458048
2216472085824
1116960196224
2216471824000
2233651693184
1134408500864
2233920128640
1116960458368
2216472086144
1134140328256
2233651956032
1134408763712
2233920391488
1134140327552
1134408763008
2216471825024
2233651694208
1134408501888
2233920129664
2216472087168
1134140328320
2233651956096
1134408763776
2233920391552
2216471824704
2233651693888
2233920129344
1116960459072
2216472086848
1116960196160
1134140065344
1116960458112
2216472085888
1134140327296
1134408762752
2216472086912
