1094984965
1094984969
1099179269
1099179273
1094985221
1094985225
1116244242
1116244258
1099565634
1099565698
1116244498
1116244514
1099302209
1099302273
1115981073
1115981089
1099302465
1099302529
1115981329
1115981345
1099303233
1099303297
1099176198
1099176202
1115953414
1115953418
1099176454
1099176458
1115953670
1115953674
1115964690
1115964706
1168115734
1168115738
1115964946
1115964962
1184892950
1184892954
1115965714
1099180293
1099180297
1115957509
1115957513
1099180549
1099180553
1115957765
1115957769
1099179525
1099179529
1095247109
1095247113
1099441413
1099441417
1095247365
1095247369
1099441669
1099441673
1095248133
1095248137
1116227858
1116227874
1099500098
1099438345
1116215557
1116215561
1099438597
1099437317
1099437321
1116214533
1116214537
1099237762
1115965730
1099237954
1099238018
1115965970
1115965986
1099179270
1099179274
1099180550
1099180554
1094985222
1094985226
1099179526
1099179530
1094985990
1094985994
1116226833
1116226849
2189956357
2189956361
1116227089
1115952649
1099176197
1099176201
1115953413
1115953417
1163921430
1163921434
1115964945
1115964961
1168115782
1099302210
1099302274
1115981074
1115981090
1099302466
1099302530
1115981330
1115981346
1095243273
1099437573
1099437577
1095244037
1095244041
1116214789
1116214793
1099438341
2189961737
1099303234
1099303298
1115982098
1115982114
1099303490
1099303554
1115982354
1115982370
1099564353
1099564417
1116243217
1116243233
1099564609
1095247110
1095247114
1099441414
1099441418
1095247366
1095247370
1099441670
1099441674
1095248134
1095248138
1099176453
1099176457
1094982149
1099437574
1099437578
1116214790
1116214794
1099438342
1099438346
1116215558
1116215562
1099438598
1099438602
1099564673
1116243473
1116243489
1099565377
1099565441
1116244241
1116244257
1099565633
1099565697
1116244497
1116226834
1116226850
2189956358
2189956362
1116227090
1168115750
1168115754
1184892966
1184892970
1094984966
1094984970
1115982097
1115982113
1099303489
1099303553
1099442438
1099442442
1095248390
1095248394
1099442694
1099442698
1116218630
1116218634
2189957642
1116219910
1116219914
1099564354
1099564418
1116243218
1116243234
1099564610
1099564674
1116243474
1116243490
1099565378
1099565442
1115956486
1115956490
1116227857
1116227873
1099500097
1099500161
1115965729
1099237953
1099238017
1115965985
1099236673
1115965969
1208510561
1208510562
1208510625
1208510626
1094980869
1094980873
1094981125
1099175177
1099175173
1094981129
1099175429
1094981893
1094981897
1094982153
1099236737
1115964689
1115964705
1099236929
1099236993
1099237697
1099237761
1115965713
1116215814
1116215818
1115956485
1115956489
1115956741
1115956745
2189961478
2189961482
2189961734
2189961738
1163921446
1163921450
1168115846
1168115850
1099175174
1099175178
1094981126
1099236674
1099236738
1099236930
1099236994
1099237698
1099175433
1115953669
1115952393
1115953673
1115952645
1099438601
1116215813
1116215817
1116228113
1116228129
1095243013
1095243017
1095243269
1095244293
1095244297
1116244513
1116227106
2189956614
2189956618
2189957382
2189957386
1116228114
1116228130
2189957638
1115956742
1115956746
1099180294
1099180298
1115957510
1115957514
1115957766
1115957770
1116219909
1116219913
1116227105
1099499137
1099498817
1099498881
1099499073
1099499841
1099499905
1094985989
1094985993
1094986245
1094986249
1208526929
1208526930
1208526946
1208526945
1208527009
1208527010
1115982353
1115982369
1116218885
1116218889
1099442437
1099442441
1116219653
1116219657
1099442693
1099442697
1095248389
1095248393
1116218629
1116218633
1094981130
1099175430
1099175434
1094981894
1094981898
1094982150
1094982154
2189960453
2189960457
1095243014
1095243018
1099437318
1099437322
1095243270
1095243274
1095244038
1095244042
2189957641
1099500162
1094980870
1094980874
1115952390
1115952394
1115952646
1115952650
1099498818
1099498882
1099499074
1099499138
1099499842
1099499906
2189960709
2189960713
2189961477
2189961481
2189961733
1208526993
1208526994
1095244294
1095244298
1116214534
1116214538
1116218886
1116218890
1116219654
1116219658
1094986246
1094986250
2189960454
2189960458
2189960710
2189960714
2189956613
2189956617
2189957381
2189957385
2189957637
1115952389
1208510610
1168115786
1208510545
1208510546
1208510609
