1141983753
1141983754
1142000137
1141999881
1141999882
1142065413
1142000138
1143032073
1143032074
1143048457
2241337346
2241341442
2258114562
2258118658
2241858054
2237663750
2237663754
1209276513
1209276514
1209280609
1209280610
1209276577
1209276578
1209280673
1209280674
1167333377
1167337473
1163921926
1163921930
1167595522
1167599618
1168116230
1168116234
1210140937
1210140938
1210141193
1210141194
1210157577
1210157578
1210223113
1163401217
1163143169
1163139074
1163143170
1167333378
1210157317
1210157318
1167337474
1209276497
1141982469
1141982470
1141982473
1210157321
1210157322
2236880897
2236884993
2236880898
2236884994
2241075202
2241079298
2237143041
2237147137
1143048458
1143032329
1143032330
1143048713
1143048714
1141999877
1141983498
1141983497
1210140933
1210140934
2258635270
1184110594
1184114690
1163405313
1167595521
1167599617
1163401218
1163405314
1209280594
2283899145
2283899146
2283899401
2283899402
2283964937
2283964938
1184372738
1184376834
1184893446
1184893450
1209542738
1209542753
1209542754
1141999878
1210222857
1210222858
1210223114
2237663494
2237663498
2241857798
2241857802
2241337345
2241341441
2258114561
1141982474
1141998857
1141998858
1141982729
1141982730
1141999113
1141999114
1184110593
1184372737
1184376833
1184114689
1142065414
1142065417
1142065418
1163921670
1163921674
1168115974
1168115978
1209280593
1209542737
1209542818
2241858058
2258635274
1209276498
1141983494
1141983493
1142065673
1142065674
2258118657
1143114249
1143114250
2237143042
2237147138
1142064649
1142064650
1184893190
1184893194
2283882761
2283882762
2283883017
2283883018
1209542817
1210222853
1210222854
1163139073
2258635014
2258635018
1143032069
1143032070
2283882757
2283882758
