1142254084
1142270096
1141999000
1142064468
1142065496
1142065508
1142065512
1142249632
1142253728
1142254088
1210222952
2283882840
1141982564
1141982568
1141982628
1141982632
1141998996
2283883096
2283882856
2283883112
2258192385
2258192386
2258208769
2258208770
1142253828
1142270032
1142331472
1142335568
1142331488
1142335584
1141983656
1142000020
1209641056
1209444448
1209706592
1209378976
2241431554
2241497089
2241497090
2258274305
2258274306
2283104520
2283120736
2283182176
1168116306
1167689730
1168116322
1167755265
1167755266
1184466945
1184466946
1184532481
1184532482
1209374816
1209378912
1209440352
2283899220
2283899224
2283899284
2283899288
2283964756
2283964760
2283964772
2283964776
1163233281
1163233282
1163298817
1163298818
1167476737
1167476738
1167493121
1167493122
1210411528
1210427912
1210157672
1209362512
1209624656
1142253664
1142000024
1142000280
1142065752
1142065768
1142331656
1142336004
2283899240
2283899496
2283899304
2283899560
2283965032
2283964840
2283965096
2283965016
1209374984
1209440520
1209379080
1209444616
1210157396
1210157400
1210157460
1210157464
1210222932
1210222936
1210222948
2283186440
1167411202
1168116050
1168116114
1184188418
1184893266
1184204802
1184893282
1167673346
1210141352
1143032168
1143032424
1143032232
1143032488
1143048600
1143048856
1143048616
1163560962
1163922082
1209275736
1209275752
1209275992
1209276008
1209280084
1209280100
1210223208
1209280088
1209280104
1209276760
1210329704
1210329768
2241480705
2241480706
1209275748
1209275812
1209275816
1209279844
1209279908
1209279848
1209279912
1209276772
1209276836
1210157416
1210157480
1210157736
1167738881
1167738882
1184450561
1184450562
1209358432
1209362528
1209374864
1210329700
1210329688
1142335748
1142000036
1142000040
1141983588
1141983592
1141983652
1143032164
1143032228
1142065572
1142065576
1142253832
1143048596
1143048612
2236958722
2237663570
2236975106
2237663586
1142249568
1143048552
1142270048
1143032148
1143048808
1209641224
1209706760
1209379336
1209444872
1209641480
1209707016
1142270112
1167427585
1167427586
1184204801
1184270337
1184270338
1167689729
1210591912
1209276776
1209280852
1209280868
1209280856
1209280872
1209358596
1209374980
1209362692
1209379076
1209641220
1209362948
1209379332
1209624840
1210325336
1209624836
2283104516
2283882852
2283882916
2283882920
2283899300
2258635362
2283899480
2257930242
2258635090
2257946626
1210223016
1210223272
1209374880
1209440416
1209444512
1209641120
1168116386
1184893538
1184893602
1210157412
2283186272
2283104776
2283120800
2283182240
2241169409
2241169410
2241234945
2241234946
2257946625
2258012161
2258012162
2241431553
2283899236
2283964836
2283186336
2237220865
2237220866
1163216898
1167411201
1163479041
1163479042
1163495425
1210141032
1142597712
2283448416
2283186696
2283448480
1141999960
1142065492
1141998932
1141998936
1141983848
1142000216
1141999976
1141998948
1141998952
1141983572
1143032152
1210325348
1210325412
1210325352
1210325416
1210329444
1210329508
1210329448
1210329512
1210329432
2258635106
2241415170
2241858130
2241858194
2258635346
2283104336
2283882836
2236958721
2236975105
2241153025
2241153026
1141999256
1141999016
1141999272
1143048872
1141982824
1141983912
1142000296
1141999012
1168116066
1168116130
1184893346
1209706656
1210325608
1210325672
1209276072
1209280164
1209280168
1209276840
1210329764
1209444612
1209706756
1209281124
1209281188
1209281128
1209281192
1209277032
1209277096
1142331912
1142336008
1143048536
1143048792
1143114072
1143114328
1209641104
1209362592
1209624736
1210407432
1210423816
1209374216
1209439752
1209378312
1209443848
1209280932
2241857874
1209279828
1209357832
1209361928
1209281108
1209542996
1209543012
1209543000
1143114068
1143114084
1143114088
1143048532
1142064472
1142064484
1142064488
1141999956
1209543076
1209543016
1209543080
1209444868
1210489352
1209375240
2241858146
2241858210
2258635426
2241857890
2241857954
2237663826
2237237250
2237663842
1210141016
1210141272
1210141288
1163921746
1163921762
1210157656
1209641040
1209624672
1163922002
1163495426
1210141028
1210141092
1210141096
1210157476
1141999192
1142064728
1142064744
1163560961
1209374800
1209378896
1209440336
1209444432
1142597728
1141982888
1210325592
1210329684
2283120720
2283104772
2283120784
2237040641
2283100256
2283104352
2283100320
2283104416
1143114148
1143114152
1142331552
1142335648
1143048548
2283182344
2283182340
1209358416
1210141012
1163216897
1167673345
2237237249
2241415169
2283100240
1142335752
1142597792
2283182160
2283186256
2241218562
1209279832
1209542232
1210493448
1210591848
1210591832
1209440776
2237302785
2237302786
1142064548
1142064552
1141999972
1142065832
1143114344
1209542248
1209281112
1209543256
1209543272
1209280936
1209362696
1209362952
1209625096
1142000232
1141983576
2258635170
1210157720
1209706576
1209378960
1209358496
2283899544
1143114408
1141999208
1142064808
1163921826
1163922018
1168116370
2237040642
2241218561
2283186436
2283448400
2283186692
2283883176
2237663650
2241857938
1142331652
1143032408
1184188417
1184893522
2257930241
2237663906
2283182600
1209543336
1209542312
1141983832
1141982552
1141982808
1142253648
1209358600
1209358856
1210329428
1210223192
1209440516
1142249552
1141982548
1210223012
1209275732
1209276756
1210325332
1209277016
