1395932595472
2791796966928
2512691201552
2770389239312
1413179573776
1417475589664
2791798015248
1675106518288
2774618146064
1417408480528
2516920108304
1692286387472
2791864075808
1400294738448
2499806366224
1675172645392
2774684273168
2774685256224
1400294738208
1692352448784
2791864076560
1400227563792
2499739191568
1675105470736
2774617098512
1417407432976
2516919060752
1692285339920
2791796967696
1400227629600
2499739257376
1675105536544
2774617164320
1417407498784
2516919126560
1692285405728
2791797033504
1395999771168
2495511398944
1675105536528
2774617164304
1417407498768
2516919126544
1692285405712
2791797033488
1395999771152
2495511398928
1670877678096
2770389305872
1417407498512
2516919126288
1692285405456
2791797033232
1395932662032
2495444289808
1670810568976
2770322196752
1413112531216
2512624158992
1413180623392
2512692251168
1688058530336
2787570158112
1675173628448
2791865189920
2791865124128
1675106519568
2774618147344
1417408481808
2516920109584
1692286388752
2791798016528
2495445272080
1687991420432
2787503048208
1400228611600
2499740239376
1396000753168
2787570157088
1396000754192
2495512381968
1670878661136
2770390288912
1688058530320
2787570158096
1400295721488
2499807349264
1395933709840
2495445337616
1670811616784
2770323244560
1413113579024
2512625206800
1687991485968
2787503113744
1400228677136
1396000753936
2495512381712
1670878660880
2770390288656
1413180623120
2512692250896
1688058530064
1395932596512
2495444224288
1670810503456
2770322131232
1413112465696
2512624093472
1687990372640
2787502000416
1400227563808
2499739191584
1688057547024
2787569174800
1413112530464
2512624158240
1687990437408
1395933644064
2495445271840
1670811551008
2770323178784
1687991420192
2787503047968
1400228611360
2499740239136
1675172645152
2499739256336
2774617163280
1417407497744
2516919125520
1395999770128
2495511397904
1670877677072
2516986169632
1692353563152
2791865190928
1395999705360
2495511333136
1413179574544
2512691202320
1395932596496
1395999705616
2495511333392
1395933709600
2495445337376
1670811616544
2770323244320
1413113578784
2512625141008
1687991420176
2787503047952
1400228611344
1675173692688
2774685320464
1692353561872
1413179639072
2512691266848
1688057546016
2787569173792
1400294737184
2499806364960
1675172644128
2774684271904
1395932662288
2495444290064
1670810569232
2770322197008
2791798081824
1413179640336
2512691268112
1688057547280
2787569175056
1417407431968
2516919059744
1692285338912
2791796966688
1395999704352
2495511332128
1670877611296
2770389239072
2770389240096
1413179574560
2512691202336
1688057481504
2787569109280
1400294672672
2499806300448
1675172579616
2774684207392
1417474541856
1417475590672
2516987218448
1692353497616
2791865125392
1670878726432
2770390354208
1413180688672
2512692316448
1688058595616
2787570223392
1675173692704
2774685320480
1395999769872
2495511397648
1670877676816
1395932596752
2495444224528
1400227564048
2499739191824
1395932662048
2512691267872
1417407498528
2516919126304
1692285405472
1413112465952
2512624093728
1687990372896
1670877678112
2770389305888
1413179640352
2512691268128
1688057547296
2787569175072
2787502000672
2774684206368
1417474540832
2516986168608
1692286387744
2791798015520
1413113513504
2512625141280
1687991420448
2787503048224
1400228611616
2499740239392
1675106518560
2774618146336
2791797033248
1417475655200
2516987282976
1692353562144
2512625206816
1687991485984
2499806300688
1417474542096
2516986169872
1675106585104
2774618212880
1692286454288
2791798082064
2770390354448
1670811617808
2770323245584
1400227564064
2499739191840
1675105471008
2774617098784
1417407433248
2516919061024
1692285340192
2791796967968
1670877612576
2770389240352
1400294672928
2499806300704
1417474542112
2516986169888
1692352449056
2791864076832
2770323180064
1687991421472
2787503049248
1395932662304
2495444290080
1670810569248
2770322197024
1400294738464
2499806366240
2495444288784
1670810567952
2770322195728
1400227628304
2770389304592
2774684271888
1396000753184
1670878660128
2770390287904
1688058529312
1413113514256
2512625142032
1687991421200
2787503048976
1692286388496
2791798016272
2791798082080
1417475656224
2516987284000
1692353563168
2791865190944
1688058595872
1396000819472
2495512447248
1670878726416
2770390354192
1688058595600
2787570223376
1670811617552
2770323245328
1413113579792
2512625207568
1400227563024
2499739190800
1395932595728
2495444223504
1400294671888
2499806299664
2787569108496
1675172578832
1688057480720
2774684206608
2512624158224
1400227628560
1413179639312
2512691267088
1688057546256
2787569174032
1400294737424
2499806365200
1687990371600
2495511332112
1670877611280
2770389239056
2495444223248
1670810502416
2512624092432
2770322130192
1675105535264
2774617163040
1395932595488
2495444223264
1400227562784
2499739190560
1413179573536
2512691201312
1688057480480
1400294671648
2499806299424
2787503113760
1400228677152
2499740304928
1675106584096
1675173628432
2774685256208
1395932661024
2495444288800
2512624157984
2787502064928
1400227628320
2499739256096
2787570157840
1675173628176
2774685255952
1687991486992
2787503114768
1688058595856
2787570223632
1675173693968
2774685321744
1417475656208
2516987283984
1687991421216
2787503048992
1688058530080
2499806365984
2499807414560
1675173693728
2774685321504
1670878660896
2770390288672
1688058594832
2787570222608
1400295786000
2499807413776
1675173692944
2774685320720
1670878660112
2770390287888
1670811617568
2770323245344
1413113579808
1670811551264
2770323179040
1675173692960
2774685320736
1670811616800
2770323244576
2774618211872
1692286453280
1400227563040
2499739190816
1670811616528
2770323244304
1400294737440
2499806365216
1417408480784
2774618146320
1395999704592
2495511332368
2495444289040
1413112530448
1670811617824
2770323245600
1687991487008
1675172644384
2774684272160
1400227628576
2499739256352
2791865190688
2512625207584
1687991486752
2787503114528
1687991486736
2787503114512
2791798081056
1400295720480
2499807348256
1675173627424
2774685255200
1692286388768
2791798016544
1670878661152
1670811552288
1670878726688
2770390354464
1692286454304
1670811550992
2770323178768
1670878659856
2770390287632
2770390353168
1670878725392
1400294671904
2499806299680
1417474541072
1417474541840
2516986169616
1413112465680
2512624093456
1417474607648
2516986235424
1395999770896
2495511398672
1413179640080
2512691267856
1692353497632
2791865125408
1675173627408
2774685255184
1675106518544
1675106584080
2774618211856
1413112531232
2512624159008
2787570157856
1670878659872
2770390287648
1396000818464
2495512446240
1670878725408
2770390353184
1395999704336
1395932661008
1395999769888
2495511397664
1417474607632
2516986235408
1417407433232
2516919061008
1413179640096
