279509796112
279511173408
554389080352
283806140704
558684047648
279779608864
554657515808
284074576160
558952483104
279578282272
554456189216
558751090208
284140571168
559018478112
558683720224
279779281440
554657188384
284074248736
558952155680
279577954848
554455861792
283873248800
283872922144
558750829088
279510911520
284074248720
558952155664
279577954832
554455861776
283872922128
558750829072
279846390288
554724297232
284141357584
559019264528
283873183008
558751089952
279846651168
554724558112
279510058528
554387965472
283805025824
558682932768
279778493984
283871937824
558749844768
279845405984
554723312928
559018280224
558951171344
279576970512
279845669152
554723576096
554456188448
558750107936
279510124064
554388031008
283805091360
279779280144
554657187088
284074247440
558952154384
279577953552
554455860496
283872920848
558750827792
279846389008
554724295952
279845603856
554723510800
284140571152
559018478096
554388818464
283805878816
558683785760
283873249568
558751156512
279846717728
554724624672
284141685024
559019591968
279846717712
284141685008
279511173392
554389080336
283806140688
558684047632
279779608848
554657515792
284074576144
279510910224
554388817168
283805877520
558683784464
279779345680
554657252624
284074312976
558952219920
279578019088
554455926032
279577232672
554455139616
279578020384
554455927328
283872987680
558750894624
279511108128
554389015072
283806075424
558683982368
279779543584
554657450528
284074510880
558952417824
279578216992
554456123936
559018543392
284140636432
559018543376
279779543312
554657450256
284074510608
558952417552
554455861520
283872921872
558750828816
279510059280
283805812256
558683719200
279779280416
554657187360
284074247712
558952154656
279509797152
554387704096
283804764448
558682671392
279778232608
554656139552
284073199904
558951106848
279576906016
554454812960
558750042656
284074247696
558952154640
279577953808
283872921104
284073462288
558951369232
559018215696
284073199888
558951106832
279576906000
554454812944
283871873296
558749780240
279845341456
554723248400
284140308752
283872199968
558750106912
283806074128
558683981072
279779542288
554657449232
284074509584
558952416528
554656204048
284073264400
284140373264
559018280208
279845406992
554723313936
284140374288
559018281232
279509862672
554387769616
283804829968
283872987664
558750894608
279846455824
554724362768
284141423120
559019330064
283873248544
558751155488
279846716704
554724623648
279578215696
554456122640
283873182992
558751089936
279846651152
554724558096
284141618448
559019525392
284074575120
558952482064
279578281232
554456188176
283873248528
558751155472
279779346976
558952221216
279846389264
554724296208
559019263504
279510844944
554388751888
558683719184
279845340448
279846716688
554724623632
284141683984
559019590928
279511172368
554389079312
283806139664
558684046608
279779607824
554657514768
279846455840
554724362784
284141423136
559019330080
554656400928
284073461280
558951368224
279577167392
554455074336
283872134688
558750041632
279845602848
279510910480
283805877776
279779345936
554657252880
284074313232
558952220176
279509797392
283804764688
279578282528
279510844704
554388751648
283805812000
558683718944
279779280160
554657187104
284074247456
558952154400
279577953568
554455860512
283872135440
558750042384
279845603600
554723510544
559018477840
283872986656
558750893600
279846454816
554724361760
559019329056
279846454800
558952219936
279578019104
554455926048
283872986400
558750893344
279846454560
554724361504
284141421856
559019328800
554724296992
554723576336
284140636688
559018543632
279778298384
284073265680
279510059536
554387966480
283805026832
558682933776
279778494992
554656401936
284141685264
559019592208
279576971792
554454878736
283871939088
558749846032
554723314192
559018281488
279511107088
554389014032
283806074384
558683981328
283871873312
558749780256
279845341472
554723248416
284140308768
559018215712
283873249824
279846390304
554724297248
284141357600
559019264544
279509862944
554387769888
283804830240
558682737184
279778298400
283871938848
558749845792
279845407008
554723313952
284140374304
559018281248
554724296224
284141356576
559019263520
279779607840
554657514784
284074575136
558952482080
554456188192
279510125072
554388032016
283805092368
558682999312
279778560528
554656467472
284073527824
558951434768
279577233936
554455140880
283805026592
558682933536
279778494752
554656401696
284073462048
558951368992
279577168160
554455075104
279510124832
554388031776
558682999072
279778560288
554656467232
284073527584
559018281504
554723314208
283806074400
558683981344
279779542560
284074509856
279578215968
554456122912
283873183264
284140307728
559018214672
554387703056
279778231568
558682670352
554454877456
283871937808
558749844752
554723312912
279509861648
554387768592
283804828944
558682735888
279778297104
279778495008
554656401952
284073462304
558951369248
284141356304
559019263248
279510844688
554388751632
283805811984
558683718928
279510058256
554387965200
284073198864
558951105808
279510910240
554388817184
283805877536
558683784480
279779345696
554657252640
284074312992
279511106848
554389013792
283806074144
279510845712
554388752656
283805813008
558683719952
279779281168
554657188112
284074248464
558952155408
279577954576
279846390032
279779543568
554657450512
284074510864
558952417808
283805091104
558682998048
554724362512
284141422864
559019329808
283805813024
558683719968
554724296976
284141357328
559019264272
279845669136
554723576080
283805025552
558682932496
279577167120
283872134416
279577954592
554455861536
283872921888
558750828832
283872987424
558750894368
279846455584
554724362528
284141422880
559019329824
279510059296
554387966240
558951171600
279845406224
554723313168
284140373520
559018280464
279578215952
283873183248
279511172624
554389079568
283806139920
283872200208
558750107152
558682998304
279778559520
284073526816
279577232928
554455139872
283872200224
558750107168
279509861664
554387768608
558682735904
279778297120
284073264416
279845668368
554723575312
559018542608
554656204304
558684047904
279779281184
284074248480
279510911504
283805878800
279510910496
554388817440
558683784736
279779345952
284074313248
279510845728
554388752672
283872134432
558750041376
558682932512
279778493728
554656400672
284073461024
558951367968
279577167136
554455074080
554656138784
558951106080
279845340704
554723247648
284140308000
559018214944
279846652432
554724559376
559019526672
279511108112
554389015056
558683982352
284073526560
279778559264
279510123808
554388030752
554657450272
558952417568
554657516048
558952483344
279846717968
554724624912
279846652192
554656467216
558951434512
558751156768
279511173664
554389080608
283871872272
279845340432
558683981088
284074576416
279846717984
554724624928
559019592224
554387966224
558682933520
279778494736
284073462032
