292327523648
309508442496
584386349440
309776877952
584654784896
292328834688
567206741632
309508703872
584386610816
309777139328
584655046272
584655045952
292327785792
567205692736
309507654976
584385561920
292327787136
567205694080
309507656320
584385563264
309776091776
584653998720
292328835712
567206742656
292328572480
567206479424
309508441664
567205430848
309507393088
584385300032
309775828544
584653735488
309777139072
584655046016
292596221312
567474128256
309776090496
584653997440
292328834432
567206741376
309508703616
584386610560
309776090432
584653997376
292328834368
567206741312
309508703552
584386610496
309777139008
567474128448
309776090688
584653997632
292327523968
567205430912
309507393152
584385300096
309775828608
584653735552
292328572544
567206479488
309508442432
584386349376
309776877888
584654784832
292327786816
567205693760
309507656000
584385562944
292328834624
567206741568
309508703808
584386610752
309777139264
584655046208
309508441728
584386348672
309776877184
309776091456
584653998400
292328835392
567206742336
309508704576
584386611520
292327524992
567205431936
309507394176
584385301120
309775829632
584653736576
292328573568
567206480512
309508442688
584386349632
309776878144
584654785088
567205430592
584385299776
309507392832
309775828288
584653735232
292328572224
567206479168
309508441408
309508441472
584386348416
309776876928
584654783872
292327786880
567205693824
309507656064
584385563008
309776091520
584653998464
292328835456
567206742400
567205431872
309507394112
584385301056
309775829568
584653736512
292328573504
567206480448
309508704832
567474129472
309776091712
584653998656
292327523712
567205430656
309507392896
584385299840
309775828352
584653735296
292328572288
567206479232
292328835648
567206742592
309508704640
584386611584
309777140096
584655047040
292327524736
567205431680
309507393920
584385300864
584386611776
309777140288
584655047232
292327787072
567205694016
309507656256
309775829376
584653736320
292328573312
567206480256
292596221504
292327523904
584386348608
309776877120
584654784064
292327786048
567205692992
292327524928
292327785856
567205692800
584386348352
309776876864
584654783808
584654784128
309508442752
584386349696
309776878208
584654785152
309508704896
584386611840
292327524672
567205431616
309507393856
584385300800
309775829312
584653736256
292328573248
567206480192
292327786112
567205693056
309507655296
584385562240
309776090752
584653997696
309777140032
584655046976
309777140352
584655047296
