296688616720
576197036560
318498998800
593376905744
297024226592
314137183520
589015090464
301252281632
576130188576
318432150816
593310057760
296755987744
571633894688
313935856928
593041689120
301050759696
575928666640
318230628880
593108535824
588746654992
300983846160
318163715344
593041622288
593377166608
296957314320
296688683552
296756053280
571633960224
313935922464
588813829408
301051020576
575928927520
318230889760
593108796704
571566590496
576197364256
297024423440
571902330384
314204292624
589082199568
301319390736
576197297680
318499259920
593377166864
296688944400
571566851344
313868813584
588746720528
300983911696
318163780880
593041687824
296957119008
314136988192
589014895136
301252086304
593376904480
296688945440
571566852384
313868814624
588746721568
300983912736
575861819680
318163781920
593041688864
296957380896
296957380880
571835287824
314137250064
589015157008
301252348176
576130255120
593310124304
296756054288
571633961232
571834959120
314136921360
589014828304
575928599824
318230562064
593108469008
297024161040
571902067984
314204030224
593377233424
297024227872
571902134816
314204097056
589082004000
576197102112
318499064352
593376971296
571633632544
313935594784
301050692896
318230562080
575928600096
318230562336
593108469280
297024161312
571902068256
314204030496
589081937440
301319128608
593309861136
297024226576
571902133520
314204095760
589082002704
576197100816
318499063056
593376970000
571835024656
313935923744
588813830688
318498997776
314136921616
589014828560
301252019728
576129926672
318431888912
593309795856
296688880160
318432216352
575861490960
300983584016
318163453200
571566787104
313868749344
318230890000
301252086032
576129992976
575928862992
593108732176
318499326224
593377233168
296688617760
571566524704
313868486944
588746393888
300983585056
575861492000
318163454240
593041361184
571834960160
314204097040
589082003984
318499064336
593376971280
593376905760
297024488736
571902395680
314204357920
589082264864
301319456032
593377232160
313868552736
588746459680
318230891024
301252086288
318230563360
593108470304
318431954192
571902330128
314204292368
318499259664
296688878864
571566785808
576197362960
593377232144
296957379856
301051020560
571835221264
589015090448
301252281616
576130188560
593310057744
313935856912
313868486160
588746393104
300983584272
588746458400
300983649568
296957117728
297024423200
571902330144
589082199328
301319390496
593377166624
593309795616
593108796688
301252347152
318432216336
571835286800
301050758672
314204096016
589082002960
301319194128
576197101072
576129993232
588813568528
313868487184
588746394128
575861492240
318163454480
593041361424
318230891040
593108797984
313935596064
296688618016
318163454496
589014829600
576129927712
301319391776
297024162336
593309796896
296755725600
296688616736
571566523680
589014829344
301252020512
576129927456
313935595808
588813502752
593309796624
314204031248
301319193888
314136986912
301252085024
571633698080
588813567264
575928863248
571834960400
314136922640
318431889936
593309796880
593108797968
588746655248
300983846416
575861753360
593041622544
314137183760
301252281872
593041623568
314204031520
576197036576
318498998816
588813765152
575928863264
313868813840
588746720784
300983911952
575861818896
318163781136
593041688080
571566785824
313868748064
588746655008
575861491232
576197035552
296688944416
571566851360
593041687840
575928665632
593108534816
314204096032
589082002976
301319194144
576197101088
318163781904
588746655264
575861753376
593041622560
593377166880
314137183776
589015090720
576130188832
318432151072
301050758416
300983911968
301051020832
575928927776
593108796960
589082265120
301319456288
576197363232
318163716640
593041623584
593310059040
593377167904
571902395664
318163518736
296957117712
297024161056
296688682272
296755726608
593108470032
589014829328
313935661328
588813568272
296755792144
589081938208
313868552464
300983650576
589014894864
589082003728
575928862240
589082199584
313935923488
588813830432
301051021600
575928928544
576130188816
575928862224
301050693136
575928600080
593108469264
314204030480
576197035536
296688682512
314136987168
301252085280
576129926688
313868749072
318163782160
593041689104
593108470288
297024162320
575861556752
318163518992
576129992208
318163520016
301050693152
313868551712
300983649824
588813567520
301050758688
301252347424
318432216608
589082265104
576197363216
589082200352
576130254352
593310123536
593377167888
593108732432
318431955488
318163520032
593041426976
593108535840
296957052176
296688682256
593377233440
