2236913674
2236917770
2237671718
2237671722
2241206282
2241210378
2241866118
2241866122
2237175818
2237179914
1167611914
1167616010
1184389130
1184393226
1168124438
1168124442
1184901654
1184901658
1210165529
1210165530
1142008394
2283886869
2283886870
2283903558
1209559189
1209559190
1168124294
1168124298
1163433994
1163438090
1209575525
1209575526
1209575589
1209575590
1168120086
2241862214
2241862218
1168120090
1184897302
1184897306
1209296997
1209296998
1209297061
1209297062
1143052825
1143052826
1143118361
1143118362
1142003993
1142003994
1142069529
1142069530
1142004249
1142004250
1142073893
1142007434
1142008102
1142008358
1141990954
1142007433
1143036441
1143036442
1143052617
1143052618
1143052873
1142003989
1142003990
1142069525
1142069526
1142004245
2241866010
2258639142
2258639146
2241370118
2241374214
1210161449
1210161450
1210226985
1210226986
1210227241
1210227242
1210161705
1210161706
2283891237
2283891238
1184897317
1167628293
1167632389
1184405509
1184409605
1210145045
1210145046
1210161477
1210161478
1168120357
1210161738
2283903273
1184126985
1184131081
1184901397
1184901401
2283903274
2283903529
2283903530
1210165894
1163930149
1163930153
1168124549
1168124553
1184897558
1184897562
1167611913
1167616009
1184389129
1184393225
1168124437
1168124441
1184901653
1184901657
1210165525
1210165526
2283903525
2283903526
2283907657
2283907658
1209575593
1209575594
1168124453
1209313381
1209313382
1209313445
1209313446
1184143366
2283903369
2283903370
2258147338
2258151434
2258643494
2258643498
2236897290
2236901386
2241140746
2241144842
2237671702
2237671706
2241866054
2241866058
2241370117
2241374213
2237175814
2237179910
2241468422
2241472518
2237667878
2237667882
2241862278
2241862282
2283886889
2283886890
1210149413
1209297313
1209297314
1184897301
1184897305
1209292901
1209292902
1209292965
1210149414
1210165893
1142004246
1142069781
1142069782
1143036185
1143036186
1143052874
1142007429
1142007430
1141991717
1141991718
1141991973
1141991974
1142008197
1142008198
1142008453
1142008454
1210165785
1210165786
1210231321
1210231322
1209313365
1209313366
1209575509
1209575510
1209313429
1209313430
1209575573
1209575574
1210161545
1210161801
1141991706
1142008137
1142008138
1141991961
1141991962
1142008393
1143040281
1143040282
1143052837
1210145321
1210145322
1210161802
1167665158
1168120390
1168120394
1168120138
1163417606
1163421702
1163926038
1163926042
1167661062
1141986842
1142003238
1142007369
1142007370
1141991705
1143040537
1143040538
1210226981
1210161734
2237667621
2237667625
2283887125
2283887126
2241862021
2241862025
1210227222
1168120105
2241866261
2241866265
1167628298
1167632394
1184405514
1184409610
1168124454
1168124458
1184901670
1184901674
1210165545
1210165546
1184897321
1168120361
1184897573
1184897577
2237175813
2237179909
2241468421
2241472517
2237667877
1210145065
1210145066
1141987610
1142004041
1142004042
1141987865
1141987866
1142004297
1142004298
1210226982
1142069785
1142069786
1143052569
1143052570
1142004009
1142004010
1142069545
1142069546
1163155462
1163159558
1167398918
1167403014
1163925782
1163925786
1168120134
1209296981
1209296982
1143052842
1143118377
1143118378
1142069801
1142069802
2283891241
2283891242
1210149398
1141991702
1143036197
1143036198
1141991701
1142004265
1142004266
1142003225
1142003226
1142068761
1142068762
1209297505
1209297506
1209297569
1209297570
2241866278
1209313449
1210165801
1210165802
1210231081
1210231082
1210231337
1210231338
1209313450
1210161433
1210161434
1210161689
1210161690
1142008085
1142008086
1142008341
1142008342
1142073621
1142073622
1142073877
1142073878
1141987625
1141987626
1209297045
1209297046
1209559125
1209559126
1184901673
1141986837
1141986581
1141987862
1142004037
1142004038
1142004293
1142004294
1142003270
1141987605
1141987606
1210145049
1210145050
1210161481
1210161482
1210145305
1210145306
2283907609
2283907610
1167628297
1167632393
1184405513
1143052838
1184409609
1168124457
1184901669
1168120201
1163433989
1163438085
1163926053
1163926057
1167726597
1167730693
1168120453
1168120457
1209559141
1209559142
1209559205
1209559206
1210165797
1210165798
1210231333
1210231334
1210165641
1210165642
1209309286
1209309349
1209309350
1209313633
1209313634
1209313697
1209313698
1163171846
1163175942
1167464454
1167468550
1163925798
1163925802
1168120198
1168120202
1142004005
1142004006
1142069541
1142069542
1142004261
1142004262
1142069797
1142069798
1143056969
2283887142
2237671974
2237671978
2241468426
2241472522
2241866374
2241866378
1210149161
1210149162
1210149417
1210149418
1210165897
1210165898
1210161546
1143040297
1143040298
1143040553
1143040554
1143056777
1143056778
1143057033
1143057034
1163930150
1167611910
1167616006
1184389126
1184393222
1168120342
1168120346
1163155465
1163159561
1167398921
1167403017
1163929877
1163929881
1168124229
1168124233
1209292889
1209292890
1209313433
1209313434
1209575513
1209575514
1141991977
1141991978
1142008457
1142008458
1141991721
1141991722
1142008201
1142008202
1142008345
1141986853
1141986854
1163155461
1163159557
1163925781
1167665157
1168120389
1168120393
1210145301
1210145302
2241353738
2241357834
2258130954
2258135050
2241866262
2283886873
2283886874
2283903305
2283903306
1163929882
1167398922
1167403018
1168124230
1168124490
1163417610
1163421706
1163930134
1163930138
1167661066
2258147334
2258151430
2258639398
2258639402
1142002969
2241353733
2241861961
2237159429
2237163525
2241402886
2241406982
2283903557
1184897561
1167726601
1167730697
1210227238
1142002986
1142003241
1142003242
1142007321
1142007322
1142068777
1142068778
1141986601
1141986602
1142003081
1142003082
1141986857
1141986858
1163155466
1163159562
1163929878
1168124234
1209296985
1209296986
2241866282
2241862166
2241862170
2258130950
2258135046
2258639382
2258639386
1141990681
1141990682
1142003237
1184901417
1184147465
1184901413
2258130953
1141986585
1141986586
1142003017
1142003018
2258135049
2258643477
2258643481
1142008346
1142073625
1142073626
1142073881
1142073882
1143052585
1143052586
1143056921
1143056922
1143052841
2283907625
2283907626
2283973161
2283973162
1167611909
1167616005
1184389125
1184393221
1210161429
1210161430
1210226965
1210226966
1210161685
1210161686
1209309337
1209309338
1209313873
1209313874
1209313937
1209313938
1167349766
1167353862
1184126982
1184131078
1141990697
1141990698
1142007177
1142007178
1141990953
1142073894
1142008101
1142073637
1142073638
1142008357
1143040293
1143040294
1143040549
1143040550
2241353737
2241357833
1168124486
1210149145
1210149146
1210165577
1210165578
1210149401
1210149402
1210165833
1210165834
1141991958
1142008133
1142008134
1142008389
1142008390
1142003333
1142003334
1141991957
2241866310
2241866314
1167366150
1167370246
1184147462
1168120102
1168120106
1184897318
1184897322
2236901382
2237667606
2237667610
2241140742
2241144838
2241861958
2241861962
2237159430
2237163526
2237667862
1141986582
1141986838
1142003269
1143036182
1143036437
1143036438
1210161737
1143056970
1163171849
1163175945
1163929893
1163929897
1167464457
1167468553
1168124293
1168124297
1163433993
1163438089
1163171850
1163175946
1167464458
1167468554
1163929894
1163929898
1209313369
1209313370
1141987609
2283887145
2283887146
2283891225
2283891226
1209309285
1210161445
1210161446
1210161701
1141987877
1141987878
1142004357
1142004358
1141986597
1141986598
1141990933
1141990934
2283886885
1141987861
2283886886
2283891221
2283891222
2283907721
1210227221
1167349765
1167353861
1168120085
1168120089
1184126981
1167628294
1167632390
1184405510
1184409606
1168120358
1168120362
1184897574
1184897578
1209297233
1209297234
1209297297
1209297298
1209292949
1210161733
1167398917
1167403013
1163925785
2283903513
2283903514
1184131077
1168120341
1168120345
1184897557
1210165829
1210165830
1142008089
1142008090
1209297250
1210231318
2241370122
2241374218
1210165781
1210165782
1210231317
2236897286
2241357829
1209292969
1209292970
1210231061
1210231062
2258643478
2258643482
1168120133
1168120137
1209292885
1209292886
1209292950
1210161542
1163175941
1167464453
1167468549
1163925797
1209313681
1209313682
1163925801
1168120197
1143036181
1143052869
1143052870
2241861926
2241861930
1142073898
1142008105
1142008106
1142073641
1142073642
1142008362
1142073897
1209297065
1209297066
1209559209
1209559210
1209297001
1209297002
1209559145
1209559146
1210145317
1210145318
1210161797
1210161798
2241862165
2241862169
2258130949
2258135045
2258639381
2258639385
1210161541
1209309269
1209309270
1209313617
1209313618
1209309333
1209309334
1210231065
1210231066
1210227225
1210227226
1209575577
1209575578
1167349770
1167353866
1184126986
1184131082
1168124182
1168124186
1184901398
1184901402
1142002985
1210161702
1210227237
1163417605
1163421701
1163926037
1163926041
1167661061
2236913670
2236917766
2241206278
1142003273
1142003274
1141986841
2241370121
2241374217
2258147337
2258151433
2241866277
2241866281
2258643493
2258643497
2283890985
2283890986
2241866266
1167366154
1167370250
1184143370
1184147466
1168124198
1168124202
1184901414
1184901418
1209313385
1209313386
2237667866
1167726602
1167730698
1163930154
1168124550
1168124554
1143036453
1143036454
1143040533
1143040534
2237159434
2237163530
2237671958
2237671962
2241402890
2241406986
1141990937
1141990938
1209559129
1209559130
1209297049
1209297050
1209559193
1209559194
2283907722
2283969065
2283969066
1142004105
1142004106
1141987881
1141987882
1142004361
1142004362
1143036201
1143036202
1143052681
1143052682
1209292966
1209297249
1141990693
1141990694
1141990949
1141990950
2241353734
2241357830
2283903257
2283903258
1209309289
1209309290
1209313889
1209313890
1209309353
1209309354
1209313953
1209313954
1210165541
1210165542
2283890970
1142003337
1142003338
1167366149
1167370245
1168120101
1184143365
1184147461
1167665162
2283903625
2283903626
1163930133
1163930137
1168124485
1168124489
1210149141
1210149142
1210165573
1210165574
1210149397
1210149157
1210149158
1210165637
1210165638
1167349769
1167353865
1168124181
1168124185
2241091590
2241095686
2241861910
2241861914
2258639126
2258639130
1168124197
1168124201
1184143369
1167366153
1167370249
1209309273
1209309274
1163171845
2241862181
2241862185
2258147333
2258151429
2258639397
2258639401
1143052933
1143052934
1141987621
1141987622
2241091594
2241095690
2237671973
2237671977
2241468425
2241472521
2241866373
2241866377
2241866006
1142007082
1142007337
1142007338
1142072873
1142072874
1142008361
1167661065
1167665161
1163417609
1163421705
1209292953
1209292954
1209297489
1209297490
1209297553
1209297554
2283907465
2283907466
2241402885
2241406981
2237667861
2237667865
2241862213
2241862217
1210226969
1210226970
1209292905
1209292906
1142004101
1142004102
2241862182
2241862186
2237671961
2237163529
2237159433
2241402889
2237671957
2236897289
2236901385
2237671701
2237671705
2241406985
2241866309
2241866313
2283887141
1209575529
1209575530
1210231077
1210231078
2236897285
2236901381
2237667605
2237667609
2283907717
2283907718
1142002970
2241107978
2241112074
2241866022
2241866026
2258643238
2258643242
1210145062
2283890969
2283887129
2283887130
2283903561
2283903562
1163433990
1163438086
1167726598
1167730694
1163926054
1163926058
1168120454
1168120458
1143036457
1143036458
1143052937
1143052938
2237667881
2241862277
2241862281
2283907369
2283907370
2241210374
2237667622
2237667626
2241862022
2283903621
2283903622
2241862026
2241861957
1143057029
1143057030
1142007081
2236913673
2236917769
2237671717
2237671721
2241866117
2241866121
2237175817
2237179913
2283890981
2283890982
1143056681
1143056682
1143056937
1143056938
1143122473
1143122474
1210145061
2283969049
2283969050
