2236979210
2236983306
2237671782
2237671786
2237044746
2237048842
2237671846
2237671850
2241222666
2241226762
2283104794
1142069610
1142069866
2283121057
2283121058
2237667945
2237306885
2237310981
2237668005
2237668009
1209379097
1209379098
1209444633
1209444634
1209641241
1209641242
1209706777
1209706778
1209379353
1209379354
2241488906
2241866390
2241866394
1210608282
1141991769
1141991770
1141991018
1142007129
1142007130
1141991785
1141992042
1142008153
1142008154
1142008409
2283100245
2283100246
2283104593
1210358165
1210358166
2283182249
2283182250
2283186849
2283186850
1142253737
1142253738
1142331945
1142331946
1142270121
1142270122
1142336041
1142336042
2258643545
1143056741
1143056742
1143056997
1143056998
1143056805
1143056806
1143057061
1143057062
1167480841
1167484937
1168124313
1209624677
1209624678
1168124329
1163930214
1163930218
1167742986
1167747082
1168124566
1168124570
1163930278
1163565066
1167759370
1167763466
1209575781
1209575782
1209575845
1209575846
1209575785
1209575786
1209575849
1209575850
2283186277
2283186278
2283448421
2283448422
2283891049
2283891050
2283891305
2241419270
2241423366
2241862230
2241862234
2241435654
2241439750
2241862246
2241862250
1209296229
1143052890
1142270117
1142270118
1142336025
1142336026
1142336022
1143052698
1143052954
1143118169
1143118170
1142072933
1142072934
1142072741
1142072742
1142072997
1142072998
1142008165
1142008166
1142008421
1142008422
2237672037
2237672041
1210345814
2241419269
2241423365
2241862229
2241862233
2241484805
2241488901
2241862293
2241862297
1141990745
1141990746
1141991001
1141991002
1141990761
1141990762
1141991017
1141992041
1142003306
1142253653
2283104361
2283104362
2283182377
2283182378
2283120745
2283120746
2283186473
1143122265
1143122266
1143122521
1143122522
1143122281
1143122282
1143122537
1143122538
1142254102
1142270353
1142270354
1142331493
1142331494
1142335841
1142335842
2283891045
2283891046
2283891306
1209296277
1210161497
1210161498
1210161753
1210161754
1168124569
1167759369
1167763465
1210161513
1210161514
1210161769
2257950730
2257954826
2258643302
2258643306
2258016266
2258020362
2258643366
2258643370
2283903337
2283903338
2283903593
2283903594
2283903401
2283903402
2283903657
2283903658
1210227109
1210227110
1210227365
1210227366
1210161493
1210161494
1210161749
1210161750
1210161557
1210161558
1210161813
1210161814
1184471046
1184475142
1184897638
1184897642
1184536582
1184540678
1184897702
1184897706
1210345878
1209362981
1209362982
1209379461
1209379462
1209624873
1209624874
1209641353
1209641354
1209439785
1209439786
1209313689
1209313690
1184897366
1184897370
1184208902
1184212998
1184897382
1184897386
1167677446
1167681542
1168120406
1168120410
1209379093
1209379094
1209444629
1209444630
1210358105
1210358106
1210358169
1210358170
2283907417
2283907418
2283907673
2283907674
2283907433
2283907434
2283907689
2283907690
1209378985
1209378986
1209641129
1209641130
1209444521
1143052693
1209444522
1209706665
1209706666
1167431685
1167435781
1168120165
1168120169
1167497221
1167501317
1168120229
1168120233
1184208901
1184212997
1209444889
1209444890
1209641497
1209641498
1163499530
1163503626
1210341718
1210341781
1210341782
2283182245
2283182246
2283907413
1142254106
1142270369
2283907414
2283907669
2283907670
2283907477
1209293161
1209293162
1209293225
1209293226
2258212874
2258216970
2258643558
2258643562
2258278410
2258282506
2258643622
2258643626
2241173509
2241177605
2241861989
2241861993
2241239045
2241243141
2283972966
2283973221
1184454665
1184458761
1184901717
1184901721
1184471049
1184475145
1184901733
1184901737
1209440553
1209440554
2283969109
2283969110
1209379109
1209379110
1209444645
1209444646
2283100265
2283100266
2283104865
2283104866
2283104805
2283104806
2283121285
2283121286
2283100329
2283100330
2237306889
2237310985
2283886954
2283887209
1209296293
1209296294
1209296233
1209296234
1209296297
1209296298
1209293157
1209293158
1209293221
1209293222
1142331673
1142331674
1142270053
1142270054
1142335769
1142335770
1142253670
1143052633
1143052634
1143052889
1142007190
1142007445
1141990758
1141991013
1141991014
1141990821
1141990822
1141991077
1141991781
1141991782
1209375369
1209375370
1209362985
1209362986
1143036249
1143036250
1143036505
1143036506
1143036265
1143036266
1143036521
1143036522
1141992037
1141992038
1210231145
1210231146
1210231401
1210231402
1210231209
1210231210
1210231465
1210231466
2283972965
1210427929
1142007125
1210427930
2283891113
2283891114
2283891369
2283891370
2241226758
2283100261
2283100262
2283104609
2283104610
2283104537
2283104538
2283120969
2283120970
2241862038
1143118165
1143118166
1143118421
1143118422
1143118437
1209378901
1209378902
1209641045
1209641046
1209444437
1209444438
1209706581
1209706582
1209378965
1209378966
1142004137
1142004138
1142004393
1142004394
2283886953
2283887210
1168124517
1168124521
1209297241
1209297242
1209297305
1209297306
1209297497
1209297498
1209297561
1209297562
1209559385
1209559386
2241226761
2241866133
2241866137
1142253849
1142253850
1142270281
1142270282
1142254105
1210358117
1210358118
1210358181
1209378345
1209378346
1209443881
1209443882
1209313881
1209313882
1209313945
1209313946
1142008410
1142008169
1142008170
1142008425
1142008426
1210407465
1210407466
1168124581
1210423945
1210423946
1210411561
1210411562
1210428041
1210428042
1209313641
1209313642
1209439770
1209313705
1209313706
1209313897
1209313898
1209313961
1209313962
1163220998
1163225094
1163925846
1163925850
1163237382
1163241478
1163925862
1163925866
1167415302
1167419398
1142008213
1142008214
1142008469
1142008470
1210341721
1210341722
1210341785
1210341786
2283903317
2283903318
2283903573
2283903574
2283903333
2283903334
2283903589
1209379233
1209379234
1209440421
1209440422
1209444769
1209444770
2237241350
2237245446
2237667942
2237667946
2237306886
2237310982
2237668006
2237668010
2283969194
1163926117
1163926121
1210345833
1210345834
1210345897
1210345898
1142004373
1142004053
1143056725
1143056726
1143056981
1143056982
1142003305
1142253921
1141992025
1141992026
2258212869
1209379113
1209379114
1209444649
1209444650
2258216965
1209292117
1209292118
1209292181
1209292182
1209292121
1209292122
1209292185
1209292186
1209296213
1209296214
1168124586
2283968869
2283968870
2283969125
2283969126
1209641257
1209641258
1143056745
1143056746
1143057001
1143057002
1143056809
1143056810
1143057065
1143057066
1209379409
1209379410
1167480842
1167484938
1209379141
1209379142
1167759365
1167763461
1168120485
1168120489
1184471045
1184475141
1184897637
1184897641
1184536581
1184540677
2283100249
2283100250
2283104849
2283104850
2283104809
1210145129
1210145130
1210145385
1210145386
1209296549
1209296550
1209296489
1209296490
1209296553
1209296554
2283973029
2283973030
2283973285
2283973286
2237229065
1142003029
1142003030
1142003285
2237672021
2237672025
2237241353
2237245449
1209297577
1209297578
1142270370
1142249637
1142249638
1142253985
1142253986
1143118182
1142004374
1142068582
1142068837
1142068838
1210227045
1210227046
1210227301
1210227302
1210493482
2283887017
2283887018
2283887273
2283887274
2241484806
2241488902
2241862294
2241862298
1142073942
1142253733
1142253734
1142331929
1142331930
1142004057
1142004058
1142004313
1142270598
1209374250
1209296278
1209296469
1209296470
1209296533
1209296534
1209357849
1209357850
1142253673
1142253674
1142331689
1142331690
1142270101
1142270102
1142270105
1142270106
1142336037
1142336038
1142073769
1142073770
1142074025
1142074026
1210149205
1210149206
1210149461
1210149462
1210149221
1210149222
1210149477
1210149478
1209312666
1168124261
1168124265
1142270278
1142331477
1142331478
1142335825
1142335826
1142254101
1143052709
1143052710
1143052965
1143052966
1168124582
1210341717
1210427946
1142004118
1142007193
1142007194
1142007449
1142007450
1142072665
1142072666
1142072921
1142072922
1142072681
1209297509
1209297510
1209297573
1209297574
1209297513
1209297514
1142008485
1142008486
1209378329
1209378330
1209443865
1209378921
1209378922
1209641065
1142004054
1142004309
1142004310
1142004069
1142004070
1209641066
1210161561
1210161562
1210161817
1210161818
1167693833
1167697929
1209374233
1209374234
1209439769
1209641610
1143057045
1142073958
1142254121
1142254122
1142270601
1142270602
1143122517
1142073685
1142008149
1142008150
1209374281
1209374282
1209361945
1209361946
1209378377
1209378378
1209297237
1209297238
1209297301
1209297302
1209379365
1209379366
1209444901
1209444902
1209706793
1209706794
1209575017
1209575018
1210346089
1210346090
1210346153
1210346154
1209575081
1209575082
1142249578
1142254177
1142254178
1142253865
1142253866
1142270345
1142270346
1141990826
1141991081
1141991082
2241419273
2241423369
2241866325
2241866329
1143052953
1143052697
2283903590
1141987685
1142004326
1141987686
1141987941
1142003286
1142004325
1141987669
1141987670
1141987925
1141987942
2283907754
1209313621
1209313622
1209313685
1209313686
1209313625
1209313626
1209297493
1209297494
1209297557
1209297558
1209559381
1209559382
1209559445
1209559446
2283907481
2283907482
2283907737
2283907738
2283104533
2283104534
2283120965
2283120966
2283182165
2283182166
2283186513
2283186514
1184901462
1184901466
1184208906
1184213002
1184901478
1184901482
1167677450
1167681546
1168124502
1168124506
1143052645
1143052646
1143052901
1143052902
1184454666
1184458762
1184901718
1184901722
1184471050
1184475146
1184901734
1184901738
1167480837
1167484933
1168120213
1168120217
1168120473
1163237381
1163241477
1163925861
1163925865
1163302917
1163307013
1163925925
1168120469
1142068821
1209559397
1209559398
1209559461
1209559462
1209559401
1209559402
1209559465
1209559466
2283968933
2283968934
2283969189
2283969190
1210362469
1210362470
1210362533
1210362534
1210362473
1210362474
1210362537
1210362538
1210227370
1209440809
2241862058
1209440810
1209379369
1210362214
1210362277
1210362278
1209379370
1209444905
1210362201
1210362202
1210362265
1210362266
1210362457
1210362458
1210362521
1210362522
2241866342
2241866346
1209312677
1209312678
1209312617
1209312618
1209312681
1209312682
1209309541
1209309542
1209309605
1209309606
2283104357
1209312597
1209312598
1209312661
1209312662
1143118425
1143118426
1143118185
1143118186
1143118441
1143056985
1143056986
1142335785
1142335786
1142253657
2283886949
2283886950
1168124585
2283104789
2283104790
2283121041
1167742981
1167747077
2283121042
2257950726
2257954822
2258639206
2258639210
2258016262
2241866134
2241866138
2241239050
2241243146
2241866150
2241866154
2237241354
2237245450
2237672038
2237672042
1209706586
1209444457
1209444458
1209706601
1209706602
1210165657
1210165658
1210165913
1210165914
1209378905
2283891366
1209440361
1209440362
1209444961
1209444962
1143052694
1143052949
1143052950
1141991786
1141991849
1141991850
1141992105
1209375001
1209375002
1209440537
1209440538
1209379349
1209379350
1209292377
1209292378
1209292441
1209292442
1209362965
1209362966
1209379397
1209379398
1209624857
1209624858
2241484809
2241488905
2241866389
2241866393
1142331497
1142331498
1142336097
1142336098
2283903321
2283903322
2283903577
2283903578
1209378981
1209378982
1209641125
1209641126
1209444517
1209444518
1209706661
1209706662
1168120409
1163225093
1163925845
1163925849
1209374821
1209374822
1163220997
2283120741
2283120742
2283186457
2283186458
2257934345
2257938441
2258643285
2258643289
1163483142
1163487238
1163926102
1163926106
1163499526
1163503622
1163926118
1163926122
2283903381
2283903382
2283903637
2283903638
1163221002
1163225098
1163929942
1163929946
1163237386
1163241482
1163929958
1163929962
1167415306
1167419402
2258212870
2258216966
2258639462
2258639466
2258278406
2258282502
2258639526
2258639530
1142003290
1142003097
1142003098
1142003353
1142003354
1142068569
1142068570
1142068825
2236962821
1184897625
2241866341
2241866345
1210165653
1210165654
1210165909
1210165910
1210165669
1210165670
1210165925
1210165926
1142003045
1142003046
1142003301
1142008405
1142008406
1142007126
1142007381
1142007382
1142007189
1142073941
1142007446
1209296217
1209296218
1209296281
1210362217
1210362218
1210362281
1210362282
1210346069
2283887189
2283887190
1210346070
1210346133
1210346134
1210346073
1210346074
1210346137
1209363105
1209363106
1209374889
1209374890
1209379489
1209379490
2237224970
2237229066
2237672022
2237672026
1209375305
1209375306
1209362969
1209362970
2283907685
1209313941
1209313942
1209379401
1209379402
2241862042
2257934342
2257938438
2258639190
1142068646
1142068901
1142068902
1142004133
1209362533
1209362534
1209641109
1209641110
1209362597
1209362598
1184208905
1184213001
1142597801
1142597802
1184901477
1184901481
1184274441
1184278537
1184901541
1184901545
2258196489
1142003093
1142003094
1142003349
1142003350
2283891301
2283891302
1142007385
1142007386
1142072682
1142072937
1142072938
1210149209
1210149210
1210149465
1210149466
1210149225
1210149226
1210149481
1210149482
1210341733
1210341734
1210341797
1210341798
1210341737
1210341738
1210341801
1210341802
1209309785
1209309786
2283972969
2283972970
2283973225
1209308505
1209308506
1209308569
1209308570
1209308761
1209308762
1209308825
1209308826
1209312853
1209312854
1209641289
1209641290
1209641545
1210345817
1210345818
1210345881
1210345882
1209559449
1209559450
1209559641
1210346138
1210411545
1210411546
1210427977
1210427978
1210608217
1210608218
1210608281
2241866089
1209375273
1209375274
1210423849
1210423850
1210489385
1210489386
1209313637
1209313638
1209313701
1209313702
2236962822
2236966918
2237667670
2237667674
2236979206
2236983302
2237667686
2237667690
2241157126
2241161222
1142253922
1143052886
1143052630
1142249557
1142249558
1142253905
1141986645
1141986646
1141986902
1141986901
1209624661
1209624662
1167497225
1167501321
1168124309
2258639461
2258639465
2258278405
2258282501
2258639525
2258639529
1210161509
1210161510
1210161765
1210161766
1210161573
1210161574
1210161829
1210161830
1167415301
1167419397
1168120149
1168120153
1184192517
1184196613
1209358501
1209358502
1209362849
1209362850
1210493481
1210427945
1210362213
1209362713
1209362714
1209379145
1209379146
1209358617
1209358618
1209375049
1210345813
1210345877
1210341977
1210341978
1210342041
1210342042
1142003113
1142003114
1142003369
1142003370
1142068585
1142068586
1142068841
1142068842
1142068649
1142068650
1184897365
1184897369
1184897381
1184897385
1167677445
1167681541
1168120405
1184454661
1184458757
1184897621
2283903385
2283903386
2283903641
2283903642
2241157125
2241161221
2241861973
2241861977
2241222661
2241226757
1143036517
1143036518
1143036245
1143036246
1143036501
1143036502
1143036261
1143036262
2241419274
2241423370
2241866326
2241866330
2241484810
1210231130
1210231385
1210231386
1210165593
1210165594
1210165849
1210165850
2241862309
2241862313
2241862037
2241862041
2257934341
2257938437
2258639189
2258639193
2257950725
2257954821
2258639205
2258639209
1210145125
1210145126
1210145381
1210145382
1210145189
1210145190
1210145445
1209559657
1209559658
1209559722
1209707033
1209707034
1210493465
1210493466
1210608233
1210608234
1209443866
1142004073
1142004074
1142004329
1142004330
1142069609
1142069865
1142069673
1142069674
1142069929
1142069930
1210358182
1210358121
1210358122
1163926105
1163499525
1163503621
1168120421
1167693829
1167697925
1142253654
1142331669
1142331670
1142270037
1142270038
1142335765
1142335766
1142253669
1143052650
1141986665
2283907497
2283907498
2283907753
1209379209
1209379210
1209379466
1209379465
1209625129
1209625130
1209641609
2241435658
2241439754
1210165609
1210165610
1210165865
1210165866
1184454662
1184458758
1184897622
1184897626
1168120150
1168120154
1167480838
1167484934
1168120214
1168120218
1142249641
1142249642
1142254241
1142254242
1209292133
1209292134
1209292197
1209292198
1209292137
1209292138
1209292201
1209292202
1209296230
1209297253
1142254118
1142270597
1142007205
1142007206
1142007461
1142007462
1141990757
1141991078
1142008229
1142008230
2283186713
2283186714
2283182617
2283182618
2283120805
2283120806
2241173513
2258016265
2258020361
2258643365
2258643369
1209440425
1209440426
1209445025
1209445026
1142004121
1142004122
1142004377
1142004378
2283104358
2283182361
2283182362
2283120789
2283120790
2283186709
2283186710
2283104421
2283104422
1209379425
1209379426
1167431689
1167435785
1168124325
1184536585
1184540681
1184901797
1210358361
1210358362
1210358425
1210358426
1209362725
1209362726
1210362453
1210362454
1210362517
1210362518
1209312601
1209312602
1209312665
1142249577
1142249561
1142249562
1142254161
1142254162
1142253861
1142253862
1142270341
1142270342
2283120725
2283120726
2283186453
2283186454
2241866149
2241866153
2236979209
2236983305
2237671781
2237671785
2237044745
2237048841
2237671845
2237671849
1209440346
1209444945
1209444946
1209379473
1209379474
1209374809
1209374810
1209440345
1209374873
1209374874
2241243145
2257950729
2257954825
2258643301
2283907430
2283907686
2283907750
2258643305
1142072745
1142072746
1142073001
1142073002
2283903397
2283903398
2283903653
2283903654
1163929941
1163929945
1163237385
1163241481
1163929957
1163929961
1163221001
1141986985
1141986986
1141987945
1141987946
1141987753
1141987754
1141988009
1141988010
1141986661
1141986662
1209358442
1209363041
1209363042
1209374825
1209374826
1168124249
1163225097
1209444885
1209444886
1209362709
1209362710
1210346085
1210346086
1210346149
1210346150
2258196485
2258200581
2258639445
2258639449
1142597722
1141992106
1142008217
1142008218
1143040361
1143040362
1143040617
1143040618
1143040425
1143040426
1210227029
1210227030
1210227285
1210227286
1209309593
1209309594
2283972953
2283972954
2283973209
2283973210
2283973226
2241435657
2241439753
2236962825
2236966921
2237671765
2237671769
1142007209
1142007210
1142007465
2283887014
2283887270
1142007466
1141990825
1210165673
1210165674
1210165929
1210165930
1167431690
1167435786
1209641253
1209641254
1209706789
1209706790
1209308521
1209308522
1209308585
1209308586
1209308777
1209308778
1209297257
1209297258
1209297322
1143118442
1143118249
1143118250
1143118505
1143118506
2237224965
2237229061
2237667925
2237667929
2241435653
2241439749
2241862245
2241862249
2241243142
2241862054
1142004314
1142069593
1142069594
1142069849
1142069850
2241501194
2241505290
2241866406
2283120809
2283120810
2283186729
2283186730
2283186345
2241157130
2241161226
1210145446
1209379217
1209379218
1209440357
1209440358
1209444705
1209444706
1167693830
1167697926
1168120422
1168120426
2283891290
1209624665
1209624666
1209378906
1209641049
1209641050
1168124518
1168124522
1167693834
1167697930
1168124246
1209358633
1209358634
1209375113
1209375114
1209358889
1209358890
2283186785
2283186786
2283104553
2283104554
2283121033
2283121034
2283182185
2283182186
2283104810
2283121289
1143052713
1143052714
1143052969
1143052970
1143036329
1143036330
1143036585
1143036586
1143052649
1143052905
1143052906
1142003049
1142003050
1209296538
1209558617
1209558618
1209558681
1209558682
1209559721
2283887205
2283887206
2283186530
2283887013
2237241349
2237245445
2237667941
2283887269
2241501189
2241505285
2241222665
2241161225
2241866069
2241866073
1209358441
1209358505
1209358506
1141987673
1141987674
1141987929
1141987930
1141987689
1141987690
2283120729
2283120730
2283186469
2283186470
2241866070
2241866074
2241173514
2283891033
2283891034
2283891289
1163565062
1163569158
1163926182
1163926186
1142003302
1142003109
1142003110
1142003365
1142003366
1142068581
1142068645
1209358629
1209358630
1209375109
1209375110
1209379205
2283104549
2283104550
2283121029
2283121030
2283182169
2283182170
2283186769
2283186770
1142270057
1142270058
1142335593
1142335594
1142597737
1142597738
2241157129
2241177609
1167497222
1167501318
1168120230
1168120234
1163302918
1163307014
1163925926
1163925930
1209358425
1209358426
1209363025
1209363026
1167742982
1167747078
1168120470
1168120474
1167759366
1167763462
1168120486
1168120490
2283186261
2283186262
2283448405
2283448406
1163930217
2283968853
2283968854
1209379206
1168124262
1168124266
1167497226
1167501322
1168124326
1168124330
1184274442
1184278538
1184901542
1184901546
2241239046
2241501190
2241505286
2241862310
2241862314
1209308841
1209308842
1209312869
1209312870
1209312933
1209312934
1209312873
1209312874
1209312937
1209312938
1142270041
1142270042
1142335781
1142335782
1210608297
1210608298
1163930022
1163930026
1168124310
1168124314
1141990741
1141990742
1141990997
1141990998
1142007141
1142007142
1142007397
1142007398
1141991765
1210227049
1210227050
1210227305
1210227306
1210227113
1210227114
1210227369
1210161770
1210161577
1210161578
1209362729
1209362730
1209308501
1209308502
1210341993
1210341994
1210342057
1210342058
1209379169
1209379170
1209374885
1209374886
2283104793
2258016261
2258020357
2258639269
2258639273
2283121290
1209297254
1209297317
1209297318
1209297321
1141991845
1141991846
1141992101
1141992102
1210161833
1210161834
1210145193
1210145194
1210145449
1210145450
1209296282
1209296473
1209296474
1209296537
1210358185
1210358186
1143052885
1143118181
1142068822
1142068565
1142068566
1142069589
1142069590
1143056729
1143056730
1143056793
1143056794
1143057049
1143057050
1143122533
1143122534
1143056790
2241177610
2241866086
2241866090
1209374249
1209361961
1209361962
1209378441
1209378442
1209444906
1209375017
1209375018
1209375050
1209358873
1209358874
1210423882
1168124250
1184192522
1184196618
1163925929
1209312613
1209312614
2258639270
2258020358
2258639274
1209444441
1209444442
1209706585
1210345829
1210345830
1210345893
1210345894
1209576026
1209575769
1209575770
1209575833
1209575834
1209576025
1209576090
1143122598
1167415305
1167419401
1168124245
1167677449
1167681545
1209362521
1209362522
2283969193
1142336021
1142003033
2283186474
2283891029
2283891030
2283891285
2283891286
1142073686
1142073702
1142073957
2258196486
2258200582
2258639446
2258639450
1210227033
1210227034
1210227289
1210227290
1184901801
1209309849
1209309850
1209296485
1209296486
1209313877
1142074022
1142331561
1142331562
1143122277
1143122278
1143122341
1143122342
1143122597
1143056789
1143057046
1209641546
1209625114
1209625113
1209312922
1209576089
1209575001
1209575002
1141991766
1141992021
1141992022
1143040341
1143040342
1143040597
1143040598
1143040357
1143040358
1143040613
1209624853
1209624854
1209641285
1209641286
1209624745
1209624746
1184192521
1184196617
1209362537
2283186346
2283448489
2283448490
2283186281
2283186282
2257934346
2257938442
2258643286
2258643290
2258196490
2258200586
2258643542
2258643546
1167742985
1167747081
1168124565
1184901461
1184901465
1168124501
1168124505
1210165589
1209308565
1209308566
1210362197
1210362198
1210362261
1210362262
1142253906
1142253845
1142253846
1142270277
1142007145
1142007146
1142007401
1142007402
1142335657
1142335658
2241862053
2241862057
2236979205
2236983301
2237667685
2237667689
2237044741
1209374869
1209374870
1209374805
1209374806
1209379153
1209379154
1209440341
1209440342
1209444689
1209444690
1142068905
1142068906
2283104929
2283104930
2283907478
2283907733
2283907734
2283972949
2283972950
2283120793
2283120794
2283186725
2283186726
2283448425
2283448426
1209313894
1209313957
1209313958
1209707050
1209641513
1209641514
1209707049
1210624601
1210624602
1210624665
1210624666
1141986917
1141986918
1141986725
1141986726
1141986981
1141986982
2236962826
2236966922
2237671766
1142253658
1142331685
1142331686
1209362538
1209624681
1209624682
1209575765
1209575766
1209575829
1143122262
1143122518
1143122261
2283969130
2283968857
2283968858
2283969113
2283969114
2283968873
2283968874
2283969129
2258212873
2258216969
2258643557
2258643561
2258278409
2258282505
2258643621
2258643625
1210231141
1210231142
1210231397
1210231398
1210231205
1210231206
1210231461
1210231462
1184274437
1184278533
1184897445
1184897449
1168120425
1209293401
1209293402
1209293465
1209293466
1209293145
1209293146
1209378969
1209378970
1209641113
1209641114
1209362601
1209362602
1210231129
1209375013
1209375014
1209440549
1209440550
1209308517
1209308518
1209308581
1209308582
1209309525
1209309526
1209309589
1209309590
1209309529
1209309530
2283186593
1143040614
2283886937
2283886938
2283887193
2283887194
2283104425
2283104426
2283182633
2283182634
2237672101
2237672105
2241866085
1210149285
1210149286
1210149541
1210149542
1210145366
1163483141
1163487237
1163926101
1141986666
1141986921
1141986922
1141986729
1141986730
1142008233
1142008234
1142008489
2283186594
2283182181
2283182182
2283186529
1142008490
1209292457
1209292458
1163483145
1163487241
1163930197
1163930201
1163499529
1163503625
1163930213
1143040421
1143040422
1143040677
1143040678
1142335577
1142335578
1142597721
1209309801
1209309802
1209624869
1209624870
1209641349
1209641350
1209309865
1209309866
1209358437
1209358438
1209362785
1209362786
2283104594
2283886933
2283886934
2236966917
2237667669
2237667673
1167431686
1167435782
1168120166
1168120170
1209293417
1209293418
1209293481
1209293482
1209292393
1209292394
1209358613
1209358614
1209375045
1209375046
1142008473
1142008474
1209558633
2283968937
2283968938
1142335589
1142335590
1142597733
1142597734
1142335653
1142335654
1142597797
1142597798
1209358421
1209358422
1209362769
1209362770
1210145370
1209362517
1209362518
1142003034
1142003289
1142068826
1184274438
1184278534
1184897446
1184897450
2283104345
2283104346
2283182373
2283182374
2283907493
2283907494
2283907749
2283907429
2283973222
1209558634
1209558697
1209558698
2237229062
2237667926
2237667930
2283104341
2283104342
2283182357
2283182358
1163302921
1163307017
1163930021
1163930025
1163565065
1163569161
1163930281
1142335573
1142335574
1142597717
1142597718
1142073705
1142073706
1142073961
1142073962
1142073701
1142073765
1142073766
1142074021
1209576041
1209576042
1209576105
1209576106
1209312857
1209312858
1209312921
1209313878
2258200585
2258643541
1210165590
1210165845
1210165846
1141986649
1141986650
1141986905
1141986906
1142069605
1142069606
1142069861
1142069862
2241501193
2241239049
1142004134
1142004389
1142004390
1142069669
1142069670
1142069925
1210358101
1210358102
1143122345
1143122346
1143122601
1143122602
2237224969
1210165605
1210165606
1210165861
1210165862
1163930277
2241505289
2283891109
2283891110
2283891365
2241866409
2241866405
1142073946
2283100325
2283100326
2283104673
2283104674
1141987749
1141987750
1141988005
1141988006
1142004117
1163302922
1163307018
2237048837
2237667749
2237667753
1209309545
1209309546
1209309609
1209309610
1209313893
1143040681
1143040682
2241866410
2283186265
2283186266
2283448409
2283448410
1163569162
1163930282
1141987926
1142249573
1142249574
1143052629
2241173510
2241177606
2241861990
2241861994
1209378917
1209378918
1209641061
1209641062
1209444453
1209444454
1209706597
1209706598
1209293141
1209293142
1209293205
1209293206
1209293209
1209293210
1184192518
1184196614
1209641237
1209641238
1209706773
1209706774
1184536586
1184540682
1184901798
1184901802
2283973205
2283973206
2237044742
2237048838
2237667750
2237667754
2241222662
1209559642
1209559705
1209559706
1143118246
1143118501
1143118502
1142069845
1142069846
1209374997
1209374998
1209440533
1209440534
1210624617
1210624618
1210624681
1210624682
1184897701
1184897705
1210231125
1210231126
1210231381
1210231382
1210407449
1210407450
1210423881
1143036325
1143036326
1143036581
1143036582
1143118438
1142254117
1142072661
1142072662
1142072917
1142072918
1142072677
1142072678
1209375257
1209375258
1209440793
1209440794
1210423833
1210423834
1210489369
1210489370
1210358377
1210358378
1210358441
1210358442
1163565061
1163569157
1163926181
1163926185
1209575830
1209312917
1209312918
1209357865
1209357866
1209374345
1209374346
1143040345
1143040346
1143040601
1143040602
2237306890
2237310986
2237672102
2237672106
1210149289
1210149290
1210149545
1210149546
1142331481
1142331482
1142336081
1142336082
1209575065
1209575066
1142336161
1142336162
2237671770
1210145113
1210145114
1210145369
1210145109
1210145110
1210145365
2283186341
2283186342
2283448485
2283448486
1163483146
1163487242
1163930198
1163930202
2241861974
2241861978
2237224966
2283973033
2283973034
2283973289
2283973290
2258639194
1142069926
1142331557
1142331558
1142335905
1142335906
1143118245
1209624741
1209624742
1142073689
1142073690
1142073945
