1464853660944
2564634052896
1740000332064
2839511959840
2860986534416
1464855038240
2654829151520
2564366666016
1469148956960
2568660584736
1744026863904
2843538491680
1537868433696
2637380061472
1812746340640
2912257968416
1486328826144
2585840453920
1533841836576
1469417327120
2568928954896
1744295234064
2843806861840
1538136803856
2637648431632
1813014710800
2912526338576
1486597196304
2586108824080
2860987779616
1756912551184
1756912747808
2856424375584
1550754317600
2650265945376
1825632224544
2925143852320
1469149938976
2568661566752
1744027845920
2843539473696
2637648234768
1813014513936
2912526141712
1486596999440
2586108627216
1761474906384
2860986534160
1555316476176
2654828103952
1830194383120
1555316737568
2654828365344
1830194644512
2929706272288
1469149743648
2568661371424
1744027650592
2843539278368
1812747127328
2912258755104
1486329612832
1482302228000
2581813855776
1757180134944
2856691762720
1829925946896
2929437574672
2856692811296
1538136606240
1829927192864
2637648234016
1813014513184
2912526140960
1739732945184
2839244572960
2907964049696
1482034907424
2581546535200
1756912814368
2856424442144
1825900463392
2925412091168
1465123407376
2564635035152
1740001314320
2839512942096
1756911438096
2856423065872
1550753007888
2650264635664
1825630914832
2929707058464
1469417392416
2568929020192
1744295299360
2839243459104
1533573401120
2633085028896
1482033793568
1486598309408
2581545421344
1756911700512
2856423328288
1551022819616
2650534447392
1825900726560
2925412354336
1761207519776
2856692615696
1813014776096
1469148956192
2568660583968
2581814707472
1757180986640
2856692614416
1551022556432
2650534184208
1825900463376
2925412091152
1757180986912
2856692614688
1551022818832
2650534446608
1825900725776
2925412353552
1761476217376
1825630980368
2564633986320
1740000265488
2839511893264
1533841835280
2633353463056
1808719742224
2908231370000
2650265945360
1825632224528
2925143852304
2650265749792
1469417129488
2568928757264
1744295036432
2843806664208
1538136606224
2637648234000
2912526140944
1486596998672
2586108626448
1757179938080
2856691565856
1829926930704
2860987843856
1555317785872
2568661632272
1537869481232
2637381109008
1812747388176
1482034906384
2581546534160
1482303343136
1757181250080
2856692877856
1756911437088
2856423064864
1550753006880
2650264634656
1825630913824
2925142541600
1469148628256
2568660256032
1744026535200
2843538162976
1486597981472
2586109609248
1761475888416
2860987516192
2637648496160
1825900398112
1465123472672
1829926929680
1469149676816
2568661304592
1537869153552
2637380781328
1812747060496
2912258688272
1486329546000
2585841173776
1761207780640
2860719408416
1482302294304
2581813922080
1825632290336
2925143918112
2856691762704
1551021704720
2650533332496
2856691501328
1551021443344
1538136802832
1469148890640
1465122097424
2564633725200
1740000004368
1551021442336
2860719082000
2650533070112
1825899349280
2925410977056
1486598244640
1761476151584
2860987779360
1761474841120
1551022754336
2929706272032
2650534382112
1756911437328
2856423065104
1825630914064
2925142541840
1464853661200
2564365288976
2637380781600
1756912551456
1825632028192
2925143655968
1469149742624
2568661370400
1744027649568
2843539277344
1486598243856
2586109871632
1761476150800
2860987778576
2586109872656
2860719408656
1756911766032
2856423393808
1550753335824
2650264963600
1825631242768
2925142870544
1469148957200
2568660584976
1744026864144
2843538491920
1829927191840
2929438819616
1551021705504
2650533333280
1825899612448
2925411240224
1464853727760
2564365355536
1808451111440
2907962739216
1482033596944
2581545224720
1555316475424
2654828103200
2925410978080
2907964049952
2929438557472
1812747322656
2912258950432
1761207715104
1740000266528
2839511894304
1808719743264
2908231371040
1464853727776
2564365355552
1533573204512
2633084832288
1808451111456
2907962739232
1482033596960
2581545224736
1830195365136
2929706992912
1555316738592
2654828366368
1830194645536
1465123473936
2564635101712
2633354578448
1808720857616
2908232485392
2581814970896
1761207716384
1482302229024
2581813856800
1757180135968
2856691763744
1812747323680
2912258951456
1757179872784
2856691500560
1551021442576
2650533070352
1825899349520
2568661304864
1744027584032
2843539211808
1482033793312
2581545421088
1756911700256
2856423328032
1550753270048
2650264897824
1825631176992
2925142804768
1469148891424
2568660519200
1825900464416
2925412092192
2860987779600
1761475953936
2843807974688
1469418374432
2568930002208
1538137851168
2637649478944
1813015758112
2912527385888
1469149940256
2568661568032
1469149940240
2568661568016
1744027847184
2843539474960
1537869416976
2637381044752
1812747323920
2912258951696
1486329809424
2585841437200
1551021507856
1551022819856
2650534447632
1825900726800
1465122358816
2564633986592
1740000265760
1761207519504
2860719147280
2843807713552
1465122161952
2564633789728
1740000068896
2839511696672
1555316671760
2654828299536
1469417325840
2568928953616
1538136802576
2637648430352
2586109674784
1761475953952
2860987581728
1555049088288
2654560716064
1813015561504
1555317523744
1469149742368
2568661370144
1744027649312
2637648496912
1555316738320
2654828366096
1756911765776
2564634052880
1533841901840
2633353529616
1808719808784
2908231436560
1482033858832
1761476151824
2581813593632
1825899349536
2925410977312
1469417063968
2568928691744
1533573399824
2633085027600
1808451306768
2907962934544
1550753269008
2650264896784
1825631175952
1469148890384
2568660518160
1761206732048
1533841638688
2633353266464
2908231173408
2564366402848
1739732682016
2839244309792
1533574251808
2633085879584
1482034644256
2581546272032
2860986534432
2929706011168
2586108627488
1812746078752
2912257706528
1486328564256
2585840192032
1555048040992
2654559668768
1829925947936
2637379733008
1812746012176
2912257639952
1555047974416
1761474840080
2860986467856
1551021771296
2650533399072
1825899678240
2925411306016
1757180201504
2856691829280
1482302031376
2581813659152
2860987516432
1469149742608
2568661370384
1537869219344
2637380847120
1812747126288
2912258754064
1465122096672
2564633724448
1808720856608
2908232484384
1486329546272
2585841174048
1761207453216
2860719080992
1469150004768
1464853726736
2564365354512
1533573203472
2633084831248
1808451110416
1482033595920
2581545223696
1465122162192
2564633789968
1808719545872
1465122096656
1740000003600
2839511631376
1464854971920
2564366599696
2633086076432
2929437772320
2860718294544
1825631176208
1756911699472
2856423327248
1757180134928
1744026797584
2843538425360
1537868367376
1482033530400
2581545158176
1756911437344
2856423065120
2925142541856
1469148628512
2568660256288
2929707320864
1830194317840
2654828037408
1465122096416
2564633724192
1740000003360
2839511631136
1808719480096
2908231107872
1744026535456
1537868105248
2637379733024
1812746012192
2912257639968
1486328497696
2585840125472
1482301965856
1829927257632
2929438885408
1533574514208
2633086141984
1756911503648
2856423131424
2650264701216
1533841639712
1464853727520
1555316673056
2654828300832
1830194580000
2925412025872
1469148694048
2568660321824
1761207454224
1744296020496
2839244245520
1555317459472
1739731830304
2839243458080
1533573400096
2633085027872
1551021704736
2650533332512
1825899611680
2925411239456
1740000068880
2839511696656
1808719545616
2581545486608
1825900660256
2925412288032
1757180986656
2856692614432
1538136869136
1482302294288
1744296085776
1761475954960
1761475102992
1464854710544
2568928757280
1482302032160
2581813659936
1761475889440
2860987517216
1761207781664
2860719409440
2929438820640
2860719408400
2929438885136
1538136868112
2637648495888
1813014775056
2912526402832
2860719080736
1555049022752
1469418439968
1740001379616
2839513007392
1482303341856
1482301966624
2581813594400
1551021443360
2860719080976
2839512679952
2568930067744
1533841900832
1808719807776
2908231435552
1486598309152
2586109936928
1551021770016
1740001315088
1756911699488
2856423327264
1761206666784
2860718294560
1537868367392
2637379995168
1551021705744
2650533333520
1555047975440
2654559603216
1486597982736
1825632291360
2925143919136
1469148695072
2568660322848
1550753335840
2650264963616
1464853662224
2564365290000
1808451045904
2907962673680
1482033531408
2581545159184
2908232157456
1756912486672
2856424114448
1550754056464
2650265684240
1825631963408
2925143591184
2843807647008
1830195627536
2929707255312
2856424375824
1756912748048
1825632224784
2925143852560
1550753334800
1757180921376
1744296019488
2843807647264
1761475888672
2860987516448
2860986731024
2839511894544
1555048237584
1464853662240
2564365290016
1482033531424
2581545159200
1486328498720
2585840126496
1761206405664
2860718033440
1469417064992
1808720790800
2908232418576
1482303276304
2581814904080
1533573399840
2633085027616
1808451306784
1830194578720
2929706206496
1830195628576
2929707256352
1555049285152
2654560912928
1829927192096
2929438819872
1555317720608
2654829348384
1830195627552
2843806927136
1465122096400
2564633724176
2856423064848
1486597196320
2586108824096
1551021705760
2650533333536
2585840388640
1761206667808
1739732945168
2839244572944
2839244507664
2856424376848
1757181184528
2856692812304
1465123408400
2564635036176
1825632225808
2925143853584
2564365288720
1739731567888
2839243195664
2908231435536
1739731830032
2839243457808
2654829151776
1756911502864
2856423130640
2586108560672
2912257705504
1464853726752
2564365354528
1533573203488
2633084831264
2925143918096
1744027585040
1555316738576
2654828366352
2856424113696
2585840190992
1537869481504
1465122424352
2564634052128
1825900725792
1550753270288
2650264898064
1830195628560
2929707256336
1482303277328
2581814905104
1757181184272
2856692812048
1482302031392
2581813659168
2586109610528
1761475889696
2860987517472
2929438558752
1537869415952
2637381043728
2912258950672
1739731896608
2839243524384
1756912486944
2856424114720
1825631963680
2925143591456
2856691566864
1740001379600
1829926209056
1551021770272
2650533398048
2581814641936
1825631962384
2925143590160
1555049286176
1829927193120
2929438820896
1757180921360
2856692549136
2581545158928
1830195431952
2929707059728
1812747127312
2907963983120
2925412287760
2839512745488
2860719082016
1757180921120
1464854709536
2564366337312
1739732616480
2856692549920
1739732617504
2839244245280
2581546207520
1486596999696
2586108627472
1761474906640
1486328564240
2585840192016
1830194383376
1464853661984
2564365289760
1482033531168
2581545158944
1740000004384
1825630914848
2925142542624
1812746274336
2912257902112
1740001051920
2839512679696
1555048236576
2637381109264
1812747388432
2912259016208
2929707255072
2654559929888
2929437836832
1537868432928
1808720528656
2908232156432
1739732616464
1757180921104
2568929805856
1744296085024
2843807712800
1555048303120
2654559930896
1538136869392
1538136802848
2637648430624
1555316672032
2654828299808
1756912552208
2856424179984
1486328498704
1465122097680
2839513007376
1486598048288
2925412353568
1812747388448
2912259016224
1739732945424
1757180987664
2650534185232
2912527387168
2654829349408
1757180922128
2856692549904
1555316737296
2654828365072
1825632225568
2925143853344
1825900661024
1813015758352
2912527386128
1464853726496
2564365354272
2860987582992
1808720856336
2908232484112
1744027584016
2843539211792
2564633725456
2912526337568
1825899676960
2925411304736
1469418112528
2568929740304
1744296019472
2843807647248
1829925882400
2925412354592
1808720857632
2581545224464
2929438886432
1830195694112
2929707321888
1761475889680
2860987517456
1829927193104
2929438820880
1761207454240
1740001051936
2839512679712
1464853726480
2564365354256
1757180987680
2856692615456
1756912552224
2856424180000
1486596999712
1829927258656
2925143918880
2637380060704
2637379995152
2637648430608
1538136868384
