365409142032
2283103592
2283103848
2283120036
2283181480
2283103656
2283103912
2283181672
2283181736
2283120024
2283120280
1142336088
1142336100
1209362792
1209379176
2283104616
2283100580
2283100584
2283104676
2283104680
1209379160
1209444696
1209379224
1209444712
1209641304
1209706840
1209641368
1209706856
1209706852
1209379416
2283448744
2283121048
1142253912
1142254168
1142331748
1142331816
1142330792
1142252904
1142331752
1142270296
1142270372
1142335844
2283100500
2283104596
2283100504
2284153448
1142253992
1142332008
1142254248
1142332072
1142270376
1142336104
1142270632
1142336168
2283185828
1143302504
1143318936
1143302568
1143318952
1143318948
1143319192
1143380584
1143384680
1210423976
1210489512
2284169640
1209374104
1209378452
1209439848
1209363044
1209624936
1209374360
1209443944
1209363112
1209625256
1209625192
1209379480
1209641624
1209362856
1209379240
1209641316
1209641380
1209706916
1210411368
1209641320
1209641384
1209706920
1210427992
2283186532
2283448664
2283186788
2283448680
1209361764
2283104612
2283121044
2283121060
2283121064
1209361828
1142270356
1142270612
1142270616
1142336084
1143302756
1210489256
1142253224
1142269608
1142335140
1142331048
1142335144
1142270360
1142335832
1142335848
2283120980
2283120984
2283104852
2283104868
1209641640
1142253144
1142330788
1142253160
1142269348
1143384488
1142253928
1142269352
1142253908
1142331732
2283182440
2283104872
2283182504
2283121000
2283186536
1143302824
1143380648
1143319208
1143384744
1142254180
2284153188
2284153444
1210423656
1210423720
1209357672
1210411364
1210423896
1210411620
1209379236
1209379492
1210423912
1210428004
1210428008
2283120040
2283185768
2283120296
2283185832
2283185576
2283447976
2283186596
2283448740
1209444968
1210407272
2284153192
2284153256
2284169624
2284153512
2284169880
2284169896
1210407268
1210423700
1210423704
1210427800
2284235368
1209440616
1209440872
1209444964
1209440680
1209440936
1209445028
1209445032
2284235428
2283182436
1209379476
1209363108
1209625000
1209362084
1209443928
1209378212
1209378468
1209375064
1209641364
1209375128
1209375384
1210407336
1210407528
1210407592
1210423960
1209374116
1210427816
1210493544
1210428072
1210690216
1210493352
1210493608
1210755752
1209375144
1209363032
1209624920
1209625176
2283186852
2284231272
2284169576
2283186856
2283121320
2283182500
2283121304
2284169636
1209624916
1209624932
1209641300
2283100840
2283104936
2284149160
2284153508
2284149416
1210428052
1209357668
1209357732
1209374100
1209357736
1209374120
1209362788
1209362852
1209379220
1142253924
1142269592
1142330984
1142335080
1142252900
1142253156
1142269588
1142253988
1142254244
2283104932
2283121300
2283099496
2283099560
2283103844
1210428068
1209444708
1210411684
1210411688
2283099816
2283103908
1209357652
1209361768
1209624168
1209640552
1209362776
1209641560
1209641576
1209362008
1209362024
1209378392
1209378408
1143302744
1143302760
1143380388
1143380392
1209362020
1209378404
1209374056
1209374312
1209375320
1209379412
1209375080
1209375336
1142248872
1142252968
1209363048
1142331736
1143302500
1143302564
1143298392
1143298468
1143302740
1143298408
1143298472
2284231080
2284235176
1209358696
1209358760
1209379172
1209379432
1209379496
1209707112
1209707176
1210690152
1209358936
1209378216
1209375076
1209362772
1209379156
1209378472
1209640616
1209439652
1209439656
1209443752
2283100520
2284149096
1142248808
1142253140
1142269336
1142248792
1142270292
1142249816
1209444692
1209444948
1209706836
1143384740
1142597976
1142597992
1209358952
1209363028
1209379428
1209378200
1209361832
1142254184
1142254164
1142249892
1142249896
1142331992
2283186792
2283449000
2283119976
1142335828
1209359016
1209375400
1210411624
1210428056
1142249812
1142269288
1142252888
1210411608
1209357656
1209362004
1209357912
1209374296
1209357928
1209378456
1209640600
1209444772
1210427812
1210489448
1209358692
1209358756
1209375140
1209440612
1209440676
1142335908
1143302488
2283182696
2283182760
1209444952
1210411432
1210493528
1210673832
1210673768
1142253220
1142252964
1142330968
1210489432
2284169876
2283120276
1209378152
2283104600
2284149080
2284153176
2283104856
2283182420
2283182424
2283186520
1209439832
1209444776
1209374052
1142249128
1209707096
2283186600
2283103576
2283103832
2283103652
2283182680
2283186772
2283186776
1142334888
1142270312
1142335912
1142331812
1209362088
1210411428
1142336164
1209440600
1209624996
1143319188
1143302820
1209361752
1209624152
1210411352
1210427752
1209374376
1209444004
2283099480
2283099556
2283103828
2283103588
1142249832
1210407256
1210407512
1210411604
2283181476
1210489252
1210423652
1142248868
1209375060
1209375124
1210493604
1210407252
1209440596
1210423716
1209624232
2283448660
1209440856
1209358676
1143318888
1142598056
1143646888
1210690200
2284153428
1210407332
1209358680
2284235432
1210673752
2284231336
1209357992
1143298728
1143380568
2284153252
2284231256
1209706152
1209444008
2283181656
1209439912
2284153432
2284231076
2284149156
1142597972
1142250152
1142597288
1142598312
2283186516
1142598052
2283099476
2284149076
2284497576
1143298388
