274946393168
274946458704
549824365648
275013567568
549891474512
275013502048
549891408992
274947441760
549825348704
275014550624
549892457568
274946655328
549824562272
275013764192
274946394208
549824301152
275013503072
549891410016
274947442784
549825349728
275014551648
549892458592
274946656352
549824563296
274946459744
549824366688
275013568608
549891475552
274947508320
549825415264
275014617184
549892524128
275014551712
549892458656
274947507344
549825414288
275014616208
549892523152
549825414224
275014616144
549892523088
274946720848
549824627792
275013829712
549891736656
274947769424
549825676368
275014878288
549891671136
274947703904
549825610848
275014812768
549892719712
274946393184
549824300128
274946394192
549824301136
275013503056
549891410000
274947442768
549825349712
275014551632
549892458576
549891672224
274946459808
549824366752
274947508384
549825415328
275014617248
549892524192
274947441808
549825348752
275014550672
549892457616
274946655376
275013764240
274946720928
549824627872
275013829792
549891736736
274947769504
549825676448
275014878368
549892785312
274947704992
549825611936
549891671184
274947703952
549825610896
275014812816
549892719760
274946720912
549824627856
275013829776
549891736720
274947769488
274946394256
549824301200
275013503120
549891410064
274947442832
549825349776
275014551696
549892458640
274946656400
549824563344
275013764256
549891671200
274947703968
549825610912
275014812832
549825676432
275014878352
549892785296
549892719776
274946656416
549824563360
275013765280
274946394272
549824301216
275013503136
549891410080
275014813856
549892720800
274947770528
549825677472
275014879392
549892786336
275013765264
549891672208
274947704976
549825611920
275014813840
549892720784
274946655312
549824562256
275013764176
549891671120
274947507280
549824300112
549891408976
275013502032
274947770512
549825677456
275014879376
549892786320
275014878304
549892785248
274947507296
549825414240
275014616160
549892523104
549892785232
549824563280
274947769440
549825676384
274947508368
549825415312
275014617232
549892524176
