1099580114000
1099580179536
2199091807312
1099647288400
2199158916176
1099647222880
2199158850656
1099581162592
2199092790368
1099648271456
2199159899232
1099580376160
2199092003936
1099647485024
1099580115040
2199091742816
1099647223904
2199158851680
1099581163616
2199092791392
1099648272480
2199159900256
1099580377184
2199092004960
1099580180576
2199091808352
1099647289440
2199158917216
1099581229152
2199092856928
1099648338016
2199159965792
1099648272544
2199159900320
1099581228176
2199092855952
1099648337040
2199159964816
2199092855888
1099648336976
2199159964752
1099580441680
2199092069456
1099647550544
2199159178320
1099581490256
2199093118032
1099648599120
2199159112800
1099581424736
2199093052512
1099648533600
2199160161376
1099580114016
2199091741792
1099580115024
2199091742800
1099647223888
2199158851664
1099581163600
2199092791376
1099648272464
2199159900240
2199159113888
1099580180640
2199091808416
1099647289504
2199158917280
1099581229216
2199092856992
1099648338080
2199159965856
1099580114064
2199091741840
1099647222928
2199158850704
1099581162640
2199092790416
1099648271504
2199159899280
1099580376208
2199092003984
1099580441696
2199092069472
1099647550560
2199159178336
1099581490272
2199093118048
1099580114080
2199091741856
1099647222944
2199158850720
1099581162656
2199092790432
1099648271520
2199159899296
1099580376224
2199092004000
1099648533584
2199160161360
1099580441760
2199092069536
1099647550624
2199159178400
1099581490336
2199093118112
1099648599200
2199160226976
1099580180624
2199091808400
1099647289488
2199158917264
1099581229200
2199092856976
1099648338064
2199159965840
1099647485072
2199159112848
1099581424784
2199093052560
1099648533648
2199160161424
1099580179600
2199091807376
1099647288464
2199158916240
1099647486048
2199159113824
2199160226896
1099647486096
2199159113872
1099581425808
2199093053584
1099648534672
2199160162448
1099580442768
2199092070544
1099647551632
2199159179408
2199160161440
1099580179616
2199091807392
1099647288480
2199158916256
1099581228192
2199092855968
1099648337056
2199159964832
1099580115104
2199091742880
1099647223968
2199158851744
1099581163680
2199092791456
1099648534688
2199160162464
1099580442784
2199092070560
1099647551648
2199159179424
1099581491360
2199093119136
1099648600224
2199160228000
1099580442704
2199092070480
2199092790352
1099648271440
2199159899216
1099580376144
2199092003920
1099647485008
2199159112784
1099581424720
2199093052496
1099581228112
2199091741776
2199158850640
1099581162576
1099647222864
2199159179344
2199160227920
1099648600144
1099581491280
1099580180560
2199091808336
1099647289424
2199158917200
1099581229136
2199092856912
1099581491344
2199093119120
1099648600208
2199160227984
1099648599136
2199160226912
1099580179552
2199091807328
1099647288416
2199158916192
1099581228128
2199092855904
1099648336992
2199159964768
1099648600160
2199160227936
1099581425744
2199093053520
1099648534608
2199160162384
1099580377168
2199092004944
1099647486032
2199159113808
2199093119056
1099647551568
1099581425760
2199093053536
1099648534624
2199160162400
1099580442720
2199092070496
1099647551584
2199159179360
1099581491296
2199093119072
1099580115088
2199091742864
1099647223952
2199158851728
1099581163664
2199092791440
1099648272528
2199159900304
1099580377232
2199092005008
1099581425824
2199093053600
1099580377248
2199092005024
1099647486112
1099647485088
2199159112864
1099581424800
2199093052576
1099648533664
1099648338000
2199159965776
1099580441744
2199092069520
1099647550608
2199159178384
1099581490320
2199093118096
1099648599184
2199160226960
