1391839151424
4331110
4331114
4331174
4331178
4332134
4332138
8526422
8526426
4332198
4332202
8526441
8526442
8526437
8526438
4335253
4335257
4336213
4336217
4336277
4336281
4334949
4334953
4335013
4335017
4265382
4265386
4265574
4265578
4265638
4265642
8525158
8525162
8525222
8525226
8525414
8525418
8525478
8525482
4265302
4265318
4265317
4265557
4265558
4265573
4335206
4335210
4335270
4335274
4336230
4336234
4332197
4332201
4265562
4265577
4266582
4266586
8526501
8525417
4330838
4330842
4330902
4330906
4331094
4331098
4331158
4331162
8529237
8529238
8529253
8529254
8529493
8529494
8529509
8529510
4266598
4266602
4266662
4266666
4265322
4331093
4331109
4332117
8529258
8529318
8529322
8529514
8529574
8529578
4269734
4269738
4270697
4335258
4335273
4269414
4269418
4269478
4269669
8526502
4265637
4266597
4266601
4266661
4334934
4334938
4334998
4335002
4335190
4335194
4335254
4332185
4332186
4331177
4330905
4330921
4330922
4269670
4269674
4270694
4270698
4270758
4270762
8530534
8530538
8530598
8530602
4335205
4335189
4334933
4332133
4332137
4330853
4330857
4330917
4331113
4331173
4270677
4270678
4270693
4269482
4269658
4269673
4269654
8525142
8525157
8525397
8525398
8525413
4336282
4336297
4336298
4335001
4335018
8529573
8530533
8530537
8530597
8525221
8525477
4335209
4335269
4336229
4336233
4336278
4336293
4336294
4336214
4336218
4334950
4334954
4335014
8525146
8525161
8525402
4330837
4330841
4330901
4331097
4265321
4265381
4332118
4330854
8526506
8526421
8525141
8529257
8529317
8529513
4266581
4265306
4331161
4330918
4331157
8529242
8529498
4269397
4269398
4269413
4269653
4334937
4334997
4335193
4330858
4332121
4332122
4332181
4332182
4270682
4269402
4269417
8530518
8530522
4269477
4269733
4270757
8530517
