17516790864
17516857440
34696726624
17785292896
34965162080
17583966304
34763835488
17852401760
35032270944
34763834512
17852400784
17583900752
34763769936
17852336208
35032205392
17853384784
35033253968
17786603600
34966472784
17585277008
34765146192
17853645920
35033515104
34697970784
17585210464
34765079648
17516791904
34696661088
17785227360
34965096544
17583900768
34763769952
17852336224
35032205408
17517840480
34697709664
17585014928
34764884112
17853712528
35033581712
17852401808
35032270992
34764032144
17517840528
34697709712
17786275984
17518167136
34698036320
17786602592
34966471776
17585276000
34765145184
17516791968
34696661152
17785227424
34965096608
17583900832
34763770016
17852336288
35032205472
17517840544
34697709728
34966210704
17517906064
34697775248
17786341520
17853450384
35033319568
17584162912
34764032096
17852598368
35032467552
17517053072
34696922256
17785488528
34965357712
17584161936
34764031120
17852597392
35032466576
17517119584
34696988768
17785555040
34965424224
17584228448
34764097632
17852663904
35032533088
17517118608
34696987792
17785554064
34965423248
17584227472
34764096656
17852662928
35032532112
17585211536
34765080720
17853646992
35033516176
34696660048
34965095504
17583899728
17785226320
34763768912
17852335184
35032204368
17853712464
35033581648
17516857424
34696726608
17785292880
34965162064
17583966288
34763835472
17852401744
35032270928
17516856480
34696725664
17785291936
34965161120
17583965344
34763834528
17852400800
35032269984
17585277072
34765146256
17518168208
34698037392
17786603664
34966472848
17786275936
34966145120
17584949344
34764818528
17853384800
35033253984
17517054048
34696923232
17785489504
34965358688
17584949328
34764818512
17517840464
34697709648
17786275920
34966145104
17517906080
34697775264
17786341536
34966210720
17585014944
34764884128
17853450400
35033319584
17584161952
34764031136
17517906000
34697775184
17786341456
34966210640
17585014864
34764884048
17853450320
35033319504
34696922192
17517053008
17517118624
34696987808
17785554080
34965423264
17584227488
34764096672
17852662944
35032532128
17517118544
34696987728
17785554000
34965423184
17584227408
34764096592
17852662864
35032532048
34966145168
17584949392
34764818576
17853384848
35033254032
17518102672
34697971856
17786538128
34966407312
34965162128
17518102688
34697971872
17853711456
35033580640
17786538144
34966407328
17585211552
34765080736
17853647008
35033516192
17516790880
34696660064
17785226336
34965095520
17786538064
34966407248
17585211472
34765080656
17853646928
35033516112
17518102608
34697971792
17786276000
34966145184
17584949408
34764818592
17853384864
35033254048
17518168224
34698037408
17786603680
34966472864
17585277088
34765146272
17853712544
35033581728
17516856416
34696725600
17785291872
34965161056
17583965280
34763834464
17852400736
35032269920
17518168144
34698037328
17786274960
34966144144
17584948368
34764817552
17853383824
35033253008
17517906016
34697775200
17786341472
34966210656
17585014880
34764884064
17853450336
35033319520
34966209680
17853449360
35033318544
17517905040
34697774224
17786340432
34966209616
17853645904
17785488464
34965357648
17516856400
34696725584
17785291856
34965161040
17583965264
34696922208
17785488480
34965357664
17584161888
34764031072
17852597344
17518101600
17583899744
34763768928
17852335200
35032204384
17517839456
34697708640
17786274912
34966144096
17584948320
34764032160
17852598432
35032467616
17516856464
34696725648
17785291920
34965161104
17583965328
17585013904
34764883088
17516790928
34696660112
17785226384
17517118560
34696987744
17785554016
34965423200
17584227424
34764096608
17516790944
34696660128
17785226400
34965095584
17583899808
34763768992
17852335264
35032204448
17517839520
34697708704
17516791952
34696661136
17785227408
34965096592
17583900816
34763770000
17852336272
35032205456
17583966352
17516857488
34696726672
17785292944
34763835536
17518102624
34697971808
17786538080
34966407264
17585211488
34765080672
17853646944
35033516128
17518101648
34697970832
17786537104
34966406288
17585210512
34765079696
17853645968
35033515152
17518168160
34698037344
17786603616
34966472800
17585277024
34765146208
17853712480
35033581664
17585276048
34765145232
17853711504
35033580688
17518167184
34698036368
17852597408
35032466592
17852598416
35032467600
17517054096
34696923280
17785489552
34965358736
17584162960
34763834448
17852400720
35032269904
17517904976
34697774160
17584161872
34764031056
17852597328
35032466512
17518101584
17517839440
34697708624
17786274896
34966144080
17584948304
34764817488
17853383760
35033252944
17786340496
17517905056
35032466528
34697774240
17786340512
34966209696
17585013920
34764883104
17853449376
35033318560
17517119632
34696988816
17785555088
34965424272
17584228496
34764097680
17852663952
35032533136
17585013840
34764883024
17853449296
34764817504
17786340448
34966209632
17585013856
34764883040
17853449312
35033318496
17786537056
34966406240
17517053024
35033318480
17516791888
34696661072
17785227344
34965096528
17516857504
34696726688
17785292960
34965162144
17583966368
34763835552
17852401824
35032271008
17518101664
34697970848
17786537120
34966406304
17585210528
34765079712
17853645984
35033515168
34697970768
17786537040
34966406224
17585210448
34765079632
35033515088
17518167200
34698036384
17786602656
34966471840
17585276064
34765145248
17853711520
35033580704
34965095568
17583899792
34763768976
17852335248
35032204432
17517839504
34697708688
35032269968
17786602640
34966471824
17518167120
34698036304
17786602576
34966471760
17585275984
34765145168
17853711440
35033580624
17852662880
35032532064
17517054112
34696923296
17785489568
34965358752
17584162976
17786274976
34966144160
17584948384
34764817568
17853383840
35033253024
17517053088
34696922272
17785488544
34965357728
17853383776
35033252960
17517054032
34696923216
17785489488
34965358672
17584162896
34764032080
17852598352
35032467536
17517119648
34696988832
17785555104
34965424288
17584228512
34764097696
17852663968
35032533152
17517904992
34697774176
17517119568
34696988752
17785555024
34965424208
17584228432
34764097616
17852663888
35032533072
