292126262352
292126328928
567004235872
309306198112
584184105056
292193437792
567071344736
309373306976
584251213920
567071343760
309373306000
292193372240
567071279184
309373241424
584251148368
309374290000
584252196944
309307508816
584185415760
292194748496
567072655440
292194681952
567072588896
309374551136
584252458080
292126263392
567004170336
309306132576
584184039520
292193372256
567071279200
309373241440
584251148384
292127311968
567005218912
584252262544
292194748560
567072655504
309374617744
584252524688
584251213968
567071541392
567005218960
309307181200
584185088144
292127638624
567005545568
309307507808
584185414752
292194747488
567072654432
292126263456
567004170400
309306132640
584184039584
292193372320
567071279264
309373241504
584251148448
292127312032
567005218976
292127312016
584185153680
292127377552
567005284496
309307246736
292194486416
567072393360
309374355600
292193634400
567071541344
309373503584
584251410528
292126524560
567004431504
309306393744
584184300688
292193633424
567071540368
309373502608
584251409552
292126591072
567004498016
309306460256
584184367200
292193699936
567071606880
309373569120
584251476064
292126590096
567004497040
309306459280
584184366224
292193698960
567071605904
309373568144
584251475088
567072589968
309374552208
584252459152
567004169296
584184038480
292193371216
309306131536
567071278160
309373240400
584251147344
309374617680
584252524624
292126328912
567004235856
309306198096
584184105040
292193437776
567071344720
309373306960
584251213904
292126327968
567004234912
309306197152
584184104096
292193436832
567071343776
309373306016
584251212960
292127639696
567005546640
309307508880
584185415824
309307181152
584185088096
292194420832
567072327776
309374290016
584252196960
292126525536
567004432480
309306394720
584184301664
292194420816
567072327760
292127311952
567005218896
309307181136
584185088080
292127377568
567005284512
309307246752
584185153696
292194486432
567072393376
309374355616
584252262560
292193633440
567071540384
292127377488
567005284432
309307246672
584185153616
292194486352
567072393296
309374355536
584252262480
292126524496
292126590112
567004497056
309306459296
584184366240
292193698976
567071605920
309373568160
584251475104
292126590032
567004496976
309306459216
584184366160
292193698896
567071605840
309373568080
584251475024
292194420880
567072327824
309374290064
584252197008
292127574160
567005481104
309307443344
584185350288
292194683024
567071344784
292127574176
567005481120
309374616672
584252523616
309307443360
584185350304
292194683040
567072589984
309374552224
584252459168
292126262368
567004169312
309306131552
584184038496
309307443280
584185350224
292194682960
567072589904
309374552144
584252459088
292127574096
567005481040
309307181216
584185088160
292194420896
567072327840
309374290080
584252197024
292127639712
567005546656
309307508896
584185415840
292194748576
567072655520
309374617760
584252524704
292126327904
567004234848
309306197088
584184104032
292193436768
567071343712
309373305952
584251212896
292127639632
567005546576
309307180176
584185087120
292194419856
567072326800
309374289040
584252195984
292127377504
567005284448
309307246688
584185153632
292194486368
567072393312
309374355552
584252262496
584185152656
292194485392
567072392336
309374354576
584252261520
309307245648
584185152592
309374551120
567004431440
309306393680
584184300624
292126327888
567004234832
309306197072
584184104016
567004431456
309306393696
584184300640
292193633376
567071540320
309373502560
292127573088
292193371232
567071278176
309373240416
584251147360
292127310944
567005217888
309307180128
584185087072
292194419808
567071541408
309373503648
584251410592
292126327952
567004234896
309306197136
584184104080
292193436816
292126262416
567004169360
309306131600
584184038544
292193371280
292126590048
567004496992
309306459232
584184366176
292193698912
567071605856
292126262432
567004169376
309306131616
584184038560
292193371296
567071278240
309373240480
584251147424
292127311008
567005217952
292126263440
567004170384
309306132624
584184039568
292193372304
567071279248
309373241488
584251148432
309373307024
292126328976
567004235920
309306198160
584184105104
292193437840
292127574112
567005481056
309307443296
584185350240
292194682976
567072589920
309374552160
584252459104
292127573136
567005480080
309307442320
584185349264
292194682000
567072588944
309374551184
584252458128
292127639648
567005546592
309307508832
584185415776
292194748512
567072655456
309374617696
584252524640
309374616720
584252523664
292127638672
567005545616
309373502624
584251409568
309373503632
584251410576
292126525584
567004432528
309306394768
584184301712
292193634448
292193436752
567071343696
309373305936
584251212880
292127376464
567005283408
292193633360
567071540304
309373502544
584251409488
292127310928
567005217872
309307180112
584185087056
292194419792
567072326736
309374288976
584252195920
292127376528
567005283472
309307245712
292127376544
584251409504
567005283488
309307245728
584185152672
292194485408
567072392352
309374354592
584252261536
584251476112
292126591120
567004498064
309306460304
584184367248
292193699984
567071606928
309373569168
292194485328
567072392272
309374354512
309307245664
584185152608
292194485344
567072392288
309374354528
584252261472
567005480032
309307442272
584185349216
292126524512
584252261456
292126263376
567004170320
309306132560
584184039504
292126328992
567004235936
309306198176
584184105120
292193437856
567071344800
309373307040
584251213984
292127573152
567005480096
309307442336
584185349280
292194682016
567072588960
309374551200
584252458144
292127573072
567005480016
309307442256
584185349200
292194681936
567072588880
584252458064
292127638688
567005545632
309307507872
584185414816
292194747552
567072654496
309374616736
584252523680
567071278224
309373240464
584251147408
292127310992
567005217936
584251212944
309307507856
584185414800
292194747536
567072654480
292127638608
567005545552
309307507792
584185414736
292194747472
567072654416
309374616656
584252523600
309373568096
584251475040
292126525600
567004432544
309306394784
584184301728
292193634464
309307180192
584185087136
292194419872
567072326816
309374289056
584252196000
292126524576
567004431520
309306393760
584184300704
309374288992
584252195936
567072326752
292126525520
567004432464
309306394704
584184301648
292193634384
567071541328
309373503568
584251410512
292126591136
567004498080
309306460320
584184367264
292193700000
567071606944
309373569184
584251476128
292127376480
567005283424
292126591056
567004498000
309306460240
584184367184
292193699920
567071606864
309373569104
584251476048
