292393649232
309640955984
584518862928
292729522256
567607429200
309909391440
584787298384
567540253792
567539992656
309841954896
584719861840
309842216032
584720122976
292729455712
567607362656
309909324896
584787231840
292393650272
567271557216
309573519456
584451426400
292662085728
567539992672
309841954912
584719861856
292460759136
567338666080
584720124048
292461021328
567338928272
309640890512
584518797456
292729456784
567607363728
309909325968
584787232912
292393976928
567271883872
309573846112
584451753056
292662412384
567540319328
309842281568
292393650336
567271557280
309573519520
584451426464
292662085792
567539992736
309841954976
584719861920
292460759200
567338666144
292393650320
567271557264
309573519504
584451426448
292662085776
567539992720
309841954960
584719861904
567271883856
309909325920
584787232864
584518600848
292393715856
567271622800
309573585040
584451491984
292662151312
567540058256
309842020496
584719927440
292460824720
309842217040
584720123984
292461021264
567338928208
309909325904
584787232848
309909325984
567607362720
309909324960
584787231904
584787232928
309640889488
584518796432
292729455760
567607362704
309909324944
584787231888
292729260192
567607167136
309909129376
584787036320
309640956064
584518863008
292729522336
567607429280
309909391520
584787298464
292393912464
567271819408
309573781648
584451688592
292662347920
567540254864
309842217104
309842282640
584720189584
292461086864
567338993808
309640956048
584518862992
292460759120
567338666064
309640628304
584518535248
292729194576
567607101520
309909063760
292393715792
567271622736
309573584976
292729522320
567607429264
309909391504
584787298448
292393978000
567271884944
309573847184
584451754128
292662413456
567540320400
309640628320
584518535264
292729194592
567607101536
309909063776
584786970720
292393912416
567271819360
309573781600
584451688544
584720189536
292461086816
567338993760
309640956000
309909063840
584786970784
292393650256
567271557200
309573519440
584451426384
292662085712
584786970704
309640955040
584518861984
292729521312
567607428256
309909390496
584787297440
292393715872
567271622816
309573585056
584451492000
292662151328
567540058272
309842020512
584719927456
292460824736
567338731680
309842281616
584451491920
292662151248
567540058192
309842020432
584719927376
292460824656
567338731600
309640693840
584518600784
292729260112
584720188512
292461085792
567338992736
309640954976
584518861920
292729521248
567607428192
309909390432
584787297376
292460759184
567338666128
309640628368
584518535312
292729194640
567607101584
309909063824
584786970768
567338731664
309640693904
309909390416
584787297360
309640954960
584518861904
292393976912
309640890528
584518797472
292393912480
567271819424
309573781664
584451688608
292662347936
567540254880
309842217120
584720124064
292461021344
567338928288
309640890448
584518797392
292729456720
567607363664
292393912400
567271819344
309573781584
584451688528
292662347856
567540254800
309640628384
584518535328
292729194656
567607101600
292393978016
567271884960
309573847200
584451754144
292662413472
567540320416
309842282656
584720189600
292461086880
567338993824
292393977936
567271884880
309573847120
584451754064
292662413392
567540320336
309842282576
584720189520
292461086800
567338993744
567338665104
309640627344
584518534288
292729193616
567607100560
309909062800
584786969744
292393715808
567271622752
309573584992
584451491936
292662151264
567540058208
309842020448
584719927392
292460824672
567338731616
292729456800
567607363744
584518862944
567540057232
309842019472
584719926416
292460823696
567338730640
292393714768
567271621712
309573583952
584451490896
292662150224
567540057168
309842019408
584719926352
292460823632
567338730576
309573518432
584451425376
292662084704
567539991648
309841953888
584719860832
292460758112
567338665056
309640627296
584518534240
584787035280
584518861968
292393714832
567271621776
309573584016
584451490960
292662150288
584720188560
292461085840
567338992784
309640693920
584518600864
292393649312
567271556256
309573518496
584451425440
292662084768
567539991712
309841953952
584719860896
292460758176
292729260176
567607167120
309909129360
584787036304
309640627280
584518534224
292729193552
567607100496
309909062736
292662347872
567540254816
309842217056
584720124000
292461021280
567338928224
309640890464
584518797408
292729456736
567607363680
292393911440
567271818384
309573780624
584451687568
292662346896
567540253840
309842216080
584720123024
292461020304
567338927248
309640693856
584518600800
292729260128
567607167072
309909129312
584787036256
567607167056
309909129296
584787036240
292393977952
567271884896
309573847136
584451754080
292662413408
567540320352
309842282592
292729522272
567607429216
292729521296
567607428240
309909390480
584787297424
292393976976
567271883920
309573846160
584451753104
292662412432
567540319376
309640692896
584518599840
292729259168
567607166112
309909128352
584787035296
309640692880
584518599824
292729259152
567607166096
309909128336
292662346832
567540253776
309842216016
584720122960
292461020240
567338927184
309640889424
584518796368
292729455696
567607362640
584786969680
567271556176
584451425360
309573518416
292662084688
567539991632
309841953872
584719860816
292460758096
567338665040
292393714848
567271621792
309573584032
584451490976
292662150304
567540057248
309842019488
584719926432
292460823712
567338730656
309842019424
584719926368
292460823648
567338730592
309640692832
309640692816
584518599760
292729259088
584787035232
292461020256
567338927200
309640889440
584518796384
292393911392
567271818336
309573780576
584451687520
292662346848
567607166032
309909128272
584787035216
309909391456
584787298400
584451687584
292662346912
567540253856
309842216096
584720123040
292461020320
567338927264
309640889504
584518796448
292729455776
309909324880
292393911376
567271818320
309573780560
584451687504
584787231824
292393976992
567271883936
309573846176
584451753120
292662412448
567540319392
309842281632
584720188576
292461085856
567338992800
309640955024
292393649296
567271556240
309573518480
584451425424
292662084752
567539991696
309841953936
584719860880
292460758160
309573846096
584451753040
292662412368
567540319312
309842281552
584720188496
292461085776
567338992720
292729521232
567607428176
567338665120
309640627360
584518534304
292729193632
567607100576
309909062816
584786969760
292393911456
567271818400
309573780640
292393649248
567271556192
292729193568
567607100512
309909062752
584786969696
292729259104
567607166048
309909128288
584518599776
292393714784
567271621728
309573583968
584451490912
292662150240
567540057184
