1116759983184
1116760049760
2216271677536
1133939918944
2233451546720
1116827158624
2216338786400
1134007027808
2233518655584
2216338785424
1134007026832
1116827093072
2216338720848
1134006962256
2233518590032
1134008010832
2233519638608
1133941229648
2233452857424
1116828469328
2216340097104
1116828402784
2216340030560
1134008271968
2233519899744
1116759984224
2216271612000
1133939853408
2233451481184
1116827093088
2216338720864
1134006962272
2233518590048
1116761032800
2216272660576
1134008076432
2233519704208
1116828469392
2216340097168
1134008338576
2233519966352
2233518655632
2216338983056
2216272660624
1133940902032
1116761359456
2216272987232
1133941228640
2233452856416
1116828468320
2216340096096
1116759984288
2216271612064
1133939853472
2233451481248
1116827093152
2216338720928
1134006962336
2233518590112
1116761032864
2216272660640
1116761032848
2233452595344
1116761098384
2216272726160
1133940967568
1116828207248
2216339835024
1116827355232
2216338983008
1134007224416
2233518852192
1116760245392
2216271873168
1133940114576
2233451742352
1116827354256
2216338982032
1134007223440
2233518851216
1116760311904
2216271939680
1133940181088
2233451808864
1116827420768
2216339048544
1134007289952
2233518917728
1116760310928
2216271938704
1133940180112
2233451807888
1116827419792
2216339047568
1134007288976
2233518916752
2216340031632
1134008273040
2233519900816
2216271610960
2233451480144
1116827092048
1133939852368
2216338719824
1134006961232
2233518589008
1134008338512
2233519966288
1116760049744
2216271677520
1133939918928
2233451546704
1116827158608
2216338786384
1134007027792
2233518655568
1116760048800
2216271676576
1133939917984
2233451545760
1116827157664
2216338785440
1134007026848
2233518654624
1116761360528
2216272988304
1133941229712
2233452857488
1133940901984
2233452529760
1116828141664
2216339769440
1134008010848
2233519638624
1116760246368
2216271874144
1133940115552
2233451743328
1116828141648
2216339769424
1116761032784
2216272660560
1133940901968
2233452529744
1116761098400
2216272726176
1133940967584
2233452595360
1116828207264
2216339835040
1134008076448
2233519704224
1116827354272
2216338982048
1116761098320
2216272726096
1133940967504
2233452595280
1116828207184
2216339834960
1134008076368
2233519704144
1116760245328
1116760310944
2216271938720
1133940180128
2233451807904
1116827419808
2216339047584
1134007288992
2233518916768
1116760310864
2216271938640
1133940180048
2233451807824
1116827419728
2216339047504
1134007288912
2233518916688
2233452529808
1116828141712
2216339769488
1134008010896
2233519638672
1116761294992
2216272922768
1133941164176
2233452791952
1116828403856
1116761295008
2216272922784
1134008337504
2233519965280
1133941164192
2233452791968
1116828403872
2216340031648
1134008273056
2233519900832
1116759983200
2216271610976
1133939852384
2233451480160
1133941164112
2233452791888
1116828403792
2216340031568
1134008272976
2233519900752
1116761294928
2216272922704
1133940902048
2233452529824
1116828141728
2216339769504
1134008010912
2233519638688
1116761360544
2216272988320
1133941229728
2233452857504
1116828469408
2216340097184
1134008338592
2233519966368
1116760048736
2216271676512
1133939917920
2233451545696
1116827157600
2216338785376
1134007026784
2233518654560
1116761360464
2216272988240
1133940901008
2233452528784
1116828140688
2216339768464
1134008009872
2233519637648
1116761098336
2216272726112
1133940967520
2233452595296
1116828207200
2216339834976
1134008076384
2233519704160
2233452594320
1116828206224
2216339834000
1134008075408
2233519703184
1133940966480
2233452594256
1134008271952
2216271873104
1133940114512
2233451742288
1116760048720
2216271676496
1133939917904
2233451545680
1116760245344
2216271873120
1133940114528
2233451742304
1116827354208
2216338981984
1116761293920
1116827092064
2216338719840
1134006961248
2233518589024
1116761031776
2216272659552
1133940900960
2233452528736
1116828140640
2216338983072
1134007224480
2233518852256
1116760048784
2216271676560
1133939917968
2233451545744
1116827157648
1116759983248
2216271611024
1133939852432
2233451480208
1116827092112
1116760310880
2216271938656
1133940180064
2233451807840
1116827419744
2216339047520
1116759983264
2216271611040
1133939852448
2233451480224
1116827092128
2216338719904
1134006961312
2233518589088
1116761031840
2216272659616
1116759984272
2216271612048
1133939853456
2233451481232
1116827093136
2216338720912
1134006962320
2233518590096
2216338786448
1134007027856
1116760049808
2216271677584
1133939918992
2233451546768
1116827158672
1116761294944
2216272922720
1133941164128
2233452791904
1116828403808
2216340031584
1134008272992
2233519900768
1116761293968
2216272921744
1133941163152
2233452790928
1116828402832
2216340030608
1134008272016
2233519899792
1116761360480
2216272988256
1133941229664
2233452857440
1116828469344
2216340097120
1134008338528
2233519966304
1134008337552
2233519965328
1116761359504
2216272987280
1134007223456
2233518851232
1134007224464
2233518852240
1116760246416
2216271874192
1133940115600
2233451743376
1116827355280
1116827157584
2216338785360
1134007026768
2233518654544
1116761097296
2216272725072
1116827354192
2216338981968
1134007223376
2233518851152
1116761031760
2216272659536
1133940900944
2233452528720
1116828140624
2216339768400
1134008009808
2233519637584
1116761097360
2216272725136
1133940966544
1116761097376
1134007223392
2233518851168
2216272725152
1133940966560
2233452594336
1116828206240
2216339834016
1134008075424
2233519703200
2233518917776
1116760311952
2216271939728
1133940181136
2233451808912
1116827420816
2216339048592
1134007290000
1116828206160
2216339833936
1134008075344
2216339768416
1133940966496
2233452594272
1116828206176
2216339833952
1134008075360
2233519703136
2216272921696
1133941163104
2233452790880
2233519703120
1116759984208
2216271611984
1133939853392
2233451481168
1116760049824
2216271677600
1133939919008
2233451546784
1116827158688
2216338786464
1134007027872
2233518655648
1116761293984
2216272921760
1133941163168
2233452790944
1116828402848
2216340030624
1134008272032
2233519899808
1116761293904
2216272921680
1133941163088
2233452790864
1116828402768
2216340030544
2233519899728
1116761359520
2216272987296
1133941228704
2233452856480
1116828468384
2216340096160
1134008337568
2233519965344
2216338719888
1134006961296
2233518589072
1116761031824
2216272659600
2233518654608
1133941228688
2233452856464
1116828468368
2216340096144
1116761359440
2216272987216
1133941228624
2233452856400
1116828468304
2216340096080
1134008337488
2233519965264
1134007288928
2233518916704
1116760246432
2216271874208
1133940115616
2233451743392
1116827355296
1133940901024
2233452528800
1116828140704
2216339768480
1134008009888
2233519637664
1116760245408
2216271873184
1133940114592
2233451742368
2233519637600
1134008009824
1116760246352
2216271874128
1133940115536
2233451743312
1116827355216
2216338982992
1134007224400
2233518852176
1116760311968
2216271939744
1133940181152
2233451808928
1116827420832
2216339048608
1134007290016
2233518917792
1116761097312
2216272725088
1116760311888
2216271939664
1133940181072
2233451808848
1116827420752
2216339048528
1134007289936
2233518917712
