1117027370064
1134274676816
2233786304592
1117363243088
2216874870864
1134543112272
2234054740048
2216807695456
2216807434320
1134475675728
2233987303504
1134475936864
2233987564640
1117363176544
2216874804320
1134543045728
2234054673504
1117027371104
2216538998880
1134207240288
2233718868064
1117295806560
2216807434336
1134475675744
2233987303520
1117094479968
2216606107744
2233987565712
1117094742160
2216606369936
1134274611344
2233786239120
1117363177616
2216874805392
1134543046800
2234054674576
1117027697760
2216539325536
1134207566944
2233719194720
1117296133216
2216807760992
1134476002400
1117027371168
2216538998944
1134207240352
2233718868128
1117295806624
2216807434400
1134475675808
2233987303584
1117094480032
2216606107808
1117027371152
2216538998928
1134207240336
2233718868112
1117295806608
2216807434384
1134475675792
2233987303568
2216539325520
1134543046752
2234054674528
2233786042512
2216539064464
1134207305872
2233718933648
1117295872144
2216807499920
1134475741328
2233987369104
1134475937872
1117094742096
1134543046736
1134543046816
2216874804384
1134543045792
2234054674592
1134274610320
2233786238096
1117363176592
2216874804368
1134543045776
2234054673552
1117362981024
2216874608800
1134542850208
2234054477984
1134274676896
2233786304672
1117363243168
1134543112352
2234054740128
1117027633296
2216539261072
1134207502480
2233719130256
1117296068752
1134475937936
1134476003472
2233987631248
1117094807696
2216606435472
1134274676880
2233786304656
1117094479952
1134274349136
1117362915408
1134542784592
1117027436624
2216539064400
1134207305808
1117363243152
2216874870928
1134543112336
2234054740112
1117027698832
2216539326608
1134207568016
2233719195792
1117296134288
1134274349152
2233785976928
1117362915424
1134542784608
2234054412384
1117027633248
2216539261024
1134207502432
2233719130208
2233987631200
1117094807648
2216606435424
1134274676832
1117027371088
2216538998864
1134207240272
1117295806544
1134274675872
1134543111328
1117027436704
2216539064480
1134207305888
1117295872160
1134475741344
1117094545568
1134476002448
2233718933584
1117295872080
1134475741264
2233987369040
1117094545488
2216606173264
1134274414672
2233786042448
1117362980944
2233987630176
1117094806624
1134274675808
1117363242080
2216874869856
1134543111264
1117094480016
2233785976976
1117362915472
2234054412432
2216606173328
1134543111248
1134274675792
1117027697744
2233786239136
1117027633312
1117094742176
2216606369952
1134274611280
1117363177552
1117027633232
1134207502416
1117296068688
2233785976992
1117362915488
2216874543264
1117027698848
1134207568032
1117296134304
1134476003488
1117094807712
2216606435488
1117027698768
1134207567952
1117296134224
1134476003408
1117094807632
1134274348176
2233785975952
1117362914448
2234054411408
1117027436640
1134207305824
2233718933600
1117295872096
1134475741280
2233987369056
1117094545504
2216606173280
1117363177632
1134475740304
2216606172304
1117027435600
1134207304784
1134475740240
1117094544464
1134207239264
1117295805536
1134475674720
1117094478944
1134274348128
2234054476944
1134207304848
1117295871120
1117094806672
2233786042528
1117027370144
1134207239328
1117295805600
1134475674784
1117094479008
2216874608784
1117094742112
1134274611296
1117363177568
1117027632272
1134207501456
1134475936912
1117094741136
1134274414688
2233786042464
1117362980960
1134542850144
2234054477920
1134542850128
1134207567968
1117296134240
1117363243104
1117363242128
1134543111312
1117027697808
1134207566992
2234054476960
1117296067664
1134475936848
1134207239248
1134475674704
1117094478928
1117027435680
1134207304864
1134475740256
1117094544480
1134274413664
1134274413648
1117362979920
1134274610272
1117027632224
1117094741152
1134274610336
1117027632208
1134207501392
1117296133280
1117094806688
1134542783584
1134542849120
