1374458020944
1374458087520
2473969715296
1649335994464
2748847622240
1374525196384
2474036824160
1649403103328
2748914731104
2474036823184
1649403102352
1374525130832
2474036758608
1649403037776
2748914665552
1649404086352
2748915714128
1649337305168
2748848932944
1374526507088
2474038134864
1374526440544
2474038068320
1649404347488
2748915975264
1374458021984
1649335928928
2748847556704
1374525130848
2474036758624
1649403037792
2748914665568
1374459070560
2748915779728
1374526507152
2474038134928
1649404414096
2748916041872
2748914731152
2474037020816
2473970698384
1649336977552
2748848605328
2473971024992
1649337304160
2748848931936
1374526506080
2474038133856
1374458022048
2473969649824
1649335928992
2748847556768
1374525130912
2474036758688
2748914665632
1374459070624
2473970698400
1374459070608
1374459136144
2473970763920
1649337043088
1374526245008
2474037872784
1374525392992
1649403299936
2748914927712
1374458283152
2473969910928
1649336190096
2748847817872
1374525392016
2474037019792
1649403298960
2748914926736
2473969977440
1649336256608
1374525458528
2474037086304
1649403365472
2748914993248
1374458348688
2473969976464
1649336255632
2748847883408
1374525457552
2474037085328
1649403364496
2748914992272
2474038069392
1649404348560
2748915976336
2473969648720
2748847555664
1374525129808
1649335927888
1649403036752
1649404414032
2748916041808
1374458087504
2473969715280
1649335994448
2748847622224
1374525196368
1649403103312
2748914731088
1374458086560
2473969714336
1649335993504
1374525195424
2748914730144
2473971026064
1649337305232
2748848933008
1649336977504
1374526179424
1649404086368
2748915714144
1374458284128
2473969911904
1649336191072
2748847818848
1374526179408
2473970698320
1649336977488
2748848605264
1374459136160
2473970763936
1649337043104
1374526245024
1649404151968
2748915779744
1374525392032
2474037019808
1374459136080
1649337043024
2748848670800
1374526244944
1649404151888
2748915779664
1374458283088
2473969976480
1649336255648
1374525457568
2474037085344
1649403364512
2748914992288
1374458348624
2473969976400
1649336255568
2474037085264
1649403364432
1374526179472
1649404086416
2748915714192
2473970960528
1649337239696
2748848867472
1374526441616
2473970960544
1649404413024
1649337239712
1374526441632
2474038069408
1649404348576
2748915976352
1649335927904
1649337239632
1374526441552
1649404348496
2748915976272
1374459332688
2473970960464
1649336977568
1374526179488
2748915714208
2473971026080
1649337305248
2474038134944
1649404414112
2748916041888
1374458086496
1649335993440
1374525195360
1649403102304
2748914730080
1374459398224
2473971026000
1649336976528
1374526178448
1649404085392
2748915713168
1374459136096
1649337043040
1649404151904
2748915779680
1374526243984
2748915778704
1649337042000
1649404347472
2473969910864
1649336190032
1374458086480
1649335993424
1374458283104
2473969910880
1374525391968
1374459331680
1374525129824
1649403036768
1649336976480
2474037020832
1649403300000
2473969714320
1649335993488
1374525195408
2473969648784
1649335927952
2473969976416
2474037085280
1374458021024
2473969648800
1649335927968
2748914664608
1374459069600
2473970697376
2473969649808
1649335928976
1649403037840
2748914665616
2473969715344
1649335994512
1374459332704
1649404348512
2473970959504
1649337238672
1374526440592
2474038068368
1649404347536
1374459398240
2474038134880
1649404414048
1649404413072
2473971025040
1649403298976
1649403299984
2473969911952
1374525393040
1649403102288
2473970697296
1649336976464
2473970762896
1649337042064
1649403298912
2473970762912
1649337042080
1374526244000
2473969977488
2474037086352
1649403365520
1649404150864
1649404150880
2473969649744
2473969715360
1649335994528
1649404347552
2474038133920
1649404413088
2473970697360
1649337304208
2474038133904
1649404085344
2474037086368
