1374726456400
2749451602080
2749115991184
1374994891920
2474506519696
1649872798864
2749384426640
1374793565328
2474305193104
1649671472272
2749452911776
2749384427600
1374793566288
2474305194064
1374726522976
2474238150752
1649604429920
2749116057696
1374994958432
2474506586208
1649872865376
2749384493152
1374793631840
2474305259616
1375063312480
2474574940256
1649941219424
2749452847200
1374726522000
2474238149776
1649604428944
2749116056720
1374994957456
2749184477264
1649940170832
2749451798608
1374995941456
2474507569232
1649873848400
2749385476176
1374794614864
2474306242640
1649672521808
1374727767136
2474239394912
1649605674080
2749117301856
1374996202592
2474507830368
1374726457440
2474238085216
1649604364384
2749115992160
1374994892896
2474506520672
1649872799840
2749384427616
1374793566304
2474305194080
2749385540768
1374726457488
2474238085264
1649604364432
2749115992208
1374994892944
2474506520720
1649872799888
2749384427664
1374793566352
2474305194128
1374727832672
2474239460448
1649605739616
2749117367392
1374996268128
2474507895904
1374726457504
2474238085280
1649604364448
2749115992224
1374994892960
2474506520736
1649872799904
2749384427680
1374793566368
2474305194144
1374995941520
2474507569296
1649873848464
2749385476240
1374794614928
2474306242704
1649672521872
2749184149648
1375063050384
2474574678160
1374794877072
2474306504848
1649672784016
2474305259680
1649671538848
2749183166624
2474305259664
1649671538832
2749183166608
1375062067344
2474573695120
1649939974288
2749451602064
2749451798688
2474574939296
1649941218464
2749452846240
1374727571600
2474239199376
1649605478544
2749117106320
2474305193040
1649671472208
2749183099984
1375062000720
2474573628496
1374996007056
1374726719584
2474238347360
1649604626528
2749116254304
1374995155040
2474506782816
1649873061984
2749384689760
1374793828448
2474305456224
1374726718608
2474238346384
1649604625552
2749116253328
1374995154064
2474506781840
1649873061008
2749384688784
1374793827472
1375062262928
1649605675104
2749117302880
1374996203616
2474507831392
1649874110560
2749385738336
1374794877024
2474306504800
1649672783968
2749184411744
1374726785120
2474238412896
1649604692064
2749116319840
1374995220576
2474506848352
1374727768144
2474239395920
1649605675088
2749117302864
1374996203600
1374794877008
1649671538784
2749183166560
1375062067296
2474573695072
1649939974240
2749451602016
1649671537824
2749183165600
1374726784144
2474238411920
1649604691088
2749116318864
1374995219600
2474506847376
1649873126544
2749384754320
1374793893008
2474305520784
1375062263952
2474573891728
2474573695056
1649939974224
2749451602000
1649671538768
2749183166544
1375062067280
1649605674144
2749117301920
1374996202656
2474507830432
1649874109600
2749385737376
1374794876064
2474306503840
1649672783008
2749184410784
2474507830416
1649874109584
2749385737360
1374794876048
2474306503824
1649672782992
2749184410768
1375063311504
2474574939280
1649941218448
1374793828496
2474305456272
1649671735440
2749183363216
2474506585232
1649872864400
2749384492176
1374793630864
2474305258640
1649671537808
2749183165584
1375062066320
2474573694096
1649939973264
1374727768208
2474239395984
1649605675152
2749117302928
1374996203664
2474507831440
1649874110608
2749385738384
1649939907664
2749451535440
2474238084176
2749115991120
1374994891856
1649604363344
2474506519632
1649872798800
2749384426576
1374793565264
1375063311520
2749184149584
1375063050320
2474574678096
2474573957200
1649671800912
2749183428688
1375062329424
1649671473232
2749183101008
1375062001744
2749385803936
1374794942624
2474306570400
1374726522016
2474238149792
1649604428960
2749116056736
1374994957472
2474506585248
1649872864416
2749384492192
1374793630880
2474305258656
1374727833744
2474239461520
1649605740688
2749117368464
1374996269200
2474507896976
1649874176144
2749385803920
1374794942608
2474306570384
1649672849552
2749184477328
1375063378064
2474575005840
1649941285008
1374726521936
2474238149712
1649604428880
2749116056656
1374994957392
2474506585168
1649872864336
2749384492112
1374793630800
2474305258576
1374794680464
2474306308240
1649672587408
2749184215184
1649671537760
2749183165536
1375062066272
2474573694048
1649939973216
2749451600992
1649671473248
2749183101024
1375062001760
2474573629536
1649939908704
2749451536480
1374727506016
2474239133792
1649605412960
2749117040736
1375062066256
2474573694032
2749452846224
1374727506080
2474239133856
1375062066336
2474573694112
1649939973280
2749451601056
1649605413024
2749117040800
1374995941536
2474507569312
1374727506000
2474239133776
1649605412944
2749117040720
1649940957264
2749452585040
1649672849504
2749184477280
1375063378016
2474575005792
1649941284960
2749452912736
1375063378000
2474575005776
1649941284944
2749452912720
1649672849488
1374727571616
1649940957344
2474239199392
1649605478560
2749117106336
1374996007072
2474507634848
1374726718624
2474238346400
1649672587344
2749184215120
2474574743632
1649941022800
2749452650576
1374727571536
2474239199312
1649605478480
2749117106256
1374996006992
1649874175136
2749451601040
2749385802912
1374794941600
2474306569376
1649672848544
2749184476320
1375063377056
2474575004832
1649941284000
1375062262864
2474573890640
1649940169808
2749451797584
1649873060944
2749384688720
1374793827408
2474305455184
1374726718544
2749183362128
1649672849568
1649672848528
2749184476304
1375063377040
2474575004816
1649941283984
2749452911760
1374726784160
2474238411936
1649604691104
2749116318880
1374995219616
2474506847392
1649873126560
2749384754336
1374793893024
2474305520800
1374726784080
2474238411856
1649604691024
2749116318800
1374995219536
2474506847312
1649873126480
2749384754256
1374793892944
2474305520720
1375063115920
2474574743696
1649941022864
2749452650640
1649671473296
2749183101072
1375062001808
2474573629584
1649939908752
2749451536528
1374727506064
2474239133840
1649605413008
2749117040784
1374727768224
2474239396000
1649874175072
2749385802848
1374794941536
2474306569312
1649672848480
2749184476256
1375063376992
2474575004768
1649941283936
2749452911712
2749451535456
2749117367376
1374996268112
2474507895888
1649874175056
2749385802832
1374794941520
2474507831376
1649874110544
2749385738320
2474306504784
1649672783952
2749184411728
1375063312464
2474574940240
1649941219408
2749452847184
1374996006048
1649671473312
2749183101088
1375062001824
1374727833760
2474239461536
1649605740704
2749117368480
1374996269216
2474507896992
1649874176160
1374794876000
2474306503776
1649672782944
2749184410720
1649873848480
2749385476256
1374794614944
2474306242720
1649672521888
2749184149664
1374726521952
2474238149728
1649604428896
2749116056672
1374994957408
2474506585184
1649872864352
2749384492128
1374793630816
2474305258592
2749451798624
1374727833680
2474239461456
1649605740624
2749117368400
1374996269136
2474507896912
1649874176080
2749385803856
1374794942544
2474306570320
1649940957328
2749452585104
1375063378080
2474575005856
1649941285024
2749452912800
1649940236448
2749451864224
1374995941472
2474507569248
1649873848416
2749385476192
1374794614880
2474306242656
1649672521824
2749184149600
1375063050336
2474574678112
2474507568272
1649873847440
2749117039760
1374995940496
2474306308192
1649672587360
2749184215136
1375063115872
2474574743648
1649941022816
2749452650592
2474507633808
1649873912976
2749385540752
1374794679440
2474306307216
1649671537744
2749183165520
1649939973200
2749451600976
1374727570512
2474239198288
1649605477456
2749117105232
1374996005968
2474507633744
1649873060960
2749384688736
1374793827424
2474305455200
1649671734368
2749183362144
1649874109536
2749385737312
1374726718560
2474238346336
1649604625504
2749116253280
1374995154016
2474506781792
1374726456416
2474238084192
1374727505056
2474239132832
1649605412000
2749117039776
2749385475216
1375063049360
2474574677136
1649940956304
2749452584080
1374727570576
2474239198352
1649605477520
2749117105296
1374996006032
1374726784096
2474238411872
1649604691040
2749116318816
1374995219552
2474506847328
1649671734432
2749183362208
2749117105312
1649873912992
1649940956320
2749452584096
1374726456480
2474238084256
1649604363424
2749115991200
1649941021840
2749452649616
1374727504992
2474239132768
1649605411936
2749117039712
1374995940448
2474507568224
1374727767184
2474239394960
1649605674128
2749117301904
1374996202640
1649605740640
2749117368416
1374996269152
2474507896928
1649874176096
2749385803872
1374794942560
2474306570336
1374727832720
2474239460496
1649605739664
2749117367440
1374996268176
2474507895952
1649874175120
2749385802896
1374794941584
2474306569360
1374995940512
2474507568288
1649873847456
2749385475232
1374794613920
2474306241696
1649672520864
2749184148640
1375063049376
2474574677152
2474506782864
1649873062032
1374794679456
1649940170896
2749451798672
1375063114912
2474574742688
2749184148560
1375063049296
2474574677072
1649940956240
2749452584016
1374995940432
2474574939216
1649941218384
2749452846160
2474306503760
1649873127584
2749384755360
1374793894048
2474305521824
1374727504976
2474239132752
1649605411920
2749117039696
2474507568208
1649873847376
2749385475152
1374794613840
2474306241616
1649672520784
1649672586384
2749184214160
1375063114896
1374726785168
2474238412944
1649604692112
2749116319888
1374995220624
2474506848400
2474306307232
1649672586400
2749184214176
2474239198368
1649605477536
1374727570592
1375062262880
2474573890656
1649940169824
2749451797600
1649873127568
2749384755344
1374793894032
2474305521808
1649671800976
2749183428752
1375062329488
2474573957264
1649940236432
2749451864208
1375063114832
2474574742608
1649941021776
1649604363360
2749115991136
1374994891872
2474506519648
1649872798816
2749384426592
1374793565280
2474305193056
1375063311456
2474574939232
1374996005984
2474507633760
1649873912928
2749385540704
1374794679392
2474306307168
2474573629600
1649939908768
2749451536544
2749452649552
1374794679376
2474306307152
1649672586320
2749184214096
1649873912912
2749385540688
2749115992144
1374994892880
2474506520656
1649872799824
1375062067360
2474573695136
1649939974304
1374726523040
2474238150816
1649604429984
2749116057760
1374994958496
2474506586272
1649872865440
1374727767200
2474239394976
1374726522960
2474238150736
1649604429904
2749116057680
1374994958416
2474506586192
1649872865360
2749384493136
1374793631824
2474305259600
2474507633824
1649672782928
2749184410704
1374794875984
1375063311440
1649605674064
2749385737296
2749117301840
1374996202576
2474507830352
1649874109520
1374727832736
2474239460512
1649605739680
2749117367456
1649941021856
2749452649632
1374996268192
2474507895968
2749183100048
1375062000784
2474573628560
1649939907728
2749451535504
1374727505040
2474239132816
1374794613904
2474306241680
1649672520848
2474306569296
1649672848464
2749184476240
1375063376976
2474575004752
1649941283920
2749452911696
1374727832656
2474239460432
1649605739600
1649873126496
2749384754272
1374793892960
2474305520736
1649671799904
2749183427680
1375062328416
2474573956192
1649940235360
2749451863136
1374726719648
2474238347424
1649604626592
2749116254368
1374995155104
1374994891936
2474506519712
1649872798880
2749384426656
1374793565344
2474305193120
1375062262944
2474573890720
1649940169888
2749451797664
1649873847392
2749385475168
1374794613856
2474306241632
1649672520800
2749184148576
1375063049312
2474574677088
1649940956256
2749452584032
2474574742672
1374793828432
2474305456208
1649671735376
2749183363152
1375062263888
2474573891664
1374726719568
2474238347344
1649604626512
2749116254288
1649671800992
2749183428768
1375062329504
2474573957280
1374726785184
2474238412960
1649604692128
2749116319904
1374995220640
2474506848416
1649672586336
2749184214112
1375063114848
2474574742624
1649941021792
2749452649568
1374727570528
2474239198304
1649605477472
2749117105248
1374726785104
2474238412880
1649604692048
2749116319824
1374995220560
2474506848336
1649873127504
2749384755280
1374793893968
2474305521744
1374726456464
2474238084240
1649604363408
1374995155024
2474506782800
1649873061968
2749384689744
2474507634768
1649873913936
1649941218400
2749452846176
2749385541712
1374794680400
1649940957280
2749452585056
1374727571552
2474239199328
1649605478496
2749117106272
1374996007008
2474507634784
1649873913952
2749385541728
2749452912784
2749384689808
2474507634832
1649873914000
2749385541776
1374726523024
2474238150800
2749184411792
1649604429968
2749116057744
1649605675168
2749117302944
2474506782880
1649873062048
2749384689824
1374793828512
2474305456288
1649671735456
2749183363232
1375062263968
2749384493216
1374793631904
2474573890704
1649940169872
2749451797648
2474305455248
1649671734416
2749183362192
1649873127520
2749384755296
1374793893984
2474305521760
1649671800928
2749183428704
1375062329440
2474573957216
1649940236384
2749451864160
1649671799952
2749183427728
1375062328464
2474573956240
1649940235408
2749451863184
1649671472288
2749183100064
1375062000800
2474573628576
1649939907744
2749451535520
1375063312528
2474574940304
1649941219472
2749452847248
2474306308176
1375063115856
1649940236368
2749451864144
2474573629520
1649939908688
2749451536464
1374726457424
2474238085200
1649604364368
1374727767120
2474239394896
1374794680416
1374727768160
2474239395936
1649671735392
2749183363168
1375062263904
2474573891680
1649940170848
1374727833696
2474239461472
2474574678176
1375063050400
2749452585120
2749184215200
1375063115936
2474574743712
1649941022880
2749452650656
1649604625568
2749116253344
1374995154080
2474506781856
1649873061024
2749384688800
1374793827488
2474305455264
2474238346320
1649604625488
2749116253264
1374995154000
2474506781776
1649671734352
1649671799968
2749183427744
1375062328480
2474573956256
1649940235424
2749451863200
1649671799888
2749183427664
1375062328400
2474573956176
1649940235344
2749451863120
1374994958480
2474506586256
1649872865424
2749384493200
1374793631888
1374726719632
2474238347408
1649604626576
2749116254352
1374995155088
1374996203680
2474507831456
1649874110624
2749385738400
1375063312544
2474574940320
1649941219488
2749452847264
2749184411808
1649671472224
2749183100000
1375062000736
2474573628512
1649939907680
2474573891744
1649940170912
1374794877088
2474306504864
1649672784032
1649873914016
2749385541792
1374794680480
2474306308256
1649672587424
2749184477344
2749184148624
1649605411984
