1147284036
1214392900
1151478340
1218587153
1214663200
2288134724
1218857504
2292324897
1151408674
1146168865
1146169889
1146493000
1146755144
1147218308
1147218564
1147218449
1213482640
1213798472
1213745225
1214327313
1146168964
1146230306
1146231330
1150691396
1150953540
1151408520
1151408776
1146231112
1150424648
1150424594
1150425618
1150716448
1151478088
1214327329
1151412868
1214392865
1214548624
2288069153
1218742928
2288134689
1147279752
1214388616
1151474056
1217955974
1214794336
1217825312
1218808352
1218873888
1213810976
1213876512
1213499529
1213499024
1150687304
1214548560
1146231368
1151408658
1151474194
1213745568
1213745286
1214388754
1146169874
1147218450
1146235410
1147279906
1213499526
1214388514
1213761670
1214388770
1147279944
1214388808
1151474248
1218583058
1214679568
2288130632
1218873872
2292324882
1146168850
1146431560
1146521888
1147218248
1147218504
1146505504
1150699808
1214392593
1213614368
2287356192
1217808672
2288065057
1213565456
1213630992
1214614032
1147214472
1214323234
1214532256
2288065058
1218726560
2288130594
1213745808
1217992840
1217939593
1146235524
1151412769
1214548384
1146497092
1213498784
1213565216
1213630752
1214548320
1146234401
1146235425
1150949448
1151412612
1146231172
1150428740
1150424609
1150429713
1146234244
1146234500
1146235268
1146493064
1146755208
1147283844
1147284100
1214392964
1151478404
1146164753
1146231057
1146230289
1146231313
1150621764
1150699792
1151408452
1151408708
2292324898
2287372576
1150625928
1213745824
1213565472
1213893136
1214794400
1146230088
1146230344
1213762192
1147279905
1213483145
1213745289
1146521872
1146164808
1147214098
1146231058
1147214354
1213482400
1213802564
1213745222
1214323218
1146168904
1147214114
1147214148
1213745221
1213745285
1214531920
1217808656
1218726224
1218726288
1146234436
1151408417
1151408673
1213601924
1213864068
1214388612
1214388868
1146164754
1146230290
1146231314
1150625860
1150716176
1151408456
1151408712
1146231074
1146231432
1146165778
1147279890
1213483142
1214388498
1147218209
1146235169
1147218465
1213864008
1213761609
1217996936
1146230152
1146234440
1146235208
1146235464
1146431624
1146522144
1147283784
1147284040
1146505760
1213798536
1150700064
1213614624
2287356448
1217808928
2288130692
1147280008
1214388872
1151474312
1218583074
2288130696
1218988704
1218062468
2287372832
1218087440
2288134728
1214392609
2287605832
1218070816
1146497156
1213606020
1150691460
1213761952
1213631008
1214614048
1214392594
1213745226
1151412552
1213745290
1218087184
1218726496
1213540484
1213802628
1214388552
1218583073
1214794384
1218988688
1217996932
1217939590
1217825056
1146497160
1213606024
1150691464
1213762208
1213827616
1213893152
1214810720
1214810784
1146168610
1146168968
1146522128
1150716432
2287372816
1217825296
1146164872
1150425634
1151474210
1217939589
1214597648
1217808912
1218791952
1218857488
1146759236
1213868100
1213892880
2288069138
1146164770
1146164804
1146427460
1146505488
1147214404
1147279684
1147279940
1146231364
1146231108
1146230084
1146230340
1146164497
1214531984
2288065041
2288130577
1147214097
1147214353
1213482384
1213798468
1214323217
1146168900
1147214113
1150424644
1151408657
1146497096
1213499040
1150691400
1213499530
1214548576
1214548640
1146427524
1146505744
1150949444
1151408516
1151408772
1146168849
1146231073
1146230305
1150687364
1150949508
1150953604
1218062472
2287609992
1218087456
2288134792
1146759240
1213868104
1150953544
1219005024
1219005088
1146235409
1213499525
1214388513
1213761669
1146165777
1147279889
1213483141
1146492996
1213761674
1218087200
1218742880
1218742944
1147283848
1214392712
1151478152
1217955978
1214532176
1214532240
1146427528
1213536392
1150621832
1146755140
1147214212
1147214468
1214597664
1146235153
1147214369
1213498768
1213864004
1213761605
1214323233
1151408401
1214388804
1147218568
1214327330
1151412872
1214392866
2288069154
2288134690
1213536388
1213798532
1214388548
1151474244
1218726480
1218726544
1151473988
1150425633
1151474052
1146231329
1150687300
1214388753
1150425617
1151474193
1213745552
1217992836
1218583057
1214392849
1214548368
1147284104
1214392968
1151478408
1218587170
2292328994
1146493060
1213549088
1214548304
1146235204
1146235460
1151412513
1150428804
1213601928
1213864072
1214392708
1218058372
1213876752
1218071056
1150949512
1218742672
1151478084
1147279748
1146231428
1151474209
1150429729
1151478305
1218058376
1146431620
1147279688
1146230408
1146164498
1146431556
1147214152
1147214408
1146755204
1146164513
1146164868
1146164769
1146165793
1150687368
1147218500
1151412804
1146235154
1147214370
1213761606
1151408402
1146234504
1151412514
1150428808
1151412770
1213868168
1151478148
1147283780
1146230148
1146169873
1146427464
1147218244
1146168609
1146230404
1147280004
1213761673
1146231176
1150428744
1150424610
1150429714
1150424708
1151412753
1214392644
1150625924
1151473992
1150621768
1151412548
1150428705
1146165794
1146164514
1147214216
1150625864
1213483146
1214532192
1213482656
1146759300
1213540488
1217955977
1218587169
1147284001
1213802568
1150716192
1151408418
1213868164
1213802632
1213630736
2287372560
1217825040
2288065042
1150424712
1214392648
1217939594
1214531936
1218726240
1218726304
1214327314
1151412808
1214392850
1218742688
1151412754
1214392904
1151478344
1218587154
1214679584
1150424593
1150621828
1150700048
1146235528
1213827360
1213892896
1146168866
1146235170
1147218312
1213761610
1151412616
1146235426
1147284002
1214392610
1213548816
1213614352
1214388497
1218071072
2288134788
2287356176
1213614608
1146169890
1146235272
1146759304
1146234248
1218070800
1218791968
1213549072
1214663184
1147218210
1147218466
2288069137
2288130593
2288130628
2292324881
1150428706
1150429730
1150953608
1146234402
1151478306
2287356432
1151474308
2287609928
1214388769
1214532000
1213565200
1214810768
1213548832
1213876496
1219005008
1219005072
1213811232
1213876768
1213761936
1217955973
1214810704
2287605896
1218808336
1214794320
2288130578
1218742864
2292328993
