1116758869056
1116758869120
2216270496896
1133938738304
1116758870080
2216270497856
1133938739264
2233450367040
1116825978944
2216337606720
1134005848128
2233517475904
1116826241088
2216337868864
1134006110272
2233517738048
2233450366080
1116825977984
2216337605760
1134005847168
2233517474944
1116826240128
2216337867904
1134006109312
2233517737088
2216270496832
2233450366016
1133938738240
1116825977920
2216337605696
1134005847104
2233517474880
1134005848192
2233517475968
1116759132288
2216270760064
1116826240064
2216337867840
1134006109248
2233517737024
1116758870144
2216270497920
1133938739328
2233450367104
1116826241152
2216337868928
1134006110336
2233517738112
