1214650912
1218070660
1218087044
1218021508
1218583136
1218583200
1213602336
1213536528
1213798672
1214531908
1214532164
1213602064
1213864208
1214531972
1214532228
2287278352
2287282448
1150424736
1150425696
1150425760
1150699652
1150716036
1150949904
1150954000
1151474064
1151474080
1151474320
1214388560
1213864464
1214650896
1217796368
1217800464
1218726212
1218726216
1218726276
1218726280
1150622240
1150699656
1151478096
1151478160
1150687776
1150949920
1151478352
1151478416
1217742984
1217759368
2287344160
2287606304
2288134736
2288134800
1146497568
1147283792
1147283808
1147284048
1147284064
1146234192
1146234208
1146234448
1146234464
1146235216
2291477024
2291538464
2291542560
1218726472
1218726532
1218726536
1217731104
1217993248
1218779680
1146230112
1146230176
1146231136
1146231200
1146230368
1146230432
1146231392
1146231456
1150699588
1150715972
1213614212
1213630596
1213876356
1213892740
1214388624
1214388640
1214388880
1214388896
1218062624
1218742664
1218742920
1213535776
1213539872
1213601312
1213605408
1213761860
1213761864
1213761924
1213761928
1213536800
1213540896
1147279760
1147279776
1147280016
1147280032
1146230160
2287343888
2287347984
2287606032
2288065104
2288065120
1213539856
1213744712
1213745480
1213482312
1214531912
1214531976
1213482308
1213745736
1147284128
1150621968
1151408464
1151408528
1150687504
1150949648
1151408720
1151408784
1213548676
1213565060
2288134544
2288134560
2288134816
1151412624
1151412640
1151412880
1151412896
1214810756
1217730832
1217992976
1218726468
1218058512
2287278608
2287282704
2292325024
1213536544
1213798688
1214548292
1214548548
1213602080
1213864224
1214548356
1214548612
2287278368
2287282464
1213745732
1213745796
1213745800
1146427664
1146431760
1146493200
1146164896
1147214224
1147214240
2291566724
2291800592
2291804688
2291542544
2292324960
1146505284
1147214160
1146755344
1147214416
1147214480
1213548612
1213564996
1213892680
1214327392
1214327456
1218058768
1218062864
1218988612
1218988616
1218988676
1218988680
1146755360
1146759456
1147218320
1147218336
1147218576
1147218592
2291800608
2292329040
2292329056
1150424400
1150424416
1150424656
1150424672
1150424720
1150424480
1146427920
1146505348
1147279696
1146493456
1146755600
1147279952
1146235232
1146235296
1146234528
1146235488
1146235552
1150699592
1150715976
1150949664
1150953760
1218005128
1218021512
1218070664
1217734160
1217939016
1217939076
1217939080
1217799696
1217939848
1217940104
1217993232
1217997328
1150691872
2287610128
2287606288
2287610384
2288130448
2288130464
2288130704
2288130720
1213761096
1213762120
1213761160
1213762184
1217992992
1217997088
1150621984
1151412560
1150687520
1151412816
1213548680
1213565064
1213803040
1214589472
1214810696
1213606432
1213868576
1214655008
1214810760
2287282720
2287372424
2288134496
1146432016
1146521732
1147279712
1146497552
1146759696
1147279968
1218058528
1218742852
1218742856
1218742660
1218742916
2287278624
2288134480
2288134752
2287348256
1147214496
1146164832
1146505352
1146521736
1146755616
1146759712
1214548552
1214548616
1146168656
1146168672
1213498692
1213498696
1217730848
1218742596
1146427680
1146505288
1147218256
1146493216
1147218512
1213548616
1214392992
2287606048
2287348240
2288130656
1146234256
1146235280
1146234512
1146235472
1146235536
1150428512
1150428576
1150428816
1150428832
1213864480
1146427936
1147283856
1146493472
1219004996
1217796640
1218058784
1218845216
1150716040
1150954016
1151478176
1151478432
1217735200
1214392736
1213827208
1213892744
1214392928
1146168736
1146168976
1146168992
1146168928
1146169952
1146170016
1146521672
1213802784
1213868320
1213498760
1146521668
1147214176
1213565000
1213810760
1213827144
1213876296
1214327376
1146431776
1147218272
1213810824
1151478112
1217824904
1218087048
1151478368
1218587232
1146230096
1146231120
1146231184
1146230352
1146230416
1214810692
1213761092
1213761156
1213762116
1213762180
1213798944
1150691600
1150953744
1151408736
1151408800
1150428768
1150429792
1150626080
1150691616
1151412576
1151412832
1146234272
1150429856
1218587216
1146432032
1147283872
1150626336
1147284112
1213630600
1214392672
1213540640
1214548296
1213606176
1214548360
2287372360
1146497312
1150425680
1151474000
1151474016
1151474256
1151474272
1213536784
1213540880
1218587296
1217734944
1217796384
1217800480
1218742600
1213810820
1214388816
2287356040
2287610400
1214392976
1213540624
1213482372
1213482376
1213482628
1213483396
1213606160
1213483400
1213482632
1214794376
1213744772
1213744776
1213798928
1213803024
1213868560
1213744708
1213802768
1214532168
1213868304
1214532232
2287372356
1217734928
1217997072
1218062608
1217800736
1218783776
1218849312
1217730080
1217734176
1217795616
1217799712
1217955460
1218005124
1218583120
1150622224
1150687760
1217742980
1217759364
1146168912
1147218528
1146169936
1213602320
1213606416
1214585360
1214589456
1214654992
1213535760
1213601296
1214585376
1213745476
1213745540
1217796624
1217800720
1218779664
1214794372
1217735184
1218783760
1218849296
2291477008
2287344144
2287372420
2288130400
1151408544
2288130384
2288130640
1214392656
1214392912
1213483656
1218062880
1219005000
1219005060
1219005064
1217956228
1217956232
1214794308
1214794312
1213498756
1213499016
1213499784
1213500040
1213498952
1213499012
2287610144
2287348000
2288069216
2288069280
2287343904
2288069200
2292329120
2291566728
1217955400
1217955464
1217956488
1217997344
1213630536
2287356036
2291472928
2291804704
1218845200
1217730064
1217795600
1217939844
1217731088
1213605392
1213745544
1213614216
1213876360
1214392720
1146165840
1146165856
1146497296
1147214432
1146164560
1146164816
1146231440
1146164880
1146164576
1150428496
1150428752
1150429776
1213827140
1213892676
1213827204
1214388576
1214388832
1150626064
1151408480
1146231376
2291538448
2292324944
2291472912
1213876292
1214323280
1214323296
1213499780
1150691856
1150626320
1213810756
1151474336
1217824900
1146165920
1146759440
1146164640
1213482568
2288065184
1214323360
1213630532
