292394698064
292395813264
567273720208
309575682448
584453589392
292664248720
567542155664
309844117904
584722024848
292462922128
567340829072
292395812512
567273719456
309575681696
584453588640
292664247968
567542154912
309844117152
584722024096
292462921376
567340828320
309642005136
584519912080
292730571408
567608478352
309910440592
584788347536
567542417744
309844379984
584722286928
584722025120
292394961312
567272868256
309574830496
584452737440
292663396768
567541303712
309843265952
584721172896
292462070176
567339977120
292394764704
567272671648
309574633888
584452540832
292663200160
292462921056
567340828000
309642790240
584520697184
292731356512
567609263456
309911225696
584789132640
309642004816
584519911760
292730571088
567608478032
309910440272
584788347216
584452541088
292663200416
567541107360
309843069600
584720976544
292461873824
567339780768
309641743008
584519649952
292730309280
584788347552
292462922320
567340829264
292396074656
567273981600
309575943840
584453850784
292664510112
567542417056
309844379296
584722286240
292463183520
567341090464
309911161248
584789068192
292394764640
567272671584
309574633824
584452540768
292663200096
567541107040
309843069280
309910178144
584788085088
309642987936
584520894880
309641741712
584519648656
292730307984
567608214928
309910177168
584788084112
309643052384
584520959328
292396074336
567273981280
309575943520
584453850464
292664509792
567542416736
309844378976
584722285920
292395027104
567272934048
309574896288
292664183184
567542090128
309844052368
584721959312
292462856592
567340763536
309642725776
584520632720
292731292048
567609198992
292731292000
567609198944
292462134944
567340041888
309642004128
584519911072
292730570400
567608477344
309910439584
584788346528
292462855568
567340762512
309642724752
584520631696
292731291024
567609197968
292394961296
567272868240
309574830480
584452737424
292663396752
567541303696
309843265936
292395026784
567272933728
309574895968
584452802912
292663462240
567541369184
309843331424
584721238368
292462135648
567340042592
292731554208
567609461152
309911423392
584789330336
292663461264
567541368208
309843330448
584721237392
292462134672
567340041616
309642003856
584519910800
292730570128
567608477072
292462134880
567340041824
309642004064
584519911008
292730570336
567608477280
309910439520
584788346464
567340762448
309642724688
584520631632
292731290960
567609197904
309911160144
292730242384
567608149328
309910111568
567272605008
292463118736
567341025680
309911423376
584789330320
292396009872
567273916816
309575879056
584453786000
292731554192
567609461136
309641741728
584519648672
292730308000
567608214944
309844051296
292731553120
567609460064
292396008800
567273915744
309575877984
584453784928
292664444256
567542351200
309844313440
584519584400
292730243728
567608150672
309910112912
584788019856
567273720160
309575682400
584453589344
292664248672
567542155616
309844117856
584722024800
567609264784
292395813520
567273720464
309575682704
584453589648
309911227024
584789133968
292664183200
567542090144
309844052384
584721959328
292462856608
567340763552
309642725792
584520632736
292731292064
567609199008
292664247696
567542154640
309844116880
584722023824
309641677392
584519584336
292730243664
567608150608
309910112848
584788019792
584722024784
292462922064
567340829008
309642791248
584520698192
584789133648
292731357520
567609264464
309911226704
292395813200
309574634064
584452541008
292663200336
567541107280
309843069520
584720976464
292461873744
309642791504
584520698448
292731357776
292394960272
567272867216
309574829456
584452736400
292663395728
567541302672
309843264912
584721171856
292462069136
567339976080
292395025824
567272932768
309574895008
584452801952
292663461280
567541368224
309843330464
584721237408
292462134688
567340041632
292395812176
567273719120
309575681360
309642988192
584520895136
292731554464
567609461408
309911423648
584789330592
292394764896
567272671840
309574634080
584452541024
292663200352
567541107296
309843069536
584720976480
292396075664
567273982608
309575944848
584453851792
292664511120
567542418064
309844380304
584722287248
292463184528
567341091472
309641676192
584519583136
292730242464
567608149408
309910111648
584788018592
292395746720
567273653664
309575615904
584453522848
292663200400
567541107344
309843069584
584720976528
309642003872
584519910816
292730570144
567608477088
309910439328
584788346272
292396009888
567273916832
309575879072
584453786016
292664445344
567542352288
309844314528
584722221472
292463118752
567341025696
567272605264
309574567504
584452474448
292663133776
567541040720
309843002960
584720909904
309642988128
584520895072
292731554400
567609461344
309911423584
584789330528
292396075344
309643053392
567609526608
309911488848
584789395792
292731619664
567273982288
309575944528
584453851472
292664510800
292395813536
567273720480
309575682720
584453589664
292664248992
567542155936
309844118176
309642003808
584519910752
584453785248
292664444576
567542351520
309844313760
584722220704
292463117968
567341024912
567340042896
292664248976
567542155920
309844118160
584722025104
292462922384
567340829328
309642791568
584520698512
292731357840
292731618640
567609525584
309911487824
584789394768
292396074320
567273981264
309575943504
584453850448
292664509776
567542416720
292395813216
292731290976
567609197920
309911160160
584789067104
309642986848
584520893792
309575615840
584453522784
292664182112
567542089056
309642790288
584520697232
292731356560
567609263504
309911225744
584789132688
292395812240
567273719184
309575681424
584453588368
292394764960
567272671904
309574634144
309643053712
584520960656
292731619984
567609526928
309911489168
584789396112
309643052432
584520959376
292731618704
567609525648
309911487888
584789394832
292394763664
567272670608
309574632848
584452539792
292394698144
567272605088
309574567328
584452474272
292663133600
567541040544
309843002784
584720909728
292461807008
567339713952
292396075680
567273982624
309575944864
584453851808
292664511136
567542418080
309844380320
584722287264
292463184544
567341091488
292461807952
567339714896
309643053648
584520960592
292731619920
567609526864
309911489104
584789396048
292394764688
567272671632
309574633872
584452540816
292663200144
567541107088
309843069328
584720976272
292461873552
292663133584
567541040528
309843002768
584720909712
584721958480
292462855760
567340762704
309642724944
584520631888
292731291216
567609198160
309911160400
584789067344
292395812432
584722286224
292396075360
567273982304
309575944544
584453851488
292664510816
567542417760
309844380000
584722286944
292463184224
567341091168
292394698336
292396074384
567273981328
309575943568
584453850512
292664509840
567542416784
309844379024
584722285968
292463183248
567341090192
309642725008
584520631952
584520697488
309641938576
584519845520
292730504848
567608411792
309910374032
584788280976
584452474512
292394698400
567272605344
309574567584
584452474528
292663133856
567541040800
309843003040
584720909984
292461807264
567339714208
292663133520
584722286160
567273981520
292463118688
567341025632
309642987872
584520894816
292731554144
292395812256
567273719200
309575681440
584453588384
292664247712
567542154656
309844116896
584722023840
292462921120
567340828064
309642004880
584519911824
292730571152
567608478096
309910440336
584788347280
292395026832
567272933776
309574896016
584452802960
292394764624
567272671568
309574633808
584452540752
309575878048
584453784992
292664444320
567542351264
309844313504
584722220448
309642986896
584520893840
292731553168
567609460112
309911422352
584789329296
567541107104
309843069344
584720976288
292461873568
567339780512
309641742752
584519649696
292730309024
567608215968
309910178208
292463184272
567341091216
309643053456
584520960400
292731619728
567609526672
309911488912
584789395856
292396009040
567273915984
309575878224
584453785168
292664444496
567542351440
309844313680
584722220624
292463117904
567341024848
292731553104
567609460048
309911422288
584789329232
292462855840
567340762784
309642725024
584520631968
292731291296
567609198240
309911160480
584789067424
292396074400
567273981344
309575943584
584453850528
292664509856
567542416800
309844379040
584722285984
292463183264
567341090208
567272605280
309574567520
584452474464
292663133792
567541040736
309843002976
584720909920
292461807200
567339714144
309641676384
292463184208
567341091152
584520960336
292462922400
567340829344
309642791584
584520698528
292731357856
567609264800
309911227040
584789133984
309642724960
584520631904
292731291232
567609198176
309911160416
584789067360
292395026848
567272933792
309574896032
584452802976
292663462304
567541369248
309843331488
584721238432
292462135712
567340042656
309642791520
584520698464
292731357792
567609264736
309911226976
584789133920
292663133840
567541040784
309843003024
584720909968
292461807248
567339714192
292731291280
567609198224
309911160464
584789067408
292394961232
567272868176
309574830416
584452737360
292663396688
567541303632
309843265872
584721172816
292462070096
567339977040
309641676448
584519583392
292730242720
567608149664
309910111904
584788018848
309911161184
309843265888
584721172832
292730505568
567608412512
567339714912
309641677152
584519584096
292394699104
567272606048
292663395920
567541302864
309843265104
584721172048
309641677200
584519584144
292730243472
567608150416
309910112656
584788019600
292395747728
567273654672
309575616912
584453523856
292394699168
567272606112
309574568352
584452475296
292663134624
567541041568
309843003808
584720910752
292461808032
567339714976
584721238608
309642791312
584520698256
292731357584
567609264528
309911226768
584789133712
309911160224
584789067168
309642725968
584520632912
309641939536
584519846480
292730505808
567608412752
309910374992
584788281936
292394764880
567272671824
309910374800
584788281744
292394699360
567272606304
309574568544
584452475488
292663134816
567541041760
309843004000
584720910944
292461808224
567339715168
567272868496
292395027088
567272934032
309574896272
584452803216
292663462544
567541369488
309843331728
584721238672
292462135952
309642791328
584520698272
292731357600
567609264544
309911226784
584789133728
292394699424
567272606368
309574568608
584452475552
292663134880
567541041824
309843004064
584720911008
292461808288
567339715232
309844378960
292463183184
567341090128
309643052368
584520959312
584722285904
584519648592
309910177104
584788084048
292730307920
292731618656
567609525600
292395812192
567273719136
309575681376
584453588320
292664247648
567542154592
309844116832
584722023776
292396075408
567273982352
309575944592
584453851536
292664510864
567542417808
309844380048
584722286992
292462922080
567340829024
309642791264
584520698208
292731357536
567609264480
309911226720
584789133664
292462921104
567340828048
292663462288
567541369232
309843331472
584721238416
292395813280
567273720224
309575682464
584453589408
292664248736
567542155680
309844117920
584722024864
292462922144
567340829088
292394960208
567272867152
309574829392
584452736336
292663199120
567541106064
309843068304
584720975248
292461872528
567339779472
292395025808
567272932752
309574894992
584452801936
584788347296
292461807184
567339714128
309641676368
584519583312
292730242640
567608149584
309910111824
584788018768
292394698320
567340827984
309642790224
584520697168
292731356496
567609263440
309911225680
584789132624
292394763680
567272670624
309574632864
584452539808
292663199136
567541106080
309843068320
584720975264
292461872544
567339779488
292461873808
567339780752
292396075424
567273982368
309575944608
584453851552
292664510880
567542417824
309844380064
584722287008
292463184288
567341091232
292463117984
567341024928
309642987168
584520894112
292731553440
567609460384
309911422624
584789329568
567339976272
309641938512
584519845456
292730504784
309910373968
584788280912
292394960464
567272867408
309574829648
584452736592
309643053728
584520960672
292731620000
567609526944
309911489184
584789396128
309642987104
584520894048
292731553376
567609460320
309911422560
584789329504
584519583328
292730242656
567608149600
309910111840
584788018784
309643053664
584520960608
292731619936
567609526880
309911489120
584789396064
292461806992
567339713936
292463183504
567341090448
309911488144
584789395088
567339780496
309641742736
584519649680
292730309008
567608215952
309910178192
584788085136
292663133536
567541040480
309843002720
584720909664
292394960480
567272867424
309574829664
584452736608
292663395936
567541302880
309843265120
584721172064
292462069344
567339976288
292731618896
567609525840
309911488080
584789395024
584519649616
292730308944
292395747984
567273654928
309575617168
584453524112
292463117728
567341024672
309642986912
584520893856
292731553184
567609460128
309911422368
584789329312
309643053472
584520960416
292731619744
567609526688
309911488928
584789395872
567273719376
309575681616
584453588560
292664247888
567542154832
309844117072
584722024016
292462921296
567340828240
292730570320
309641939616
584519846560
292730505888
567608412832
309910375072
584788282016
292395746896
567273653840
309575616080
584453523024
292664182352
567542089296
309844051536
292394763872
567272670816
309574633056
584452540000
292663199328
567541106272
309643053408
584520960352
292731619680
567609526624
309911488864
584789395808
309641939552
584519846496
292730505824
567608412768
309910375008
584788281952
292394699344
567272606288
309574568528
584452475472
292663134800
567541041744
309843003984
584720910928
292461808208
567339715152
292731356816
567609263760
309911226000
584789132944
584520959632
309642790544
309843330704
584721237648
292462134928
567340041872
309642987088
584520894032
292731553360
567609460304
309911422544
584789329488
309642790560
584520697504
292731356832
567609263776
309911226016
584789132960
584452803232
292663462560
567541369504
309843331744
584721238688
292394763936
567272670880
309574633120
584452540064
292663199392
567541106336
309843068576
584720975520
292461872800
567339779744
292462069328
567608411728
292395746912
567273653856
309575616096
584453523040
292664182368
567542089312
309844051552
584721958496
292462855776
567340762720
309843266128
584721173072
292462070352
567339977296
309642790496
584520697440
292731356768
567609263712
309911225952
584789132896
584452803168
292663462496
567541369440
309843331680
584721238624
292731618976
567609525920
309911488160
584789395104
292462135888
567340042832
567608478288
309910440528
584788347472
309641939360
584519846304
292730505632
567608412576
309910374816
584788281760
309641676432
584519583376
292730242704
567608149648
309910111888
584788018832
292394698384
567272605328
309574567568
292396009056
567273916000
309575878240
584453785184
292664444512
567542351456
309844313696
584722220640
292463117920
567341024864
292395026000
584452474192
309574567248
567541040464
309843002704
584720909648
292461806928
584788018512
567339713872
309641676112
584519583056
292394961504
567272868448
309574830688
584452737632
292663396960
567541303904
309843266144
584721173088
292462070368
567339977312
292394960528
567272867472
309574829712
584452736656
292663395984
567541302928
309843265168
584721172112
292462069392
567339976336
309642790304
584520697248
292731356576
567609263520
309911225760
584789132704
292462135696
567340042640
292394960224
567272867168
309574829408
309910373712
584788280656
292663395664
292462069072
567339976016
309641938256
584519845200
292730504528
567541302608
309843264848
584721171792
567608411472
292730308256
567608215200
309910177440
584788084384
584722221712
567608216224
309910178464
584788085408
292394763856
567272670800
309574633040
584452539984
292663199312
567541106256
309843068496
584720975440
292461872720
567339779664
309641676128
584519583072
292730242400
567608149344
309910111584
584788018528
292394698080
567272605024
309574567264
584452474208
292395747920
567273654864
309575617104
584453524048
292664183376
567542090320
309844052560
584721959504
292462856784
567340763728
292664445520
567542352464
309844314704
584722221648
584789394848
292394960544
567272867488
309574829728
584452736672
292663396000
567541302944
309843265184
584721172128
292462069408
567339976352
309641741968
584519648912
292730308240
567608215184
309910177424
584788084368
567608477264
309910439504
584788346448
567272932944
309574895184
584452802128
292663461456
567541368400
309843330640
584721237584
567608411488
584452736352
292663395680
567541302624
309843264864
584721171808
292462069088
567339976032
309641938272
584519845216
309642988112
584520895056
292731554384
567609461328
309911423568
584789330512
292396010064
567273917008
309575879248
584453786192
309641741904
584519648848
292730308176
567608215120
309910177360
584788084304
309843068512
584720975456
292461872736
567339779680
309641741920
584519648864
292730308192
567608215136
309910177376
584788084320
309643052704
584520959648
292664183392
567542090336
309844052576
584721959520
292462856800
567340763744
309642725984
584520632928
292731292256
567609199200
292395746960
567273653904
309575616144
584453523088
292664182416
567542089360
309844051600
584721958544
292462855824
567340762768
292664445328
567542352272
309844314512
584722221456
584788085152
292461806944
567339713888
309643052640
584520959584
292731618912
567609525856
309911488096
584789395040
309910374736
584788281680
292664183120
567542090064
309844052304
584721959248
584520632656
292395747664
309641939280
584519846224
292395026016
567272932960
309574895200
292395746640
567273653584
309575615824
584789067088
567542089040
309844051280
584721958224
292462855504
584453522768
292664182096
567272606352
309574568592
584452475536
292663134864
567541041808
309843004048
584720910992
292461808272
567339715216
309641677456
309844314448
584722221392
309574568288
309641939296
584519846240
567273654624
309575616864
584453523808
292664183136
567542090080
309844052320
584721959264
309911161488
584789068432
292396010080
567273917024
309575879264
584453786208
292664445536
567542352480
309844314720
584722221664
292463118944
567341025888
584789329552
309642987152
584520894096
292731553424
567609460368
309911422608
292396009104
567273916048
309575878288
584453785232
309641677136
584519584080
292730243408
567608150352
309910112592
584788019536
292394699088
567272606032
309574568272
584452475216
309575877968
584453784912
292664444240
567542351184
292463117648
567341024592
309642986832
584520893776
309844313424
584722220368
292395746976
567273653920
309575616160
584453523104
292664182432
567542089376
309844051616
567339779408
309641741648
292663397008
292730505872
567608412816
309910375056
584788282000
292394961552
309911161232
584789068176
292394699152
567272606096
309574568336
584452475280
292663134608
567541041552
309843003792
584720910736
309642790480
584520697424
292731356752
567609263696
309911225936
584789132880
309641677216
584519584160
292730243488
567608150432
309910112672
584788019616
292395747744
567273654688
309575616928
584453523872
309643052448
584721958240
292462855520
567340762464
309642724704
584520631648
292395746656
567273653600
584520959392
292731618720
292730505552
567608412496
309641938592
584519845536
292730504864
567608411808
309910374048
584788280992
292396009120
567273916064
567339780688
309641742928
584519649872
292730309200
567608216144
309910178384
584788085328
309575878304
584722025040
292463183200
567341090144
309911487840
584789394784
292730243424
567608150368
309910112608
584788019552
584452475232
292663134560
567541041504
309843003744
584720910688
292461807968
309641676176
584519583120
292730242448
567608149392
309910111632
584788018576
292394698128
567272605072
309574567312
584452474256
292462135968
567340042912
309642005152
584519912096
292730571424
567608478368
309910440608
292396074576
309575943760
584453850704
292463183440
567341090384
309643052624
584520959568
292664510032
567542416976
309844379216
309641938528
584519845472
292730504800
567608411744
309910373984
584788280928
584722220384
292463117664
567341024608
309911422304
584789329248
292394961568
567272868512
309574830752
584452737696
292663397024
567541303968
309843266208
584721173152
292462070432
567339977376
292462135904
567340042848
309642005088
584519912032
292730571360
567608478304
309910440544
584788347488
292395812448
567273719392
309575681632
584453588576
292664247904
567542154848
309844117088
584722024032
292462921312
567340828256
309642005072
584519912016
292730571344
292395027024
567272933968
309574896208
584452803152
292663462480
567541369424
309843331664
292394961248
567272868192
309574830432
584452737376
292663396704
567541303648
309910374752
584788281696
292462070112
567339977056
584452802208
292663461536
567541368480
309843330720
584721237664
309641938320
584519845264
292730504592
567608411536
309910373776
584788280720
309910439568
584788346512
292461873760
567339780704
309641742944
584519649888
292730309216
567608216160
309910178400
584788085344
292394763920
567272670864
309574633104
584452540048
292663199376
567541106320
309843068560
584720975504
292461872784
567339779728
584452802144
292663461472
567541368416
309843330656
584721237600
292462134864
567340041808
309642004048
584519910992
292396074592
567273981536
309575943776
584453850720
292664510048
567542416992
309844379232
584722286176
292463183456
567341090400
292664183440
567542090384
309844052624
584721959568
292462856848
567340763792
309642726032
584520632976
292731292304
567609199248
309641938336
584519845280
292730504608
567608411552
309910373792
584788280736
567608214864
292394763600
567272670544
309574632784
584452539728
292663199056
567541106000
309843068240
584720975184
292461872464
567273720144
309575682384
584453589328
292664248656
567542155600
309844117840
309642004896
584519911840
292730571168
567608478112
309910440352
292395027040
567272933984
309574896224
292731291984
567609198928
309911161168
584789068112
567273654608
309575616848
584453523792
292462856528
567340763472
309642725712
309642004112
584519911056
292730570384
292395026064
567272933008
309574895248
584452802192
292663461520
567541368464
567608477328
292730504544
309910373728
584788280672
292394960288
567272867232
309574829472
584452736416
292663395744
567541302688
309843264928
584721171872
292462069152
567339976096
292731292240
567609199184
309911161424
584789068368
292394961488
567272868432
309574830672
584452737616
292663396944
567541303888
292396010128
567273917072
309575879312
584453786256
292664445584
567542352528
309844314768
292463118992
567341025936
309642988176
309642004832
584519911776
292730571104
567608478048
309910440288
584788347232
292395025744
567272932688
309574894928
584452801872
292663461200
567541368144
309843330384
584721237328
292462134608
567340041552
309641741984
309641677408
584519584352
292730243680
567608150624
309910112864
584788019808
292395747936
567273654880
309575617120
584453524064
584520895120
292731554448
567609461392
309911423632
584789330576
309910439312
584788346256
584453785936
292463118672
567341025616
309642987856
584520894800
292396009808
567273916752
309575878992
292664445264
567542352208
292664183456
567542090400
309844052640
584721959584
292462856864
567340763808
309642726048
292394763616
567272670560
309574632800
584452539744
292663199072
567541106016
309843068256
584720975200
292461872480
567339779424
292463118928
567341025872
292395025760
567272932704
309574894944
584452801888
567609264720
309911226960
584789133904
292395813456
567273720400
309575682640
584453589584
292664248912
567542155856
309844118096
567609525664
309911487904
309642003792
584519910736
292730570064
567608477008
309910439248
584788346192
292664444560
567542351504
309844313744
584722220688
584519648928
584789068128
292462856544
567340763488
309642725728
584520632672
292395747680
567541303952
309574830736
584452737680
292462070416
567339977360
309641939600
584519846544
309843266192
584721173136
292394699408
292395026080
567272933024
309574895264
309911160208
584789067152
292395746704
567273653648
309575615888
584453522832
292664182160
567542089104
309844051344
584721958288
309641677472
584519584416
292730243744
567608150688
309910112928
584788019872
292395748000
567273654944
309575617184
584453524128
292396010144
567273917088
309575879328
584453786272
292664445600
567542352544
309844314784
584722221728
292463119008
567341025952
567340041568
292730570080
567608477024
292462134624
309910439264
584788346208
292663461216
567541368160
309843330400
584721237344
292461808016
567339714960
292663134544
567541041488
309843003728
584720910672
292396075600
567273982544
309575944784
584453851728
292664511056
567542418000
309844380240
584722287184
292463184464
567341091408
567609461088
309911423328
584789330272
292396009824
567273916768
309575879008
584453785952
292664445280
567542352224
309844314464
292396008848
567273915792
309575878032
584453784976
292664444304
567542351248
309844313488
584722220432
292463117712
567341024656
309642987920
584520894864
292395813472
567273720416
309575682656
584453589600
292664248928
567542155872
309844118112
584722025056
292462922336
567340829280
292395812496
567273719440
309575681680
584453588624
292664247952
567542154896
309844117136
584722024080
292462921360
567340828304
292664182176
567542089120
309844051360
584721958304
292462855584
567340762528
309642724768
584520631712
292731291040
567609197984
584721172880
292462070160
567339977104
309641939344
584519846288
292730505616
567608412560
292395026768
567272933712
309574895952
584452802896
292663462224
567541369168
309843331408
584721238352
292462135632
567340042576
584722221408
292731554128
567609461072
309911423312
584789330256
584520632992
292731292320
567609199264
309911161504
584789068448
584453588304
292664247632
567542154576
292461873504
567339780448
309641742688
584519649632
309844116816
584722023760
292462921040
584720976224
292730308960
567608215904
309641742992
584519649936
292730309264
567608216208
309910178448
584788085392
292394764944
567272671888
309574634128
584452541072
309910177184
584788084128
292396075616
567273982560
309575944800
584453851744
292664511072
567542418016
309844380256
584722287200
292463184480
567341091424
292731618960
567609525904
309643052688
292396074640
567273981584
309575943824
584453850768
292664510096
567542417040
309844379280
309911161440
584789068384
292396008864
567273915808
567608215888
309910178128
584788085072
292663200080
567541107024
309843069264
584720976208
292461873488
567339780432
309641742672
292396008784
567273915728
567608214880
309910177120
584788084064
309641741664
584519648608
292730307936
584721958560
