1117028418896
1163946264
1168140568
1213745242
1213745258
1168189768
1184917784
1213745306
1213745322
1218021649
1218021650
1163946532
1168140836
1214343713
1214360097
1168190084
1184918052
1214409249
1214425633
2237688356
2241882660
1217825313
1217825314
1218808353
1218808354
1218873889
1218873890
1167403144
1184131112
1213745825
1213745826
1214425634
1150376466
1150392850
1151425042
1151441426
1150442002
1150458386
1151474198
1151474202
1217681542
1217685638
1163942424
1168136728
1214339602
1214355986
1168185928
2237159448
2241353752
2287605829
2287605830
2241402952
2258130968
2288065061
2288065065
1213630993
1213630994
1214614033
1214614034
1214679569
1214679570
1214356002
1168185992
1184913960
1214405154
1214421538
2237684264
2241878568
2288081442
2288097826
2241927816
2292328986
1213827361
1213827362
1163962916
1168157220
1218538017
1218554401
1168255620
1184934436
1218603553
1218619937
2237704740
2241899044
1214388774
1214388778
1167616020
1214339346
1214355730
1167665220
1184393236
1214404882
1214421266
2288065046
2288065050
1218062469
1218062470
1217808657
1217808658
1218726225
1218726226
1218726289
1218726290
2287605893
2287605894
1163417640
1167611944
1218537745
1218554129
1167661192
1184389160
1218603281
1218619665
1163958824
1168153128
1218533922
1146230310
1146230314
1146231334
1146231338
1150691397
1150691398
1150953541
1150953542
1151408521
1151408522
1213765702
1213769798
2237700644
2241894948
2291550753
2291550754
2241993348
2258672164
2292328981
2292328985
1150687301
1150687302
1150949445
1150949446
1151408517
1151408518
1150375442
1150391826
1150424649
1150424650
1150424598
1150424602
1150425622
1163421732
1167616036
1218533650
1218550034
1167665284
1184393252
1218599186
1218615570
2237163556
2241357860
1217960070
1217964166
1218583078
1218583082
1168251204
1184930068
1217939605
1217939621
1217743377
1217743378
1217808913
1217808914
1218791953
1218791954
2237175844
2241370148
2287356449
2287356450
2241468548
2258147364
2288134725
2288134726
1146492998
1146755141
1146755142
1147214213
1147214214
1147214469
1147214149
1147214150
1147214405
1146164505
1150691461
1150691462
1151474313
1151474314
1150379538
1150395922
1150424713
1150424714
1151474057
1151474058
2288081425
2288097809
2241927748
2258655764
1147214373
1214388613
1214388614
1150380305
1150396689
1151408421
1151408425
1150445841
1150462225
1151408677
1151412553
1151412554
1151412809
1151412810
1167616024
1214343442
1214359826
1167665224
1184393240
1214408978
1214425362
1218742882
1163946280
1168140584
1213761626
1213761642
1218742945
1218742946
1146251794
1146268178
1147279910
1147279914
1213503622
1213507718
1214388518
1214388522
1213765766
1213769862
1168189764
1184917780
1213745305
1213745321
1146521889
1146521890
1147218249
1147218250
1147218505
1147218506
1213483178
1213827345
1213827346
1213892881
1213892882
1214532258
1214532193
1214532194
1214532257
1163159576
1213498785
1213498786
1167468612
1184147476
1213499542
1213499558
1213565217
1213892897
1213892898
1214548577
1150375441
1150391825
1150424645
1150424646
1150424597
1150424601
1150425621
1150425625
1150621829
1150621830
1163958804
1168153108
1218533905
1218550289
1168251460
1184930324
1218599441
1218615825
2237700628
2241894932
1163155480
1167349784
1213482641
1218062473
1218062474
1217960074
1217964170
1218587174
1218587178
1163438100
1167632404
1214339362
1214355746
1167730756
1184409620
1214404898
1214421282
1163962664
1168156968
1217955489
1217955490
1168255368
1184934184
1217955994
1217956010
1218021921
1218021922
1214388501
1214388505
1213749381
1213753477
1214388757
1214388761
1146186257
1146202641
1147234833
1147251217
1168185736
1184913704
1213761686
1213761702
2291550737
2291550738
2241993284
2258672148
2292324885
2292324889
1150380562
1150396946
1151429138
1151445522
1150446098
1150462482
1151474214
1151474218
1217697926
1217702022
1146168901
1146168902
1146168853
1146168857
1146169877
1146169881
1213868169
1213868170
1214392713
1214392714
1214392969
1214392970
1163159592
1213893138
1213893137
1214794338
1214794401
1214794402
1214794337
1167353896
1213744801
1213744802
1163946536
1168140840
1214343714
1214360098
1168190088
1184918056
1214409250
2237159460
2287356433
2287356434
2241353764
1151445537
1150446113
1150462497
1151478309
1151478313
1150687369
1150687370
1217759778
1168189832
1184917800
1213761690
1213761706
1218021665
1218021666
1218087201
1218087202
1218742881
1214794321
1214794322
1214794385
1214794386
1163155496
1167349800
1213744785
1213744786
1167399048
1184127016
1163421720
1213765701
1213769797
1214323237
1214323241
1213864069
1213864070
1147214117
1147214121
1146251537
1146267921
1218070801
1218070802
1218726481
1218726482
1218726545
1218726546
1163946260
1168140564
1213745241
1213745257
1163942440
1168136744
1214339618
1218087457
1218087458
1219005025
1219005026
1219005089
1219005090
1218071057
1218071058
1218988625
1218988626
1218988689
1218988690
1163942164
1168136468
1213745237
1213745253
1146182161
1146198545
1147230737
1147247121
1146247697
1146264081
1147279893
1147279897
1213487237
1213491333
1163962920
1168157224
1218538018
1218554402
1168255624
1184934440
1218603554
1218619938
2237704744
2241899048
1146431557
1146431558
1213893153
1213893154
1214810721
1214810722
1214810785
1214810786
1163942168
1168136472
1213745238
1213745254
1168185672
1184913688
1213745302
1213745318
1217759505
1146230293
1146230297
1146231317
1146231321
1146169893
1146169897
1146493001
1146493002
1146755145
1146755146
1147218309
1147218310
1147218565
1147218566
1217956009
1163421736
1167616040
1218537746
1218554130
1167665288
1184393256
1218603282
1218619666
2237163560
2241357864
1146181921
1163962644
1168156948
1217939089
1217939090
1168255300
1184934164
1217939609
1217939625
1218005521
1218005522
1150949449
1218070818
1150700065
1150700066
1151478085
1151478086
1151478341
1151478342
1146235161
1146234389
1146182177
1146198561
1147230753
1147247137
1146247713
1146264097
1147283989
1147283993
1213487241
1213491337
1146164757
1213762194
1167366184
1213606021
1213606022
1213868165
1213868166
1214388617
1163946516
1168140820
1214343697
1214360081
1168190020
1184918036
1214409233
1214425617
2237688340
2241882644
1217825297
1217825298
1218808337
1218808338
1218873873
1218873874
1163958552
1168152856
1217824273
1217824274
1163159572
1167353876
1213482401
1213482402
1151429137
1151445521
1150446097
1150462481
1151474213
1151474217
1150949509
1150949510
1151474053
1151474054
1151474309
1151474310
1184913944
1214405138
1214421522
2237684248
2241878552
2288081426
2288097810
2241927752
2258655768
2288130582
1218021905
1218021906
1218087441
1218087442
1218988641
1218988642
1218988705
1218988706
1146234245
1146234246
1146234501
1146234502
1146235269
1146235270
1146235525
1146235526
1146493065
1146493066
1147279749
1147279750
1147280005
1147280006
1213503625
1213507721
1214392613
1214392617
1213765769
1213769865
1214392869
1214392873
1163962900
1168157204
1218538001
1218554385
1168255556
1184934420
1218603537
1218619921
2237704724
2241899028
1146198305
1147218197
1147218201
1146247457
1146263841
1147218453
1147218457
1213487177
1213491273
1213798473
1213827601
1213827602
2237688360
2241882664
2288085538
2288101922
2241931912
2258659880
2288134694
2288134698
1213864009
1213864010
1213765705
1213769801
1214327333
1214327337
1163958808
1168153112
1218533906
1218550290
1168251464
1184930328
1218599442
1218615826
2237700632
2241894936
2287609929
2287609930
2241472584
2258151448
2288069158
2288069162
1146234393
1146235413
1150949450
1146235417
1150621769
1150621770
1151412613
1151412614
1151412869
1151412870
1146230089
1146230090
1146230345
1146230346
1146231113
1146231114
1146231369
1146231370
1146431621
1146431622
1214392597
1214392601
1213749385
1213753481
1214392853
1214392857
1214323238
1151408662
1151408666
1214388553
1214388554
1214323242
1213491270
1213802565
1213802566
1146181906
1146235205
1146235206
1146235461
1146235462
1150716177
1150716178
1151408457
1151408458
1151408713
1151408714
1146185234
1146201618
1146231078
1146231082
1146182162
1146198546
1147230738
1147247122
1146247698
1146264082
1147279894
1147279898
1213487238
1213491334
1213761954
1218087185
1218087186
1218726497
1218726498
1218726561
1218726562
1214388773
1214388777
1146759241
1146759242
1146522145
1146522146
1147283785
1147283786
1147284041
1147284042
1163175956
1167370260
1151474249
1151474250
1146181922
1146198306
1147218198
1147218202
1146247458
1146263842
1147218454
1147218458
1213487178
1213491274
1150391842
1163958568
1168152872
1217824289
1217824290
1168251272
1184930088
1217955990
1217956006
1217759777
2288085522
2288101906
2241931848
2258659864
2288130598
2288130602
1146182178
1146198562
1147230754
1147247138
1146247714
1146264098
1147283990
1147283994
1213487242
1213491338
1213745809
1213811217
1213811218
1213876753
1213876754
1213745810
1213614354
1214531985
1214531986
1214531921
2241403016
2258130984
1163417624
1167611928
1214343441
1214359825
1167661128
1184389144
1214408977
1214425361
1163962648
1168156952
1217939105
1217939106
1168255304
1184934168
1217939610
1217939626
2237163544
2241357848
2287609925
2287609926
2241407048
2258135064
2288065062
2288065066
1218005265
1218005266
1168251208
1184930072
1217939606
1217939622
1163946520
1168140824
1214343698
1214360082
1168190024
1184918040
1214409234
1214425618
2237688344
2241882648
1146230085
1146230086
1146230341
1146230342
1168185668
1184913684
1213745301
1213745317
1217743121
1217743122
1163958548
1168152852
1217807889
1217807890
2292324890
1146427466
1146505505
1146505506
1147218245
1147218246
1147218501
1147218502
1146168597
1146168601
1213810962
1213876497
1213876498
1214532177
1214532178
1214532241
1214532242
1163942420
1168136724
1214339601
1214355985
1168185924
1184913940
1214405137
1214421521
2237684244
2241878548
1217759521
1217759522
1146427465
1163962904
1168157208
1218538002
1218554386
1168255560
1184934424
1218603538
1218619922
2237704728
2241899032
1217697929
1217702025
1218058377
1218058378
1217960073
1217964169
1218587173
1218587177
1146427529
1146427530
1146505761
1146505762
1147284037
1147284038
1146234181
1146234182
1146234437
1146234438
2291804297
2291804298
2241997448
2258676264
2292328998
2292329002
1213864073
1213864074
1214392709
1214392710
1214392965
1214392966
1213798474
1213749321
1213753417
1214327317
1214327321
2287609993
2287609994
2241472648
2258151464
2288134793
2288134794
1150621765
1150621766
1218005537
1218005538
1219005073
1219005074
1217759506
1217825041
1217825042
1218726241
1218726242
1218726305
1218726306
1146247441
1146263825
1147214357
1147214361
1150376225
1150392609
1151412501
1151412505
1150441761
1150458145
1151412757
1151412761
1213536393
1213536394
1214810705
1214810706
1214810769
1214810770
1213630738
1214531937
1146185250
1146201634
1146235174
1146235178
1217697925
1217702021
1218058373
1218058374
1217960069
1217964165
1218583077
1218583081
2291804293
2291804294
2241997384
2258676248
2292324902
2292324906
1163171864
1167366168
1213499025
1213499026
1167464520
1184143384
1213499545
1213499561
1213810977
1213810978
1217996937
1217996938
1217943690
1217947786
1218587158
1218587162
1146168613
1146168617
1146168965
1146168966
1146168869
1146168873
1163434004
1167628308
1214339361
1214355745
1167726660
1184405524
1214404897
2287609989
2287609990
2241407112
2258135080
2288130697
2288130698
1213802633
1213802634
1214392649
1214392650
1214392905
1214392906
1146168598
1146168602
1146168905
1146168906
1146168854
1146168858
1146169878
1146169882
1146431561
1146431562
1218742865
1218742866
1218742929
1218742930
1218071074
1218070817
1217955989
1217956005
1217743393
1217743394
1146755209
1146755210
1147283845
1147283846
1147284101
1147284102
2288085537
2288101921
2241931908
2258659876
2288134693
2288134697
1218550306
1168251528
1184930344
1218599458
1218615842
1163942436
1168136740
1214339617
1214356001
1168185988
1184913956
1214405153
1214421537
2237684260
2241878564
1147283781
1147283782
1146186017
1146202401
1147218213
1147218217
1146251553
1146267937
1147218469
1147218473
1213503561
1213507657
1146235465
1146235466
1146431625
1146431626
2287605833
2287605834
2241468488
2258147352
2288069157
2288069161
1218550050
1167730820
1184409636
1218599202
1218615586
2241997444
2258676260
2292328997
2292329001
1213565473
1213565474
1214614050
1214679585
1214679586
1217996933
1217996934
1217943686
1217947782
1218583062
1218583066
1150699809
1150699810
1151412549
1151412550
1151412805
1151412806
1146181153
1146197537
1146235157
1150380321
1150396705
1151412517
1151412521
1150445857
1150462241
1151412773
1151412777
1213601929
1213601930
1213761938
1163171876
1146164806
1146164805
1146164761
1146165781
1146165785
1146427461
1147214406
1146427462
1146505489
1146505490
1150376226
1150392610
1151412502
1151412506
1150441762
1150458146
1151412758
1151412762
1213540489
1213540490
1150375457
1150391841
1150428741
1150428742
1150428693
1150428697
1150429717
1150429721
1150621833
1150621834
2288085521
2288101905
2241931844
2258659860
2288130597
2288130601
1217759761
1217759762
1150376209
1150392593
1151408405
1147279941
1147279942
1146231109
1146427525
1146427526
1146505745
1146505746
1147279685
1146231110
1146231365
1146231366
1147279686
2241927812
2258655780
2288134677
2288134681
1150429738
2258655784
2288134678
2288134682
1163171860
1167366164
1213498769
1213498770
1167464516
1184143380
1213499541
1213499557
1213548833
1213548834
1213798469
1213798470
1213749317
1213753413
1214323221
1214323225
1146181905
1146198289
1147214101
1147214105
1146168614
1146168618
1146168969
1146168970
1146168870
1146168874
1146169894
1146169898
1146497097
1146497098
1146235273
1146235274
1146235529
1146235530
2292324905
1150376481
1150392865
1151425057
1151441441
1150442017
1150458401
1151478293
1151478297
1217681545
1217685641
1217808673
1217808674
1218742609
1218742610
1218742673
1218742674
1214597665
1214597666
1214663201
1214663202
1167366180
1213613601
1213613602
1167464580
1184143396
1213761937
1214388550
1151408409
1150441745
1150458129
1151408661
1151408665
1213536389
1213536390
1213798533
1213798534
1147284106
1146759305
1146759306
1147283849
1147283850
1147284105
1146234249
1146234250
1146234505
1146234506
1213614369
1213614370
1214548305
1214548306
1214548369
1214548370
1214421281
2237175828
2241370132
2287356193
2287356194
2241468484
2258147348
2288069141
2288069145
2291800201
2291800202
1146251554
1146267938
1147218470
1147218474
1213503562
1213507658
1213868105
1213868106
1213765706
1213769802
1146185249
1146201633
1146235173
1146235177
1146234405
1146234409
1146235429
1146235433
1150687305
1150687306
1150424614
1150424618
1150425638
1150425642
2288130586
1213487173
1213491269
2287605897
2287605898
2241468552
2258147368
2288134789
2288134790
1147279945
1147279946
1146164774
1146164778
1146165798
1146165802
1146759238
1146164518
1146522129
1146522130
1163434020
1167628324
1218533665
1146164517
1146164521
1146164869
1147214470
1146164777
1146165797
1146165801
1146492997
1146164870
1146164773
1146235158
1146235162
1146234390
1146234394
1146235414
1146235418
1150625865
1150625866
1150716193
1150716194
1146230410
1146231434
1146198290
1147214102
1213802629
1213802630
1146202386
1147214118
1147214122
1146251538
1146267922
1147214374
1151412873
1151412874
1150380322
1150396706
1151412518
1151412522
1150445858
1150462242
1151412774
1151412778
1213606025
1213606026
1151478406
1150949513
1150949514
1151478149
1151478150
1151478405
1150379553
1150395937
1150428805
1150428806
1146521873
1146521874
1147214153
1147214154
1147214409
1147214410
1146164502
1146164506
1146164809
1146164810
1146230405
1146230406
1146231173
1146231174
1146493061
1146493062
1146755205
1146755206
1146231429
1146231430
1146186273
1146202657
1147234849
1147251233
1146251809
1146268193
1147284005
1213548818
1213614353
1150428694
1151478089
1151478090
1151478345
1151478346
1150428746
1150375458
1151408777
1151408778
1146181138
1146197522
1146231062
1146231066
1146230294
1146230298
1146231318
1146231322
1213876513
1213876514
1214548561
1214548562
1214548625
1214548626
1214388502
1214388506
1213749382
1213753478
1214388758
1214388762
1146186258
1146202642
1147234834
1147251218
2291800197
1147214377
1213503557
1213507653
1213864005
1213864006
1146186001
1146202385
2291800198
2241997380
1147279689
1147279690
1217992841
1217992842
1217943689
1217947785
1218587157
1218587161
1150380577
1150396961
1213565218
1213630753
1213630754
1214548321
1214548322
1214548385
1214548386
1151429153
1213499562
2237159464
2241353768
2288130693
2288130694
1213749318
1213753414
1214323222
1214323226
1147214106
1146247442
1146263826
1147214358
1147214362
1213487174
1150699793
1150699794
1151408453
1151408454
1151408709
1151408710
1146181137
1146197521
1146231061
1146231065
2237700648
2241894952
2291567137
2291567138
2241993352
2258672168
2292328982
1163171880
1213761169
1213761170
1213811233
1213811234
1213876769
1213876770
1167464584
1184143400
1213762193
1213798537
1213798538
1214392645
1214392646
1214392901
1214392902
1151408681
1213601925
1213601926
1214388869
1214388870
1150376482
1150392866
1151425058
1151441442
1150442018
1150458402
1151478294
1151478298
1217681546
1217685642
2237179940
2241374244
2287372833
2287372834
2241472644
2258151460
2288134729
2288134730
1163434008
1167628312
1214343457
1214359841
1167726664
1184405528
1214408993
1214425377
2237175832
2241370136
1213631009
1213631010
1214614049
1163175972
1167370276
1213629985
1213629986
1167468676
1184147492
1213761953
1150376210
1150392594
1151408406
1151408410
1150441746
1150458130
1214388809
1214388810
1213540485
1213540486
1218550305
1168251524
1184930340
1218599457
1218615841
1150700049
1150700050
1151473989
1151473990
1151474245
1151474246
1218857505
1218857506
2237179924
2241374228
2287372577
2287372578
2241472580
2258151444
2288069142
2288069146
1163942180
1168136484
1213761621
1213761637
1168185732
1184913700
1213761685
1213761701
1217743137
1217743138
1218550049
1167726724
1184405540
1218599201
1218615585
1213549089
1213549090
1213614625
1213614626
1163434024
1167628328
1218537761
1218554145
1167726728
1184405544
1218603297
1218619681
2237175848
2241370152
1146234406
1146234410
1146235430
1146235434
1150691401
1150691402
1150953545
1150953546
1151412617
1151412618
1217992837
1217992838
1217943685
1217947781
1218583061
1218583065
1214531922
1163155476
1167349780
1213482385
1213482386
1167398980
1184126996
1213483157
1213483173
1213548817
1167353880
1213482657
1213482658
1167403080
1184131096
1213483162
2291567121
2291567122
2241993288
2258672152
2292324886
1163438116
1167632420
1218533666
1147214217
1147214218
1147214473
1147214474
1146164522
1146164873
1146164874
1146497093
1146497094
1146759237
1217808929
1217808930
1218791969
1163958564
1168152868
1217807905
1217807906
1168251268
1184930084
1218791970
1214388549
1214388805
1214388806
1150376465
1150392849
1151425041
1151441425
1150442001
1150458385
1151474197
1151474201
1217681541
1217685637
1147218313
1147218314
1147218569
1147218570
1146234185
1146234186
1146234441
1146234442
1146235209
1146235210
1150379554
1150395938
1150428809
1150428810
1150428710
1150428714
1150429734
1150691465
1150691466
1150953609
2287372817
2287372818
2241407108
2258135076
2288130633
2288130634
1163155492
1167349796
1213613585
1213613586
1167399044
1184127012
1213745553
1213745554
1213549073
1213549074
2288081441
1213802569
1213802570
1213749322
1213753418
1214327318
1214327322
1146186018
1146202402
1147218214
1147218218
1150953610
1151478153
1151478154
1151478409
1151478410
1218857489
1218857490
1146497157
1146497158
1146759301
1146759302
1146230153
1146230154
1146230409
1146231177
1146231178
1146231433
1146251810
1146268194
1147284006
1147284010
1213503626
1213507722
1214392614
2258130964
1163417620
1167611924
1214339345
1214355729
1167661124
1184389140
1214404881
1214421265
2237159444
1146497161
1146497162
1218533649
1218550033
1214548578
1214548641
1214548642
1163175960
1167370264
1213499041
1213499042
1167468616
1184147480
1213499546
2258676244
2292324901
1213614609
1213614610
1214597649
1214597650
1214663185
1214663186
1150428709
1150428713
1150429733
1150429737
2288097825
1147214378
1213503558
1213507654
1213868101
1213868102
1146186002
1150428698
1150428745
1150625929
1150625930
1150716449
1150716450
1150429718
1150429722
1146181154
1146197538
1163958820
1168153124
1218533921
1151408773
1151408774
1146185233
1146201617
1146231077
1146231081
1146230309
1146230313
1146231333
1146231337
1214392598
1214392602
1213749386
1213753482
1214392854
1214392858
1146186274
1146202658
1147234850
1147251234
1150380578
1150396962
1151429154
1151445538
1150446114
1150462498
1151478310
1151478314
1217697930
1217702026
2258130980
2241403012
2288130629
2288130630
1167661188
1184389156
1218599185
1218615569
1163417636
1167611940
1150625861
1150625862
1146164758
1146164762
1146165782
1146165786
1163175976
1167370280
1213761185
1213761186
1167468680
1184147496
1213762209
1213762210
1213827617
1213827618
1214388618
1214388873
1214388874
1150380306
1150396690
1151408422
1151408426
1150445842
1150462226
1151408678
1150379537
1150395921
1150424709
1150424710
1150424613
1150424617
1150425637
1150425641
1150687365
1150687366
1150953605
1150953606
1163438104
1167632408
1214343458
1214359842
1167730760
1184409624
1214408994
1214425378
2237179928
2241374232
1163946276
1168140580
1213761625
1213761641
1168189828
1184917796
1213761689
1213761705
1218005281
1218005282
1146251793
1146268177
1147279909
1147279913
1213503621
1213507717
1214388517
1214388521
1213765765
1213769861
1150425626
1150625925
1150625926
1150716433
1150716434
1151473993
1151473994
1163159588
1167353892
1213629969
1213629970
1167403140
1184131108
1213745569
1213745570
1213565457
1213565458
1151408682
1147279753
1147279754
1147280009
1147280010
1214392618
1213765770
1213769866
1214392870
1214392874
1213482642
1167398984
1184127000
2237163540
2241357844
2287372561
2287372562
1213483161
1213483177
1213810961
2241407044
2258135060
1163421716
1217825057
1217825058
1218742625
1218742626
1218742689
1218742690
1163942184
1168136488
1213761622
1213761638
2288130581
2288130585
1163438120
1167632424
1218537762
1218554146
1167730824
1184409640
1218603298
1218619682
2237179944
2241374248
1219005009
1219005010
1218071073
1163962660
1168156964
1217955473
1217955474
1168255364
1184934180
1217955993
1214327334
1214327338
1150380561
1150396945
1214531938
1214532001
1214532002
1167403076
1184131092
1213483158
1213483174
1213565201
1213565202
1213630737
1146230149
1146230150
2241353748
2288065045
2288065049
2287356177
2287356178
2241402948
1147284009
