1374726456656
1374727571856
2474239199632
1649605478800
2749117106576
1374996007312
2474507635088
1649873914256
2749385542032
1374794680720
2474306308496
1374727571104
2474239198880
1649605478048
2749117105824
1374996006560
2474507634336
1649873913504
2749385541280
1374794679968
2474306307744
1649671801488
2749183429264
1375062330000
2474573957776
1649940236944
2749451864720
1374996269392
2474507897168
1649874176336
2749385804112
2749385542304
1374726719904
2474238347680
1649604626848
2749116254624
1374995155360
2474506783136
1649873062304
2749384690080
1374793828768
2474305456544
1374726523296
2474238151072
1649604430240
2749116058016
1374994958752
1649672586592
2749184214368
1375063115104
2474574742880
1649941022048
2749452649824
1649671801168
2749183428944
1375062329680
2474573957456
1649940236624
2749451864400
2749116058272
1374994959008
2474506586784
1649872865952
2749384493728
1374793632416
2474305260192
1649671539360
2749183167136
1375062067872
2749451864736
1374794680912
2474306308688
1374727833248
2474239461024
1649605740192
2749117367968
1374996268704
2474507896480
1649874175648
2749385803424
1374794942112
2474306569888
1649940957600
2749452585376
1374726523232
2474238151008
1649604430176
2749116057952
1374994958688
2474506586464
1649872865632
1649939974496
2749451602272
1649672784288
2749184412064
1649671538064
2749183165840
1375062066576
2474573694352
1649939973520
2749451601296
1649672848736
2749184476512
1374727832928
2474239460704
1649605739872
2749117367648
1374996268384
2474507896160
1649874175328
2749385803104
1374726785696
2474238413472
1649604692640
1374995941776
2474507569552
1649873848720
2749385476496
1374794615184
2474306242960
1649672522128
2749184149904
1375063050640
2474574678416
1649940957536
2749452585312
1374793893536
2474305521312
1649671800480
2749183428256
1375062328992
2474573956768
1649940235936
2749451863712
1374794614160
2474306241936
1649672521104
2749184148880
1375063049616
2474574677392
1374726719888
2474238347664
1649604626832
2749116254608
1374995155344
2474506783120
1649873062288
1374726785376
2474238413152
1649604692320
2749116320096
1374995220832
2474506848608
1649873127776
2749384755552
1374793894240
2474305522016
1375063312800
2474574940576
1649941219744
2749452847520
1374995219856
2474506847632
1649873126800
2749384754576
1374793893264
2474305521040
1649671800208
2749183427984
1375062328720
2474573956496
1374793893472
2474305521248
1649671800416
2749183428192
1375062328928
2474573956704
1649940235872
2749451863648
2474306241872
1649672521040
2749184148816
1375063049552
2474574677328
1649940956496
1375062000976
2474573628752
1649939907920
2474238084432
1374794877328
2474306505104
1374727768464
2474239396240
1649605675408
2749117303184
1375063312784
2474574940560
1649941219728
2749452847504
1649671538080
2749183165856
1375062066592
2474573694368
1649873847648
1375063311712
2474574939488
1374727767392
2474239395168
1649605674336
2749117302112
1374996202848
2474507830624
1649874109792
1649939909264
2749451537040
2474239199584
1649605478752
2749117106528
1374996007264
2474507635040
1649873914208
2749385541984
2474574744208
1374727572112
2474239199888
1649605479056
2749117106832
1649941023376
2749452651152
1374995941792
2474507569568
1649873848736
2749385476512
1374794615200
2474306242976
1649672522144
2749184149920
1375063050656
2474574678432
1374996006288
2474507634064
1649873913232
2749385541008
1649671473744
2749183101520
1375062002256
2474573630032
1649939909200
2749451536976
2749385541968
1374794680656
2474306308432
1649672587600
2749184215376
2749452650832
1375063116112
2474574743888
1649941023056
1374727571792
1649604430416
2749116058192
1374994958928
2474506586704
1649872865872
2749384493648
1374793632336
1649672587856
2749184215632
1375063116368
1374726718864
2474238346640
1649604625808
2749116253584
1374995154320
2474506782096
1649873061264
2749384689040
1374793827728
2474305455504
1374726784416
2474238412192
1649604691360
2749116319136
1374995219872
2474506847648
1649873126816
2749384754592
1374793893280
2474305521056
1374727570768
2474239198544
1649605477712
2749117105488
1374996006224
1649672784544
2749184412320
1375063313056
2474574940832
1649941220000
2749452847776
1374726523488
2474238151264
1649604430432
2749116058208
1374994958944
2474506586720
1649872865888
2749384493664
1374727834256
2474239462032
1649605741200
2749117368976
1374996269712
2474507897488
1649874176656
2749385804432
1374794943120
2474306570896
1649671472544
2749183100320
1375062001056
2474573628832
1649939908000
2749451535776
1374727505312
2474239133088
1649605412256
2749117040032
1374994958992
2474506586768
1649872865936
2749384493712
1649671800224
2749183428000
1375062328736
2474573956512
1649940235680
2749451863456
1374727768480
2474239396256
1649605675424
2749117303200
1374996203936
2474507831712
1649874110880
2749385738656
1374794877344
2474306505120
1649604363856
2749115991632
1374994892368
2474506520144
1649872799312
2749384427088
1649672784480
2749184412256
1375063312992
2474574940768
1649941219936
2749452847712
1374727833936
1649672849744
2749184477520
1375063378256
2474575006032
1649941285200
2749452912976
2474239461712
1649605740880
2749117368656
1374727572128
2474239199904
1649605479072
2749117106848
1374996007584
2474507635360
1649873914528
2474573956448
1649940235616
2749451863392
2749117302432
1374996203168
2474507830944
1649874110112
2749385737888
1374794876560
2474306504336
2474305522320
1374996007568
2474507635344
1649873914512
2749385542288
1374794680976
2474306308752
1649672587920
2749184215696
1375063116432
1375063377232
2474575005008
1649941284176
2749452911952
1374727832912
2474239460688
1649605739856
2749117367632
1374996268368
2474507896144
1374727571808
1375063049568
2474574677344
1649940956512
2749452584288
1649672783200
2749184410976
1649605412192
2749117039968
1374995940704
2474507568480
1649672586640
2749184214416
1375063115152
2474574742928
1649941022096
2749452649872
1374727570832
2474239198608
1649605477776
2749117105552
1374726523552
2474238151328
1649604430496
1649672850064
2749184477840
1375063378576
2474575006352
1649941285520
2749452913296
1649672848784
2749184476560
1375063377296
2474575005072
1649941284240
2749452912016
1374726522256
2474238150032
1649604429200
2749116056976
1374726456736
2474238084512
1649604363680
2749115991456
1374994892192
2474506519968
1649872799136
2749384426912
1374793565600
2474305193376
2749384427872
1374727834272
2474239462048
1649605741216
2749117368992
1374996269728
2474507897504
1649874176672
2749385804448
1374794943136
2474306570912
1374793566544
2474305194320
1649672850000
2749184477776
1375063378512
2474575006288
1649941285456
2749452913232
1374726523280
2474238151056
1649604430224
2749116058000
1374994958736
2474506586512
1649872865680
2749384493456
1374793632144
1374994892176
2474506519952
1649872799120
2749384426896
1649873847888
2749385475664
1374794614352
2474306242128
1649672521296
2749184149072
1375063049808
2474574677584
1649940956752
2749452584528
2474507896464
1649874175632
2749385803408
1374727833952
2474239461728
1649605740896
2749117368672
1374996269408
2474507897184
1649874176352
2749385804128
1374794942816
2474306570592
1374726456928
1374727832976
2474239460752
1649605739920
2749117367696
1374996268432
2474507896208
1649874175376
2749385803152
1374794941840
2474306569616
1649672521360
2749184214672
1649671734928
2749183362704
1375062263440
2474573891216
1649940170384
2749451798160
2749115991696
1374994892432
1374726456992
2474238084768
1649604363936
2749115991712
1374994892448
2474506520224
1649872799392
2749384427168
1374793565856
2474305193632
1374994892112
2749385803344
2474239460944
1374794877280
2474306505056
1649672784224
2749184412000
1375063312736
2474574940512
1374727570848
2474239198624
1649605477792
2749117105568
1374996006304
2474507634080
1649873913248
2749385541024
1374794679712
2474306307488
1649671801232
2749183429008
1375062329744
2474573957520
1649940236688
2749451864464
1374726785424
2474238413200
1649604692368
2749116320144
1374726523216
2474238150992
1649604430160
1649605674400
2749117302176
1374996202912
2474507830688
1649874109856
2749385737632
1649672783248
2749184411024
1375063311760
2474574939536
1649941218704
2749452846480
2474506586528
1649872865696
2749384493472
1374793632160
2474305259936
1649671539104
2749183166880
1375062067616
2474573695392
1649939974560
1374794942864
2474306570640
1649672849808
2749184477584
1375063378320
2474575006096
1649941285264
2749452913040
1374727767632
2474239395408
1649605674576
2749117302352
1374996203088
2474507830864
1649874110032
2749385737808
1374794876496
2474306504272
2474574939472
1649941218640
2749452846416
1374794614432
2474306242208
1649672521376
2749184149152
1375063049888
2474574677664
1649940956832
2749452584608
1374727832992
2474239460768
1649605739936
2749117367712
1374996268448
2474507896224
1649874175392
2749385803168
1374794941856
2474306569632
2474238084704
1649604363872
2749115991648
1374994892384
2474506520160
1649872799328
2749384427104
1374793565792
2474305193568
1649671472736
1374794942800
2474306570576
1374794680992
2474306308768
1649672587936
2749184215712
1375063116448
2474574744224
1649941023392
2749452651168
1649672521312
2749184149088
1375063049824
2474574677600
1649940956768
2749452584544
1374726785440
2474238413216
1649604692384
2749116320160
1374995220896
2474506848672
1649873127840
2749384755616
1374793894304
2474305522080
1649672587872
2749184215648
1375063116384
2474574744160
1649941023328
2749452651104
2474506520208
1649872799376
2749184149136
2749384427152
1374793565840
2474305193616
1375063049872
2474574677648
1649940956816
2749452584592
1374726719824
2474238347600
1649604626768
2749116254544
1374995155280
2474506783056
1649873062224
2749384690000
1374793828688
2474305456464
1649671472800
2749183100576
1375062001312
2474573629088
1649939908256
2749451536032
1649873062240
2749384690016
1375062264160
2474573891936
1374793566560
2474305194336
1649671473504
1374726457696
2474238085472
2474239134048
1649873061456
2749384689232
1649671473552
2749183101328
1375062002064
2474573629840
1649939909008
2749451536784
1374727506320
2474239134096
1649605413264
2749117041040
1374726457760
2474238085536
1649604364704
2749115992480
1374994893216
2474506520992
1649872800160
2749384427936
1374793566624
2474305194400
2749384755792
1649672587664
2749184215440
1375063116176
2474574743952
1649941023120
2749452650896
1649940956576
2749452584352
1649672522320
2749184150096
1649671735888
2749183363664
1375062264400
2474573892176
1649940171344
2749451799120
1374726523472
2474238151248
1649940171152
2749451798928
1374726457952
2474238085728
1649604364896
2749115992672
1374994893408
2474506521184
1649872800352
2749384428128
1374793566816
2474305194592
2474238347920
1374726785680
2474238413456
1649604692624
2749116320400
1374995221136
2474506848912
1649873128080
2749384755856
1374793894544
1649672587680
2749184215456
1375063116192
2474574743968
1649941023136
2749452650912
1374726458016
2474238085792
1649604364960
2749115992736
1374994893472
2474506521248
1649872800416
2749384428192
1374793566880
2474305194656
1649874175312
1374794941776
2474306569552
1649672848720
2749184476496
2749385803088
2749183165776
1649939973456
2749451601232
1375062066512
1374727570784
2474239198560
1649605477728
2749117105504
1374996006240
2474507634016
1649873913184
2749385540960
1374794679648
2474306307424
1374727834000
2474239461776
1649605740944
2749117368720
1374996269456
2474507897232
1649874176400
2749385804176
1374794680672
2474306308448
1649672587616
2749184215392
1375063116128
2474574743904
1649941023072
2749452650848
1374794679696
2474306307472
1374995220880
2474506848656
1649873127824
2749384755600
1374727571872
2474239199648
1649605478816
2749117106592
1374996007328
2474507635104
1649873914272
2749385542048
1374794680736
2474306308512
1374726718800
2474238346576
1649604625744
2749116253520
1374994957712
2474506585488
1649872864656
2749384492432
1374793631120
2474305258896
1374726784400
2474238412176
1649604691344
2749116319120
2749451864480
2474305193552
1649671472720
2749183100496
1375062001232
2474573629008
1649939908176
2749451535952
1374726456912
2474238084688
2749184214352
1375063115088
2474574742864
1649941022032
2749452649808
1374726522272
2474238150048
1649604429216
2749116056992
1374994957728
2474506585504
1649872864672
2749384492448
1374793631136
2474305258912
1374793632400
2474305260176
1374793565776
1374727834016
2474239461792
1649605740960
2749117368736
1374996269472
2474507897248
1649874176416
2749385804192
1374794942880
2474306570656
1374794876576
2474306504352
1649672783520
2749184411296
1375063312032
2474574939808
1649941218976
2749452846752
1375062263376
2474573891152
1649671734864
2749183362640
1374726719056
2474238346832
1649604626000
2749116253776
1374995154512
2474506782288
1649672850080
2749184477856
1375063378592
2474575006368
1649941285536
2749452913312
1649672783456
2749184411232
1375063311968
2474574939744
1649941218912
2749452846688
2749183100512
1375062001248
2474573629024
1649939908192
2749451535968
1649672850016
2749184477792
1375063378528
2474575006304
1649941285472
2749452913248
1374793565584
2474305193360
1374794942096
2474306569872
2474305259920
1649671539088
2749183166864
1375062067600
2474573695376
1649939974544
2749451602320
1374994892128
2474506519904
1649872799072
2749384426848
1374726719072
2474238346848
1649604626016
2749116253792
1374995154528
2474506782304
1649873061472
2749384689248
1374793827936
2474305455712
1375063377488
2474575005264
1649941284432
2749452912208
2474305259856
1649671539024
2749183166800
1374727506576
2474239134352
1649605413520
2749117041296
1374794876320
2474306504096
1649672783264
2749184411040
1375063311776
2474574939552
1649941218720
2749452846496
1649672849824
2749184477600
1375063378336
2474575006112
1649941285280
2749452913056
1374727571024
2474239198800
1649605477968
2749117105744
1374996006480
2474507634256
1649873913424
2749385541200
1374794679888
2474306307664
1649671735968
2749183363744
1375062264480
2474573892256
1649940171424
2749451799200
1374727505488
2474239133264
1649605412432
2749117040208
1374995940944
2474507568720
1374726522464
2474238150240
1649604429408
2749116057184
1374994957920
2474506585696
1649872864864
1649672849760
2749184477536
1375063378272
2474575006048
1649941285216
2749452912992
1649671735904
2749183363680
1375062264416
2474573892192
1649940171360
2749451799136
1374726457936
2474238085712
1649604364880
2749115992656
1374994893392
2474506521168
1649872800336
2749384428112
1374793566800
2474305194576
2749452912032
1375063115408
2474574743184
1649941022352
2749452650128
2749184476816
1649672586896
1649873127056
2749384754832
1374793893520
2474305521296
1649672783440
2749184411216
1375063311952
2474574939728
1649941218896
2749452846672
1649672586912
2749184214688
1375063115424
2474574743200
1649941022368
2749452650144
2749116320416
1374995221152
2474506848928
1649873128096
2749384755872
1374726522528
2474238150304
1649604429472
2749116057248
1374994957984
2474506585760
1649872864928
2749384492704
1374793631392
2474305259168
1374793827920
2474305455696
1649940170320
2749451798096
1374727505504
2474239133280
1649605412448
2749117040224
1374995940960
2474507568736
1649873847904
2749385475680
1374794614368
2474306242144
1649873062480
2749384690256
1374793828944
2474305456720
2474306307680
1649672586848
2749184214624
1375063115360
2474574743136
1649941022304
2749452650080
2749116320352
1374995221088
2474506848864
1649873128032
2749384755808
1375063377568
2474575005344
1649941284512
2749452912288
1374793894480
2474305522256
2474573957712
1649940236880
2749451864656
2474506847888
1649671735712
2749183363488
1375062264224
2474573892000
1649940171168
2749451798944
1649671472784
2749183100560
1375062001296
2474573629072
1649939908240
2749451536016
1374726456976
2474238084752
1649604363920
1374727767648
2474239395424
1649605674592
2749117302368
1374996203104
2474507830880
1649874110048
2749385737824
1374794876512
2474306504288
2749384754768
1374726784592
2749115991376
1649604363600
2474506519888
1649872799056
2749384426832
1374793565520
2749451535696
2474305193296
1649671472464
2749183100240
1374726720096
2474238347872
1649604627040
2749116254816
1374995155552
2474506783328
1649873062496
2749384690272
1374793828960
2474305456736
1374726719120
2474238346896
1649604626064
2749116253840
1374995154576
2474506782352
1649873061520
2749384689296
1374793827984
2474305455760
1649672586656
2749184214432
1375063115168
2474574742944
1649941022112
2749452649888
1374793894288
2474305522064
1374726718816
2474238346592
1649604625760
1649940170064
2749451797840
1374995154256
1374793827664
2474305455440
1649671734608
2749183362384
1375062263120
2474506782032
1649873061200
2749384688976
2474573890896
1375062066848
2474573694624
1649939973792
2749451601568
2749385738896
2474573695648
1649939974816
2749451602592
1374726522448
2474238150224
1649604429392
2749116057168
1374994957904
2474506585680
1649872864848
2749384492624
1374793631312
2474305259088
1649671472480
2749183100256
1375062000992
2474573628768
1649939907936
2749451535712
1374726456672
2474238084448
1649604363616
2749115991392
1374727506512
2474239134288
1649605413456
2749117041232
1374995941968
2474507569744
1649873848912
2749385476688
1374794615376
2474306243152
1374996204112
2474507831888
1649874111056
2749385738832
1374726719136
2474238346912
1649604626080
2749116253856
1374995154592
2474506782368
1649873061536
2749384689312
1374793828000
2474305455776
2749183166096
1375062066832
2474573694608
1649939973776
2749451601552
1649671538320
1375062328912
2474573956688
1649940235856
2749451863632
2474238412368
1649604691536
2749116319312
1374995220048
2474506847824
1649873126992
2474573890912
2749451797856
2749116253536
1374995154272
2474506782048
1649873061216
2749384688992
1374793827680
2474305455456
1649671734624
2749452847696
1649672784464
2749184412240
1375063312976
2474574940752
1649941219920
1374727768656
2474239396432
1649605675600
2749117303376
1649671538256
2749183166032
1375062066768
2474573694544
1649939973712
2749451601488
2749384492640
1374793631328
2474305259104
1649671538272
2749183166048
1375062066784
2474573694560
1649939973728
2749451601504
1649672849056
2749184476832
1374995941984
2474507569760
1649873848928
2749385476704
1374794615392
2474306243168
1649672522336
2749184150112
1375063050848
2474574678624
1374727505552
2474239133328
1649605412496
2749117040272
1374995941008
2474507568784
1649873847952
2749385475728
1374794614416
2474306242192
1374996203920
2474507831696
1649874110864
2749385738640
2749451602336
1374793565536
2474305193312
1649672848992
2749184476768
1375063377504
2474575005280
1649941284448
2749452912224
1649940171088
2749451798864
1374995941712
2474507569488
1649873848656
2749385476432
1374727506256
1649671735632
2749183363408
1375062264144
1374726784608
2474238412384
1649604691552
1374727505232
2474239133008
1649605412176
2749452584272
2474507568464
1649873847632
2749385475408
1374794614096
2749117039952
1374995940688
1374994893456
2474506521232
1649872800400
2749384428176
1374793566864
2474305194640
1649671473808
2749183101584
1375062002320
2474573630096
1649874110800
2749385738576
1649605413216
2749117040992
1374995941728
2474507569504
1649873848672
2749385476448
1374726719840
2474238347616
1649604626784
2749116254560
1649940957840
2749452585616
1374727768672
2474239396448
1649605675616
2749117303392
1374996204128
2474507831904
1649874111072
2749385738848
1374794877536
2474306505312
2749452846736
1649672783504
2749184411280
1375063312016
2474574939792
1649941218960
1374727767696
2474239395472
1649605674640
2749117302416
1649671473488
2749183101264
2749451536720
1375062002000
2474573629776
1649939908944
1374726457680
2474238085456
1649604364624
2749115992400
2749384492384
2749117302096
1374996202832
2474507830608
2474306504016
1649672783184
2749184410960
1649874109776
2749385737552
1374794876240
1375063311696
1374727505568
2474239133344
1649605412512
2749117040288
1374995941024
2474507568800
1649873847968
2474305258832
1649671538000
1374995155600
1375062264464
2474573892240
1649940171408
2749451799184
2474506783376
1649873062544
2749384690320
1374726720144
1649672784272
2749184412048
1649940957584
2749452585360
1374726457744
2474238085520
1649604364688
2749115992464
1374994893200
2474506520976
1649672586832
2749184214608
1375063115344
2474574743120
1649941022288
2749452650064
1649671473568
2749183101344
1375062002080
2474573629856
1649939909024
2749451536800
1374727506336
2474239134112
1649605413280
2749117041056
1649672848800
2749385475424
1374794614112
2474306241888
1649672521056
2749184148832
1374727505248
2474239133024
2749184476576
1375063377312
2474573891920
1649671734944
2749183362720
1375062263456
2474573891232
1649940170400
2749451798176
1374727767712
2474239395488
2474305260112
1649671539280
2749183167056
1375062067792
2474573695568
1649939974736
2749451602512
1649605674656
2749385542224
1374794941792
2474306569568
2749452911968
1375063377248
2474575005024
1649941284192
2749183101280
1375062002016
2474573629792
1649939908960
2749451536736
1649604364640
2749115992416
1374994893152
2474506520928
1649872800096
1649671472528
2749183100304
1375062001040
2474573628816
1649939907984
2749451535760
1374726456720
2474238084496
1649604363664
2749115991440
1374793894560
2474305522336
1649671801504
2749183429280
1375062330016
2474573957792
1649940236960
1374727833168
1649605740112
2749117367888
1374794942032
2474306569808
1649672848976
2749184476752
1374996268624
2474507896400
1649874175568
1649671734880
2749183362656
1375062263392
2474573891168
1649940170336
2749451798112
2749385737568
1374794876256
2474306504032
1649941218656
2749452846432
1374726720160
2474238347936
1649604627104
2749116254880
1374995155616
2474506783392
1649873062560
2749384690336
1374793829024
2474305456800
1374793894496
2474305522272
1649671801440
2749183429216
1375062329952
2474573957728
1649940236896
2749451864672
1374727506272
1374727571040
2474239198816
1649605477984
2749117105760
1374996006496
2474507634272
1649873913440
2749385541216
1374794679904
1649671801424
2749183429200
1375062329936
1374726785616
2474238413392
1649604692560
2749116320336
1374995221072
2474506848848
1649873128016
1375063050576
1374995155296
2474506783072
1649940171104
1649671735648
2749183363424
1374793828704
2474305456480
2749451798880
2749116319392
1374995220128
2474506847904
1649873127072
2749384754848
1649671734672
2749183362448
1375062263184
2474573890960
1649940170128
2749451797904
2749451863696
1374793632352
2474305260128
1649671539296
2749183167072
1375062067808
2474573695584
1649939974752
2749451602528
1374726522512
2474238150288
1649604429456
2749116057232
1374994957968
2474506585744
1649872864912
2749384492688
1374793631376
2474305259152
2749116319328
1374995220064
2474506847840
1649873127008
2749384754784
1374793893456
2474305521232
1649671800400
2749183428176
1374727833184
2474239460960
1649605740128
2749117367904
1374996268640
2474507896416
1649874175584
2749385803360
1374794942048
2474306569824
1374995942032
2474507569808
1649873848976
2749385476752
1374794615440
2474306243216
1649672522384
2749184150160
1375063050896
2474574678672
1649671734688
2749183362464
1375062263200
2474573890976
1649940170144
2749451797920
2474573694288
1374726522192
2474238149968
1649604429136
2749116056912
1374994957648
2474506585424
1649872864592
2749384492368
1374793631056
2474239199568
1649605478736
2749117106512
1374996007248
2474507635024
1649873914192
1649671801248
2749183429024
1375062329760
2474573957536
1649940236704
1374726785632
2474238413408
1649604692576
2474574678352
1649940957520
2749452585296
2474239134032
1649605413200
2749117040976
1374794615120
2474306242896
1649672522064
2749184149840
1649671800464
2749183428240
1375062328976
2474573956752
1649940235920
1374726784656
2474238412432
1649604691600
2749116319376
1374995220112
2749183362400
1375062263136
1649940170080
1374726718880
2474238346656
1649604625824
2749116253600
1374995154336
2474506782112
1649873061280
2749384689056
1374793827744
2474305455520
1375063050832
2474574678608
1649940957776
2749452585552
1374726720080
2474238347856
1649604627024
2749116254800
1374995155536
2474506783312
1374727768720
2474239396496
1649605675664
2749117303440
1374996204176
2474507831952
1649874111120
1374794877584
2474306505360
1649672784528
1649671801184
2749183428960
1375062329696
2474573957472
1649940236640
2749451864416
1374726784336
2474238412112
1649604691280
2749116319056
1374995219792
2474506847568
1649873126736
2749384754512
1374793893200
2474305520976
1649671538336
1649671473760
2749183101536
1375062002272
2474573630048
1649939909216
2749451536992
1374727506528
2474239134304
1649605413472
2749117041248
2749184412304
1375063313040
2474574940816
1649941219984
2749452847760
1649940235664
2749451863440
1374794877264
2474306505040
1649672784208
2749184411984
1374727768400
2474239396176
1649605675344
2749117303120
1374996203856
2474507831632
1374995942048
2474507569824
1649873848992
2749385476768
1374794615456
2474306243232
1649672522400
2474573694304
1649939973472
2749451601248
1374726522208
2474238149984
1649604429152
2749116056928
1374994957664
2474506585440
1649872864608
1374794877520
2474306505296
2474238412128
1649604691296
2749116319072
2474574744144
1649941023312
2749452651088
1374727572048
2474239199824
1649605478992
2749117106768
1374996007504
2474507635280
1649873914448
2474575005088
1649941284256
1649671800144
2749183427920
1375062328656
2474573956432
1649940235600
2749451863376
1374996203152
2474507830928
1649874110096
2749385737872
2749183166112
1374794615136
2474306242912
1649672522080
2749184149856
1375063050592
2474574678368
2749116254864
1649604627088
1374793829008
2474305456784
1649671735952
2749183363728
1374726458000
2474238085776
1649604364944
2749115992720
1374726784672
2474238412448
1649604691616
1649940956560
2749452584336
1374727505296
2474239133072
1649605412240
2749117040016
1374995940752
2474507568528
1649873847696
2749385475472
1649671473824
2749183101600
1375062002336
2474573630112
1649939909280
2749451537056
1374727506592
2474239134368
1649605413536
2749117041312
1374727768736
2474239396512
1649605675680
2749117303456
1374996204192
2474507831968
1649874111136
2749385738912
1374794877600
2474306505376
1374793893216
2474305520992
1649671800160
2749183427936
1375062328672
1374995219808
2474506847584
1649873126752
2749384754528
1374726784352
1649872800144
2749384427920
1374793566608
2474305194384
1374994893136
2474506520912
1649872800080
2749384427856
1374727834192
2474239461968
1649605741136
2749117368912
1374996269648
2474507897424
1649874176592
2749385804368
1374794943056
2474306570832
1649941219680
2749452847456
1374727768416
2474239396192
1649605675360
2749117303136
1374996203872
2474507831648
1649874110816
2749385738592
1374727767440
2474239395216
1649605674384
2749117302160
1374996202896
2474507830672
1649874109840
2749385737616
1374794876304
2474306504080
1374727572064
2474239199840
1649605479008
2749117106784
1374996007520
2474507635296
1649873914464
2749385542240
1374794680928
2474306308704
1374727571088
2474239198864
1649605478032
2749117105808
1374996006544
2474507634320
1649873913488
2749385541264
1374794679952
2474306307728
1374995940768
2474507568544
1649873847712
2749385475488
1374794614176
2474306241952
1649672521120
2749184148896
1375063049632
2474574677408
2749384690064
1374793828752
2474305456528
1649671735696
2749183363472
1375062264208
2474573891984
1374726785360
2474238413136
1649604692304
2749116320080
1374995220816
2474506848592
1649873127760
2749384755536
1374793894224
2474305522000
1375063312720
2474574940496
1649941219664
2749452847440
2749184150176
1375063050912
2474574678688
1649940957856
2749452585632
2474507634000
1649873913168
2749385540944
1374793632096
2474305259872
1649671539040
2749183166816
1374794679632
2474306307408
1649672586576
2749384493408
1375062067552
2474573695328
1649671539344
2749183167120
1375062067856
2474573695632
1649939974800
2749451602576
1374726523536
2474238151312
1649604430480
2749116058256
1649939973536
2749451601312
1374727834208
2474239461984
1649605741152
2749117368928
1374996269664
2474507897440
1649874176608
2749385804384
1374794943072
2474306570848
1375063377552
2474575005328
1649941284496
2749452912272
1649672849040
1374727833232
2474239461008
1649605740176
2749117367952
1374996268688
1649940957792
2749452585568
1374727767456
2474239395232
1375062067536
2474573695312
1649939974480
2749116057936
1374994958672
2474506586448
1649872865616
2749384493392
1374793632080
2749451602256
1374727767376
2474239395152
1649605674320
1374793631072
2474305258848
1649671538016
2749183165792
1375062066528
2749385475744
