1104076408144
1104077784480
2203589412256
1108372751776
2207884379552
1104346219936
2203857847712
1108641187232
2208152815008
2203588299424
1108372424272
2207884052048
1104345892432
2203857520208
1108640859728
2208152487504
2207883003488
1104344843872
2203856471648
1108639811168
2208151438944
1104077456992
1108372425104
2207884052880
1104345893264
2203857521040
1108640860560
2208152488336
1104076671376
2203588299152
1108371638672
2207883266448
2203856734864
1108640074384
1104077522592
2203589150368
1108372489888
2207884117664
1104345958048
2203857585824
1108640925344
2208152553120
1104076737168
2203588364944
1108371704464
2207883332240
1104345172624
2203856800400
1108640139920
2208151767696
1104345957968
2203857585744
1108640925264
2208152553040
1104077522512
2203589150288
1108372489808
1104076671392
2203588299168
1108371638688
2207883266464
1104345106848
1108639812000
2208151439776
1104077457824
2203589085600
1108372425120
2207884052896
1104345893280
2203857521056
1108640860576
2208152488352
2203856472736
1108639812256
2208151440032
1104076736928
2203588364704
1108371704224
2207883332000
1104345172384
2203856800160
1108640139680
2208151767456
2208151439952
1104077522272
2203589150048
1108372489568
2207884117344
1104345957728
2203857585504
1108640925024
2208152552800
1104345172304
2203856800080
1108640139600
2208151767376
2207884118368
1104076475040
2203588102816
1108371442336
2207883070112
1104344910496
2203856538272
1108639877792
2208151505568
1108371637920
2207883265696
1104345106080
2203856733856
1108640073376
2208151701152
1104077719200
2203589346976
2203856538192
1108639877712
1104076474960
2203588102736
1108371442256
2207883070032
1104344910416
1108372686496
1108372424336
2207884052112
1104345892496
2203857520272
1108640859792
2208152487568
1104076670608
2203588298384
1108371637904
2207883265680
1104077719120
2203589346896
1108372686416
2207884314192
1104346154576
2203857782352
1108641121872
2208152749648
1108371638944
2207883266720
1104077784736
2203589412512
1108372752032
1104076408208
2203588035984
1108371375504
2207883003280
1104344843664
2203856471440
1108639810960
2208151438736
2208151767712
1108372752720
2207884380496
1104346220880
2203857848656
1108641188176
2208152815952
1104076671312
2203588299088
1108371638608
2207883266384
2203589412432
2207883003552
1104344843936
2203856471712
1108639811232
1104076474720
1104076409184
2203588036960
1108371376480
2207883004256
1104344844640
2203856472416
1108639811936
2208151439712
1104077457760
2203589085536
1104076473744
2203588101520
1108371441040
2207883068816
1104344909200
2203856536976
1108639876496
2208151504272
1104077718880
2203589346656
1108372686176
2207884313952
1104346154336
2203857782112
1108641121632
2208152749408
1104076409232
2203588037008
1108371376528
2207883004304
1104344844688
2203856472464
1108639811984
2208151439760
1104077457808
2203589085584
1104076671648
1104076409248
2203588037024
1108371376544
2207883004320
1104344844704
2203856472480
2203589084768
1108372424288
2207884052064
1104345892448
2203857520224
1108640859744
2208152487520
1104076671568
2203588299344
1108371638864
2207883266640
1104345107024
2203856734800
1108640074320
2208151702096
1104077784416
2203589412192
1108372751712
2207884379488
1104346219872
2203857847648
1108641187168
2208152814944
1104345958752
2203857586528
1108640926048
2208152553824
1104076737184
2203588364960
1108371704480
2207883332256
1104345172640
2203856800416
1108640139936
2207883332192
1104345172576
2203856800352
1108640139872
2208151767648
1104077522528
2203589150304
1108372489824
2207884117600
1104345957984
2203857585760
1108640925280
2208152553056
2203856800336
1108640139856
2208151767632
1104076737104
2203588364880
1108371704400
2207883332176
1104345172560
1104077523344
2203589151120
1108372490640
2207884118416
1104345958800
2203857586576
1108640926096
2208152553872
1104345106784
2203856734560
1108640074080
2208151701856
2207883331232
1104345171616
2203856799392
1108640138912
2208151766688
1104345107104
2203856734880
1108640074400
2208151702176
2203856734624
1108640074144
2208151701920
1104346155600
2203857783376
1108641122896
2208152750672
1104077785680
2203589413456
1108372752976
2207884380752
1104346221136
2203857848912
1104076736864
2203588364640
1108371704160
2207883331936
1104345172320
2203856800096
1108640139616
2208151767392
1104076409440
2203588037216
1108371376736
1104345171344
2203856799120
1108640138640
2208151766416
1104076474976
2203588102752
1108371442272
2207883070048
1104344910432
2203856538208
1108639877728
2208151505504
1104076409488
2203588037264
1108371376784
2207883004560
1104344844944
2203856472720
1108639812240
2208151440016
1104077458064
2203589085840
1104076474000
2203588101776
1108371441296
2207883069072
1104344909456
2203856537232
1108639876752
2208151504528
2208151702160
1104076409504
2203588037280
1104077719136
2203589346912
1108372686432
2207884314208
1104346154592
2203857782368
1108641121888
2208152749664
2207883331168
1104345171552
2203856799328
1108640138848
2208151766624
1108640925008
2208152552784
1104077784400
2203589412176
1108372751696
2207884379472
2203857519952
1108640859472
2208152487248
1104344843600
2207883331152
1104076736080
1104345171536
2203856799312
1108640138832
2208151766608
1104077719952
2203589347728
1108372687248
2207884315024
1104346155408
2203857783184
1108641122704
2208152750480
1104077784672
2203589412448
1108372751968
1108371375440
2203856471376
1108639810896
2208151438672
2207884379744
1104346220128
2203857847904
1104076473760
2203588101536
1108371441056
2207883068832
1108372424032
2207884051808
1104345892192
2203857519968
1108640859488
2208152487264
1104076670304
2203588298080
1104077785488
2203589413264
1108372752784
2207884380560
1104346220944
2203857848720
1108641188240
2208152816016
1108371637664
2207883265440
1104345105824
2203856733600
1108640073120
2208151700896
2203589151072
1104076473680
2203588101456
1108371440976
2207883068752
1104344909136
2203856536912
1108639876432
2208151504208
1108372490592
1104077523600
2203589151376
1108372490896
2207884118672
1104345959056
2203857586832
1108640926352
2208152554128
1104076671584
2203588299360
1108371638880
2207883266656
1104345107040
2203856734816
1108640074336
2208151702112
1104345106064
2203856733840
1108640073360
2208151701136
2207884117408
1104345957792
2203857585568
1108640925088
2208152552864
1104076737120
2203588364896
1108371704416
2207884052816
1104345893200
2203857520976
2203589085520
1108372425040
1104077457744
1108640860496
2208152488272
1104076736144
2203588363920
1108371703440
2207883331216
1104345171600
2203856799376
1108640138896
2208151766672
2208151700832
1104077523360
2203589151136
1108372490656
2207884118432
1104345958816
2203857586592
1108640926112
2208152553888
1108640073040
2208151700816
1104076670368
2203588298144
1108372490576
2207884118352
1104345958736
2203857586512
1108640926032
2208152553808
1104077523280
2203589151056
1108641188432
2208152816208
2208151505488
1104076409424
2203588037200
1108371376720
2207883004496
1104344844880
2203856472656
1108639812176
1104345105744
2207883265360
1104076670288
2203588298064
1108371637584
2203856733520
2208151439008
1104077720208
1104076735888
2203588363664
1108640859536
2208152487312
2208152552848
1104077522320
2203589150096
1108372489616
2207884117392
1104345957776
1108371375696
2207883003472
1104344843856
2203856471632
1108639811152
2208151438928
1108372687520
2207884315296
1104346155680
2203857783456
1108641122976
2208152750752
2203857848928
1108641188448
2208152816224
2207884053088
1104345893472
2203857521248
1108640860768
2208152488544
2207884380816
1104346221200
2203857848976
1108641188496
2208152816272
1104345892256
2203857520032
1108640859552
1108372686240
2207884314016
1104076408224
2203588036000
1108371375520
2207883003296
1104344843680
1104076473936
1104344909392
2203856537168
1108372425056
2207884052832
1104345893216
2203857520992
1108640860512
2208152488288
1108372425360
2207884053136
1104345893520
2203857521296
1108640860816
2208152488592
1104076671632
2203588299408
1108371638928
2207883266704
1104076735824
2203588363600
1108371703120
2207883330896
1104345171280
2203856799056
1108640138576
2208151766352
1104346219856
2203857847632
2203588363856
1104076473696
2203588101472
1108371440992
2207883068768
1104344909152
2203856536928
1108639876448
2208151504224
1104076408160
2203588035936
2203857585552
1108640925072
2203589151392
1108372490912
2207884118688
1104345959072
2203857586848
1108640926368
2208152554144
1108371376800
2207883004576
1104344844960
1104345105760
2203856733536
1108640073056
1108371703184
2207883330960
1104346154384
2203857782160
1108641121680
2208152749456
1104077456784
2203589084560
1108372424080
2207884051856
1104077720224
1104076735904
2203588363680
1108371703200
2207883330976
1104345171360
2203856799136
1108640138656
2208151766432
1108372424096
2207884051872
1104076735840
2203588363616
1108371703136
2207883330912
1104345171296
2203856799072
1108640138592
2208151766368
1104077785760
2203589413536
1108372753056
2207884380832
1104346221216
2203857848992
1108641188512
2208152816288
1104077718928
2203589346704
1108372686224
2207884314000
1108639876688
2208151504464
2203588101712
1108371441232
2207883069008
2203588298320
1108371637840
2207883265616
1104345106000
2203856733776
1104076473952
2203588101728
1108371441248
2207883069024
1104344909408
2203856537184
1108639876704
2208151504480
1104076408416
2203588036192
1104077784464
2203589412240
1108372751760
2207884379536
1104346219920
2203857847696
1108641187216
2208152814992
1104077523552
2203589151328
1108372490848
2207884118624
1104345959008
2203857586784
1108640926304
2208152554080
1104076408464
2203588036240
1108371375760
2207883003536
1104344843920
2203856471696
1108639811216
2208151438992
1104077457040
2203589084816
1104076474016
2203588101792
1108371441312
1104076670624
2203588298400
2207884314272
1104346154656
2203857782432
1108641121952
2208152749728
1104077456800
2203589084576
2208152487328
1104345106768
2203856734544
1108640074064
2208151701840
1104077719888
2203589347664
1104076736848
2203588364624
1108371704144
2207883331920
1104076736096
2203588363872
1108371703392
1108372424016
2207884051792
1104345892176
1108372751952
2207884379728
1104346220112
2203857847888
1108641187408
2208152815184
1104077784656
1104344910176
2203856537952
1108639877472
2208151505248
1104077522336
2203589150112
1108372489632
2208151767440
1104344910160
2203856537936
1108639877456
1104077522256
2203589150032
2203589413216
1108372752736
2207884380512
1104346220896
2203857848672
1108641188192
2208152815968
2203588102496
1108371442016
2207883069792
1104076475024
2203588102800
1108371442320
2207883070096
1104344910480
2203856538256
1108639877776
2208151505552
1104077720160
2203589347936
1108372687456
2207884315232
1104346155616
2203857783392
1108641122912
2208152750688
1108372686480
2207884314256
1104346154640
2203857782416
1108641121936
2208152749712
1104077785696
2203589413472
1108372752992
1104076409168
2203588036944
1108371376464
2207883004240
1104344844624
2203856472400
1108639811920
2208151439696
1104077784720
2203589412496
1108372752016
2207884379792
1104346220176
2203857847952
1108641187472
2208152815248
1104344910240
2203856538016
1108639877536
2208151505312
1108640073296
2208151701072
1104076670544
1108371703376
1104076408400
1104346154400
2203857782176
1108641121696
2208152749472
2203588036176
2208151505232
1104077718944
2203589346720
1104076474704
2203588102480
1108371442000
2207883069776
2203589346640
1108372686160
2207884313936
1104346154320
2203857782096
1108641121616
2208152749392
1104077718864
1104077457056
2203589084832
1108372424352
2207884052128
1104345892512
2203857520288
1108640859808
2208152487584
1104345107088
1104077456976
2203589084752
1108371375712
1104076670560
2203588298336
1108371637856
2207883265632
1104345106016
2203856733792
1108640073312
2208151701088
1108641187424
1108640074128
2208151701904
1104076736912
2203588364688
1108371704208
2207883331984
1104345172368
2203856800144
1108640139664
2207884117584
1108372752800
2207884380576
1104346220960
2203857848736
1108641188256
2208152816032
1104076474784
2203588102560
1108371442080
2207883069856
1104077522576
2203589150352
1108372489872
2207884117648
1104345958032
2203857585808
1108640925328
2208152553104
1104077719184
2203589346960
2207884379808
1104346220192
2203857847968
1108641187488
2208152815264
1108372687184
2207884314960
1104346155344
2203857783120
1108641122640
2208152750416
1104077785424
2203589413200
2207883069088
1104344909472
2203856537248
1108639876768
2208151504544
1104076736160
2203588363936
1108371703456
1104077523296
1104077719904
2203589347680
1108372687200
2207884314976
1104346155360
2203857783136
1108641122656
2208152750432
1104077785440
1104076474768
2203588102544
1108371442064
2207883069840
1104344910224
2203856538000
1108639877520
2208151505296
1104345106832
2203856734608
1104077719968
2203589347744
1108372687264
2207884315040
1104346155424
2203857783200
1108641122720
2208152750496
1104077785504
2203589413280
1104076671328
2203588299104
1108371638624
2207883266400
1104076670352
2203588298128
1108371637648
2207883265424
1104345105808
2203856733584
1108640073104
2208151700880
1104345893456
2203857521232
1108640860752
2208152488528
1104077458000
2203589085776
1108372425296
2207884053072
2208152554064
1104077523536
2207883004512
1104344844896
2203856472672
1108639812192
2208151439968
1104077458016
2203589085792
1108372425312
2207884380768
1104346221152
1104077785744
2203589413520
1108372753040
2203589347984
1108372687504
2207884315280
1104346155664
2203857783440
1108641122960
2208152750736
2203589348000
1104077458080
2203589085856
1108372425376
2207884053152
1104345893536
2203857521312
1108640860832
2208152488608
1104077523616
1108641187152
2208152814928
2203588035920
2207883003216
1108372489552
2207884117328
1104345957712
2203857585488
1104077456720
2203589084496
2203856471456
1108639810976
2208151438752
2208152815200
1104344909216
2203856536992
1108639876512
2208151504288
1108371375456
2207883003232
1104344843616
2203856471392
1108639810912
2208151438688
1104077456736
2203589084512
1108371637600
2207883265376
2203589151312
1108372490832
2207884118608
1104345958992
2203857586768
1108640926288
1108372687440
2207884315216
1104077720144
2203589347920
1104076408480
2203588036256
1108371375776
1104345892240
2203857520016
