296622556496
314071124640
588949031584
301186222752
576064129696
318366091936
593243998880
296623671696
571501578640
313803540880
588681447824
300918638992
575796545936
318098508176
592976415120
296892107152
571770014096
314072238432
588950145376
301187336544
576065243488
318367205728
593245112672
296623670944
571501577888
313803540128
588681447072
301186288272
576064195216
318366157456
593244064400
296622819744
571500726688
313802688928
588680595872
300917787040
575795693984
318097656224
592975563168
296891255200
571769162144
296622623136
571500530080
313802492320
588680399264
300917590432
571769227936
314071190176
588949097120
314071124576
588949031520
301186222688
576064129632
318366091872
593243998816
301187073376
576064980320
314071975264
588949882208
318366942560
593244849504
296892106080
314071189840
588949096784
318097721680
592975628624
296891320656
571769227600
588680399520
300917590688
575795497632
318097459872
592975366816
296891058848
571768965792
314070928032
588948834976
301186026144
296623933088
571501840032
313803802272
588681709216
300918900384
575796807328
318098769568
592976676512
296892368544
571770275488
300918638240
575796545184
318098507424
592976414368
296892106400
571770013344
314071975584
588949882528
301187073696
576064980640
588680399200
300917590368
575795497312
318097459552
592975366496
296891058528
318365895008
593243801952
314070926736
588948833680
301186024848
576063931792
318365894032
593243800976
300917786192
575795693136
318097655376
592975562320
296891254352
571769161296
592976676192
296892368224
318367204704
593245111648
296623932768
571501839712
313803801952
588681708896
300918900064
575796807008
314071975520
588949882464
301187073632
576064980576
318366942816
593244849760
296622885536
571500792480
313802754720
300918573456
575796480400
318098442640
592976349584
296892041616
571769948560
314071910800
588949817744
301187008912
576064915856
592975628880
296891320912
571769227856
576064195152
318366157392
593244064336
314071124384
588949031328
301186222496
576064129440
318366091680
593243998624
296622885216
571500792160
313802754400
588680661344
300917852512
575795759456
318097721696
592975628640
296891320672
571769227616
300917851536
575795758480
318097720720
592975627664
296891319696
571769226640
314071188880
588949095824
301186286992
576064193936
592976348496
296892040528
571769947472
314071909712
588681381200
300918572368
571500463440
588680332624
300917523792
301185959248
296623868304
571501775248
313803737488
588681644432
296892303760
571770210704
300918835600
575796742544
318098704784
592976611728
314070926752
588948833696
301186024864
576063931808
301186221408
576064128352
576065176928
314072171872
588950078816
296623867232
571501774176
313803736416
588681643360
300918834528
314072172192
588950079136
296623671952
571501578896
313803541136
588681448080
300918639248
575796546192
318098508432
592976415376
296892107408
571770014352
300918573472
575796480416
318098442656
592976349600
296892041632
571769948576
314071910816
588949817760
301187008928
576064915872
314071975328
588949882272
301187073440
576064980384
318366942624
593244849568
300917852560
575795759504
318097721744
592975628688
296891320720
571769227664
318366090576
593243997520
296622818640
571500725584
313802687824
588680594768
314071976272
588949883216
301187074384
576064981328
318366943568
593244850512
296623671632
571501578576
313803540816
588681447760
296622623312
571500530256
313802492496
588680399440
300917590608
575795497552
318097459792
592975366736
296891058768
571768965712
296622818704
571500725648
313802687888
588680594832
300917786000
575795692944
318097655184
592975562128
296891254160
571769161104
296622884256
571500791200
313802753440
588680660384
300917851552
575795758496
318097720736
592975627680
296891319712
571769226656
296622623328
571500530272
313802492512
588680399456
300917590624
575795497568
318097459808
592975366752
296623934096
571501841040
313803803280
588681710224
300918901392
575796808336
318098770576
592976677520
296892369552
571770276496
576063933088
318365895328
593243802272
314070861216
588948768160
301185959328
576063866272
318365828512
593243735456
296623605152
571501512096
313803474336
588681381280
296623868320
571501775264
313803737504
588681644448
300918835616
575796742560
318098704800
592976611744
296892303776
571770210720
296623933776
314072238416
588950145360
301187336528
576065243472
318367205712
593245112656
571501840720
313803802960
588681709904
296623671968
571501578912
313803541152
588681448096
300918639264
575796546208
318098508448
314071976592
588949883536
301187074704
576064981648
318366943888
593244850832
296891320976
571769227920
314071190160
588949097104
588948833936
301186025104
576063932048
318365894288
593243801232
314070926992
592976676176
296623932752
571501839696
313803801936
588681708880
300918900048
575796806992
318098769232
296892368208
571770275152
296623671648
301186286944
576064193888
313803474272
588681381216
300918572384
575796479328
318098441568
592976348512
296892040544
571769947488
314071975312
588949882256
301187073424
576064980368
318366942608
296623670672
571501577616
313803539856
588681446800
300918637968
296622623392
571500530336
313802492576
314072237456
588950144400
301187335568
576065242512
318367204752
593245111696
296622622096
571500529040
313802491280
588680398224
296622556576
571500463520
313802425760
588680332704
300917523872
575795430816
318097393056
592975300000
296890992032
571768898976
314070926928
588948833872
301186025040
576063931984
318365894224
593243801168
296623934112
571501841056
313803803296
588681710240
300918901408
575796808352
318098770592
592976677536
296892369568
571770276512
592976415136
296622623120
571500530064
313802492304
588680399248
300917590416
575795497360
318097459600
592975366544
296891058576
571768965520
314072237728
588950144672
301187335840
576065242784
318367205024
593245111968
296892040784
571769947728
314071909968
588949816912
301187008080
576064915024
318366877264
593244784208
296623670864
571501577808
296623933792
571501840736
313803802976
588681709920
300918901088
575796808032
318098770272
592976677216
296892369248
571770276192
296622556768
296623932816
571501839760
313803802000
588681708944
300918900112
575796807056
318098769296
592976676240
296892368272
571770275216
593243802016
314071910032
588949816976
301187008144
576064980624
318366942864
593244849808
593244784272
314071123600
588949030544
301186221712
296622556832
300917523808
575795430752
318097392992
592975299936
296890991968
571768898912
571500463776
313802426016
588680332960
593244784288
318367140512
593245047456
314072237664
588950144608
301187335776
576065242720
318367204960
593245111904
301187074464
576064981408
318366943648
296623670688
571501577632
313803539872
588681446816
300918637984
575796544928
318098507168
592976414112
296892106144
571770013088
314071189904
588949096848
301186288016
576064194960
318366157200
593244064144
296622885264
571500792208
313802754448
588680661392
296892107344
571770014288
296623606416
571501513360
313803475600
576064916112
318366878352
593244785296
575795497376
318097459616
592975366560
296891058592
571768965536
314070927776
588948834720
301186025888
576063932832
318365895072
313803736656
588681643600
296623867472
571501774416
300918834768
575796741712
318098703952
592976610896
296892302928
571770209872
318097458512
592975365456
296623932832
571501839776
313803802016
588681708960
300918900128
575796807072
318098769312
592976676256
296892368288
571770275232
571500463712
313802425952
588680332896
300917524064
575795431008
318097393248
592975300192
296890992224
571768899168
314070861408
593244850592
318366942880
593244849824
314072237472
588950144416
301187335584
576065242528
318367204768
593245111712
296622885280
571500792224
313802754464
588680661408
300917852576
575795759520
318097721760
592975628704
296891320736
571769227680
300918638944
575796545888
318098508128
592976415072
314071123616
588949030560
301186221728
576064128672
318366090912
593243997856
576064128656
318366090896
593243997840
588680332944
300917524112
575795431056
318097393296
318098769248
592975300240
296890992272
301187335520
576065242464
571770275168
314072237408
588680661664
300917852832
575795759776
318097722016
592975628960
296891320992
576064129360
593243998544
296622819664
571500726608
313802688848
588680595792
300917786960
575795693904
318097656144
592975563088
300917524128
575795431072
318097393312
592975300256
296890992288
571768899232
296891255136
571769162080
314071124320
588949031264
301186222432
576064129376
318366091616
318097394016
592975300960
296890992992
314071123552
588949030496
301186221664
576064128608
318366090848
593243997792
314070862224
588948769168
301185960336
576063867280
318365829520
593243736464
296623606160
571501513104
313803475344
588681382288
318367140448
296622557600
571500464544
313802426784
588680333728
300917524896
575795431840
318097394080
592975301024
296890993056
571768900000
301187074400
576064981344
318366943584
593244850528
588680661600
300917852768
575795759712
318097721952
592975628896
296891320928
571769227872
314071190112
588949097056
301186288224
314071976336
588949883280
301187074448
576064981392
318366943632
593244850576
588680660624
576064194192
318366156432
593244063376
314071124560
588949031504
301186222672
576064129616
318366091856
593243998800
314071910992
588949817936
301187009104
576064916048
296622557792
571500464736
313802426976
588680333920
300917525088
575795432032
318097394272
592975301216
296890993248
571768900192
571500726928
313802689168
296622885520
571500792464
313802754704
588680661648
300917852816
575795759760
318097722000
592975628944
296622557856
571500464800
313802427040
588680333984
300917525152
575795432096
318097394336
592975301280
296890993312
571768900256
314072237392
588950144336
301187335504
576065242448
318367204688
593245111632
296891057488
571768964432
314070926672
318365893968
592976414096
296622884432
588949096016
301186287184
576064194128
318366156368
593244063312
588950144352
296623670624
571501577568
313803539808
588681446752
300918637920
575796544864
318098507104
592976414048
571770013024
296623933840
571501840784
313803803024
588681709968
300918901136
575796808080
318098770320
592976677264
314071123360
588949030304
301186221472
576064128416
318366090656
593243997600
314071189920
588949096864
301186288032
576064194976
318366157216
593244064160
571500725600
313802687840
318366090592
593243997536
296623671712
571501578656
313803540896
588681447840
300918639008
575796545952
593244849552
300917589392
575795496336
318097458576
592975365520
296891057552
571768964496
296622884240
571500791184
313802753424
588680660368
314071189856
571768899152
314070861392
588948768336
301185959504
576063866448
318365828688
593243735632
296622556752
571500463696
313802425936
314072173200
588950080144
301187271312
576065178256
318367140496
593245047440
296622622112
571500529056
313802491296
588680398240
300917589408
575795496352
318097458592
592975365536
296891057568
571768964512
318366156176
593244063120
296623933856
571501840800
313803803040
588681709984
300918901152
575796808096
318098770336
592976677280
296892369312
571770276256
314071189152
588949096096
300918835792
575796742736
318098704976
592976611920
296892303952
571770210896
314071188816
588949095760
301186286928
576064193872
318366156112
593244063056
593243997776
314071123536
588949030480
301186221648
576064128592
318366090832
296622818896
571500725840
313802688080
588680595024
571768964768
314070927008
588948833952
301186025120
576063932064
318365894304
593243801248
588681643424
576065243792
318367206032
593245112976
593245046176
588948768352
301185959520
576063866464
318365828704
593243735648
576063932000
318365894240
593243801184
296892302752
571770209696
314072171936
588950078880
588949096800
301187271056
576065178000
296622818912
571500725856
313802688096
588680595040
300917786208
575795693152
318097655392
592975562336
296891254368
571769161312
571770210640
314072172880
588950079824
301187270992
576065177936
588949818016
301187009184
576064916128
318366878368
593244785312
318365894048
593243800992
318366878304
593244785248
313803540048
588681446992
300918638160
575796545104
318098507344
592976414288
296892106320
571770013264
296623933008
314071975504
592975365472
296891057504
571768964448
314070926688
588948833632
301186024800
296623605328
571501512272
313803474512
588681381456
300918572624
575796479568
296892040848
571769947792
318098441808
592976348752
296622622304
571500529248
313802491488
301186288288
576064195232
318366157472
593244064416
296622557776
571500464720
313802426960
588680333904
300917525072
575795432016
318097394256
592975301200
296890993232
571768900176
314071975568
588949882512
301187073680
588950144656
301187335824
576065242768
318367205008
593245111952
300917851792
575795758736
300918639184
575796546128
314072172112
588950079056
301187270224
576065177168
318367139408
593245046352
296622622368
571500529312
318366878112
593244785056
313802491552
588680398496
300917589664
575795496608
318097458848
592975365792
296623605344
571501512288
313803474528
588681381472
300918572640
575796479584
318098441824
592976348768
296892040800
571769947744
296891255376
571769162320
593245047200
576064915808
318366878048
593244784992
296623606112
571501513056
313803475296
588681382240
296622884512
571500791456
313802753696
588680660640
300917851808
575795758752
318097720992
592975627936
296891319968
571769226912
296892040592
571769947536
314071909776
588949816720
301187007888
576064914832
571768899216
314070861456
588948768400
301185959568
576063866512
318365828752
593243735696
296622556816
571500463760
313802426000
296623867488
571501774432
313803736672
588681643616
300918834784
575796741728
318098703968
592976610912
296892302944
571770209888
588680660576
300917851744
575795758688
318097720928
592975627872
296891319904
571769226848
314071189088
588949096032
301186287200
575796479312
318098441552
576063866192
318365828432
313802425680
575795430736
318097392976
592975299920
296890991952
571768898896
314070861136
588948768080
301187270304
576065177248
318367139488
593245046432
314070862480
588948769424
301185960592
576063867536
318365829776
593243736720
576064195168
318366157408
593244064352
300918638928
575796545872
318098508112
592976415056
296892107088
571770014032
296622819936
571500726880
313802689120
588680596064
300917787232
575795694176
318097656416
592975563360
296891255392
571769162336
296622818960
571500725904
313802688144
588680595088
300917786256
575795693200
318097655440
592975562384
296891254416
571769161360
314070862416
588948769360
301185960528
576063867472
318365829712
593243736656
300917785936
575795692880
318097655120
592975562064
296891254096
571769161040
314071123280
588949030224
301186221392
576064128336
314070861472
588948768416
301185959584
576063866528
318365828768
593243735712
300918835872
575796742816
318098705056
592976612000
296892304032
571770210976
314072173216
588950080160
301187271328
576065178272
296622622288
571500529232
313802491472
588680398416
300917589584
575795496528
318097458768
592975365712
296891057744
571768964688
314071188896
588949095840
301186287008
576064193952
318366156192
593244063136
314070861152
588948768096
301185959264
576063866208
318365828448
593243735392
296622556512
571500463456
313802425696
588680332640
296623606352
571501513296
313803475536
588681382480
300918573648
575796480592
318098442832
592976349776
296892041808
571769948752
314072173152
588950080096
301187271264
576065178208
593244063392
593245047392
296622884192
571500791136
313802753376
588680660320
296622818976
571500725920
313802688160
588680595104
300917786272
575795693216
318097655456
592975562400
296891254432
571769161376
300918834832
575796741776
318098704016
592976610960
296892302992
571770209936
571500791376
313802753616
588680660560
300917851728
575795758672
318097720912
592975627856
296891319888
571769226832
314071189072
588680594784
300917785952
575795692896
318097655136
592975562080
296891254112
571769161056
314071123296
588949030240
296622818656
314072238736
588950145680
301187336848
314072173136
588950080080
301187271248
576065178192
318367140432
593245047376
296623868496
571501775440
313803737680
588681644624
300917524816
575795431760
318097394000
592975300944
296890992976
571768899920
588680398432
300917589600
575795496544
318097458784
592975365728
296891057760
571768964704
314070926944
588948833888
301186025056
314072238672
588950145616
301187336784
576065243728
318367205968
593245112912
318098508368
592976415312
300918573664
575796480608
318098442848
592976349792
296892041824
571769948768
314071911008
588949817952
301187009120
576064916064
576064915088
318366877328
296623605392
571501512336
313803474576
588681381520
300918572688
575796479632
318098441872
592976348816
314072172960
588950079904
301187271072
576065178016
318367140256
296891255120
592976611664
588949817680
301187008848
576064915792
318366878032
593244784976
296623606096
571769162064
314071124304
296622884448
571500791392
313802753632
588949816656
301187007824
576064914768
318366877008
296623605072
296892303712
571770210656
571501512016
313803474256
593244783952
314072172896
588950079840
301187271008
576065177952
296622557840
571500464784
313802427024
588680333968
300917525136
575795432080
318097394320
592975301264
296890993296
571768900240
296892107168
571770014112
314071976352
588949883296
571768899936
296622557536
571500464480
300918573408
575796480352
318098442592
296622819680
571500726624
313802688864
588680595808
296623868512
571501775456
313803737696
588681644640
300918835808
575796742752
318098704992
592976611936
296892303968
571770210912
314072171920
588950078864
301187270032
576065176976
318367139216
593245046160
314072172176
588950079120
301187270288
576065177232
318367139472
593245046416
296623867536
571501774480
313803736720
588681643664
314070862160
588948769104
301185960272
576063867216
318365829456
593243736400
296622557520
571500464464
313802426704
588680333648
296892369296
571770276240
314072238480
588950145424
301187336592
576065243536
318367205776
593245112720
314072171856
588950078800
301187269968
576065176912
318367139152
593245046096
296623867216
571501774160
313803736400
588681643344
300918834512
575796741456
296892302672
318098703696
592976610640
571770209616
296623605408
571501512352
313803474592
588681381536
300918572704
575796479648
318098441888
592976348832
296891255440
571769162384
576064129680
296622819984
296892040864
571769947808
314071910048
588949816992
301187008160
314072172944
588950079888
318367140240
593245047184
318366878096
593244785040
296622557584
571500464528
313802426768
588680333712
300918901072
575796808016
318098770256
592976677200
296892369232
571770276176
588949882448
301187073616
576064980560
318366942800
593244849744
592976415392
296892107424
571770014368
314071976608
588949883552
301187074720
576064981664
318366943904
593244850848
314070862240
588948769184
301185960352
576063867296
318365829536
593243736480
296623606176
571501513120
313803475360
588681382304
314071909728
588949816672
301187007840
576064914784
296623605088
571501512032
318366877024
593244783968
314071909984
588949031248
301186222416
318366091600
588949816928
301187008096
576064915040
318366877280
593244784224
313803540832
588681447776
314071976544
588949883488
314070927952
588948834896
301186026064
576063933008
318365895248
593243802192
301187074656
576064981600
314070862176
588948769120
301185960288
576063867232
318365829472
593243736416
313802426720
588680333664
300917524832
575795431776
314070861200
588948768144
301185959312
576063866256
318365828496
593243735440
296622556560
571500463504
313802425744
588680332688
313803802192
588681709136
300918900304
575796807248
318098769488
592976676432
296892368464
571770275408
314072237648
588950144592
575796741472
318098703712
592976610656
296892302688
571770209632
318367139168
593245046112
301187269984
296622820000
571500726944
313802689184
588680596128
300917787296
575795694240
318097656480
592975563424
296891255456
571769162400
296892107104
571770014048
314071976288
588949883232
296623670880
571501577824
313803540064
588681447008
300918638176
575796545120
318098507360
592976414304
296892106336
571770013280
576064915104
318366877344
314071190096
588949097040
301186288208
296622885456
571500792400
313802754640
588680661584
300917852752
575795759696
318097721936
300917786976
575795693920
318097656160
592975563104
593243998560
314071123344
588949030288
301186221456
576064128400
318366090640
593243997584
318366877088
593244784032
318366091664
593243998608
296622819728
571500726672
313802688912
588680595856
300917787024
575795693968
318097656208
296891058784
571768965728
314070927968
588948834912
301186026080
576063933024
318365895264
593243802208
318098508192
296622622352
571500529296
313802491536
588680398480
300917589648
575795496592
318097458832
592975365776
296891057808
571768964752
296623933024
571501839968
313803802208
588681709152
300918900320
575796807264
318098769504
592976676448
296892368480
571770275424
588681382544
300918573712
575796480656
318098442896
592976349840
296892041872
571769948816
314071911056
588949818000
301187009168
571501578592
593243800912
588948833616
301186024784
576063931728
296622622032
571500528976
313802491216
588680398160
300917589328
575795496272
296622885472
571500792416
313802754656
571501513040
313803475280
588681382224
300918573392
575796480336
318098442576
592976349520
296892041552
571769948496
314071910736
575796544912
318098507152
318097720976
592975627920
296891319952
571769226896
314071189136
588949096080
301186287248
296622884496
571500791440
313802753680
296892106128
571770013072
296622818720
571500725664
313802687904
588680594848
300917786016
575795692960
318097655200
592975562144
296891254176
571769161120
318366878288
593244785232
296622819920
571500726864
313802689104
588680596048
300917787216
575795694160
318097656400
592975563344
296623868560
571501775504
313803737744
588681644688
300918835856
575796742800
318098705040
592976611984
296892304016
571770210960
571770013008
314071975248
588949882192
301187073360
576064980304
318366942544
593244849488
296623670608
571501577552
313803539792
296622884176
571500791120
313802753360
588680660304
300917851472
575795758416
318097720656
592975627600
296891319632
571769226576
296891057824
314070862432
588948769376
301185960544
576063867488
318365829728
593243736672
296623606368
571501513312
313803475552
588681382496
313802492560
588680399504
300917590672
576063933072
318365895312
593243802256
588680332880
300917524048
575795430992
318097393232
592975300176
296890992208
318367140176
593245047120
296623868240
571501775184
313803737424
588681644368
300918835536
575796742480
318098704720
296892303696
300918573728
575796480672
318098442912
592976349856
296892041888
571769948832
314071911072
301186287264
576064194208
318366156448
576063931744
318365893984
593243800928
296622622048
571500528992
313802491232
588680398176
300917589344
575795496288
318097458528
314071976528
588949883472
301187074640
576064981584
318366943824
593244850768
296623671888
571501578832
313803541072
588681448016
296623867552
571501774496
313803736736
588681643680
300918834848
575796741792
318098704032
592976610976
296892303008
571770209952
592976349536
296892041568
571769948512
314071910752
588949817696
301187008864
588680596112
300917787280
575795694224
318097656464
592975563408
314071124624
588949031568
301186222736
318366091920
593243998864
300918834592
575796741536
318098703776
592976610720
318366877072
593244784016
296623605136
571501512080
313803474320
588681381264
300918572432
575796479376
318098441616
592976348560
314072238752
588950145696
301187336864
576065243808
318367206048
593245112992
314070862496
588948769440
301185960608
576063867552
318365829792
593243736736
296623606432
571501513376
313803475616
588681382560
588681446736
314072172128
588950079072
301187270240
576065177184
318367139424
593245046368
296623868576
571501775520
313803737760
588681644704
314071188832
588949095776
318366156128
593244063072
571769226592
300917851488
575795758432
318097720672
592975627616
296891319648
300917524880
575795431824
318097394064
592975301008
296890993040
571768899984
296623934032
571501840976
313803803216
588681710160
300918901328
575796808272
318098770512
592976677456
296892369488
571770276432
314072238688
588950145632
301187336800
576065243744
318367205984
593245112928
318367140192
593245047136
296623868256
571501775200
313803737440
588681644384
300918835552
575796742496
318098704736
592976611680
300917523856
575795430800
318097393040
592975299984
296890992016
571768898960
301187270048
576065176992
318367139232
296623867280
571501774224
313803736464
588681643408
300918834576
575796741520
318098703760
592976610704
296892302736
571770209680
301186287968
576064194912
318366157152
593244064096
571770275472
296623671904
571501578848
313803541088
588681448032
300918639200
575796546144
318098508384
592976415328
296892107360
571770014304
314070927760
588948834704
301186025872
576063932816
318365895056
593243802000
296623670928
571501577872
313803540112
588681447056
300918638224
575796545168
318098507408
592976414352
296892106384
571770013328
318366943840
593244850784
593243735376
300918572448
575796479392
318098441632
592976348576
296892040608
571769947552
314071909792
588949816736
301187007904
576064914848
592975563152
296891255184
571769162128
314071124368
588949031312
301186222480
576064129424
301186287952
576064194896
318366157136
593244064080
296622885200
571500792144
313802754384
588680661328
300917852496
575795759440
301187335760
576065242704
318367204944
593245111888
571501839952
588948834640
301186025808
576063932752
318365894992
593243801936
296622623056
300918637904
575796544848
318098507088
296622623072
301186025824
576063932768
571768965472
314070927712
592976414032
296892106064
588948834656
571500530016
313802492256
313803736480
575795497616
318097459856
592975366800
296891058832
571768965776
314070928016
588948834960
301186026128
296622623376
571500530320
576064194144
318366156384
593244063328
296623934048
571501840992
313803803232
588681710176
300918901344
575796808288
318098770528
592976677472
296892369504
571770276448
314072237712
296623933072
571501840016
313803802256
588681709200
300918900368
575796807312
318098769552
592976676496
296892368528
314072238496
588950145440
301187336608
576065243552
318367205792
593245112736
296623867296
571501774240
571500530000
313802492240
588680399184
300917590352
575795497296
318097459536
592975366480
296891058512
571768965456
314070927696
