1121054950480
2220633687184
1138301928592
2237813556368
1125417026704
2224928654480
1142596895888
2242108523664
2224861546576
1142529787984
2242041415760
1121122060368
2220633688144
2242109638816
2242109834384
1121055017056
2220566644832
1138234886240
2237746514016
1125349984352
2224861612128
1142529853536
2242041481312
1121122125920
2220633753696
2224928720032
1142596961440
2242108589216
1121055016080
2220566643856
1138234885264
2237746513040
1125349983376
1142598273104
2242109900880
1125418141776
2224929769552
1125350967376
2224862595152
1142530836560
2242042464336
1121123108944
2220634736720
2224929769616
1121056261216
2220567888992
1138236130400
2237747758176
1125351228512
1121054951520
2220566579296
1138234820704
2237746448480
1125349918816
2224861546592
1142529788000
2242041415776
1121122060384
2220633688160
1121054951568
2220566579344
1138234820752
2237746448528
1125349918864
2224861546640
1142529788048
2242041415824
1121122060432
2220633688208
1121056326752
2220567954528
1138236195936
2237747823712
1125351294048
2224862921824
1121054951584
2220566579360
1138234820768
2237746448544
1125349918880
2224861546656
1142529788064
2242041415840
1121122060448
2220633688224
1125350967440
2224862595216
1142530836624
2242042464400
1121123109008
2220634736784
1138302978192
2237814605968
1125418076304
2224929704080
2242108589200
1121123371152
2220634998928
1138301995168
2237813622944
1125417093280
1138301995152
2237813622928
1125417093264
2224928721040
1142596962448
2242108590224
1121056065680
2220567693456
1138235934864
2237747562640
2220633687120
1138301928528
2237813556304
1125417026640
2224928654416
1125351032976
1121055213664
2220566841440
1138235082848
2237746710624
1125350180960
2224861808736
1142530050144
2242041677920
1121122322528
2220633950304
2242108785808
1121055212688
2220566840464
1138235081872
2237746709648
1125350179984
2224861807760
1142530049168
2242041676944
1121122321552
1121123174544
2220634802320
1138303043728
2237814671504
1125418141840
1125351229536
2224862857312
1142531098720
2242042726496
1121123371104
2220634998880
1138303240288
2237814868064
1125418338400
2224929966176
1121055279200
2220566906976
1138235148384
2237746776160
1125350246496
2224861874272
2242109835344
1121056262224
2220567890000
1138236131408
2237747759184
1125351229520
1138301995104
2237813622880
1125417093216
2224928720992
1142596962400
2242108590176
1121055278224
2220566906000
1138235147408
2237746775184
1125350245520
2224861873296
1142530114704
2242041742480
1121122387088
2220634014864
2224928720976
1142596962384
2242108590160
1138301995088
2237813622864
1125417093200
1138236130464
2237747758240
1125351228576
2224862856352
1142531097760
2242042725536
1121123370144
2220634997920
1138303239328
2237814867104
2224862856336
1142531097744
2242042725520
1121123370128
2220634997904
1138303239312
2237814867088
1125418337424
2224929965200
1142598206608
1138301994144
2237813621920
1125417092256
2242108786784
2224861611152
1142529852560
2242041480336
1121122124944
2220633752720
1138301994128
2237813621904
1125417092240
2224928720016
1142596961424
1121056262288
2220567890064
1138236131472
2237747759248
1125351229584
2224862857360
1142531098768
2242042726544
1142596895824
2242108523600
2220566578256
2237746447440
1125349917776
1138234819664
2224861545552
1142529786960
2242041414736
1121122059344
2237814933664
1125418404000
2224930031776
1142598273184
1138302978128
2237814605904
1125418076240
2224929704016
2224928983120
1142597224528
1138302257232
2237813885008
1125417355344
1138301929552
1121123436704
2220635064480
1138303305888
1121055016096
2220566643872
1138234885280
2237746513056
1125349983392
2224861611168
1142529852576
2242041480352
1121122124960
2220633752736
1121056327824
2220567955600
1138236197008
2237747824784
1125351295120
2224862922896
1142531164304
2242042792080
1121123436688
2220635064464
1138303305872
2237814933648
1125418403984
2224930031760
1142598273168
1121055016016
2220566643792
1138234885200
2237746512976
1125349983312
2224861611088
1142529852496
2242041480272
1121122124880
2220633752656
1138301994080
2237813621856
1125417092192
2224928719968
1142596961376
2242108589152
1138301929568
2237813557344
1125417027680
2224928655456
1142596896864
2242108524640
1121056000096
2220567627872
1138235869280
2237747497056
2224862659744
2242109900944
1121056000160
2220567627936
1138235869344
2237747497120
1125350967456
2224862595232
1142530836640
2224862856288
1142531097696
2242042725472
2224929704096
1142597945504
1142598011024
2242109638800
2242109573280
1121056000080
2220567627856
1138235869264
2237747497040
1142597945424
2242109573200
1138303305824
2237814933600
1125418403936
2224930031712
1142598273120
2242109900896
1138303305808
2237814933584
1125418403920
2224930031696
1121056065696
2220567693472
1138235934880
2237747562656
1125351032992
1121123370080
2220634997856
1138303239264
2237814867040
1125418337376
2224929965152
1142598206560
2242109834336
1121055212704
2220566840480
1138303043664
2237814671440
1142598010960
2242109638736
1121056065616
2220567693392
1138235934800
2237747562576
1125351032912
2224862660688
1138303304864
2237814932640
1125418402976
2224930030752
1142598272160
2242109899936
2224928916560
1142597157968
2242108785744
1121122321488
2220633949264
1138302190672
2237813818448
2220566840400
1138235081808
2237746709584
1138303304848
2237814932624
1125418402960
2224930030736
1142598272144
2242109899920
1121055278240
1125350180000
2224861807776
1142530049184
2242041676960
2220566906016
1138235147424
2237746775200
1125350245536
2224861873312
1121055278160
2220566905936
1138235147344
2237746775120
1125350245456
2224861873232
1142530114640
2242041742416
1121122387024
2220634014800
1138301929616
2237813557392
1125417027728
2224928655504
1142596896912
2242108524688
1121056000144
2220567627920
1138235869328
2237747497104
1121122321568
2220633949344
1138302190752
2237813818528
1125417288864
2224928916640
1142597158048
2242108785824
1138236131488
2237747759264
1125351229600
2224862857376
1142531098784
2242042726560
1121056262304
2220567890080
1142531163232
2242042791008
1121123435616
2220635063392
1138303304800
2237814932576
1125418402912
2224930030688
1142598272096
2242109899872
2224928654432
1142596895840
2242108523616
1125351294032
2224862921808
1142531163216
2242042790992
1121123435600
2220635063376
2224862857296
1142531098704
2242042726480
1121123371088
2220634998864
1138303240272
2237814868048
1125418338384
2224929966160
1142598207568
1138301929632
2237813557408
1125417027744
2224928655520
2224929768608
1121123371168
2220634998944
1138303240352
2237814868128
1125418338464
2224929966240
1142598207648
2242109835424
1121056327840
2220567955616
1138236197024
2237747824800
1125351295136
2224862922912
1142531164320
2242042792096
2242042464416
1121123109024
2220634736800
1138302978208
2237814605984
1125418076320
1121055016032
2220566643808
1138234885216
2237746512992
1125349983328
2224861611104
1142529852512
2242041480288
1121122124896
2220633752672
1121056327760
2220567955536
1138236196944
2237747824720
1125351295056
2224862922832
1142531164240
2242042792016
1121123436624
2220635064400
1142597945488
2242109573264
1138303240336
2237814868112
1125418338448
1125418075280
1121123174496
2220634802272
1138303043680
2237814671456
1125418141792
2224929769568
1142598010976
2242109638752
1121123173520
2220634801296
1138303042704
2237814670480
1125418140816
1138301994064
1125417092176
2224928719952
2237813621840
1142596961360
2242108589136
1121056064592
2220567692368
1138235933776
2237747561552
1142530049120
2242041676896
1121122321504
2220633949280
1138302190688
2237813818464
1121055212640
2220566840416
1138235081824
2237746709600
1125350179936
2224861807712
1121054950496
2220566578272
1138234819680
2237746447456
1121055999136
1125350181024
1138302191760
1121055999120
2220567626896
2224929703056
1142597944464
2242109572240
1121056064656
2220567692432
1138235933840
2237747561616
1125351031952
1125350245472
2224861873248
1142530114656
2242041742432
1121122387040
2220634014816
2237814604960
1125418075296
2224929703072
1142597944480
2242109572256
1121054950560
2220566578336
1138234819744
2237746447520
1125349917856
1121056262240
2220567890016
1138236131424
2237747759200
1142598207584
2242109835360
1125350966368
2224862594144
1142530835552
2242042463328
1121123107936
2220634735712
1121056261264
2220567889040
1138236130448
2237747758224
1125351228560
1125418075216
2224929702992
1142597944400
1121122388128
2220634015904
1121056327776
2220567955552
1138236196960
2237747824736
1125351295072
2224862922848
1142531164256
2242042792032
1121123436640
2220635064416
1121056326800
2220567954576
1138236195984
2237747823760
1125351294096
2224862921872
1142531163280
2242042791056
1121123435664
2220635063440
2220567626912
1138235868320
2237747496096
1125350966432
2224862594208
1142530835616
2242042463392
1121123108000
2220634735776
1138302977184
2237746710672
1125350181008
2224861808784
1142530050192
1142530901152
1121122322576
2220633950352
1121055999056
2220567626832
1138235868240
2237747496016
2242109572176
1125350966352
2220634997840
1138303239248
2237814867024
1125418337360
1125350246560
2224861874336
1142530115744
2242041743520
2224862594128
1142530835536
2242042463312
2224929768592
1142598010000
2242109637776
1121123107920
2220634735696
1138302977104
2237814604880
2224862659728
1142530901136
2242042528912
1125350246544
2224861874320
1142530115728
2242041743504
1121122388112
2220634015888
2220634801312
1138303042720
2237814670496
1125418140832
2242042528928
1142598010016
2242109637792
1121056064672
1125417288800
2224928916576
1142597157984
2242108785760
1138302257296
2237813885072
1125417355408
2224928983184
1142597224592
2242108852368
1121055279248
2220566907024
1138235148432
2237746776208
1121123173456
2220634801232
1138303042640
1125349917792
2224861545568
1142529786976
2242041414752
1121122059360
2220633687136
1121055278176
2220566905952
1138235147360
2237746775136
1125351031904
2224862659680
1142530901088
2242042528864
1121123173472
2220634801248
1142596896928
2242108524704
2237814670416
1125418140752
2224929768528
1142598009936
2242109637712
1125351031888
2224862659664
1142530901072
2242042528848
1125349918800
1121055017120
2220566644896
1138234886304
2237746514080
1125349984416
2224861612192
1142529853600
2242041481376
1121122125984
2220633753760
1121056261280
2220567889056
1121055017040
2220566644816
1138234886224
2237746514000
1125349984336
2224861612112
1142529853520
2242041481296
1121122125904
2220633753680
2224929965136
1142598206544
2242109834320
1121123370064
1138236130384
2242042725456
2237747758160
1125351228496
2224862856272
1142531097680
1121056326816
2220567954592
1138236196000
2237747823776
1125351294112
2224862921888
1142531163296
2242042791072
1121123435680
2220635063456
1138235868304
2237747496080
1125350966416
2224862594192
1142530835600
2242042463376
1121123107984
2220634735760
1138302977168
2237814604944
1138303304784
2237814932560
1125418402896
2224930030672
1142598272080
2242109899856
1121056326736
2220567954512
1138236195920
2237747823696
1138302256224
2237813884000
1125417354336
2224928982112
1142597223520
2242108851296
2242108786848
1121055213728
2220566841504
1138235082912
2237746710688
2224861545632
1142529787040
2242041414816
1121122059424
2220633687200
2220567692448
1138235933856
2237747561632
1125351031968
1121123173536
2237813819536
1125417289872
2224928917648
1142597159056
2242108786832
1138302977120
2237814604896
1125418075232
2224929703008
1142597944416
2242109572192
1121055999072
2220567626848
1138235868256
2237747496032
1121122322512
2220633950288
1138302191696
2237813819472
1125417289808
2224928917584
1142597158992
2242108786768
1121055213648
2220566841424
1142597224608
2242108852384
1138302257312
2237813885088
1125417355424
2224928983200
1121055279264
2220566907040
1138235148448
2237746776224
1138303042656
2237814670432
1125418140768
2224929768544
1142598009952
2242109637728
1121056064608
2220567692384
1138235933792
2237747561568
2242108852304
1121055279184
2220566906960
1138235148368
2237746776144
1125350246480
2224861874256
1142530115664
2242041743440
1121122388048
1121054950544
2220566578320
1138234819728
2237746447504
1125349917840
2224861545616
1142529787024
2242041414800
1121122059408
1138235082832
2237746710608
1125350180944
2224861808720
1142530050128
2242041677904
1142530902096
2242042529872
1121123174480
2220634802256
1125350967392
2224862595168
1142530836576
2242042464352
1121123108960
2220634736736
1138302978144
2237814605920
1125418076256
2224929704032
2224929966224
1142598207632
2242109835408
2242041677968
2224862660752
1142530902160
2242042529936
1121055017104
2220566644880
1138234886288
2224928721056
1142596962464
2242108590240
2224861808800
1142530050208
2242041677984
1121122322592
2220633950368
1138302191776
2237813819552
1138302191712
2237813819488
1125417289824
2224928917600
1142597159008
2220633949328
1138302190736
2237813818512
1125417288848
2224928916624
1142597158032
1142530115680
2242041743456
1121122388064
2220634015840
1138302257248
2237813885024
1125417355360
2224928983136
1142597224544
2242108852320
1138302256272
2237813884048
1125417354384
2224928982160
1142597223568
2242108851344
1125418337440
2224929965216
1142598206624
2242109834400
1138301928608
2237813556384
1125417026720
2224928654496
1142596895904
2242108523680
2220634015824
2237813557328
1125417027664
2224928655440
1142596896848
2242108524624
1121054951504
2220566579280
1138234820688
2237746448464
1121056261200
2220567888976
1142597945440
2242109573216
1121056065632
2220567693408
1138235934816
2237747562592
1125351032928
2224862660704
1142530902112
2242042529888
1125418141856
2224929769632
1142598011040
1138235081888
2237746709664
1121055212624
1125350179920
2224861807696
1142530049104
2242041676880
1125417288784
1142530114720
2242041742496
1121122387104
2220634014880
1138302256288
2237813884064
1125417354400
2224928982176
1142597223584
2242108851360
1138302256208
2237813883984
1125417354320
2224928982096
1142597223504
2242108851280
2237746514064
1125349984400
2224861612176
1142529853584
2242041481360
1121122125968
2220633753744
1121055213712
2220566841488
1138235082896
1138301928544
2237813556320
1125417026656
1125417289888
2224928917664
1142597159072
2224862660768
1142530902176
2242042529952
1121123174560
2220634802336
1138303043744
2237814671520
2242109900960
