1395932857424
2516986430608
1692352709776
2791864337552
1395932857488
2495444485264
1670810764432
2770322392208
1413112726672
2512624354448
1687990633616
1395932858448
2495444486224
1413181146208
2512692773984
1688059053152
2787570680928
1417476113504
1395934168160
2495445795936
1670812075104
2770323702880
1413114037344
1675107043488
2774618671264
1417409005728
2516920633504
1692286912672
2791798540448
1675173955744
2774685583520
1417475917984
2516987545760
1692353824928
2791865452704
1670879185040
2770390812816
1413181147280
2512692775056
1688059054224
2787570682000
1400296245392
2499807873168
1395933120608
2495444748384
1670811027552
2770322655328
1413112989792
2512624617568
1687990896736
2787502524512
1400228087904
2499739715680
1395933119632
2495444747408
1670811026576
2770322654352
1692285863056
2791797490832
1396000228496
2495511856272
1670878135440
2770389763216
1670812076128
2770323703904
1413114038368
2512625666144
1687991945312
2787503573088
1400229136480
2499740764256
1675107043424
2774618671200
1675174152272
2774685780048
1417476114512
2516987742288
1692354021456
2791865649232
1396001278032
2495512905808
1670879184976
2770390812752
1675173168288
2774684796064
1417475130528
2516986758304
1692353037472
2791864665248
1395934168208
2495445795984
1670812075152
2770323702928
1413114037392
1692286911632
2791798539408
1413179901088
2512691528864
1688057808032
2787569435808
1400294999200
2499806626976
1670877873312
2770389501088
1413179835552
2512691463328
1688057742496
2787569370272
1400294933664
2499806561440
1675172840608
2774684468384
1675107109008
2774618736784
1417409071248
2516920699024
1692285666384
2791797294160
1396000031824
2495511659600
1670877938768
2770389566544
1395934168144
2495445795920
1670812075088
2512691528800
1688057807968
2787569435744
2499806626912
1417474868320
2516986496096
1692352775264
2791864403040
1688059119760
2787570747536
1688058792096
2787570419872
1687991683152
2787503310928
1395933907024
2495445534800
1670811813968
2770323441744
1413113776208
2512625403984
2516920371280
1400228874320
1395934234704
2495445862480
1670812141648
2770323769424
1413114103888
2512625731664
1687992010832
2787503638608
1400229202000
1395933119648
2495444747424
1670811026592
2770322654368
1413112988832
2512624616608
1687990895776
2787502523552
1400228086944
2499739714720
1675173168208
2774684795984
1417475130448
2516986758224
1692353037392
2791864665168
1417408021584
2516919649360
1417409005664
2516920633440
1692286912608
2791798540384
1400229136464
2499740764240
1675107043408
2774618671184
1417409005648
2516920633424
1692286912592
2791798540368
1395934169168
2495445796944
1675173955680
1417474868304
2516986496080
1396001015968
2495512643744
1670878922912
2770390550688
1413180885152
2512692512928
2787502326880
1417407759456
2516919387232
1692285666400
2791797294176
1396000031840
2495511659616
1670877938784
2770389566560
1413179901024
2516987742352
2791865649296
1675174152336
1395933907040
2495445534816
1670811813984
2770323441760
1413113776224
2512625404000
1687991683168
2787503310944
1400228874336
2499740502112
2516987479184
1670811813008
2770323440784
1413113775248
2512625403024
1687991682192
1396001015904
2495512643680
1670878922848
2770390550624
1400228087888
2499739715664
1413180885088
2512692512864
1688058792032
2787570419808
1675173168224
2774684796000
1417475130464
2516986758240
1692353037408
2791864665184
2774617359440
1413179835472
2512691463248
1688057742416
2787569370192
2495511856224
1670878135392
2770389763168
1417409004640
2516920632416
1692286911584
2791798539360
1400295195744
2499806823520
1675173102688
1675106780320
2774618408096
1417408742560
2516920370336
1692286649504
2791798277280
1396001014928
1400295982224
2499807610000
1675173889168
2774685516944
2495512642704
1670878921872
2770390549648
1413180884112
2512692511888
2495444748432
1688057742480
2787569370256
1675172840592
2774684468368
1417474802832
1395933185120
2495444812896
1670811092064
2770322719840
1413113054304
2512624682080
1395932857504
2495444485280
1670810764448
2770322392224
1413112726688
2512624354464
1687990633632
2787502261408
1400227824800
2499739452576
1687990634640
2787502262416
1675105732752
2774617360528
1692285601936
2791797229712
1675106846880
2774618474656
1417408809120
2516920436896
1692286716064
2791798343840
1413180950672
2512692578448
1417475917968
2516987545744
1692353824912
2791865452688
2774685583504
1400228873312
2499740501088
1675106780256
2774618408032
1395933906016
2495445533792
1670811812960
2770323440736
1413113775200
2512625402976
2512625665168
1687991944336
2787503572112
1400229135504
2499740763280
1675107042448
2774618670224
1417409004688
2516920632464
1675174151312
1413180884048
2512692511824
1688058790992
2787570418768
1395933120592
1670811027536
2770322655312
1413112989776
2512624617552
1687990896720
2787502524496
1413180164256
2512691792032
2774685582480
1400228153488
1417475916944
2516987544720
1692353823888
2791865451664
1675106846816
2774618474592
1417408809056
2516920436832
1692286716000
2791798343776
1413180950608
2512692578384
1400296048720
2499807676496
1675173955664
2774685583440
1395933906080
2495445533856
1670811813024
2770323440800
1413113775264
2512625403040
1687991682208
2787503309984
1400228873376
2499740501152
2516986693776
2791864600720
2791797491856
2787502524560
1395933120656
1670812140624
2770323768400
1413114102864
2512625730640
1687992009808
2787503637584
1400229200976
2499740828752
1675174216784
2774685844560
1687991747728
2787503375504
1417408808080
2516920435856
1692286715024
2791798342800
1417476180128
2516987807904
1692354087072
2791865714848
1400228938832
2499740566608
1400294999136
1675172906080
2516987544672
2774684533856
1670810829920
2770322457696
1413112792160
2512624419936
1687990699104
1675174216864
2774685844640
1417476179104
2516987806880
2516987479120
1692353758288
2791865386064
1417475851344
1675172841616
2774684469392
1417474803856
2516986431632
1413179836576
2512691464352
1688057743520
2787569371296
1400294934688
2499806562464
1675172841632
2774684469408
1417474803872
2516986431648
2516920435792
1395933971536
2495445599312
1670811878480
1670878200992
2770389828768
1413180163232
2512691791008
1688058070176
2787569697952
1400295261344
2499806889120
1395934168224
2495445796000
1417474869328
2516986497104
1692352776272
2791864404048
1400296245328
2499807873104
1675173103776
2774684731552
1417475066016
2516986693792
1692352972960
2791864600736
1670810829968
2770322457744
2791797294224
1417474868368
2516986496144
1692352775312
2791864403088
2516987806800
2770390877264
1413181211728
2512692839504
1688059118672
2787570746448
1400296309840
2499807937616
2791865713744
1413112989840
2512624617616
1687990896784
1688058791056
2787570418832
1670878200928
2770389828704
1413180163168
2512691790944
1688058070112
2787569697888
1400295261280
2499806889056
1395933120672
2495444748448
1670811027616
2770322655392
1413112989856
1395932923040
2495444550816
1670810829984
2770322457760
1413112792224
2512624420000
1687990699168
2787502326944
1400227890336
2499739518112
1395999967376
2495511595152
1670877874320
2770389502096
1688057743504
2787569371280
2512692577376
1688058856544
2787570484320
2791865451616
1675173954656
2774685582432
1417475916896
2512691791952
1688058071120
2787569698896
2499806890064
1675173169232
2774684797008
1675106060368
2774617688144
1417475131472
2516986431568
1675173954640
2774685582416
1692353823824
2791865451600
1675105798240
2774617426016
1417407760480
2516919388256
1692285667424
2791797295200
1670877939808
2770389567584
1675172906144
2774684533920
1417474868384
2516986496160
1692352775328
2791864403104
1396000031888
2495511659664
1670877938832
2770389566608
1413179901072
2791865714768
1670810765392
2770322393168
1413112727632
2512624355408
1400227825744
2499739453520
1417408022608
1395932858464
2495444486240
2787502261392
1692285600912
2791797228688
1417476180112
2516987807888
1692354087056
2791865714832
1692285864080
1400296048784
2499807676560
1675173955728
1413114102880
2512625730656
1670810765472
2770322393248
1413112727712
2512624355488
1687990634656
2787502262432
1400227825824
2499739453600
2512625404048
1687991683216
2787503310992
1400228874384
2499740502160
1675174216800
2774685844576
1417476179040
2516987806816
1692354085984
2791865713760
1687991682144
2787503309920
1396001278048
2495512905824
1688059054176
2787570681952
1395933186144
2495444813920
1413113055328
2512624683104
1400228153440
2499739781216
1687990961296
2787502589072
1395932923984
2495444551760
1670810830928
2770322458704
1400227891280
2499739519056
1670812075168
2770323702944
1687991944352
2787503572128
1400229135520
2499740763296
1675107042464
2774618670240
1417476113552
2516987741328
1692354020496
1692352972896
2791864600672
1692354021520
1413114038416
2512625666192
1687991945360
2787503573136
1670878921808
1675107109024
2774618736800
1417409071264
2516920699040
1675105797280
2774617425056
1417407759520
2516919387296
1692285666464
2791797294240
1396000031904
2495511659680
1670877938848
2770389566624
1396001343632
2495512971408
1670879250576
2770390878352
1413181212816
2512692840592
1400296310928
2499807938704
1687991944288
2787503572064
2774618670176
1396001277008
2495512904784
1670879183952
1395933907104
2495445534880
1670811814048
2770323441824
1687991683232
2787503311008
1675107108960
2774618736736
1417409071200
2516920698976
1692286978144
2791798605920
1692354086992
2770390878288
1413181212752
2512692840528
1688059119696
2787570747472
1400296310864
2499807938640
1395933972560
2495445600336
1670811879504
2770323507280
1400228939856
2499740567632
1400229135440
2499740763216
1675107042384
2774618670160
1417409004624
2516920632400
1395934233744
2495445861520
1670812140688
2770323768464
1687992009872
2787503637648
1400229201040
2499740828816
2791797490848
1670811092128
2770322719904
1413113054368
2512624682144
1687990961312
2787502589088
1400228152480
1395934169248
1670812076192
2770323703968
1687991945376
2787503573152
1400229136544
2499740764320
1395934233680
2495445861456
1675107107920
2774618735696
1400296245408
2499807873184
1675174152352
2774685780128
1417476114592
2516987742368
2499740829776
1675107108944
2774618736720
1396001343568
2495512971344
1670879250512
1396001081424
2495512709200
1670878988368
2770390616144
1670811879520
2770323507296
1413113841760
2512625469536
1687991748704
2787503376480
1400228939872
2499740567648
2774618473616
2495512642720
1670878921888
2770390549664
1413180884128
2512692511904
1400295982240
2499807610016
1687990896800
2787502524576
1400228087968
2499739715744
1675105994912
2774617622688
1417407957152
2516919584928
1688058005648
2787569633424
1400295196816
2499806824592
1670878988448
2770390616224
1413180950688
2512692578464
1688058857632
2787570485408
1417475916960
2516987544736
1692353823904
2791865451680
2499806627984
1675172907152
2774684534928
1417474869392
2516986497168
1692352776336
2791864404112
1400295982176
2499807609952
1675173889120
1396000229456
2495511857232
1670878136400
2770389764176
2499806824528
1675173103696
2774684731472
1417475065936
2516986693712
1413114103904
2512625731680
1400229202016
2499740829792
1417409070224
2516920698000
1396001342608
2495512970384
1670878988384
2770390616160
1688058857568
2787570485344
1413112988816
2512624616592
1400228086928
2499739714704
1675105993872
2774617621648
1675173890128
2774685517904
1417475852368
2516987480144
1692353759312
2791865387088
1675106845856
2774618473632
1417408808096
2516920435872
1692286715040
2791798342816
1400296047760
2499807675536
1675173954704
2499739781264
1395933186192
2495444813968
1670811093136
1670811878560
2770323506336
1413113840800
2512625468576
1687991747744
2787503375520
2516986759312
1413180164240
2512691792016
1688058071184
2787569698960
1400295262352
2499806890128
1413112988752
2512624616528
2787502523472
1395933119568
2495444747344
1670811878496
2770323506272
1675174152288
2774685780064
1417476114528
1396001080400
2495512708176
1670878987344
2770390615120
1413180949584
2512692577360
1400296047696
2499807675472
1395933186128
2495444813904
1670811093072
2770322720848
1687990962256
2787502590032
1400228153424
2499739781200
1675105798304
2774617426080
1417407760544
2516919388320
1692285667488
2791797295264
1670877939872
2770389567648
1400229201056
2499740828832
2770323506256
1670877874272
2770389502048
1400294934624
2499806562400
1395999966352
2495511594128
1675172841568
2774684469344
1417474803808
1670877939856
2770389567632
1400295000208
1396000032848
2495511660624
1675172907088
2774684534864
1413179902032
2512691529808
1400296244384
2499807872160
1692286978208
2791798605984
2516919322704
1692285601872
2791797229648
1417408743504
1395999967312
2495511595088
1670877874256
1670879250592
2770390878368
1395934234768
2495445862544
1670812141712
2770323769488
1687992010896
2787503638672
1400229202064
2791865648224
1692354020448
2774685779040
1400227825760
2499739453536
1395932922960
2495444550736
1400227890256
2499739518032
1400295983264
2499807611040
1417475852448
2516987480224
1670879250528
2770390878304
1413181212768
1688059119712
2787570747488
1670811879584
2770323507360
1687991748768
2787503376544
1675107108000
2774618735776
1417409070240
2516920698016
1413181211792
2512692839568
1400296309904
2499807937680
1670810765456
2770322393232
1400229200992
2499740828768
1675107107936
2774618735712
1417409070176
2516920697952
1396001342544
2495512970320
2774617360544
1400229202080
2499740829856
2774685583456
1692286650448
2791798278224
1396000229536
2495511857312
1400295196832
2499806824608
1396000229472
2495511857248
1400295983200
2499807610976
1675173169312
2774684797088
1692353038496
2791864666272
1687990962320
2787502590096
1688058004624
2787569632400
1400295195792
2499806823568
1417475064976
2516986692752
1670878987424
2770390615200
1413180949664
2512692577440
1400228153504
2499739781280
1675106060448
2774617688224
1417475131536
1400228086880
2499739714656
1417475917920
2516987545696
1688058004560
2787569632336
1400295195728
2499806823504
1675173102672
1396000228432
1417475064912
2516986692688
1670878987360
2770390615136
1413180949600
1675106060384
2774617688160
1675105994896
2774617622672
1395933185104
2495444812880
1413113840736
2512625468512
1417476113568
2516987741344
1675173169248
2774684797024
1692353038432
2791864666208
1692286912656
2791798540432
1400294933600
2499806561376
1675172840544
2774684468320
1413114038352
2512625666128
1675172907104
1400294999184
2499806626960
2495444485200
1413112726608
2499806561360
1395932922976
2495444550752
1670810830944
2770322458720
1413179901008
2512691528784
1400294999120
1670879249568
2770390877344
1413114037328
2512625665104
1400228086864
2499739714640
1670878135376
2770389763152
1413180097616
2512691725392
2787570419856
1670879249504
2770390877280
1670810831008
2770322458784
1688058792080
1417475852432
2516987480208
1675172907168
2774684534944
1670878922832
2770390550608
1688058792016
2787570419792
1692354087008
2791865714784
2495445533776
1400295195808
2499806823584
1395999966288
2495511594064
2770390549584
1675173889104
2774685516880
1413113775184
2512625402960
2770389829728
2770389502032
2499739780256
1417476113488
2516987741264
1413181146256
1400228152416
2499739780192
1675173103760
2774684731536
1675105994832
2774617622608
