1396201292880
1418012788832
2517524416608
1692890695776
2792402323552
1400831804560
2500343432336
1675709711504
2775221339280
1417944564880
2517456192656
1692822471824
2792334099600
1688594613392
2788106241168
1692554037328
2792065665104
1396469729360
2495981357136
1671347636304
2770859264080
1417944565840
2517456193616
1692822472784
2792334100560
1418012984464
2517524612240
1692890891408
2792402519184
2775222454368
1396538148960
2496049776736
1671416055904
2770927683680
1413718018144
2513229645920
1688595925088
2788107552864
2500075260048
1675441539216
2774953166992
1417743501456
2517255129232
1692621408400
2792133036176
1396202603616
2495714231392
1671080510560
2770592138336
1413382472800
2512894100576
1688260379744
2787772007520
1400497570912
2500009198688
1417676458144
1413716706464
2513228334240
1675643914320
2775155542096
2792335411280
1417945876560
2517457504336
1692823783504
1688594613408
2788106241184
1400833180816
2500344808592
1675711087760
2775222715536
1418013050000
2517524677776
1692890956944
2792402584720
1675375478944
2774887106720
1400832853152
2500344480928
1675710760096
2775222387872
1418012722336
2517524350112
1692890629280
2792402257056
1400764958880
2500276586656
2792134150304
1396269713552
2495781341328
1671147620496
2770659248272
1413449582736
2512961210512
1688327489680
2787839117456
1400564680848
2500076308624
1400831871072
2500343498848
1675709778016
2775221405792
1418011740256
2517523368032
1692889647200
2792401274976
1413716969632
2513228597408
1688594876576
2788106504352
1396268467360
1400497374288
2500009002064
1675375281232
2774886909008
1692555150416
2792066778192
2495780095136
1692890695840
2513161291856
1688527571024
2788039198800
1396201556064
2495713183840
1671079463008
2770591090784
1688259332192
2787770959968
1400496523360
1675709973648
1418011935888
1396201555088
2495713182864
1400563631248
2500075259024
1688527766672
1417676391568
2517188019344
1692554298512
1671080511584
2770592139360
1688260380768
2787772008544
1400497571936
2500009199712
1675375478880
2774887106656
1418012985424
2517524613200
1692890892368
2792402520144
1396538148944
2496049776720
1671416055888
2770927683664
1413718018128
2513229645904
2792066778272
2500343695504
1675709974672
2775221602448
1418011936912
2517523564688
1692889843856
2792401471632
2787838134352
1413448599632
1688326506576
1688527767648
1688528880736
2788040508512
2774954215584
1413717034144
1396471039136
2495982666912
1671348946080
2770860573856
1413650908320
2513162536096
1688528815264
2788040443040
1396202603664
2495714231440
1671080510608
2770592138384
1413382472848
1417677440144
1675375477904
2774887105680
1692555347088
2792066974864
1417677505632
2517189133408
1692555412576
2792067040352
1400564484256
2500076112032
1675442391200
2770859263136
1413649597600
2513161225376
1688527504544
2788039132320
1400764695712
2500276323488
1675642602656
2775154230432
1417944564896
1396537951328
2496049579104
1671415858272
2770927486048
1413717820512
2513229448288
1688595727456
2788107355232
1413649926240
2513161554016
1675441341584
2774952969360
1417743303824
2517254931600
1692621210768
2792132838544
2517457306704
1692823585872
2792335213648
1675375544464
2774887172240
1417677506704
2517189134480
1692555413648
2792067041424
1396471105680
2495982733456
1671349012624
2770860640400
2770926437456
1688259134544
2787770762320
1400496325712
2500007953488
1692822537296
2792334165072
1396268467280
1675642668192
2775154295968
1688260379728
2787772007504
1417677440080
2517189067856
1400497570896
1671080510544
2770592138320
1413382472784
2512894100560
1413650908240
1396268467296
2495780095072
1671146374240
1396538147984
2496049775760
1671416054928
2770927682704
1413718017168
2513229644944
1688595924112
2788107551888
2500076373072
1675442652240
1671415072848
2770926700624
2774953952352
1675710761040
2775222388816
1417945614416
2517457242192
1692823521360
2792335149136
1396202342480
2495713970256
1671080249424
2770591877200
1675441603744
2774953231520
1417743565984
2517255193760
1692621472928
2792133100704
1396536838240
1671414745184
2770926372960
1413716707424
2513228335200
1688594614368
2774887172176
1417677506640
2517189134416
1692555413584
2792067041360
1396471105616
2495982733392
1671349012560
1396202670160
2495714297936
1688594941088
1400766071904
1413382210640
2770591876176
2500277699680
1675643978848
2775155606624
1417945941088
2517457568864
1692823848032
2792335475808
2500344547488
1675710826656
1396201555104
2495713182880
1671079462048
2770591089824
1413381424288
2512893052064
1688259331232
2787770959008
1400496522400
2500008150176
1400831870096
2500343497872
1675709777040
2775221404816
1418011739280
2517523367056
1692889646224
2792401274000
1671348750480
2770860378256
1413650712720
2513162340496
1688528619664
2788040247440
1413448336544
2512959964320
1688326243488
2787837871264
1688326505552
2787838133328
1417743565904
2517255193680
1692621472848
2792133100624
1396201620560
2495713248336
1671079527504
2770591155280
2792133821600
1417743501392
2517255129168
1692621408336
2792133036112
1692823586960
2792335214736
1413449648272
1688327555216
2787839182992
2788107551840
1400833180752
2500344808528
1675711087696
2775222715472
1418013049936
2517524677712
1692890956880
2792402584656
1688327227552
2787838855328
1400832853088
2500344480864
1396471040080
2495982667856
1413650909264
2513162537040
1400766007376
2500277635152
1688326177936
2787837805712
1400832132256
2500343760032
1675710039200
2775221666976
1418012001440
1396469991520
2495981619296
1671347898464
2770859526240
1417744550048
2517256177824
1692622456992
2792134084768
1396471105696
2495982733472
1671349012640
2770860640416
1413650974880
2513162602656
1688528881824
2788040509600
1396269451424
2495781079200
1671147358368
2770658986144
1413449320608
2512960948384
2770590893152
1413381227616
2512892855392
1688259134560
2787770762336
1400496325728
2500007953504
1675374232672
1413649925264
2513161553040
1688527832208
2788039459984
1671415071904
2770926699680
2517187822688
1692554101856
2792065729632
1400833115296
2500344743072
1675711022240
2775222650016
1671080249440
2770591877216
2495781340240
1671147619408
2770659247184
1413449581648
2512961209424
1688327488592
2787839116368
2513162602592
1671348683920
2770860311696
1413650646160
2513162273936
1688528553104
2788040180880
1396537885840
2496049513616
1671415792784
2770927420560
1400832067664
2500343695440
1675709974608
2775221602384
1396269451360
2495781079136
1671147358304
2770658986080
1413449320544
2512960948320
1688327227488
2787838855264
1396538214544
2496049842320
1671416121488
2770927749264
1688595990672
2788107618448
1417677441184
2517189068960
1675643716768
1396471039072
2495982666848
1671348946016
2770860573792
1413650908256
1688528815200
2788040442976
1417944826960
1675642864720
2775154492496
2517456454736
2495712920656
2770590827600
1671079199824
1418011935824
1396537886880
2496049514656
1671415793824
1396201292896
2495712920672
1671079199840
2770590827616
1413381162080
2512892789856
1688259069024
2787770696800
1675442391136
2774954018912
1396536837264
2496048465040
1671414744208
2770926371984
1675375215776
2774886843552
1417677178016
2774952969296
1417743303760
2517254931536
1692621210704
2792132838480
1413717755024
2513229382800
1688595661968
1692890629264
2792402257040
2500344480912
1396269450384
2495781078160
2500277373072
1675643652240
2775155280016
1675374167184
2774885794960
1692554036368
2770658985104
1400832853136
2792065664144
1396469728400
1671079527520
2770591155296
1413381489760
2512893117536
1396201292960
2495712920736
1671079199904
2770590827680
1413381162144
2512892789920
1688259069088
2787770696864
1400496260256
2500007888032
1688527505552
2788039133328
1400764696720
2500276324496
1675642603664
2775154231440
1417944565904
2517456193680
2517188085904
2792133887120
1400764761184
2500276388960
1675642668128
2775154295904
1417944630368
2517456258144
1692822537312
2792334165088
2500009003168
1675375282336
2774886910112
1417677244576
2517188872352
1692555151520
2792066779296
1396470843552
2495982471328
1671348750496
2792402323616
1396269516944
2495781144720
1671147423888
2770659051664
1413449386128
1417744550032
2517256177808
1692622456976
2792134084752
1396202604640
2495714232416
1413382210656
2512893838432
1396538147920
2496049775696
1671416054864
2770927682640
1413718017104
2513229644880
1688595924048
2788107551824
2512894100624
1688260379792
2787772007568
2517189067920
1400564417616
2500076045392
1675442324560
2774953952336
1396537885776
2496049513552
1671415792720
1688259332176
2787770959952
1400496523344
2500008151120
1675374430288
2774886058064
1417676392528
2517188020304
1692554299472
2792065927248
1671415006368
2770926634144
1400563696736
2500075324512
1675441603680
2774953231456
1417743565920
2517255193696
1692621472864
2792133100640
1400766007456
2500277635232
1675643914400
2775155542176
1417945876640
2517457504416
1692823783584
2792335411360
1400764957840
2500276585616
1675642864784
2775154492560
1417944827024
2517456454800
1692822733968
1675375282272
2774886910048
1417677244512
2517188872288
2788039395424
1692555151456
2792066779232
1396470843488
2495982471264
1671348750432
1400832919648
2500344547424
1675710826592
1413649860704
2513161488480
1688595661920
2788107289696
1675442391120
2774954018896
2517255981136
1396269516880
2495781144656
1671147423824
2770659051600
1413449386064
2512961013840
1400831870032
2500343497808
1675709776976
2775221404752
2513228661920
2787837872288
1671415072928
1671416121424
1396470843472
2495982471248
1671348750416
2770860378192
1413650712656
2513162340432
1688528619600
2788040247376
1396202341536
2495713969312
1671080248480
2770591876256
1413382210720
2512893838496
1688260117664
2787771745440
1400497308832
2500008936608
2517188871328
1692555150496
1671079463056
2770591090832
1413381425296
2512893053072
1688259332240
1417744614480
2517256242256
1692622521424
2792134149200
1418011739216
2517523366992
1675442390096
2774954017872
1675375281296
2774886909072
1417677243536
2517188871312
1692555150480
2792066778256
1671348749456
2770860377232
1692890891424
2792402519200
1400833116304
2500344744080
1692890892432
2792402520208
1396269515856
2495781143632
1671147422800
2770659050576
1413449385040
2512961012816
1400564483152
2500076110928
1396201358432
2495712986208
1671079265376
1675642865824
2775154493600
2495780358304
1671146637472
2770658265248
1413448599712
2512960227488
2787838134432
1400832132192
2500343759968
1675710039136
2775221666912
1418012001376
2517523629152
1692889908320
2792401536096
2774885796000
1417676130464
2517187758240
1692554037408
2792065665184
1396469729440
1417945679008
2517457306784
1692555085904
2792066713680
1671349012576
2770860640352
1413650974816
2770860377168
1413650711632
2513162339408
1688528618576
2788040246352
1400765809744
2500277437520
1675442390160
2774954017936
1417744352400
2517255980176
1692622259344
2788039459920
1396470056016
2495981683792
1671347962960
2770859590736
1413649925200
2513161552976
1688527832144
1396536903824
2496048531600
1671414810768
2770926438544
1413716773008
2513228400784
2788106307728
1396268729504
2495780357280
1671146636448
2770658264224
1413448598688
2512960226464
1400563696800
2500075324576
1396202603680
2495714231456
1396469794896
2495981422672
1671347701840
2770859329616
1413649664080
1400831871056
1396536903760
2496048531536
1400765809824
2500277437600
1417945942176
2517457569952
1692823849120
2792335476896
1692822799520
1417744353440
1671079265424
2770590893200
1688259134608
2787770762384
2513229711440
1396538214480
2496049842256
2774954280016
1400766071888
2500277699664
1675643978832
2775155606608
1396269778000
2495781405776
1671147684944
2770659312720
1413449647184
1675442652320
2774954280096
1417744614560
2517256242336
1692622521504
2792134149280
1396537886816
1400496522320
2500008150096
2496049514592
1671415793760
2770927421536
1413717756000
2513229383776
1688595662944
1396268729440
2495780357216
1400563370128
2500074997904
1675441277072
2774952904848
1417743239312
2517254867088
1396537165984
1688594613328
2788106241104
1396201556128
2495713183904
1671079463072
2770591090848
1396201358496
2495712986272
1671079265440
2770590893216
1413381227680
2512892855456
1400765745232
2500277373008
1675643652176
2775155279952
1400832918672
2500344546448
1418012787856
2517524415632
1692890694800
2792402322576
1400765024400
2500276652176
2495981357216
1671347636384
2770859264160
1400764696736
2500276324512
1675642603680
2775154231456
1417944565920
1396268402832
2495780030608
1671146309776
2770657937552
1413718083664
2788107618384
1413448272016
1688326178960
2787837806736
1671080313952
2770591941728
1413382276192
2512893903968
1688260183136
2787771810912
2792334428240
1413717035088
2513228662864
1688594942032
2788106569808
2500008216656
1675374495824
2774886123600
1418012002384
2517523630160
1692555084896
2792066712672
1400564680784
2500076308560
1417744549968
2517256177744
2792134084688
1692622456912
1688326244512
1692622260384
1675441539232
2774953167008
1417743501472
2517255129248
1692621408416
2792133036192
2770926634080
1413716968544
2513228596320
1688594875488
2788106503264
2517187758176
1692554037344
2792065665120
1396469729376
2495981357152
1413649598560
1400766007392
2500277635168
1675643914336
1413449319568
2512960947344
1688327226512
2787838854288
2787770960016
2788107290720
1417677441120
1396268402768
2495780030544
1671146309712
2770657937488
1413448271952
2512959899728
1688326178896
2787837806672
1400563370064
2500074997840
1400831805584
2500343433360
1675709712528
2775221340304
1692889581712
2792401209488
2775222716560
1413717756064
2770590894176
1688259135584
2787770763360
1675374233696
2495982732432
2770860639376
1413650973840
2513162601616
1688528880784
2788040508560
1671347962976
2770859590752
1413717035168
1418013050960
2517524678736
1692890957904
2792402585680
1688527505488
2788039133264
1400764696656
2500276324432
1675642603600
2775154231376
1396470776992
2495982404768
1671348683936
2770860311712
1413650646176
2513162273952
1396201293920
2495712921696
2770859263120
1413649597584
2513161225360
1688527504528
2788039132304
1396201292944
2495712920720
1671079199888
2770590827664
1413381162128
1675374495904
2774886123680
2513161291872
2788039198816
2496048793760
1671079200912
2770590828688
1413381163152
2512892790928
1688259070096
2787770697872
1400496261264
2500007889040
1396202669152
1671080576096
2770592203872
1413382538336
2512894166112
1671079200928
2770590828704
1413381163168
2512892790944
1688259070112
2787770697888
1400496261280
2500007889056
1396202342544
2495713970320
1413382211728
2512893839504
1688260118672
2787771746448
1400833116240
2500344744016
1675711023184
2775222650960
1688327488672
2787839116448
1688527571088
2788039198864
1400764762256
2500276390032
1675642669200
2775154296976
1400832067744
2500343695520
1675709974688
2775221602464
1692889843872
2774954281120
1413381162064
1692554036304
2792065664080
1396469728336
2495981356112
2517187757136
2512892789840
2788107289744
1675711023200
2775222650976
1688527833184
2788039460960
2496048793696
1413717035104
2513228662880
1675374495840
2774886123616
1417676458080
2517188085856
1692554365024
1400765023376
2500276651152
1417944892560
2517456520336
1675374494864
2774886122640
1417676457104
2517188084880
1692554364048
2792065991824
1675643913376
2775155541152
1417945875616
2517457503392
1692823782560
2792335410336
1671348947088
2770860574864
1413650909328
2513162537104
1688528816272
2788040444048
1396538149008
2496049776784
1688595925136
2788107552912
1400497637536
2500009265312
2500277700768
1675643979936
2775155607712
2792065729696
1400831870112
2500343497888
1418011739296
2517523367072
1671146374304
2770658002080
1417944630432
2517456258208
1692889646240
1400564746384
2500076374160
1417744615568
2517256243344
1400833181840
2500344809616
1675643913312
2775155541088
1417945875552
2517457503328
1692823782496
2792335410272
2517524612176
1396202341472
2495713969248
1671080248416
2770591876192
1675643652256
2775155280032
1692823521440
2792335149216
2513229383840
2788107290784
1400564418720
2500076046496
1675442325664
2774953953440
2775155607648
1692823849056
2792335476832
2792067041376
1400766072928
2500277700704
1675643979872
1688528881760
2788040509536
2792134150224
1675711088720
2775222716496
2517256243280
1692554365088
1692622259360
2517188085920
2792065992864
2792133887136
1675710826576
2775222454352
1692823586896
2792335214672
1692622260304
1418012788816
1396537952336
2496049580112
2770927487056
2500009003088
1400766071952
2500277699728
1675643978896
2775155606672
1396268729488
2495780357264
1396201620640
2495713248416
1671079527584
2770591155360
1413381489824
2512893117600
1688259396768
1400496587936
2500008215712
1396470056096
2495981683872
1671347963040
2770859590816
2787772008608
1400564680864
2500076308640
1675442587808
1400833116320
2500344744096
1675711023264
2775222651040
1400497636432
2500009264208
1692823848016
2792335475792
2775221602400
1400833181776
2500344809552
1396269779024
2495781406800
1671147685968
2770659313744
1400564746320
2500076374096
1675442653264
2774954281040
1413718083744
2513229711520
2787771811936
1400497375328
2500009003104
1413650712672
2513162340448
1688528619616
2788040247392
1396269516896
2495781144672
1671147423840
1688260183184
2787771810960
1396269515920
2495781143696
1671147422864
2770659050640
1413449385104
2512961012880
1400564483216
2500076110992
2788107289760
1675442324640
2774953952416
1417744286880
2517255914656
2774886058144
1417676392608
2517188020384
1692822735008
1396469991584
2495981619360
1413649860768
2513161488544
1396537952416
2496049580192
1671415859360
2770927487136
1413717821600
2513229449376
1688595728544
2788107356320
1417676195984
2517187823760
1692554102928
2792065730704
1396469794960
1692822538384
2792334166160
2517254932624
1692621211792
2792132839568
1413717754976
2513229382752
1418012722272
2517524350048
1692622193760
2517255914592
2792133821536
2517188020320
2792334362720
1692554299488
2770926635088
1413716969552
2513228597328
1418011936848
2517523564624
1675441539152
2774953166928
1396268664912
2495780292688
1671146571856
1671080577120
2770592204896
1413382539360
1396538214496
2496049842272
1413718083680
2513229711456
1396269779040
2495781406816
1671147685984
1396202669200
2495714296976
2512894166160
1688260445328
2787772073104
1400497636496
2500009264272
1396538213520
2496049841296
1671416120464
2770659051616
1413449386080
2512961013856
1688327293024
2787838920800
1400564484192
2500076111968
2496049580128
1671415859296
2770927487072
1413381424272
2512893052048
1688259331216
2787770958992
1675374429328
2774886057104
2792334361744
1413448337488
2512959965264
1396268729424
2495780357200
1671146636368
2770658264144
1413448598608
2512960226384
2787771810976
1396470842528
2495982470304
1671348749472
2770860377248
1413650711712
2513162339488
1688528618656
1671415858320
2770927486096
1413717820560
2513229448336
1413649926288
2513161554064
1417744352416
2517255980192
1675375281312
2774886909088
1417677243552
1671080314016
2770591941792
1413382276256
2512893904032
1688260183200
1400496588960
2500008216736
1400496588944
2500008216720
1675374495888
1417676458128
1396201621648
2495713249424
1671079528592
1688259397776
2787771025552
1413381424208
2512893051984
1688259331152
2787770958928
1413649859664
2513161487440
1400764957776
2500276585552
2513228400800
2517188019280
1413650711648
2513162339424
1417744352336
2517255980112
1692622259280
2792133887056
1418012787792
2517524415568
1688259397712
2787771025488
1396201621584
2495713249360
1671079528528
2770591156304
1413381490768
2512893118544
2770658003104
1413448337568
2512959965344
1396536903840
2496048531616
1671414810784
2770926438560
2787770763424
1400563697808
2500075325584
2500008150112
2792335476816
2500344808608
1675711087776
2775222715552
1671416120480
1418013050016
2517524677792
1692890956960
2792402584736
1396202669216
2495714296992
2517255128144
1671146309792
2770657937568
1400831805600
2500343433376
1675709712544
2775221340320
2517523302560
2787839181968
1675642931360
2775154559136
1400765024416
2500276652192
1396201621664
2495713249440
1671079528608
2770591156384
2495780030560
1671146309728
2770657937504
1675441277024
2774952904800
1400831805536
1692554036384
2792065664160
1396469728416
2495981356192
2517523563600
1688527767712
2788039395488
1400564483168
2500076110944
1417676196000
2517187823776
1692554102944
2792065730720
1396469794976
2495981422752
1671347701920
2770859329696
1396268468368
2495780096144
1413448337552
2512959965328
1400563435664
2500075063440
1675441342608
2774952970384
1413649597536
2513161225312
1675642602592
2775154230368
1417944564832
2517456192608
1417676129376
2517187757152
2770927487120
1413717821584
1688595728528
2517524416656
1692890695824
2792402323600
1688326177872
2787837805648
1400563369040
2500074996816
1400831804496
2774885861472
1396469794912
2495981422688
1671347701856
2770859329632
1413649664096
1675642669152
2775154296928
2774952970320
1417743304784
2517254932560
1692621211728
2792132839504
1675709778000
1400563697744
2775221405776
1396268468304
2495780096080
1671147619488
1688595924128
1400564679840
2500076307616
1675442586784
2774954214560
1417744549024
2517256176800
2788039197840
1400764761232
2500276389008
1692822537360
2792334165136
1413448336528
2512959964304
1417677244560
2517188872336
2774952904784
1692621146192
1396201556048
2495713183824
1400831805520
2500343433296
2495981619280
1396469991504
1413649860688
2513161488464
1675442653344
1400833181856
2500344809632
1675711088800
2775222716576
1400766072976
2500277700752
2775155607696
1413382539408
2512894167184
1675442586720
2774954214496
1692622455904
1400833115232
2500344743008
1675642603616
2775154231392
1417944565856
2517456193632
2792334100576
2500075260000
1675441539168
1400832067680
2500343695456
2500008151136
1400764761168
2500276388944
2770659313760
1413449648224
2512961276000
1688327555168
2787839182944
1675711088736
2775222716512
1675442653280
2774954281056
1417744615520
2500343433312
1418011674720
2517523302496
2792401209440
1413449386144
2512961013920
1688327293088
2787838920864
2775222454432
1418012788896
2517524416672
1396202408096
2495714035872
1671080315040
1692555084880
2792066712656
1671349011616
2770860639392
1688528880800
2788040508576
1400497636512
1688595989648
2788107617424
1396269778064
2495781405840
1671147685008
2770659312784
1688327554192
2500009199760
1675442325648
2774953953424
1417744287888
2517255915664
1396268664976
2495780292752
1413448534160
2512960161936
1400497636448
2500009264224
1400564745296
1396538213456
2496049841232
1692555085984
2792066713760
1396202604704
2495714232480
1688260380832
1671416121504
2770927749280
1396269779104
2495781406880
1671147686048
2770659313824
1396202670240
1688528554128
2788040181904
1417945614480
2517457242256
1400563631264
2500075259040
1396470777936
2495982405712
1413650647120
2513162274896
1688528554064
2788040181840
1688326441120
2787838068896
1400563632288
2500075260064
2770926635168
1671415007392
1400497375312
1400563632224
2774953166944
1413716969568
2513228597344
1675709974624
1692554298528
2792065926304
1413649859744
2513161487520
1688595728480
2788107356256
1396537952352
1400832066704
1413448533136
2512960160912
1688326440080
2787838067856
1417743500432
2517255128208
1396268663952
2495780291728
2775222453408
1418012787872
2517524415648
1413449385120
2512961012896
1417944893600
2517456521376
1675642669216
2775154296992
1400832133264
2500343761040
1396268730512
2495780358288
1671146637456
2792065926240
1671347897440
2770859525216
1671079461984
2770591089760
1400496522336
2496048727120
1413716968528
2513228596304
1688594875472
2788106503248
1400832066640
2500343694416
1417743500368
1692621145168
2792132772944
1417743238224
2517255980128
1400832918624
2500344546400
1418012787808
2517524415584
1396269515872
2792065992800
1400765024352
2500276652128
1675642931296
2775154559072
1692621473872
2792133101648
1400832133200
2500343760976
1418011740304
2517523368080
1692889647248
2792401275024
2788040246432
1400563631200
2500075258976
1675710040224
2775221668000
1675709711440
2775221339216
2512893117520
1688259396688
2787771024464
1400765023312
2500276651088
1675642930256
2775154558032
1675374430352
2774886058128
1692554299536
2792065927312
1400563435600
1692621145248
2792132773024
1400831804576
2500343432352
1675709711520
2775221339296
1417944631392
2517456259168
1692555348112
2792066975888
1671146375328
2517457504400
1692823783568
2792335411344
1413716773024
1417743304864
1400831804512
2500343432288
1675709711456
2775221339232
1671146636432
2770658264208
1675642865808
2775154493584
1417944828048
2517456455824
1692822734992
2792334362768
1400497571920
2500009199696
1417677441104
2770926438496
1688260446288
2787772074064
2517189068880
1692555348048
1400563435616
2500075063392
1675441342560
1396469793952
2495981421728
1396536902800
2496048530576
1671414809744
2770926437520
1413716771984
2513228399760
1396268467344
2495780095120
1671146374288
2770658002064
1400496260176
2500007887952
1400764695632
2500276323408
1417944564816
2517456192592
1413448270928
2512959898704
1396269778016
2500276652112
2775154559056
1688327555152
2787839182928
1688595990608
1692622522448
1413649663072
2513161290848
2774885860448
1413649926224
2513161554000
1688527833168
2788039460944
1400496588896
2500008216672
1396537165920
2512894167136
1400497637472
2500009265248
1692555413600
1688260184160
2517188084896
1413716771920
2513228399696
2495780095056
1671146374224
1413448336464
2512959964240
1400563434576
2500075062352
1675441341520
2770927748256
1396269778080
2495781405856
2770659312800
2787839181984
1671079461968
2770591089744
1400563631184
2500075258960
1675441538128
2774953165904
1692622522528
1413448598672
2512960226448
2517255981152
1671147686032
2770659313808
2512961013904
1692890957968
2792402585744
1671415859344
1417945613408
2517457241184
1692823520352
2792335148128
2500276651168
1675711087712
2775222715488
1396538213472
2496049841248
1418013049952
2517524677728
1692890956896
2792402584672
1413716706400
2513228334176
1396536837216
2496048464992
1675441276000
2774952903776
1688528619680
2788040247456
2787839183008
2496049842336
1671080249504
2770591877280
1688260118688
2787771746464
1400497309856
2500008937632
1688327227536
2787838855312
1671415793808
2770927421584
1688595662992
2788107290768
1692890957984
2792402585760
1396470778016
1413650647200
2513162274976
1413382211680
2512893839456
1688260118624
2787771746400
1417677178976
2517188806752
1671347635344
1692890630224
2792402258000
2500076046416
1675442325584
2774953953360
1692622194768
1413449320528
2512960948304
1675642864736
1692822733920
2792334361696
1675374429280
1692554298464
2787839117472
1688327489696
1417945613456
2517457241232
2495713969296
1413382210704
2512893838480
1688527766688
2788039394464
1675375282320
2774886910096
1396470776912
2495982404688
1671348683856
2770860311632
1413650646096
2513162273872
1400832066720
2500343694496
1396268663968
2495780291744
1400765810768
2500277438544
1671080314960
2770591942736
1413382277200
2512893904976
2517256243296
1692622522464
2792134150240
2788106503312
1688594875536
1417945876624
2517256176720
1413449319504
2512960947280
2770927420496
1675441604768
2774953232544
1413717754960
2513229382736
1688595661904
2788107289680
1675375215696
2774886843472
2517457241168
1692622193744
2774953165920
1400832066656
2500343694432
2775221405856
1675375477856
2774887105632
1417677440096
2517189067872
1396470776928
2495982404704
1671416054880
2770927682656
1675441604704
2774953232480
1417743566944
2517255194720
1675710040160
2775221667936
2788040509520
1671079200848
2770590828624
1413381163088
1396536838224
2496048466000
1671414745168
2770926372944
1692890957920
2792402585696
1688327227472
2787838855248
1688527832224
2788039460000
1417944892576
2770658265232
1400765023392
1688528881744
1417945875536
2517457503312
1675643913296
2775155541072
1418012984400
1396202603600
1417677505696
2517189133472
1692555412640
2792067040416
1396470777952
2495982405728
1396537951392
2496049579168
1413717820576
2513229448352
1417945875600
2517457503376
1400764695696
2500276323472
1675642602640
2775154230416
2513161554080
1688527833248
2788039461024
1400765023328
2500276651104
1400496587872
2500008215648
1692889908304
2792401536080
1671415792736
2770927420512
1671415007312
1675642865744
2775154493520
2792066975824
1400564745360
2500076373136
1671415793744
2770927421520
1688595662928
2788107290704
1688594942096
2788106569872
2774952970336
1417743304800
2517254932576
2500277699744
1417945941152
2517457568928
1396268401808
2495780029584
1417743238288
2517254866064
1675374168144
2774885795920
1688327488608
1400766006368
2500277634144
1413650909344
2513162537120
2495781143648
1671147422816
2770659050592
1413449385056
2512961012832
1417676392544
1692822734944
1675642865760
1671146571872
1675441538192
1400496522384
2500008150160
1413649859728
2513161487504
2500343694480
2517523563664
2517189068896
1671348947040
2770860574816
1688326440016
1396536902816
2496048530592
1413650974864
2513162602640
1396469793872
2495981421648
2770658002016
1396536902752
2496048530528
1671414809696
2770926437472
2792133822544
1413382211664
2512893839440
1688260118608
2787771746384
1688327554144
1692823849040
2512893838416
1688594941008
2788106568784
1413381489744
2770659248208
2512961210448
1400832854176
2500344481952
1400831870048
2500343497824
1396469793888
2495981421664
2495781405792
1417945614432
2517457242208
1417744287840
2517255915616
1692555084944
2792066712720
1675643651216
2775155278992
1418012723296
2517524351072
1688326440096
2787838067872
1671080576080
1413382538320
2512894166096
1417744548944
1400765809760
2500277437536
1417945678944
2517457306720
1417744614496
2517256242272
1417744286864
2517255914640
2775222387856
1675710760080
1675441341600
1692554037392
2792065665168
1671347636368
2770859264144
1671414745232
2770926373008
1671079266464
2770590894240
1688260184224
2787771812000
1400832919696
2500344547472
1417744549008
2517256176784
1400765810784
2500277438560
1400564484176
2500076111952
2792133888080
1413449647200
1688594876560
2788106504336
2788039198880
1675441341536
2774952969312
1396268401744
2495780029520
1671080313936
2770591941712
1417677440160
2517189067936
2500075063376
1396536837200
2496048464976
1671079266400
1675375281248
2774886909024
1675442390112
2774954017888
1671079200864
2770590828640
1671146375264
2770658003040
1671414810720
2495981356176
1688260380816
2787772008592
1692555413664
2792067041440
