361047064912
704645759392
378228244896
653106151840
446947721632
721825628576
361316811168
636194718112
361047130464
635925037408
429766607200
704644514144
378226999648
653104906592
446946476384
721824383328
361315565920
636193472864
653106151824
446947721616
721825628560
361316811152
636194718096
430036287888
704914194832
378496680336
653374587280
447216157072
430034977184
653104906656
446946476448
430035042704
704912949648
378495435152
653373342096
447214911888
722092818832
722092819088
361047327392
635925234336
429766804128
704644711072
378227196576
653105103520
446946673312
721824580256
361315762848
636193669792
361316876896
636194783840
430036353632
704914260576
378496746080
653374653024
447216222816
704913146448
378495631952
653373538896
447215108688
722093015632
361047327312
635925234256
429766804048
704644710992
378227196496
361047392928
635925299872
429766869664
361048113552
635926020496
429767590288
704645497232
378227982736
653105889680
446947459472
721825366416
361316549008
636194455952
361316811104
636194718048
430036287840
704914194784
378496680288
653374587232
447216157024
722094063968
361047392848
635925299792
429766869584
704644776528
378227262032
653105168976
446946738768
721824645712
446947721552
721825628496
361316811088
636194718032
430036287824
704914194768
430035042656
704912949600
378495435104
653373342048
447214911840
722092818784
361048179088
635926086032
429767655824
704645562768
378228048272
653105955216
446947525008
721825431952
361316614544
636194521488
721825366688
361047327072
635925234016
429766803808
704644710752
378227196256
653105103200
446946672992
721824579936
361315762528
636193669472
378496418448
653374325392
447215895184
722093802128
447215895136
722093802080
636193735328
430035305120
704913212064
722092753504
378495697568
653373604512
447215174304
722093081248
361047392608
635925299552
429766869344
704644776288
378227261792
653105168736
446946738528
721824645472
361315828064
636193735008
447215108512
722093015456
704912949920
361047130720
635925037664
429766607456
704644514400
378226999904
653104906848
446946476640
721824383584
361315566176
636193473120
378227982672
653374325072
447215894864
722093801808
653105889616
446947459408
721825366352
361316548944
636194455888
430036025680
636194783648
430036353440
704914260384
378496745888
653374652832
447216222624
361047064928
635924971872
429766541664
704644448608
378226934112
653104841056
446946410848
721824317792
361315500384
636193407328
430036025952
704913932896
378496418400
653374325344
430036353424
704914260368
378496745872
653374652816
447216222608
722094129552
378496418384
653374325328
447215895120
722093802064
361048113744
635926020688
635925234064
429766803856
704644710800
378227196304
653105103248
446946673040
721824579984
361048375696
635926282640
429767852432
721825628752
378228244880
361047064992
635924971936
429766541728
704644448672
378226934176
653104841120
446946410912
721824317856
361315500448
636193407392
429767590544
704645497488
378227982992
653105889936
446947459728
721825366672
361316549264
636194456208
430036026000
704913932944
430035239584
704913146528
378495632032
653373538976
361048441232
635926348176
429767917968
704645824912
378228310416
653106217360
446947787152
721825694096
361316876688
636194783632
430035239568
704913146512
378495632016
430036353376
704914260320
378496745824
653374652768
447216222560
722094129504
721824383392
361048179344
635926086288
429767656080
378496745808
653374652752
447216222544
722094129488
361048441168
704645563024
378228048528
361047327328
635925234272
429766804064
704644711008
378227196512
653105103456
446946673248
721824580192
361315762784
636193669728
704644514384
635926086304
429767656096
704645563040
378228048544
653105955488
446947525280
721825432224
361316614816
636194521760
430036091552
361048113568
635926020512
429767590304
704645497248
378227982752
653105889696
446947459488
721825366432
653105955472
446947525264
721825432208
361316614800
636194521744
430036091536
704913998480
378496483984
653374390928
447215960720
361047392864
635925299808
429766869600
704913932624
378496418128
361048113488
635926020432
429767590224
704645497168
430035239520
704913146464
653104906832
446946476624
721824383568
361315828304
636193735248
430035305040
704913211984
378495697488
653373604432
447215174224
430036091232
704913998176
378496483680
653374390624
447215960416
722093867360
361047065184
635924972128
429766541920
653105103440
446946673232
721824580176
361315762768
636193669712
704644448864
378226934368
361048179104
635926086048
429767655840
704645562784
378228048288
653105955232
446947525024
430036287904
704914194848
378496680352
653374587296
447216157088
722094064032
430036091216
704913998160
378496483664
653374390608
447215960400
722093867344
361048179024
635926085968
429767655760
704645562704
361047065232
635924972176
429766541968
704644448912
378226934416
653104841360
446946411152
721824318096
704912949856
378495435360
653373342304
447214912096
722092819040
361047065248
430036091488
704913998432
378496483936
653374390880
447215960672
722093867616
447215108768
722093015712
361048375952
635926282896
429767852688
447215960656
361316614736
636194521680
430036091472
704913998416
722093867600
704645759632
722094064016
361315565984
636193472928
430035042720
704912949664
378495435168
653373342112
447214911904
722092818848
361048441488
635926348432
429767918224
704645825168
378228310672
653106217616
446947787408
721825694352
361316876944
636194783888
704644776608
378227262112
653105169056
446946738848
721824645792
361315828384
361316549024
636194455968
430036025760
704913932704
378496418208
653374325152
447215894944
722093801888
430035305104
704913212048
378495697552
653373604496
447215174288
722093081232
430036025744
704913932688
378496418192
653374325136
447215894928
722093801872
653373538960
447215108752
722093015696
361048375712
635926282656
429767852448
378496680272
361048375632
635926282576
429767852368
704645759312
653374587216
447216157008
722094063952
378228244816
653106151760
361048113824
635926020768
429767590560
704645497504
378227983008
653105889952
446947459744
378495435424
653373342368
447214912160
722092819104
361048441248
635926348192
429767917984
704645824928
378228310432
653106217376
446947787168
721825694112
361316876704
429767590480
704645497424
378227982928
653105889872
446947459664
721825366608
361316549200
636194456144
430036025936
704913932880
721825694032
429767917904
704645824848
378228310352
635926348112
446947787088
361316876624
636194783568
430036353360
704914260304
704644776544
378227262048
653105168992
446946738784
721824645728
361315828320
361048179360
447215894880
722093801824
378496483920
653374390864
378228048464
653105955408
446947525200
721825432144
361048179280
635926086224
429767656016
704645562960
361048113504
635926020448
429767590240
704645497184
361315500640
636193407584
430034977376
704912884320
378495369824
653373276768
447214846560
361048113760
635926020704
429767590496
361315762592
636193669536
635926282912
429767852704
704645759648
378228245152
653106152096
446947721888
721825628832
361316811424
636194718368
430036288160
361048375888
635926282832
429767852624
704645759568
378228245072
361316811344
636194718288
430036288080
704914195024
378496680528
653374653088
447216222880
722094129824
635924971920
429766541712
704644448656
704645825184
378228310688
653106217632
446947787424
378226934160
653104841104
446946410896
636194783824
430036353616
704914260560
378496746064
653374653008
447216222800
722094129744
361048441424
635926348368
429767918160
653104906640
446946476432
721824383376
361315565968
636193472912
361048375648
635926282592
429767852384
704645759328
378228244832
653106151776
446947721568
721825628512
722093867664
378228245136
653106152080
446947721872
721825628816
361316811408
636194718352
430036288144
704914195088
378496680592
704645497440
378227982944
653105889888
446947459680
721825366624
361316549216
636194456160
361048441184
635926348128
429767917920
704645824864
378228310368
653106217312
446947787104
721825694048
361316876640
636194783584
704912884384
378495369888
653373276832
447214846624
722092753568
635924972192
429766541984
430036353696
704914260640
378496746144
361048179296
635926086240
429767656032
704645562976
378228048480
653105955424
446947525216
721825432160
361316614752
636194521696
378227261840
653105168784
446946738576
721824645520
361315828112
636193735056
653373538704
447215108496
722093015440
361047327120
361315762576
636193669520
430035239312
704913146256
378495631760
430035304848
704913211792
378495697296
653373604240
447215174032
722093080976
361047392656
635925299600
429766869392
704644776336
721824645456
704914195104
378496680608
653374587552
447216157344
722094064288
361315828048
636193734992
635925037728
361315566240
361047130768
635925037712
429766607504
704644514448
378226999952
653104906896
446946476688
721824383632
361315566224
636193473168
361048375904
635926282848
429767852640
704645759584
378228245088
653106152032
446947721824
721825628768
361316811360
636194718304
430035042960
704912949904
378495435408
653373342352
447214912144
704912884128
378495369632
653373276576
447214846368
722092753312
722094129760
361048441440
635926348384
429767918176
653104841040
446946410832
721824317776
361315500368
636193407312
430034977104
704912884048
378495369552
653373276496
361047130528
635925037472
429766607264
704644514208
378226999712
430036288096
704914195040
378496680544
653374587488
447216157280
722094064224
653374587472
447216157264
722094064208
653106152016
446947721808
430035042640
704912949584
378495435088
653373342032
447214911824
722092818768
361047130448
635925037392
429766607184
704644514128
361316614480
636194521424
430035304784
704913211728
378495697232
653373604176
447215173968
722093080912
429766541648
378226934096
378495435344
653373342288
361047327376
635925234320
429766804112
704644711056
378227196560
653105103504
446946673296
721824580240
361315762832
636193669776
361048179040
635926085984
429767655776
704645562720
378228048224
653105955168
446947524960
721825431904
361316614496
636194521440
361047392912
635925299856
429766869648
704644776592
378227262096
653105169040
446946738832
721824645776
361315828368
636193735312
721824317840
721825694368
361316876960
636194783904
378495631776
653373538720
361047327136
635925234080
429766803872
704644710816
378227196320
653105103264
446946673056
721824580000
636193669456
430035239248
704913146192
378495631696
653373538640
447215108432
722093015376
361047327056
635925234000
429766803792
704644448928
378226934432
653104841376
446946411168
721824318112
361315500704
636193407648
722093080992
361047392672
635925299616
429766869408
704644776352
378227261856
653105168800
361315500624
636193407568
430034977360
704912884304
378495369808
653373276752
447214846544
722092753488
430034977120
704912884064
378495369568
653373276512
447214846304
722092753248
361047392592
635925299536
429766869328
704644776272
378227261776
653105168720
446946738512
429766607520
704644514464
378226999968
653104906912
446946476704
721824383648
361047130784
447214846288
722092753232
635924971856
704644448592
653106217568
446947787360
635925037648
429766607440
721825694304
704645825120
378228310624
378226999888
361315566160
636193473104
430035042896
704912949840
704645825104
378228310608
653106217552
446947787344
721825694288
361316876880
636193473184
430035042976
378495369616
653373276560
447214846352
722092753296
361047064976
361047130512
635925037456
429766607248
704644514192
378226999696
722093867424
446946738592
721824645536
361315828128
636193735072
430035304864
704913211808
378495697312
653373604256
447215174048
378226999632
653104906576
446946476368
721824383312
361315565904
636193472848
430035239264
704913146208
378495631712
653373538656
447215108448
722093015392
430035304800
704913211744
378495697248
653373604192
447215173984
722093080928
430035042912
704644710736
378227196240
653105103184
446946672976
721824579920
361315762512
378228048208
653105955152
446947524944
721825431888
378227982688
653105889632
446947459424
721825366368
361316548960
636194455904
430036025696
704913932640
378496418144
653374325088
430036091280
704913998224
378496483728
653374390672
447215960464
722093867408
361315500432
636193407376
430034977168
704912884112
704645759376
430035239328
704913146272
721825431968
361316614560
636194521504
430036091296
704913998240
378496483744
653374390688
447215960480
378495631968
653373538912
447215108704
722093015648
361047130704
722093081168
361047065168
635924972112
429766541904
704644448848
378226934352
653104841296
446946411088
721824318032
430035239504
636193735264
430035305056
704913212000
378495697504
653373604448
447215174240
722093081184
653104841312
446946411104
721824318048
361315500688
636193407632
430034977424
704912884368
378495369872
653373276816
447214846608
722092753552
361048113808
635926020752
361048375968
704913998496
378496484000
653374390944
447215960736
722093867680
361048441504
635926348448
429767918240
430034977440
653374587536
447216157328
722094064272
430036353680
704914260624
378496746128
653374653072
447216222864
722094129808
447214912080
722092819024
361316549280
636194456224
430036026016
704913932960
378496418464
653374325408
447215895200
722093802144
722094129568
653106217296
