1443377775952
1443378103712
2542889731488
1718256010656
2817767638432
1512097580448
2611609208224
1786975487392
2886487115168
1443646539168
1718524118608
2818035746384
1512365688400
2611877316176
1787243595344
2886755223120
2542889404000
2817767310944
1512097252960
1718524119440
2818035747216
1512365689232
2611877317008
1787243596176
2886755223952
1443378039184
2542889666960
1718255946128
2817767573904
2886486854304
1443646278304
1786975487312
2886487115088
1443646539088
2818036073808
1443377841824
2542889469600
1718255748768
2817767376544
1512097318560
2611608946336
1786975225504
2886486853280
1443646277280
1718524185232
2818035813008
1512365755024
2611877382800
1787243661968
2543158166944
1718524446112
2818036073888
1512366015904
2611877643680
1787243922848
2886755550624
1718524184144
1787243660880
2542889469520
1718255748688
2817767376464
1512097318480
2611608946256
1786975225424
2886486853200
2886755550608
2886486788512
1443646212512
2543157840288
1718524119456
2818035747232
1512365689248
2611877317024
1787243596192
2886755223968
1512365754720
2611877382496
1787243661664
2886755550864
2886755289440
2818036009376
2611877579168
1787243858336
2886755486112
2543157906016
1718524185184
1443377841504
2542889469280
1718255748448
2817767376224
1512097318240
2611608946016
1786975225184
2886486852960
1443646276960
2543157904736
2611609208160
2886487115104
1443646539104
2818036073824
1512366015840
2543158101664
2543157905056
2818035812000
1512365754016
2611877381792
1787243660960
2886755288736
2818035746448
1512365688464
2611877316240
2886755223184
1443378038416
2542889666192
2817767573136
1718524447328
2818036075104
2542889666128
1512097515088
2611609142864
2886487049808
2543158101584
1718524380752
1718524184208
2542889731744
2817767638688
1512097580704
2543158167888
2818036074832
1512366016848
2611877644624
2886755551568
1443378039120
2542889666896
2611609208400
1443646211744
2543157839520
1443377776992
2542889404768
2817767311712
1512097253728
2886486788448
1443646212448
2543158101344
1718524184160
1512365753952
2611877381728
1787243660896
1443377777040
2542889404816
1718255683984
2817767311760
1512097253776
2611608881552
1786975160720
2886486854032
1443646278032
2543157905808
1443377777056
2542889404832
2817767311776
1512097253792
1718524184992
2818035812768
1787243661728
2886755289504
2886755551648
1443377842592
1443377776224
2886755551584
2886755550560
1787243661904
2886755289680
2818036009552
1512365951568
2886486788688
1512097319504
2611608947280
1786975226448
2886486854224
1512366017120
1787243924064
1443377777296
2817767312016
1512097254032
2886486788752
1443377842832
1718255749776
2817767377552
1443377777312
2817767312032
1512097254048
2818035813024
2886755486368
2543158101600
1512365950560
2611877578336
2542889731408
2817767638352
1512097580368
1718255682896
1512097252688
2611608880464
2886486787408
1443646211408
1443646474640
2543158102416
1718524381584
2818036009360
1512365951376
1787243858320
2886755224208
2886755222880
1512365753696
2542889403744
2817767310688
1512097252704
1443378104720
2542889732496
1718256011664
2817767639440
1512097581456
2611609209232
1786975488400
2886487116176
1443646540176
2543158167952
1787243661648
2886755289424
1718524183888
1787243924048
2886755551824
2611877579344
1787243858512
2886755486288
1443378039456
2886487050896
2886486787472
2611877381520
1443377841552
1443378038160
2542889731472
1443646474896
1718524381840
2611609209440
2886487116384
1443646540384
2543158168160
1443377842784
2817767639696
1512097581712
2886487116432
1443646540432
2543158168208
2817767572896
1443646211488
2543157839264
1718524380576
1512097318304
1786975225248
2886486853024
1512097514912
1512097515936
1443646474656
1512097515856
2611609143632
1443646212768
2886487050576
2886755224224
1718256011680
1787243923872
1443378104656
2817767639376
1512097581392
1443646540112
1512365689184
2818036075152
1512366017168
2886755551888
2886755222864
2817767310672
1443377841488
1512366015824
1443378103632
2542889731424
2817767638368
1443646211424
1512365688160
2611877315936
2886755551904
2818035747488
1512365689504
1718256010640
2817767638416
2542889403792
1718255682960
2817767310736
2611608880528
1786975159696
1718524118432
2611877316000
1787243595168
2886755222944
1443378038176
1718255945120
2542889667152
2611609143888
2543158102608
1443646540448
2818036075168
2542889732768
1512366017104
1512097515872
1787243857296
2611609208208
2886487115152
1787243857552
2886487115408
2817767310992
2818036074144
2886755550880
1443377776288
2818035746464
2886755223200
1443646474576
1443377776976
1512097253712
1512097318224
2886486852944
2543158102368
2817767638672
1443646540128
1512366016864
2886486787728
2886486853264
1443646277984
