1460558692688
2560340066704
1735706345872
2835217973648
1529547915664
2629059543440
1804425822608
2903937450384
1478008308112
2577519935888
1821605691792
1752886215072
2852397842848
1460559741520
2560071369296
1735437648464
2834949276240
1529279218256
2628790846032
1546459087440
2645970715216
1821336994384
2920848622160
1477738889872
2577250517648
2903669014864
1477739872592
2577251500368
1460828438864
2560340066640
1735706345808
2835217973584
1529547915600
2629059543376
1804425822544
1460559806864
2560071434640
1735437713808
2835217777040
1529547719056
2629059346832
1804425626000
2903937253776
1478008111504
2577519739280
2903668753056
1477739610784
2577251238560
1546727522912
2646239150688
1821605429856
2921117057632
1735705297232
2835216925008
1546726802080
2646238429856
2921116336800
1546726474080
2646238101856
1546458300752
2645969928528
1804156338512
2903667966288
1477738824016
2577250451792
1752616730960
2852128358736
2645970977104
1821337256272
1735437713760
2834949341536
1529279283552
2628790911328
1804157190496
2903668818272
1460558758240
2560070386016
1735436665184
2834948292960
1529278234976
2628789862752
1804156141920
2903667769696
1477738627424
2577250255200
1735706083920
2835217711696
2577251238496
1752617517664
1821604709008
1821604708768
1460828242320
2560339870096
1735706149264
1735437910416
2834949538192
1529279480208
2628791107984
1804157387152
2903669014928
1477739872656
1460558692768
2560070320544
1735436599712
2834948227488
1529278169504
2628789797280
1804156076448
2903667704224
1477738561952
2577250189728
2835218039184
1529547981200
2629059608976
1804425888144
2903937515920
1478008373648
2577520001424
1752886280592
2852397908368
1546727850384
1529547915872
2629059543648
1804425822816
2903937450592
1478008308320
2577519936096
1752886215264
2852397843040
1546727785056
2646239412832
1804425626256
2903937254032
1477739676304
2577251304080
1752617583248
2852129211024
1478008111760
2577519739536
1752886018704
1460828242576
2646239478352
1821605757520
2921117385296
1460558955088
2560070582864
1735436862032
2834948489808
1529278431824
1821605495136
1546727588192
2577519739232
1752886018400
2577250189920
1460559806880
2560071434656
1735437713824
2834949341600
1529279283616
2628790911392
1804157190560
1478008045984
2577519673760
1752885952928
2852397580704
2645970780816
1821336994448
2920848622224
1460827194000
2560338821776
1735705100944
2835216728720
1529546670736
2629058298512
1821336273552
1460558693024
2560070320800
2834948227744
1529278169760
2628789797536
2903667704480
1477738562208
2577250189984
2577251304016
1752617583184
2852129210960
1546459152976
1460559807056
1735437714000
1546727588432
2921117123152
2646239412624
2852129145248
1546459087264
2645970715040
1821336994208
2920848621984
1460828176800
2560339804576
1735706083744
2835217711520
1821336273488
2920847901264
1752616796752
2852128424528
1821337256352
2920848884128
1546726539936
2646238167712
1821604446880
2921116074656
1460560069024
2560071696800
1735437975968
2834949603744
1529279545760
2628791173536
1804157452704
2903669080480
1477739938208
2577251565984
1735437648224
2834949276000
1529279218016
2628790845792
2903668752736
1477739610464
2577251238240
2560339804512
1752885232288
2577250189712
1752616468880
2852128096656
1546458038672
1460827456080
2560339083856
1735705363024
2835216990800
1529546932816
2629058560592
1804424839760
2903936467536
1478007325264
2577518953040
1821604381280
2921116009056
1752886018448
2852397646224
1546727588240
2646239216016
1821605495184
2921117122960
2834949341584
1529279283600
2628790911376
1804157190544
1478006997648
1460558693008
2560070320784
2834948227728
1529278169744
2628789797520
2903667704464
1477738562192
1546458300832
2645969928608
1821336207776
2920848687440
2903937253712
1752617845392
2852129473168
1546459415184
2645971042960
1478006997392
2577518625168
1752884904336
2852396532112
1546726474128
2646238101904
1821604381072
2921116008848
2852129145504
1546459087520
2645970715296
2920848622240
1804424512080
2560338756176
1735705035344
2835216663120
1529546605136
2628789797456
1804156076624
2903667704400
1477738562128
2921116336544
1478008308048
1460827390368
2560339018144
1735705297312
2835216925088
1529546867104
2629058494880
1804424774048
2903936401824
1478007259552
2577518887328
1752617779872
2852129407648
1546459349664
2645970977440
1821337256608
2920848884384
1460828439200
2560340066976
1735706346144
2835217973920
2903937516176
1478008373904
2577520001680
1460828504720
2560340132496
1546727850592
2646239478368
1821605757536
2921117385312
1460828177056
2560339804832
2835217711776
1529547653792
2629059281568
2903937188512
1478008046240
2577519674016
1752617779808
2852129407584
1546459349600
2645970977376
1821337256544
2920848884320
1460828439136
2560340066912
1735706346080
2835217973856
1752885232224
2852396860000
1821335945616
2920847573392
1460827128208
1804424511888
2903936139664
1529279546000
2628791173776
2903669080720
1477739938448
2835218039440
1529547981456
2629059609232
1821336011408
2920847639184
1460558692944
2560070320720
1735436599888
2834948227664
1529278169680
1546726736480
2646238364256
1821604643424
2921116271200
2921116008784
1546458038608
2645969666384
1546458300768
2920847573328
2560070320464
2834948227408
1752616468816
2852128096592
2577250451808
1752886280608
2852397908384
2834949603920
1529279545936
2628791173712
1804157452880
2903669080656
1477739938384
2577251566160
1752617845328
2852129473104
1546459415120
2645971042896
1821337322064
2920848949840
1529546604880
2629058232656
2903936139600
1478006997328
2577518625104
2852396532048
1546726474064
1460827128144
2852396860064
2577250517664
2852128424608
1546458366624
2645969994400
2920847901344
1735437910432
2834949538208
1529279480224
2628791108000
1804157387168
2903669014944
1477739872672
2577251500448
1752617779616
2852129407392
1546727784864
2646239412640
1821605691808
2921117319584
2852396597904
2921116074640
1546726539920
1821604643408
2921116271184
1752616731216
2852128358992
1546458301008
2645969928784
1821336207952
2920847835728
1460827390544
2560339018320
1804424773984
2903936401760
2852396794208
2921116270944
1478007259488
1460560003424
1735437910368
2560340066656
1735706345824
2835217973600
1460828504656
2560340132432
1735706411600
1529547653728
2629059281504
1804425560672
2903937188448
1460827456160
2560339083936
2852128096864
1546458038880
2645969666656
1821335945824
2920847573600
1460827128416
2560338756192
1735705035360
2835216663136
1752885166496
2852396794272
1460560069008
1546459349408
2645970977184
1752885952912
2852397580688
1546727522704
2646239150480
1821605429648
2921117057424
2629058495120
1478007259792
2577518887568
1752885166736
2646238364304
1460560068944
1735437975888
2834949603664
1752617845072
2852129472848
1804157452624
2903669080400
1821337321808
2920848949584
1460558955104
2560070582880
1735436862048
2834948489824
1529278431840
2628790059616
1804156338784
2903667966560
1752616534608
2852128162384
1460558758480
2560070386256
1735436665424
2834948293200
1529278235216
2628789862992
1804156142160
2903667769936
2560071434912
1735437714080
2834949341856
1529279283872
2628790911648
1735705297488
2835216925264
1529546867280
2629058495056
1804424774224
2903936402000
1478007259728
2577518887504
1752885166672
2852396794448
1460828438944
2560340066720
1735706345888
2835217973664
1529547915680
2629059543456
1804425822624
2903937450400
1478008308128
2577519935904
2577250517600
1752616796768
2852128424544
1546458366560
2645969994336
1821336273504
2920847901280
2852397580960
2903936205392
1478007063120
2577518690896
2852396597840
2921116074576
1546726539856
1752884970064
1821604446800
1804157125200
1529547653712
2629059281488
1804425560656
2903937188432
1478008046160
1546459087184
2645970714960
2920848621904
1460559020432
2560070648208
1735436927376
2834948555152
1529278497168
2628790124944
1804156404112
2903668031888
1477738889616
1460827456096
2560339083872
1735705363040
2835216990816
1529546932832
2629058560608
1804424839776
2903936467552
1478007325280
2577518953056
1477739872848
2577251500624
1752617779792
2852129407568
1821337059984
1546459153040
2645969928592
1821336207760
2920847835536
1460827390352
2560339018128
1735705297296
2835216925072
2920847835552
1529546670752
2903668818336
1477739676064
1752617583008
2920848884304
1460828176720
2560339804496
2835217711440
1546727522640
2646239150416
2921117057360
1546726736208
2646238363984
1460558954832
2560070582608
1735436861776
2834948489552
1529278431568
2628790059344
1460827390288
2560339018064
1529546604960
2629058232736
1804424511904
2903936139680
1478006997408
2577518625184
1752884904352
2852396532128
1546726474144
2629058232992
2903936139936
1478006997664
2577518625440
2852396532384
1546726474400
2646238102176
1478008111456
1752617582944
2852129210720
1546459152736
2645970780512
1821337059680
2920848687456
2646239215968
2560339870352
1735706149520
2835217777296
1529547719312
2629059347088
1546727588496
1821605495440
2646239216272
1460559741536
2560071369312
1735437648480
2834949276256
1529279218272
2628790846048
1804157125216
2903668752992
1477739610720
1804424577696
1529547915616
2629059543392
1804425822560
2903937450336
2852397842784
2646238102112
2920848949904
1529547981472
2629059609248
2903937516192
1478008373920
2577520001696
2852397908640
1546727850656
2646239478432
2577518625424
2852396532368
1546726474384
2646238102160
1529546605200
2629058232976
2903936139920
1529278235280
2628789863056
1804156142224
2903667770000
1477738627728
2577250255504
1752616534672
2852128162448
1546458104464
2645969732240
2835216662864
1529278169424
2628789797200
2903667704144
1477738561872
2646238101840
1821336273232
2920847901008
2852128096608
1546458038624
2645969666400
2920847573344
1460560003408
2560071631184
1735437910352
2834949538128
1529279480144
2628791107920
1804157387088
1821604643152
2921116270928
2629058298448
1804424577616
2645970780752
1821337059920
2920848687696
2903936402064
2852128162464
1546458104480
2645969732256
1821336011424
2920847639200
1478008045920
2577519673696
2852397580640
1546727522656
1821605429600
1821336207712
1460827390304
2560339018080
1546726802016
1821604708960
1752617845408
2852129473184
1546459415200
2645971042976
2920848949920
1460828504736
2560340132512
2835218039456
1821336207696
2920847835472
1529546867024
2629058494800
1804424773968
2903936401744
1478007259472
2577518887248
1752885166416
2852396794192
1529546605216
2921116336464
2835216990544
1529546932560
2629058560336
2903936467280
1478007325008
2577518952784
2852396859728
1546459415136
2645971042912
1821337322080
2920848949856
1460827128160
2560338755936
2835216662880
2921116008800
1529546604896
2629058232672
2903936139616
2560070320480
2834948227424
1529278169440
2628789797216
2903667704160
1477738561888
2577250189664
2852129473120
1546458104400
2646238167632
1529546670672
2852397646416
1460828242512
1460827194016
2560338821792
1735705100960
1460558692704
2560071696784
1735437975952
2629058298528
2628789862800
1804156141968
2903667769744
1477738627472
1546726539664
1460558955168
2560070582944
1735436862112
2834948489888
1529278431904
2628790059680
1804156338848
2903667966624
1460828504672
2560340132448
1735706411616
2835218039392
1529547981408
2629059609184
1804425888352
2903937516128
1478008373856
2577250517584
1752885232208
2852396859984
1546726802000
2646238429776
1821604708944
2921116336720
1821605692064
2921117319840
1735705297248
2835216925024
1546726736224
1821604643168
1752885166432
2645969928544
2852128358752
2577518887264
2920847835488
1546726736288
2646238364064
1821604643232
2921116271008
2903936205472
1752616534624
2852128162400
1752617845152
2560338755920
1752885166752
2852396794528
1460559741584
2560071369360
2903937188496
1478008046224
2577519674000
2852397580944
1546727522960
2646239150736
1477738824352
2577250452128
1752616731296
1752617845088
2852129472864
1546459414880
2645971042656
2920848949600
1460828504416
2560340132192
2835218039136
2646239216032
2921117122976
1460558955152
2560070582928
1735436862096
2834948489872
1460559020640
2560070648416
1735436927584
1529547653456
2629059281232
1478008045904
2577519673680
2852397580624
2903937188176
1804157124944
2903668752720
1477738824288
2577250452064
1752616731232
2852128359008
2577519739552
1752886018720
2852397646496
2921117319824
1460560003728
2560071631504
1735437910672
2852397843088
1477739676000
2577251303776
1477739938128
1546727522976
2646239150752
2921117057696
1546726802064
1460559020688
2560070648464
2834948555408
1529278497424
2628790125200
2903668032144
1821604643472
2577519935824
1752886214992
2852397842768
1546727784784
2646239412560
1821605691728
2921117319504
1752617779536
2852129407312
1546459349328
1460559741600
2560071369376
2834949276320
1529279218336
2628790846112
1821604446608
1804157190816
2903668818592
1477739676320
1752617583264
2577250452048
1546458366544
2645969994320
2577519739472
2852129145184
1546459087200
2645970714976
2920848621920
1460828176736
1460559741280
1546459349584
2645970977360
1821337256528
2921117385040
1460828504400
2560340132176
2835218039120
1529547981136
2629059608912
2903937515856
1478008373584
1752616731040
2835217711456
1529547653472
2629059281248
2903937188192
2921117057376
1460560003744
1529547719328
2629059347104
1804425626272
2903937254048
1478008111776
2646238364000
1529546867040
2629058494816
2645969666448
1460828438880
2834949276304
1529279218320
2628790846096
2903668753040
2852128096928
1546458038944
2645969666720
2920847573664
1460827128480
2560338756256
2835216663200
1460559807072
1735437714016
1752616731024
2852397908320
1529278497104
2628790124880
2903668031824
1477738889552
2577250517328
2852128424272
1546458366288
2921117319520
2920848884368
1804424839520
2903936467296
1478007325024
2577518952800
2852396859744
1546726801760
2646238429536
2921116336480
1460559020384
2560070648160
1460827456144
2560339083920
2852128424592
1546458366608
1478007325328
2577518953104
2852396860048
2903668818320
2835216990880
1460558954912
2560070582688
1735436861856
2834948489632
1529278431648
2628790059424
1804156338592
2903667966368
1477738824096
1821604708688
1546726801744
1460827455824
2560339083600
1460559020368
2560070648144
2834948555088
1735705100704
2835216728480
2921117385376
1460559020704
2560070648480
1460828176784
1735706083728
2577519673744
2577520001440
2921117057680
1477739610768
2577251238544
2852129145488
1546459087504
1460828177040
2560339804816
2577250189968
2852128096912
1546458038928
2645969666704
2920847573648
1478007325344
2834948555104
1529278497120
2628790124896
2903668031840
1477738889568
2577250517344
2852128424288
1478006997344
2577518625120
2852396532064
2835216728736
2903668752976
1477739610704
2577251238480
1752617517648
2852129145424
2834949341840
1529279283856
2628790911632
1804157190800
2903668818576
1460827128464
2560338756240
2835216663184
2921116009104
1546727588512
1821605495456
1478007259808
2577518887584
1529546670496
2629058298272
1804424577440
2903936205216
1478007062944
2577518690720
1752884969888
2852396597664
2852397908624
1546727850640
2646239478416
2921117385360
1460560069264
2560071697040
2834949603984
2834948555424
1529278497440
2628790125216
2903668032160
1477738889888
1529547981152
2629059608928
2903937515872
1478008373600
2577520001376
1529279545680
1546459414864
2577520001360
2852397908304
1546727850320
2646239478096
2834948555360
1529278497376
2628790125152
1804156404320
2903668032096
1477738889824
1477739610448
2577251238224
1460559741264
2560071369040
2834949275984
1529279218000
2852129145168
2921116009120
1546458301024
2645969928800
1821336207968
2920847835744
1460560069280
2560071697056
2834949604000
1529279546016
2628791173792
2903669080736
1477739938464
2920847901328
2921116336784
2835216990864
1529546932880
2629058560656
2903936467600
1460560068960
2560071696736
2834949603680
1529279545696
2628791173472
2903669080416
1477739938144
1477738824080
1460827390560
1735705297504
1546727850336
2646239478112
2921117385056
1546458366304
2645969994080
2920847901024
1460827455840
2560339083616
2835216990560
1529546932576
2835217711760
1529547653776
2629059281552
1529546932896
2629058560672
2903936467616
