361113912656
447349918096
361115027856
635992934800
429834504592
704712411536
378294897040
653172803984
447014373776
721892280720
361383463312
653441173904
429900499344
704778406288
378360891792
447282743696
722160650640
361181088096
636058995040
429900564832
704778471776
378360957280
653238864224
447080434016
721958340960
361449523552
636327430496
361113979296
635991886240
429833456032
704711362976
378293848480
430101890448
704979797392
378562282896
653440189840
447281759632
722159666576
361181087120
636058994064
429900563856
704778470800
653441238688
378293782880
653171689824
447013259616
721891166560
361382349152
636260256096
430101825888
704979732832
361450506640
636328413584
430169983376
705047890320
378630375824
653508282768
447349852560
722227759504
361114962320
635992869264
721958275408
721891165584
361382348176
636260255120
430170048864
705047955808
378630441312
653508348256
447349918048
722227824992
653440190864
447281760656
722159667600
361113979280
635991886224
429833456016
704711362960
378293848464
653171755408
447013325200
722159600976
430101890464
704979797408
378562282912
653440189856
447281759648
722159666592
361181087136
636058994080
429900563872
704778470816
361113979216
635991886160
429833455952
704711362896
378293848400
653171755344
447013325136
721891232080
361382414672
447281760592
378362006160
653239913104
636261370512
430102940304
704980847248
378563332752
653441239696
447282809488
722160716432
361182136976
722227825248
430170048096
705047955040
378630440544
447349917280
722227824224
361114962336
429834439072
704712346016
378294831520
447014308256
721892215200
430169983392
705047890336
429833389392
653171688784
722226709840
361449456976
636327363920
430168933712
705046840656
378629326160
653507233104
447348802896
653508348240
447349918032
378294896976
653172803920
447014373712
721892280656
361182136656
636060043600
429901613392
704779520336
361182070432
636059977376
429901547168
704779454112
378361939616
653239846560
447081416352
721959323296
361450505888
636328412832
361181021536
636058928480
429900498272
704778405216
378360890720
447080367456
721958274400
722159600992
361449456992
361449458272
636327365216
430168935008
705046841952
378629327456
653507234400
447348804192
722226711136
361114961488
361182136992
636060043936
429901613728
704779520672
378362006176
653239913120
447081482912
721959389856
361450572448
636328479392
361182070368
636059977312
429901547104
704779454048
378361939552
653239846496
447081416288
721959323232
361450505824
636328412768
361115028128
635992935072
429834504864
704712411808
378294897312
653172804256
653441174096
447014374048
721892280992
429900565072
704778472016
378360957520
653238864464
721958341200
447281760848
722159667792
361449523792
636327430736
361182136928
429901613664
704779520608
378362006112
447281694096
722159601040
361181021584
636058928528
429900498320
704778405264
378360890768
653238797712
447080367504
721958274448
429834503520
704712410464
361113979488
635991886432
429833456224
704711363168
653171755616
447013325408
704980780624
722160649808
430102873680
378294896288
361182135952
636060042896
429901612688
704779519632
378362005136
653239912080
721959388816
361450571408
430101824928
704979731872
378562217376
361115027808
635992934752
429834504544
378294896992
653172803936
447014373728
721892280672
361383463264
636261370208
378563331472
653441238416
447282808208
722160715152
653239911824
361450571152
636328478096
430170047888
705047954832
447349852576
430102939232
704980846176
378563331680
653441238624
447282808416
722160715360
722227824208
721959388496
430169983648
705047890592
378630376096
653508283040
447349852832
722227759776
636058995088
429900564880
704778471824
378360957328
653238864272
721958341008
430101891472
704979798416
378562283920
361115028112
635992935056
429834504848
704712411792
378294897296
447014374032
721892280976
361383463568
704779520656
361182070176
429901546912
704779453856
378361939360
653239846304
361382348112
636260255056
430101824848
704778405200
704979731792
378360890704
378562217296
653440124240
635991819600
704711296336
361182135648
722159666528
447348802912
722226709856
361449522528
430168999264
705046906208
378629391712
361113979552
429833456288
704711363232
378293848736
653171755680
447013325472
636260321952
361449457040
636327363984
430168933776
705046840720
378629326224
447348802960
378562217360
653440124304
361113978256
361182136736
636060043680
429833389472
704711296416
378293781920
447013258656
361382348192
636260255136
361182070112
636059977056
429901546848
361450505568
636328412512
430169982304
705047889248
378630374752
653508281696
361449458336
636327365280
430168935072
705046842016
653507234464
447348804256
722226711200
447348868512
361115026848
429834503584
378294896032
653172802976
636261369248
361182136672
429901613408
704779520352
378362005856
653239912800
447081482592
721959389536
361450572128
636328479072
722226775632
430101890640
704979797584
378562283088
653440190032
447281759824
722159666768
636058994256
429900564048
361113912928
429833389664
704711296608
378293782112
653171689056
447013258848
721891165792
361382348384
636260255328
430102939040
704980845984
378563331488
653441238432
447282808224
722160715168
378630440336
653508347280
721959388560
447349917072
361182135696
636060042640
429901612432
704779519376
447080368736
721958275680
636059977360
429901547152
704779454096
378361939600
704711296656
378293782160
653171689104
447013258896
721891165840
361113912992
429833389728
704711296672
378293782176
447013258912
653171755424
447013325216
361382414752
636260321696
430101891488
653440190880
447281760672
636327364240
430168934032
705046840976
378629326480
447348803216
722226710160
653441238368
722160715104
704980845920
378294895968
447014372704
721892279648
361115026784
635992933728
653508347216
447349917008
722227823952
636060042576
429901612368
704779519312
378362004816
653239911760
447348869776
636058995344
429900565136
704778472080
653238864528
721958341264
361449523856
378629393040
447080367696
447348803152
722226710096
653507233360
636327364176
430168933968
705047890528
705046840912
653440124496
722159601232
361181021776
636058928720
429900498512
704778405456
378360890960
653238797904
704979732064
378562217568
653440124512
447281694304
722159601248
361181021792
636058928736
704979797648
378562283152
653440190096
447281759888
722159666832
430168934816
705046841760
653507234208
447348804000
722226710944
447282808480
722160715424
378629327200
653507234144
447348803936
722226710880
361181022560
636058929504
704778406240
721891232144
361382348432
636260255376
430101825168
704979732112
378562217616
653440124560
447281694352
722159601296
636261370256
653239912848
721959389584
430102940048
704980846992
378563332496
653441239440
704979732816
636327364944
705046841680
378629327184
653507234128
447348803920
722226710864
378562218320
430101825184
704979732128
378562217632
447281694368
361450506592
636328413536
430169983328
705047890272
361113979232
635991886176
429833455968
722159667616
361181088144
361449523600
636327430544
430169000336
378629392784
653507299728
447013259664
721891166608
636260256144
704979732880
378562218384
653440125328
447281695120
722159602064
430101824864
704979731808
378562217312
653440124256
447281694048
361113912672
429833389408
704711296352
361113913760
429833390496
704711297440
378293782944
447013259680
636260321680
721958340944
704778471760
705047890512
378630376016
653508282960
447349852752
722227759696
722227758752
361113913952
429833390688
704711297632
378293783136
653171690080
447013259872
721891166816
361382349408
636260256352
721959389840
704712346256
378294831760
653172738704
447014308496
704980781408
378563266912
361113914016
429833390752
704711297696
430170047904
705047954848
378630440352
653508347296
447349917088
722227824032
361115027872
429834504608
653172804000
447014373792
635991885136
447281759568
722159666512
636327429456
430168999248
704980781648
378562282832
653440189776
378293847376
653171754320
447013324112
447348868448
722226775392
378362004832
447081481568
447013324128
721891231072
361382413664
378629326416
721958274640
635991819856
429833389648
722160650832
378293847440
447013324176
721891231120
636260320656
361182135968
636060042912
429901612704
704779519648
378362005152
653239912096
447081481888
636328478368
361113978272
429833455008
447013324192
361382413728
704712346000
378294831504
653172738448
447014308240
378563266960
447080367712
721958274656
636327364192
430168933984
705046840928
378629326432
653507233376
722159667536
361182135904
429901612640
704779519584
447081481824
721959388768
636328478304
635992869200
429834438992
636261304656
704980781392
447080368480
721958275424
722160716384
361182135712
636060042656
429901612448
704779519392
378362004896
653239911840
361450571168
636328478112
430170049104
378630441552
653508348496
447349918288
722227825232
447348869792
722226776736
430168934048
705046840992
653507233440
447348803232
722226710176
378630440288
722227823968
704779454032
361182070352
378563266128
636059977296
721892214352
378361939536
653239846480
447081416272
721959323216
653238864544
361449523872
636327430816
430169000608
705046907552
653507300000
653441172816
722160649552
447348803168
430101826128
704979733072
378562218576
636058929744
704778406480
704778470992
378362005072
653239912016
721959388752
378563331664
429900565088
704778472032
378360957536
361450506656
361113978464
429833455200
447013324384
721891231328
361382413920
636260320864
722159666848
361449522832
378629392016
447348868752
721958340240
429834438240
704712345184
378294830688
447014307424
721892214368
653238863440
721958340176
361449522768
636327429712
447348868688
378293847696
447013324432
361449457056
378293781856
447349851808
704979733088
378562218592
653440125536
447281695328
722159602272
361181022816
429833455264
429900498576
704778405520
378360891024
653238797968
361113912976
635991819920
429833389712
721958274704
636327430752
430169000544
705046907488
378629392992
722226776672
636058995104
429900564896
704778471840
361449523616
636327430560
361115027024
721959324000
721891165520
361181021520
636058928464
653238797648
721958274384
378293781840
447281694032
430169000288
378629392736
722226776416
447014308512
704980781728
653441174176
447282743968
361450506896
636328413840
705047890576
722226776464
378630376080
447349852816
722227759760
653238863248
721958339984
636327429520
430168999312
378629391760
636261369424
447014308448
721892215392
378563267168
653441174112
447282743904
704779455056
378361940560
653239847504
721959324240
653508282976
429900498592
653238797984
721958274720
361114961552
704712345232
378294830736
447014307472
430170049184
653508348576
447349918368
722227825312
635991885392
378293847632
653171754576
721891231312
636327363936
378629326176
653507233120
653171688800
721891165536
361382348128
429834438224
704712345168
378294830672
636261303888
635992868432
653172737616
447282742864
653441173072
447014307408
635992869456
429834439248
704712346192
378294831696
653172738640
721892215376
636261304912
704779453840
378563332688
653441239632
447282809424
722160716368
705047889504
447349851744
447282742688
704980781472
447282743712
636059978128
704779454864
378361940368
653239847312
447081417104
721959324048
704712345952
378294831456
447014308192
721892215136
636261304672
430101890656
704979797600
378562283104
653440190048
722159666784
361181087328
653508282704
447349852496
721959389792
704980780432
378563265936
447282742672
722160649616
361114962528
704712346208
378294831712
447282742928
722160649872
636328412816
705047889552
704980780688
447282809232
704712344912
378294830416
653172737360
430102873424
378563265872
704779453776
378361939280
653239846224
635992868176
429834437968
705047889232
704711297680
378293783184
361382349456
704979733136
430170049120
653440125584
722159602320
447282809168
636261370192
378563332432
653441239376
447014373024
635991820624
636058929488
378360891728
653238798672
704712345936
653172738384
704779454800
704712345248
378294830752
447014307488
378562218336
722159602016
636327364960
430102939296
704980846240
653441238608
447282808400
378630440528
653508347472
653239846240
721959322976
378294830432
447014307168
721892214112
636261303648
447281695392
429900499616
653238799008
653507233184
722226709920
378293848656
429900564128
704778471072
653238863520
721958275472
636327365008
705046841744
378629327248
704711297376
361113912720
635991819664
704711296400
378293781904
430101825952
704979732896
378562218400
447281695136
429900564064
378360956512
430168999520
705046842000
378629327504
704711297360
636260256080
722227759520
635992933984
447014372960
721892279904
361383462496
636261369440
721891232352
361382414944
636260321888
704979798624
653440191072
722159667808
361181088352
721891231376
361181087376
636058994320
653238863504
430169000352
653507299744
447281694112
704778405280
653238797728
704779455120
722160650896
361450506912
653238863184
721958339920
722226775376
361449522592
430168999328
653507298720
653239847248
705047890256
378630375760
653441173840
653239847520
721959324256
636328413792
704980845968
361181087072
430168999584
653507298976
447348868768
704980780704
447282742944
378630375056
447349851792
447081416336
721959323280
447013324448
430101890720
704979797664
653440190112
704980847264
653441239712
722160716448
636060043920
378630441616
378563266144
704712346272
378294831776
705047889488
378630374992
447349851728
636260320608
378562282848
361113978208
429833390672
704711297616
653441239648
636059978080
378361939344
721959323024
635992868240
378294830480
704712410768
378294896272
653508281760
447349851552
653508282784
635991820688
704711297424
636058929552
653239847264
721892215440
721959324304
704980780448
378630374800
653239912864
378293783200
704979733152
635992935008
721892280928
636261370464
704980847008
653441239456
636060043664
378629391968
704980780384
378563265888
704712344992
378294830496
378630374736
704778406544
653441239392
653508348320
447349918112
430101825872
705046841936
636260321632
378562283872
430101825104
447349917344
378563331424
704979798688
704778472096
