1443445671248
1443446786448
2542958414224
1718324693392
2817836321168
1512166263184
2611677890960
1787044170128
2886555797904
1443715221904
2543226849680
1443715156368
2543226784144
2543024408976
1718390688144
2817902315920
1512232257936
2543024474464
2817902381408
1512232323424
2611743951200
2886621858144
1443781282144
2543292909920
1718659189088
1443445737888
2542957365664
1718323644832
2817835272608
1512165214624
2818103707024
1512433649040
2611945276816
1787311555984
2886823183760
1443512845712
2543024473488
1718390752656
2817902380432
1512232322448
1512501741984
1718323579232
2817835207008
1512165149024
2611676776800
2886554683744
1443714107744
2543225735520
1718592014688
2818103642464
1443782265232
2543293893008
1718660172176
2818171799952
1512501741968
2612013369744
1787379648912
2886891276688
1443446720912
2818104691088
2886621792592
2886554682768
1443714106768
2543225734544
1718660237664
2818171865440
1512501807456
2612013435232
2886891342176
1718659122832
2818170750608
2611945277840
1787311557008
2886823184784
1443445737872
2542957365648
1718323644816
2817835272592
1512165214608
2611676842384
1787043121552
2886823118160
1718592079264
2818103707040
1512433649056
2611945276832
1787311556000
2886823183776
1443512845728
2543024473504
1718390752672
2817902380448
1443445737808
2542957365584
1718323644752
2817835272528
1512165214544
2611676842320
1787043121488
1787311556944
2886823184720
2886621792864
1787379714704
2886891342480
1512233372304
2611745000080
1787111279248
1718593129104
2818104756880
1512434698896
2611946326672
1787312605840
1718660236896
2818171864672
1512501806688
2612013434464
1787379713632
2886891341408
1443446720928
2542958348704
1718324627872
2817836255648
1512166197664
2611677825440
1787044104608
2886555732384
1443715156384
2543226784160
1718323578192
2611676775760
2886890227024
1443781215568
2543292843344
1718659122512
2818170750288
1512500692304
2612012320080
1787378599248
2612013435216
1512166263120
2611677890896
1787044170064
2886555797840
1443513895248
2543025523024
1718391802192
2817903429968
1443513829024
2543025456800
1718391735968
2817903363744
1512233305760
2611744933536
1787111212704
2886622840480
1443782264480
2543293892256
1443512780128
2543024407904
1718390687072
2817902314848
1512232256864
2611743884640
1787110163808
2886621791584
1443781215584
2886823118176
1443781216864
2543292844640
1718659123808
2818170751584
1512500693600
2612012321376
1787378600544
2886890228320
1443513895584
2543025523360
1718391802528
2817903430304
1512233372320
2611745000096
1787111279264
2886622907040
1443782331040
2543293958816
1443513828960
1718391735904
1443782264416
2543293892192
1443446786720
2542958414496
1718324693664
2817836321440
1512166263456
2611677891232
1787044170400
2886555798176
1443715222176
2543226849952
1718390753872
2817902381648
1512232323664
2611743951440
1787110230608
2886621858384
1787311557200
2886823184976
1443781282384
2543292910160
1443513895520
2543025523296
1718391802464
2817903430240
1512233372256
2886890227088
1787311490448
2886823118224
1443512780176
2543024407952
1718390687120
2817902314896
1512232256912
2611743884688
1787110163856
1443445738080
2542957365856
1718323645024
2817835272800
1512165214816
2611676842592
1787043121760
1718593062480
2886554749536
1443714173536
1512166262432
1443513894544
2543025522320
1718391801488
2817903429264
1512233371280
2611744999056
1787111278224
2886622906000
1443782330000
1718592013728
2818103641504
1512433583520
1443446786400
2542958414176
1718324693344
2817836321120
1512166263136
2611677890912
1787044170080
2886555797856
1443715221856
2543226849632
1443513894288
2543025522064
1718391801232
2817903429008
1512233371024
2611744998800
1512434697616
2611946325392
1787312604560
2886824232336
2611946325664
1787312604832
2886824232608
1718593128032
2818104755808
1512434697824
2611946325600
1787312604768
2886824232544
2612013434448
1787379713616
2886891341392
2886622905680
2818171800224
1512501742240
2612013370016
1787379649184
2886891276960
1718390753680
1718592080272
2818103708048
1512433650064
1443446786704
2542958414480
1718324693648
2817836321424
1512166263440
2611677891216
1787044170384
2886555798160
1443715222160
2543226849936
1443513828768
2543025456544
1718391735712
2817903363488
1512233305504
2611744933280
1443714106704
2543225734480
1718592013648
2817902314832
2818103641424
1512232256848
1512433583440
2611945211216
2817835205968
1787312604512
2611744998752
1443781281120
2543292908896
1718659188064
2818170815840
1512500757856
2612012385632
2886890292576
1443445738144
2542957365920
1718323645088
2817835272864
1512165214880
2611676842656
1787043121824
2886554749600
1443714173600
2543225801376
1443781215632
2543292843408
1718659122576
2818170750352
1512500692368
2612012320144
1787378599312
1512433583504
2611945211280
1443445736848
1443513895328
2543025523104
1443445671328
2542957299104
1718323578272
2817835206048
1512165148064
2611676775840
1787043055008
2886554682784
1443714106784
2543225734560
1443513828704
2543025456480
1718391735648
2817903363424
1512233305440
2611744933216
1787111212384
2886622840160
1443782264160
2543293891936
1512433584480
1787378664864
2886890292640
1443446785440
2542958413216
1718324692384
2817836320160
1512166262176
2611677889952
1787044169120
2886555796896
2543226848672
2817903429984
1512233372000
2611744999776
1787111278944
2886622906720
1443782330720
1718592079440
2818103707216
1512433649232
2611945277008
1787311556176
2886823183952
1443714106976
2543225734752
2818104755616
1512434697632
2611946325408
1787312604576
2886824232352
1787111277968
1443782329744
2543293957520
1718660236688
2818171864464
1512501806480
2886622905744
2611743885920
1787110165088
2543293957776
2818171864720
1512501806736
2612013434512
2886891341456
2818171799184
1512501741200
2612013368976
1443445671584
2542957299360
2817835206304
1512165148320
2611676776096
2886554683040
1443714107040
1443714173344
2543225801120
1718592080288
2818103708064
1512433650080
2611945277856
1787311557024
1443512780432
2543024408208
1718390687376
2817902315152
1512232257168
2611743884944
1787110164112
2886621791888
1443781215888
2543292843664
2886555796832
1512166262112
2611677889888
1787044169056
1512434697568
2542958413152
1718324692320
2817836320096
2612013434192
2886891341136
1443513894224
2543025522000
1718391801168
2817903428944
1512233370960
2611744998736
1787111277904
1718659189392
2818170817168
1443512846992
2543024474768
2817902381712
1512232323728
2611743951504
2886621858448
1443781282448
2543292910224
1787110164048
2818170750544
1787378599504
2886890227280
1443781215824
2543292843600
1718660172384
2818171800160
1718659122768
2611945211472
1787311490640
2886823118416
2543024408144
1718390687312
2817902315088
1512232257104
2611743884880
1787312540240
2886824168016
1718592013920
2818103641696
1512433583712
2611945211488
1787311490656
2886823118432
1443512780384
2543024408160
1718390687328
2817902315104
2611945277072
1787311556240
2886823184016
2612012321184
1787378600352
2886890228128
2817902315872
1512232257888
2611743885664
1787379648928
2886554749328
1787379648144
2886891275920
1443513829008
2543025456784
1718391735952
2817903363728
1512233305744
2817835206288
1512165148304
2611676776080
1787379714448
2886891342224
2886622906768
2543025523088
2817903430032
1512233372048
2611744999824
1718593128848
2818103642448
1443781216592
2543292844368
1718659123536
2818170751312
1512433584464
2543225734816
1718592013984
2818103641760
1512433583776
2611945211552
1787311490720
2818171799904
2611945212256
1787311491424
1443445737824
2542957365600
1718323644768
2611676842336
2886823184800
1512500692624
2612012320400
1787378599568
2886890227344
1443512846736
1443781282192
2543292909968
1718659189136
2818170816912
1512500758928
2612012386704
1787111278992
1787043056016
2886554683792
1443714107792
2543225735568
1718592014736
2818103642512
1512433584528
2611945212304
1787311491472
1443445671264
2542957299040
2817835205984
1512165148000
1443445672352
2542957300128
1718323579296
2817835207072
1512165149088
2611676776864
1787043056032
2886554683808
1443714107808
2543225735584
1443714173328
2543225801104
1787110230352
2886621858128
1787378665808
2886890293584
1443512846672
2543024474448
2817902381392
2818171800144
1512501742160
2612013369936
1787379649104
2886891276880
2611744934544
2886622841488
1443446721168
2542958348944
1718324628112
2817836255888
1512166197904
2611677825680
1787044104848
2886555732624
2818104691040
1443445672608
2542957300384
2817835207328
1718660236704
1443715221920
2886622907024
1512433648976
1443445736784
2542957364560
1718323643728
1787311555920
2886823183696
1443512845648
2611945276752
2543225800016
2886554748240
1718592079184
2611676841296
1787043120464
2818103706960
1443714172240
2543226848608
2818104755552
2886621791824
1512500692560
2612012320336
1443445671504
2542957299280
2612013369760
1443714172304
2543225800080
1718592079248
1443513894560
2543025522336
1718391801504
2817903429280
1512233371296
2611744999072
1787111278240
2886622906016
1443782330016
2543293957792
1512165213600
2611676841376
1787043120544
2886554748320
1512434633104
1787312540048
2542958348688
1718324627856
2817836255632
1512166197648
2611677825424
1787044104592
1443513894496
2543025522272
1718391801440
2817903429216
1512233371232
1787111278176
1443782329952
2886891276704
1443446720848
2542958348624
1718324627792
1443715156304
2543226784080
2818104691024
2886621792608
1443513894304
2543025522080
1718391801248
2817903429024
1512233371040
2611744998816
1787111277984
2886622905760
1718660237904
2818171865680
1512501807696
1787379714640
2886621791904
1443781215904
2543292843680
1718659122848
2818170750624
2612012320416
1787378599584
2886890227360
1443782329696
2543293957472
1512434632272
2611946260048
1512232323744
2611743951520
2886621858464
2611946259792
2886824166736
2886823119440
1443513894480
2543025522256
1718391801424
2817903429200
1512233371216
2611744998992
1787111278160
2886622905936
1512434697808
2817902381664
1512232323680
2611743951456
1787110230624
2886621858400
1443782265248
1443445737056
2542957364832
1718323644000
2817835271776
1512165213792
2611676841568
1787043120736
2886554748512
2886621857424
2611677824608
1787044103776
2886555731552
1443715155552
2543226783328
2611743950416
1787110229584
2886621857360
1787110229648
1443512845968
1443781215648
2543292843424
1718659122592
2818170750368
1512500692384
1718660171424
2818171799200
1512501741216
1443445737120
2542957364896
1718323644064
2817835271840
1512165213856
2886554683024
1443714107024
2543225734800
1718592013968
2818103641744
1512433583760
2611945211536
1787311490704
2886823118480
2543292910176
2818170817120
1512500759136
2612012386912
1787378666080
2886890293856
1443512846752
2543024474528
1718390753696
2886554682704
1512165147984
1787311490384
2611677825696
1787044104864
2886555732640
1443715156640
2543226784416
2818104691360
1512434633376
2611946261152
1787378665872
2886890293648
2886891276944
1787111213712
2543025457808
1718391736976
2817903364752
1718593128016
2818104755792
2611677825632
1787044104800
2886555732576
2543226784352
2818104691296
1512434633312
2611946261088
1787312540256
2886823118496
2611743884960
1787110164128
1443715155600
2543226783376
2818171865760
1512501807776
2612013435552
2886891342496
2886554748496
1443714172496
2543225800272
2611676775776
2886554682720
1443714106720
2543225734496
1718592013664
2818103641440
1512433583456
2611945211232
1787311490400
2817836254800
1443715155536
2543226783312
2542958347856
2818104690256
1787312539216
2886824166992
2886555732560
2543226784336
1787312539040
2886824166816
2886824167840
1443513829776
2543025457552
1718391736720
2817903364496
1512233306512
1787111213456
2886555732320
1443715156320
2543226784096
2611945277024
2886823183968
2543293892944
1718660172112
2612013369680
1787379648848
2886891276624
2611745000032
1787111279200
2886622906976
2542958348896
2817836255840
1512166197856
2611946260112
2886824167056
1443782264464
2543293892240
1718660171408
2818104690320
1512434632336
1443715155280
2543226783056
2818104690000
1512434632016
1443782264144
2543293891920
1718660171088
2818171798864
2886554684048
1443512781456
1443782330976
2543293958752
1718660237920
2818171865696
1512501807712
2612013435488
1787379714656
2886891342432
1443715221840
2818104756560
1512434698576
1443445672272
2542957300048
2611945212240
1512501742176
2611677825360
2886555732304
1443513829712
2543025457488
1718391736656
2817903364432
1512233306448
1443715155616
2543226783392
1512501741920
2612013369696
1512233306464
2611744934240
1787111213408
2886622841184
2611946325584
1787312604752
2886824232528
1443715155296
2543226783072
2818104690016
1512434632032
2611946259808
2612012320160
1787378599328
2886890227104
2611676842576
1787043121744
2886554749520
1443512845984
2543024473760
2817902380704
1512232322720
2611743950496
2886621857440
1443781216656
2543292844432
1718659123600
2818170751376
1512500693392
1443445672288
2542957299088
2817835206032
1512165148048
2611676775824
1787043054992
2543293893024
1718660172192
2818171799968
1512232322656
2611743950432
1787110229600
2886621857376
1787379649120
2817835206992
1512165149008
2611676776784
2886554683728
1443715221088
2543226848864
2543225801312
1718592080480
2818103708256
1512433650272
2611945278048
1787311557216
2886823184992
2543024473744
2817902380688
1512232322704
1718593063568
2818104691344
1512434633360
2611946261136
2886824168080
2543025457824
2817903364768
1512233306784
2611744934560
1787111213728
2886622841504
2543293893280
2543024473424
2817902380368
1512232322384
2611743950160
2886621857104
1787111213392
1512434633040
2611946260816
2886824167760
2543293893216
1718593127824
2818104755600
1787110229344
2886621857120
1443512845664
2543024473440
2817902380384
1512232322400
2818104690336
1512434632352
2611946260128
2886824167072
1443782331024
2543293958800
2818171865744
1512501807760
1718593062496
2818104690272
1512434632288
1787312539232
1443446721184
2542958348960
1718324628128
2817836255904
1512166197920
1443782264400
1718660171344
2612013369952
1443445672528
2542957300304
1718323579472
2817835207248
1512165149264
1787043056208
2611677891152
1787044170320
2886555798096
1443782330960
2543293958736
1443513829728
2543025457504
1718391736672
2817903364448
2886891276640
1512434633056
2611946260832
2886824167776
1443446719888
2542958347664
1718324626832
2817836254608
1512166196624
1512233306768
2886824168096
2886891276896
1443512781200
1443715221072
2543226848848
2543293892960
1787379648864
1443715156624
1443445672592
2542957300368
2817835207312
1512165149328
2611676777104
1443513830032
1512165149344
2611676777120
2886554684064
1443446786656
2542958414432
1718324693600
2817836321376
1512166263392
2886824166752
1512501740880
2612013368656
1787379647824
2886891275600
2543024409232
1718390688400
2817902316176
1512232258192
2611743885968
1787110165136
2886621792912
1443782329680
2543293957456
2818171864400
1512501806416
1512233371984
1787111278928
1512232323408
2886891342160
1443782330704
2543293958480
2818171865424
1512501807440
1443445671568
2542957299344
1787379647840
2886891275616
1443512846688
2818171864736
1512501806752
2612013434528
2886891341472
2818171864416
1512501806432
2612013434208
2886891341152
1443512847008
2543024474784
2817902381728
