1391636776000
1683761923200
2783273550976
1391636777024
2491148404800
1666514683968
2766026311744
1408816646208
2508328273984
1683694553152
2783206180928
1391703885888
2491215513664
1683761662080
2783273289856
1391636776064
2491148403840
1666514683008
2766026310784
1408816645248
2508328273024
1683694552192
2783206179968
1391703884928
2491215512704
1666581791872
2766093419648
1408883754112
2508395381888
1683761661056
2783273288832
2491215774784
1666582053952
2766093681728
1408884016192
2508395643968
1683761923136
1666514684032
2766026311808
1683694553216
2783206180992
1666581792896
2766093420672
2783273550912
1391637038144
2491148665920
1408816907328
2508328535104
1683694814272
2783206442048
1391704147008
1391704147072
2491215774848
1666582054016
2766093681792
1408884016256
2508395644032
1666582055040
2766093682816
1683761924224
2783273552000
2491148403776
1408816645184
2508328272960
1666581792832
2766093420608
1683761662016
2783273289792
1666582054976
2766093682752
2783273551936
1683761924160
