296689665360
2288343432
2288347744
2288396884
2288396900
1213536932
1150703944
1150720328
1150966088
1150970208
1150704200
1150720584
1150966176
1150970272
1151674772
1151674788
1146430888
1146431128
1146431144
1217742180
1217742184
1217742244
1217742248
1217762704
1217766800
1217807780
1217807784
1150641800
1150658184
1213810260
1213810264
1213810324
1213810328
1213814416
1213818512
1213815376
1213819472
1213880912
1213885008
2291475860
2291475876
2291476116
2291476132
2291553864
2291566168
2291566228
1217762912
1217767008
1217828448
1218873764
1218873768
1217832544
1217762976
1217767072
1217828512
1217832608
1213810276
1213810280
1213810340
1213810344
1213830800
1213834896
1213875876
1213875880
2291566184
2291566244
2291566248
2291476888
2291476904
2291477144
2291477160
1217750404
1217766788
1217795672
1217795688
1217750660
1217767044
1218012804
1218029188
1217796440
1217796456
2291471704
2291471720
2291471960
2291471976
2291492420
1218025824
1218029920
1218091360
1218095456
1218025888
1218029984
1218091424
1218095520
1218808420
1218808424
1214605956
1214622340
1214868100
1214884484
1213540756
1213540772
1213541012
1213541028
1213802900
1213802916
1213803156
1147480468
1147480484
1147480724
1147480740
1147558472
1147570776
1147570836
1147570840
1146497384
2292587160
2292587176
1213553288
1213569672
1213815432
1213831816
2287277460
2287277476
2287277716
2287277732
2287355476
2287355480
2287355540
2287355544
1218861648
1218865744
1213572752
1213634192
1213638288
1213876644
1213876648
1213811044
1213811048
1213876580
1213876584
1213569616
2291476072
2291492424
2291508640
2291565988
2291565992
2291476824
2291476840
2291816840
2291821152
2288327256
2288327272
1214671432
1214687816
1214851736
1214851752
2292599188
2292599192
2287282840
2287282856
2287372900
2287372904
2287372964
2287372968
2292542088
2292558472
2292619936
2292624032
1213835616
1213897056
1213901152
1213831584
1213835680
1213897120
1213901216
1214614116
1214614120
1214614180
1214847640
1214847656
1146431896
1218808404
1218808408
1218808468
1218808472
2291541396
2291541412
2291541652
2291541668
2291553928
2291570312
2291803796
2291803812
2291542420
2291542436
1217759892
1217759896
1217825364
1217825368
1217825428
1217825432
1217816900
1217833284
1218079044
1218095428
1217817156
2287277672
2287298116
2287314320
2287355300
2287355304
2287278424
2287278440
2287278680
2287278696
2287356260
1217817220
1217833604
1218079364
1218095748
1214650772
1214650788
1214651028
1217747280
1217751376
1217812816
1217816912
1217747344
1217751440
1217812880
1217816976
1217808788
1217808792
1151748708
1151748712
1151748772
1151748776
1214601864
1214618248
1214864008
1214880392
2287342996
2287343012
2287343252
2287343268
2287359620
2287376004
2287605396
2287605412
2287344020
2287344036
2291492232
2291508616
2291541592
1150621080
1150621096
1150621336
1150621352
1150699108
1150699112
1150699172
1150699176
1150622104
1150622120
1150719648
1150723744
2292590996
2292591012
1213631060
1213631064
1213631124
1213631128
1213622596
1213638980
1213884740
1213901124
1146497364
1146497380
1213622852
1213639236
1213884996
1213901380
2288343440
2288347536
2288404884
2288404888
2287278760
2291489160
2291493472
2291554912
2291559008
2291489416
1217997204
1217997220
1217997460
1217997476
2291493536
1217992340
1217992356
1217730964
1217730980
1217731220
1217731236
1217993108
1217993124
1217993364
1217993380
1150720324
1150966084
1150720580
1150970192
1150966160
1150970256
1151670676
1151670692
1150723728
1150687576
1150687592
1150687832
1150687848
1150949720
1150949736
1150949976
1150949992
2287297924
2287314308
2287343192
2287343208
2287298180
2287314564
2287376016
2287380112
2287343960
1218865796
1218882180
1219107480
1219107496
1217816144
1217746576
1217750672
1217812112
1217816208
1218005332
1218005336
1218005396
1218005400
1218070932
2291473048
2291473064
2291550820
2291550824
2291550884
2291550888
1218800008
1218816392
1218849368
1218849384
1218025808
1218029904
1218091344
1218095440
1218025872
1218029968
1218091408
1218095504
1218792036
1218792040
1146428052
1146428068
1146505876
1146492308
1146492324
1146492564
1146492580
1146508932
1146525316
1146754708
1213634116
1213798036
1213798052
1213536660
1213536676
1213536916
2291820944
1150686616
1150686632
1150686872
1150686888
1147476628
1147476644
1147554456
1147476372
1147476388
1146775888
1146509892
1146526276
1151752776
1151765080
1151765140
1151765144
1150953816
1146493528
1146493544
1146755416
1146755432
2292521304
2292521320
2292521560
2292521576
2291472980
2291472996
2291550548
2291550552
1213536596
1213536612
1213536852
1213536868
1213798740
1213798756
1213798996
1213799012
1213552964
1213569348
2291489096
1151707552
1151764900
1151764904
2291493216
2291554656
2291558752
2287277480
2287277720
2287277736
2287355492
2287355496
2287355556
2287355560
2287278488
2287278504
2287278744
2287282836
2287282852
1217758820
1217758824
1217758884
1213831504
1213835600
1213897040
1213901136
1217758888
1217824356
1217824360
1217729944
1217729960
1217730200
1217730216
1217816132
1217832516
1217992344
1217992360
1217730968
1217730984
2288392856
2288392872
1217809048
1217742420
1217742424
1217742484
1217742488
1217807956
1217807960
1217808020
1217808024
1217743444
1218861704
1218878088
1219111572
1219111588
1146530144
1146448456
1146464672
1146526112
1146530208
1147480408
1147480424
1147480664
1147480680
1147497032
2288655012
2288347784
2288364168
2288425632
2288429728
1213799064
1213799080
1213831568
1213835664
1213897104
1213901200
1214597796
1214597800
1214597732
1214663332
1214663336
1213549220
2292599380
2292599384
1213893028
1213573792
1213630888
1214876260
1214876264
1214876324
1213564260
1213564264
1213564324
1213564328
1214614164
1214614168
2288405076
2288405080
2291567272
2291553952
2291558048
1150642576
1150704016
1150708112
1151670612
1151670628
1151670868
1151670884
1150638468
1150642768
1150704208
1217743448
2291488132
2291492432
2291537492
2291537508
2291488388
2291492496
2291553936
2291558032
2291538260
2291538276
2292525396
2292525412
2292525652
2292525668
1213548184
1213613652
1213613656
1213613716
1213613720
1213548180
1213549140
1213549144
1213549204
1213549208
1217816968
1213622916
1213639300
1213885060
1213901444
1217833352
1218079112
1218095496
1217817224
1217833608
2291567204
2291567208
2287281496
2287281512
2287281752
2287281768
2287298120
2287314336
2287371684
2287371688
1218020964
1218020968
1218021028
1218021032
1218025120
1218029216
1218086564
1218086568
1218021988
1218021992
1217730900
1217730916
1217731156
1217731172
1217993044
1217993060
1217993300
1217993316
1217747268
1217763652
2291489156
2291493456
2291554896
2291558992
2291489412
2291493520
2291554960
2291559056
2292537732
1213868644
1217795480
1217795496
1217795736
1217795752
1218792104
1217816196
1217832580
1213557128
1213573512
1213819272
1213835656
1147554404
1147554408
1147554468
1147554472
1218812560
1146430804
1146430820
1146431060
1146431076
1146443168
1146447264
1146508704
1146512800
1146431828
1146431844
2288396692
2288396708
2288396948
2288396964
1217813152
1217817248
1213622664
1213639048
1213884808
1213901192
1213622920
1213639304
1213885064
1213901448
1214654872
1214654888
1213835856
1213831824
1213835920
1213897360
1213897296
1213901392
1213901456
1214859876
1214859880
1214859940
1214917268
1214917284
2291475864
2291475880
2291476120
2291476136
2291557960
1213568400
1213572496
1213613476
1213613480
1218873956
1218873960
1218874020
1218874024
1213630824
1213630884
1213629864
1213565284
1213565288
1213565348
1213565352
1213630820
2287294852
2287299152
2287360592
2287364688
2287295108
2287299216
1213803172
2291804500
2291804516
2291804756
2291804772
1217799828
1217799844
1217812104
1217828488
1218061972
1218061988
1217800596
1217800612
1217800852
1217800868
1150704008
1150720392
1150966152
1150970464
1150704264
1150720648
1150966408
1150970528
1151740308
1151740324
1217758564
1217758568
1217758628
1217758632
1217762720
1217766816
1217824164
1217824168
1217759588
1217759592
1214671492
1214687876
1214913176
1214913192
1151670888
1214859860
1214859864
1214859924
1214859928
1213876820
1213876824
1213876884
1213876888
1213885072
1213875860
2287277464
1213535572
1213535588
1213535828
1213535844
1213552196
1213568580
1213797972
1219054228
1219054232
1213797988
2291542680
2291542696
2291804568
2291804584
2291804824
2291804840
1214605704
1214622088
1214655064
1218857556
1218009488
1218013584
1218857560
1217743508
1217743512
1218792020
1218792024
1218792084
1218857620
2291475800
2291475816
2291476056
1218026080
1218030176
1218091616
1218095712
1218026144
1218030240
1218091680
1218095776
1219070564
1219070568
1218779796
2291509892
1151736468
1151736484
1218070868
1218070872
1151998612
1151998628
1151748692
1151748696
1150708048
1150638480
1213606548
2292607624
2292624008
2292853400
2292853416
1217729876
1217729892
1217730132
1217730148
1217746500
1217762884
1217992276
1217992292
1146526088
1146771848
1146776160
1146509960
1146526344
1146772104
1146776224
1147546004
1147546020
1147546260
1218796192
1218800288
1218861728
1150700180
1150700184
1218865824
1218796104
1218812488
1219045972
1219045988
2291541400
2291541416
2291541656
2291541672
2291558024
2291574408
2291803800
2291803816
2291542424
2291542440
1147554212
1146464656
1146448196
1146464580
1146526032
1146530128
1146448452
1146526096
2288405140
2288405144
2287348136
2287348376
2287348392
2287610264
2287610280
2287610520
2287610536
1213831776
1213835872
1213897312
1213901408
1214880416
1214884512
1214941864
1213831840
1213835936
1213897376
1217743204
1217743208
1217743268
1217743272
1217808740
1150621028
1150621268
1150621284
1150637456
1150641552
1150698900
1150698904
1150622036
1150622052
1151691140
1151707524
1151736408
1151736424
1146430868
1146430884
1146431124
1146431140
1146508872
1146521176
1146521236
1146521240
1146431892
1213827416
1214667400
1214683784
1218022036
1218022040
1218087508
1218087512
1218087572
1218087576
1213835844
2287343000
2287343016
2287343256
2287343272
2287363716
2287380100
1213539668
1218058644
1218058660
1218058900
1218058916
1218004564
1218004568
1218004628
1218004632
1218008720
1218012816
1218070164
1218070168
1218005588
1218005592
2288405092
2288405096
1150625108
1217808744
1217808804
1146426728
1146426968
1217808808
1150625124
1150625364
1150625380
1150637472
1151675032
1151675048
1217733972
1217733988
1217734228
1217734244
1217746504
1217762888
1217996372
1217996388
1217734996
1217735012
1146504600
1146426724
1146426980
1146443152
1146505556
1146505560
1146505620
1146505624
1146427732
1146427748
2291571104
2291575200
2288331348
2288331364
1213884064
1213827668
1213827672
1213827732
1213827736
1213893204
1213893208
1213893268
1213893272
1213818464
1213622660
1213639044
1213884804
1213901188
2291471764
2291471780
2291472020
2291472036
2291549780
2291549784
2291549844
2291549848
2291472788
2291472804
1217762896
1217766992
1217828432
1217832528
1217762960
1217767056
1217828496
1217832592
1218005348
1218005352
1213548964
1213548968
1213614436
1213614440
1213614500
1213614504
1213547876
1213547880
1213547940
1213547944
1217795732
1217795748
1217812100
1217828484
1218057876
1218057892
1217796500
1217796516
1217796756
1217796772
1214618256
1214622352
1214683792
1214687888
1218849176
1218849192
1218849432
1218849448
1150704004
1151752836
1151769220
1151736212
1151736228
1150720388
1218800004
1214605892
1214622276
1214847576
1214847592
1151740500
1151740516
1218816388
1146504856
2292521368
2292521384
2292521624
2292521640
1146427736
1146427752
1146427992
1146428008
2291538584
2291538600
2291800472
2291800488
1214679652
1214679656
1214679716
1214679720
2291508624
2291549604
2291549608
2291472728
2291472744
2291472984
2291473000
2291550564
2291550568
1218026064
1218030160
1218091600
1218095696
1218026128
1218030224
1218091664
1218095760
1219054180
1219054184
1146431908
1146432148
1146432164
1146496404
1146496420
1146496660
1146496676
1146508936
1146525320
1146758804
1213602452
1213602468
1213864340
1213864356
1213864596
1213864612
2292542024
2292558240
2292615588
1147558532
1147574916
1147804308
1147804324
1146509700
1146526084
1146771844
1146776144
1146509956
1217812808
1217829192
1218074952
1218091336
1217813064
1217829448
1218075208
1218091592
1218783636
1218783652
2291537300
2291537316
2291537556
2291537572
2291553924
2291570308
2291799700
2291799716
2291538324
2291538340
1213539684
1213539924
1213539940
1213552200
1213568584
1213802068
1213802084
1213540692
1213540708
1213540948
1150642568
1150658952
1150720608
1150724704
1150642824
1150659208
1150720672
1150724768
1151691144
1151707528
2287605400
2287605416
2287344024
2287344040
2287344280
2287344296
2287606168
2287606184
2287606424
2287606440
1217833540
1218079300
1218095684
1214880400
1214884496
1214585236
1214585252
1214585492
1214585508
2292542032
2292587092
2292587108
2288413320
2288429704
2288659096
2288659112
2291558728
2291575112
2291820872
2291837256
2291558984
2291575368
2291821128
2291837344
2292525464
2292525480
2291800728
2291800744
1213618504
1213634888
1213880648
2288405156
2288405160
1213897032
1214851684
1213618760
1213635144
1213880904
1218005652
1218005656
1218071124
1218071128
1218071188
1218071192
1213606488
1213606504
1213868376
1213868392
1213868632
1213868648
2291492228
2291508612
2291537496
2291537512
1147574944
1147579040
1146448264
1146464648
1146526304
1146530400
1146448520
1146464904
1146526368
1146530464
2292525716
2292525732
1146432084
1146432100
2287364424
2287380808
2287626568
2287642952
2287364680
2287381064
2287626824
2287643040
2288331160
2288331176
1150691924
1150691940
1150953812
1150953828
1150954068
1150954084
1150641568
1150703008
1150707104
1150626132
1150626148
1150626388
1150626404
1150716244
1150716248
1150716308
1218009732
1218026116
1219074704
1219078800
1213811284
1213811288
1213811348
1213811352
1219119780
1219119784
1218865732
1218882116
1219041944
1219041960
2291566232
2291476884
2291476900
2291477140
2291477156
2291567188
2291567192
2291567252
1214859944
1213811300
1213811304
1213811364
1213811368
1214597736
1213876836
1213876840
1213876900
1213876904
1218009440
1218013536
1218074976
1218079072
1217735252
1218845272
1213535576
1218021732
1218021736
1218021796
1218021800
1218087268
1218087272
1218087332
1218087336
1218816608
1218878048
1218882144
1213613672
1213613732
1213613736
1146759764
1146759780
1146443144
1146447456
1146496596
1146496612
1146443400
1146447520
1146508960
1146513056
1150621016
1150621032
1150621272
1150621288
1150641732
1150657936
1150698916
1150698920
2287315360
2287376800
1217729880
1217729896
1217730136
1217730152
1217750596
1217766980
1217992280
1217992296
1217730904
1217730920
2287281556
2287281572
2287281812
2287281828
2287359560
2287371864
2287371924
2287371928
2287282580
2287282596
2287610196
2287610212
1213815136
1213819232
1213880672
1213884768
1213815200
1213819296
1213880736
1213884832
1214614100
1214614104
1213634208
1213638304
1213827428
1213827432
1213893032
1213892968
1218796164
1218812548
1219058308
1219074692
1214655128
1214655144
1217742436
1217742440
1217742500
1217742504
1217807972
1217807976
1217808036
1217808040
1217743460
1217743464
1217812804
1217829188
1218074948
1218091332
1217813060
1217829444
1218075204
1218091588
1218779540
1218779556
1217796696
1217796712
1218058584
1218058600
1218058840
1218058856
2288327320
2288327336
1219058336
1146513736
1146530120
1146775880
1146792264
1146513992
1146530376
1146776136
1146792352
1214876328
1146497624
1150642564
1150658948
1150720592
1150724688
1150642820
1150659204
1150720656
1213539672
1213539688
1213539928
1213539944
1213556296
1213572680
1213802072
1213802088
1213540696
1218861640
1218878024
1219046036
1219046052
1218062680
1218062696
1218062936
1218062952
1150625112
1150625128
1150625368
1150625384
1150641736
1150657952
1150715300
1150715304
1150626136
1150626152
2288347720
2288363936
2291558724
2291575108
2291820868
2291837252
2291558980
2291575364
2291821124
2291837328
1217733976
1217733992
1217734232
1217734248
1217750600
1217766984
1214864016
1214868112
1214925460
1214925464
1213552016
1213556112
1213875864
1213815440
1213819536
1213880976
1213618500
1213634884
1213880644
1213897028
1213618756
1213635140
1213602392
1213602408
1213864280
1213864296
1213864536
1213864552
1151736472
1151736488
1146464644
1146448516
1146464900
1146526288
1146530384
1146526352
1146530448
1146448260
1218030152
1218783576
1218783592
1218783832
1218783848
1218800200
1218816584
1219045976
1219045992
2287277396
2287277412
2287277652
2287277668
2287293840
2287297936
2287355284
2287355288
1218004580
1218004584
1218004644
1218004648
1218025104
1218029200
1218070180
1218070184
1218005604
1218005608
1151691400
1151707784
1151769248
1151773344
2288343428
2287364420
2287380804
2287626564
2287642948
2287364676
2287381060
2287626820
2287643024
2288327064
2288327080
1150641808
1150703248
1150707344
1150687572
1150687588
1150949988
1150687828
1150687844
1150949716
1150949732
1151998616
1151998632
1218812304
1218816400
1218857380
1218857384
2291473044
2291473060
2291550804
2291550808
2291550868
2288331412
2288331428
2291550872
1218074960
1218079056
1218075024
1218079120
1218857624
1218009424
1218013520
1214605896
1214622280
1214851672
1214851688
1218005412
1218005416
1218070884
1218070888
1218070948
1218070952
2291471768
2291471784
2291472024
2291472040
2291549796
2291549800
2291549860
2291549864
2291472792
2291472808
1146493268
1146493284
1146493524
1146493540
1146755412
1146755428
1146447440
1146492500
1146492516
1146443396
1214651044
2287610452
2287610468
1151674724
1151674964
1151674980
1151687072
1151691168
1151752608
1151756704
2291554692
2291571076
2291816836
2291821136
1217742164
1217742168
1217742228
1217742232
1217746320
1217750416
1218792088
1217746512
1217750608
1217812048
1146443140
1151740564
1151740580
2287278484
2287278500
2287278740
2292542084
2292558468
2292619920
2292624016
1146522008
1146444104
1146448224
1146509664
1146513760
1146444192
1146448288
1146509728
1146513824
1213884816
1213815120
1213819216
1213880656
1213884752
1213815184
1213819280
1214597716
1213811108
1213811112
1214683744
1213897288
2291554976
2291559072
2291477080
2291477096
2291566948
2291566952
2291567012
2291567016
2291471700
2291471716
2291471956
2291471972
2291488144
2291492240
2291549588
2291549592
2291472724
2291472740
1217763744
1217767840
1217829280
1217833376
1218808164
1218808168
1218808228
1218808232
1218812320
1218816416
2292607560
2292615784
2292615844
2292615848
1147480404
1147480420
1147480660
1147480676
1147492768
1147496864
1147558304
1147562400
1218800032
1218861472
1218865568
1146513796
1146530180
1146775940
1146792324
2291537304
2291537320
2291537560
2291537576
2291558020
2291574404
2291799704
2291799720
2291538328
2291538344
1214601860
1214618244
1214864004
1214880388
1214613860
1214613864
1214613924
1214613928
1214618016
1214622112
1214679460
1214679464
1213639072
2292586900
2292586916
2292587156
2292587172
1217812872
1217829256
1218075016
1218091400
1217813128
1217829512
1218075272
1218091656
1218849172
1218849188
1146509920
1146514016
1146444424
1146448544
1146509984
1146514080
1146497620
1146497636
1146759508
1146759524
1214667336
1214683720
1214851732
1214851748
1219041880
1219041896
2292537992
2292542112
2292603552
2292607648
2291558792
2291575176
2291820936
2291837320
2291559048
2291575432
2291821192
2291837576
2292591000
2292591016
1213618568
1213634952
1213880712
1213897096
1213618824
1213635208
1213880968
1213897352
1214654868
1214654884
1213540964
1213802836
1213802852
1213803092
1213803108
1213552968
1213569352
1213815112
1213831496
1213553224
1213617568
1213621664
1213565268
1213565272
1213565332
1213565336
1213630804
1213630808
1213630868
1213630872
1213835588
1213557316
1213573700
1213819460
2287381136
1218779812
2292591252
2292591268
1147497096
1147513480
2287364488
2287380872
2287626632
2287643016
2287364744
2287381128
2287626888
2287643272
2288396696
2288396712
2291575120
1219070628
1219070632
1213606564
1218783656
1218783896
1218783912
1151687056
1151691152
1151748500
1151748504
2291558736
2291542676
2291542692
2291804564
2291804580
2291804820
2291804836
2287278756
1218009696
1218013792
1218075232
1218079328
1218009760
1218013856
1218075296
1218079392
1219058272
1219062368
2291550628
2291550632
1217763664
1217767760
1217829200
1217833296
1217763728
1217767824
1217829264
1217833360
1218791780
1218791784
2287372628
2287372632
2287372692
2287372696
1213552008
1213568392
1213605460
1213605476
1213552264
1213568648
1213814408
1213830792
1213606228
1213606244
1218861700
1218878084
1219107476
1219107492
1147554200
1146513744
1146444176
1146444100
1146448208
1146509648
1146448272
1146509712
1146513808
1147546276
2288347780
2288364164
2288425616
2288429712
2287348372
2287348388
2287610260
2287610276
2287610516
2287610532
1214864032
1214868128
1214863968
1214868064
1214876308
1214876312
1213815456
1214929568
1214933664
1213815392
1218849364
1218849380
2287295112
2287299232
2287360672
2287364768
2287356264
2287356324
2287356328
1218062744
1218062760
1218063000
1218063016
1214663076
1214663080
1213569360
1213573456
1213634896
1213638992
2292521300
2292521316
2292521556
2292521572
2288413256
2288421480
2288421540
2288421544
1150626456
1150626472
1150716516
1150716520
1150716580
1150716584
1217812868
1217829252
1218075012
1218091396
1217813124
1217829508
1218075268
1218091652
1214667168
1214671264
1217807764
1217807768
1217743188
1217743192
1217743252
1217743256
1217808724
1217808728
2291558788
2291575172
2291820932
2291837316
2291559044
2291575428
2291821188
2291837572
2292586904
2292586920
2288392596
2288392612
2288392852
2288392868
1151756936
1151773320
1152002712
1152002728
1213827476
1213827480
1213892948
1213892952
1213893012
1213893016
1213564500
1213564504
1213564564
1213564568
1146522280
1146430872
1213618564
1213634948
1213880708
1213897092
1218857572
1218857576
1213548884
1213548888
1213548948
1213547924
1213547928
1213613460
1213613464
1213548952
1213614420
1213614424
2288343688
2288347808
2288409248
2288413344
1213798804
1213798820
1213799060
1213799076
1217751432
1217767816
1218013576
1218029960
1217751688
1146509640
1146526024
1146771784
1146775904
1146509896
1146526280
1146771872
1146775968
1146522196
1146522200
2287281492
1146512968
1146521192
1146521252
1146521256
1218009504
1218013600
1218075040
1218079136
2287364484
2287380868
2287626628
2287643012
2287364740
2287381124
2287626884
2287643268
2288392600
2288392616
1213618820
1213635204
1213880964
1213897348
2291567256
2291538580
2291538596
2291800468
2291800484
2291800724
2291800740
1214605700
1214622084
1214650968
1214650984
1213557384
1213573768
1213819528
1213835912
1214605960
1214622344
1214868104
1214884488
1214655080
1147513248
1147570596
1147570600
1146431848
1146432088
1146432104
1146521956
1146521960
1146522020
1146522024
1151687304
1151691424
1151752864
1151756960
1217746272
1217750368
1217758612
1217758616
1217746336
1217750432
1217811872
1217815968
1217759572
1217759576
1147558536
1147574920
1147808404
1147808420
1217997400
1217997416
2291554632
2291571016
2291816776
2291820896
2291554888
2291571272
2291816864
2291820960
2292525460
2292525476
1146514056
1146530440
1146776200
1146792584
1214589604
1214589332
1214589348
1214589588
1146497640
1146759512
1146759528
1146759768
1147496840
1147513224
1147546200
1147546216
2288409160
2288421464
2288421524
2288421528
2287610216
2287610456
2287610472
2287297928
2287314312
2287347288
2287294084
2287298192
2287359632
2287363728
1213635232
1214618272
1214622368
2288326996
1146505832
1146505892
1146505896
1146427800
1146427816
1146428056
1146428072
1146505828
1146426776
1218021976
1217746528
1217750624
1217812064
1217816160
1217746592
1217750688
1217812128
1217816224
1218021716
1218021720
1219062404
1213819464
1213835848
1214589272
1214589288
1214589528
1214589544
1213540712
1213540952
1213540968
1213802840
1147562632
1147579016
1213622928
1213605524
1213605540
1213617800
1213634184
1213867668
1213867684
1213606292
1213606308
1214655124
1214655140
1213535640
1213535656
1213535896
1213535912
1213835908
1146427988
1146428004
1217746308
1217762692
1217795668
1217795684
1217746564
1217762948
1218008708
1218025092
1217796436
1217796452
1213556104
1213572488
1213605464
1213605480
1213556360
1213572744
1213818504
1213834888
1213606232
1213606248
1150637448
1150641760
1150690900
1150690916
1150637704
1150641824
1150703264
1150707360
1150691668
1150691684
1147542100
1147542116
1147492996
1147497104
1213536920
1213536936
1150953876
1150953892
1150954132
1150954148
1218783588
1218783828
1218783844
1147562640
1146447504
1146508944
1146513040
1146514064
1147492740
1147497040
1218025800
1217747528
1217763912
1218009672
1218026056
1218783572
1217735268
1217997140
1217997156
1217997396
1150953128
1150691736
1213553056
1213557152
1213622624
1213551968
1213556064
1213564308
1213564312
1213552032
1213556128
1213618592
1214585172
1214585188
1214585428
1214585444
1214601796
1214618180
1214847572
1214847588
1146431912
1146432152
1146432168
1146522212
1146522216
1146522276
1147480472
1147480488
1147480728
1147480744
1146497704
1146759576
1146759592
1146759832
1146497432
1146497448
2287298888
2287315272
2288331096
2288331112
2288331352
2288331368
1217746312
1217762696
1217799764
1217799780
1217746568
1217762952
1218008712
1218025096
1217800532
1217800548
1213552208
1213556304
1213617744
1213621840
2291477076
2291477092
2291566932
2291566936
2291566996
2291567000
1217747296
1217751392
1217812832
1217816928
1214601824
1214605920
1214667360
1214671456
1214601888
1214605984
1214667424
1213622944
1213556320
1213617760
1213552004
1213568388
1213601364
1213601380
1213552260
1213568644
1213814404
1213830788
1213602132
1213602148
2287282788
1146759848
1146497688
1146496408
1146496424
1146496664
1146496680
1146513032
1146529416
1146758808
1146758824
1213552992
1213557088
1213618528
1214601568
1214605664
1214613908
1214613912
1214601632
1214605728
2287360416
2287364512
2287281508
2287281748
2287281764
2287293856
2287297952
2287359392
2287363488
2287282516
2287282532
2287282772
1213539736
1213539752
1213539992
1213540008
1213621832
1213638216
1213802136
1213802152
1213540760
1213540776
1151675028
1151675044
1150625172
1150625188
1150625428
1150625444
1150703176
1150715480
1150715540
1150715544
1218095688
2287360648
2287377032
1146775876
1146447236
1146463620
1146492504
1146492520
1146447492
1146463876
1146525328
1146529424
1146493272
2287293832
2287298144
2287347284
1147554388
1147554392
1146426772
1146426788
1146771856
1146775952
1147554452
1146509636
1146526020
1146771780
1150642760
1150658976
1150720416
1150724512
1151674712
1151674728
1151674968
1151674984
1151691336
1146492328
1146492568
1146492584
2287315344
2287376784
1146513028
1146529412
1146754712
1146754728
1146493336
2288327000
2288327016
1217734056
1217734296
1217734312
1217816136
1217832520
1217996440
1213557380
1213573764
1213819524
1214650776
1214650792
1214651032
1214651048
1213535592
1213535832
1213535848
1150970440
1150986656
1151674776
1151674792
1213605272
1213605288
1213605528
1213605544
1213621896
1213638280
1213867672
1213867688
1214671496
1214687880
1150690708
1150690724
1150690964
1150690980
1150703240
1150719624
1150953108
1150953124
1150691732
1151752840
1147554216
1146530192
1146505636
1146505640
1147476312
1147476328
1147476568
1147476584
1147497028
1147513232
1213541016
1213541032
1213802904
1213802920
1213803160
1213803176
1147562568
1147570792
1147570852
1147570856
1146755732
1146755748
1147541908
1147541924
1147542164
1147542180
1146526340
1146772100
1146776208
1146493332
1217734036
1217734052
1217734292
1217734308
1217812040
1217828424
1217996436
1213552976
1213557072
1150641544
1150657928
1150690904
1150690920
1151740504
1151740520
1213618512
1213622608
1150626196
1150626212
1150626452
1150626468
1150716500
1150716504
1150716564
1150716568
1150724752
1151691396
1151707780
1151769232
1151773328
1150707332
1150723716
1150949016
1150949032
1150687640
1213630036
1213630040
1213630100
1213630104
1213565524
1213565528
1214679700
1214679704
1213565588
1213565592
1217751428
1217767812
1218013572
1218029956
1217751684
1218845080
1218845096
1218845336
1218845352
1217731160
1213880900
1213897284
1214667332
1214683716
1214847636
1214847652
1213535636
1213535652
1213535892
1213535908
1146493288
1146755672
1146755688
1147496836
1147513220
1147542104
1147542120
1147497092
1147513476
1147574928
1217751368
1217767752
1218013512
1218029896
1217751624
1217768008
1218013768
1217747336
1217763720
1218009480
1218025864
1217747592
1217763976
1218009736
1218026120
1218795912
1218812296
1217799572
1217799588
1213568416
1213572512
1213629860
1213569376
1213573472
1213634912
1213639008
1213569440
1213573536
1213634976
1213565604
1213565608
1213631076
1213631080
2287622788
1213631140
1213631144
1213564516
2287626896
2288409220
2288425604
2288654996
1213556292
1213572676
1213797976
1213797992
1213536600
1213536616
1213536856
1214585176
1214585192
1213536872
1150699860
1150699864
1150699924
1150699928
1150638404
1150642512
1150703952
1150621012
2291575456
1213880928
1213885024
1213814368
1213880992
1213885088
1213826708
1213826712
1213814432
1213818528
1213879968
1213553040
1213557136
1213618576
1213622672
1150986564
1150708292
1150724676
1150970436
1150986640
1151670680
1151670696
1213601172
1213601188
1213601428
1213601444
1213617796
1213634180
1213863572
1213863588
1213602196
1213602212
1217750408
1217766792
1217799768
1217799784
1217750664
1217767048
1218012808
1218029192
1217800536
1217800552
2287372884
2287372888
2287372948
2287372952
1213621828
1213638212
1213798040
1213798056
1213536664
1213536680
1214687840
1213827492
1213827496
1213892964
1213568608
1213572704
1213634144
1213638240
1213568672
1213572768
1146792336
1147476376
1147476392
1147476632
1147476648
1146513732
1146530116
1146792260
1213556100
1213572484
1213601368
1213601384
1213556356
1213572740
1213818500
1213834884
1213602136
1213602152
1150708304
1150638724
1150642832
1150704272
1150708368
1150637444
1150641744
1150686804
1150686820
1150637700
1217747552
1217751648
1217813088
1217817184
1217747616
1217751712
1150621348
1150699092
1150699096
1150699156
1150699160
1150622100
1150622116
1150622356
1150622372
1150700116
2288421284
2288421288
2287282520
2287282536
2287282776
2287282792
2287372644
2287372648
2287372708
2287372712
1217747360
1217751456
1217812896
1217816992
1218795872
1218799968
1218808212
1218808216
1218795936
1217759636
2287348068
2287348308
2287348324
2287347300
2287294088
2287298208
2287359648
2287363744
2287348052
1218779732
1218779748
1218796100
1218812484
1218009412
1218025796
1214671520
1213553248
1213557344
1213618784
1213622880
1213553312
1146505812
1146505816
1146427812
1146427796
1146505880
1146427028
1146427044
1146504788
1146504792
1146504852
2287622792
2287626912
2288409224
2288425608
2288659092
2288659108
2287360392
2287376776
2287622536
2287626848
1151756872
1151765096
1151765156
1151765160
1150708040
1150724424
1150970184
1150986568
1150708296
1150724680
1150626392
1150626408
1150716260
1150716264
1150716324
1150716328
1214663060
1214663064
1214597460
1214597464
1214597524
1214597528
1214601616
1214605712
1213547860
1213547864
1213548200
1213613668
2291571280
2291575376
2292541828
2292558212
2292587096
2287298952
2287315336
2287376992
2287381088
2287299208
2287315592
2287377056
2287381152
2288347528
2288363912
1146513988
1146530372
1146776132
1218021780
1218021784
1218087252
1218087256
1218087316
1218087320
1218796128
1218800224
1218861664
1218865760
1213553028
1213569412
1213815172
1213831556
1213553284
1213569668
1213815428
1213831812
1214601604
1214617988
1218795908
1218812292
1218845268
1218845284
1217747332
1217763716
1218009476
1218025860
1217747588
1217763972
1146759784
1146447240
1146463624
1146496600
1146496616
1146447496
1146463880
1146525344
1146529440
1146497368
1150953896
1150954136
1150954152
1150690712
1150690728
1150690968
1150690984
1150707336
1150723720
1150953112
2292587112
1150642756
1150658960
1150720400
1150724496
2288347524
2288363908
1217832584
1214667344
1214671440
1213876564
1213876568
1213876628
1213876632
1214601808
2291475796
2291475812
2291476052
2291476068
2291488160
2291492256
2291553696
2291557792
2291476820
2291476836
1213819208
1213835592
1213557320
1213573704
1150708104
1150724488
1150970248
1150986632
1150708360
1150724744
1150970504
1150986888
1151740312
1151740328
2291571344
2291575440
1146493592
1146493608
1146755480
1146755496
1146755736
1146755752
1146492312
1217735080
1217735320
1217735336
1217997208
1217997224
1217997464
1217997480
1219046040
1219046056
1217734040
1213606296
1213606312
1213606552
1213606568
1213868440
1213868456
1213868696
1213868712
2287278420
2287278436
2287278676
2287278692
2287356244
2287356248
2287356308
2287356312
2287294788
2287298896
1146513800
1146530184
1146775944
1146792328
1147808408
1147808424
1147546008
1147546024
1147546264
1147546280
1214650964
1214650980
2287344228
2287606100
2287606116
2287606356
2287606372
2287293828
2287298128
1214614184
1213564520
1213564580
1213564584
1213630052
1213630056
1213630116
1213630120
1213565540
1213565544
1214605904
1214601872
1214605968
1213553232
1213557328
1213618768
1213622864
1213553296
1213557392
1213618832
1151691332
1151707536
1151748516
1151748520
1150691748
1150691988
1150692004
2291489184
2291493280
2291554720
2291558816
2292537760
2292541856
2292603296
2292607392
1150691672
1150691688
1150691928
1150691944
1150954072
1150954088
1150691752
1150691992
1150692008
1150953880
2291542356
2291542372
2291542612
2291542628
2291488136
2291492448
2291541588
2291541604
2291488392
2291492512
1150621076
1150621092
1150621332
1217768072
1218013832
1218800264
1218816648
1219062408
1219078792
1218079368
1218095752
1217996456
1217735064
1218865800
1218882184
1219111576
1219111592
1217800856
1217799576
1217799592
1217799832
1217799848
1217816200
1147562628
1147579012
2288343456
2288347552
2288408992
2288413088
2287294792
2287298912
2287360352
2287364448
2287294880
2287298976
2288347728
2287360656
2287364752
2288343684
2288347792
2288409232
2288413328
2288392788
2288392804
2287344212
1219078788
1150622040
1150622056
1150622296
1150622312
1150699876
1150699880
1150699940
1150699944
1150642500
1146505572
1146505576
1146426984
1146447428
1146463632
1146504612
1146504616
1146426712
1214941860
1213826660
1213826664
1213826724
1213826728
1213830816
1213834912
1213892260
1213892264
1213827684
1213827688
1213827748
1213827752
1213893220
1213893224
1213893284
1213893288
1213868452
1213868692
1213868708
1213601176
1213601192
1213601432
1213601448
1213621892
1213638276
1213863576
1213863592
1213602200
1213602216
1150704260
1150720644
1150966148
1150970448
1150966404
1150970512
1150686612
1150686628
1150686868
1150686884
1218058904
1218058920
1150724484
1150970244
1150986628
1150708356
1150724740
1150970500
1150986884
1151736216
1151736232
2287281560
2287281576
2287281816
2287281832
2287363656
2287371880
2287371940
2287371944
2287282584
2287282600
1218873940
1218873944
1218874004
1218874008
1217758804
1217758808
1217758868
1217758872
1217824340
1217824344
1217729940
1217729956
1217730196
1217730212
1217812036
1217828420
1150641540
1150657924
1150686808
1150686824
1150641796
1150658180
1150719632
1213573712
1213635152
1213639248
1213569680
1213573776
1213635216
1213639312
1214618192
1214622288
1214683728
1150949780
1150949796
1213602456
1213602472
1213864344
1213864360
1213864600
1213864616
1218796168
1218812552
1219058312
1219074696
1147804312
1147804328
1146514052
1146530436
1146776196
1146792580
1217800600
1217800616
1147541912
1147541928
1217800872
1218865736
1218882120
1217816904
1217833288
1218079048
1218095432
1217817160
1217833544
1218079304
1213614676
1213614680
1213614740
2288413316
2288429700
2288655000
2288655016
2287343976
2287344216
2287344232
2287606104
2287606120
2287606360
1217759652
1217759656
1217825124
1217825128
1217825188
1217825192
1217763680
1217767776
1217829216
1217833312
1150950036
1150950052
1150703236
2291554704
2291558800
2292537744
2292541840
1150719620
1150949012
1150949028
2291489092
2291493200
2291554640
1217731176
1217993048
1217993064
1217993304
1217993320
1217751364
1217767748
1218013508
1218029892
1217751620
2287347096
2287347112
2287347352
2287347368
2287363720
2287380104
2287609496
2287609512
2287348120
1219062432
1219123872
1219127968
1219070612
1219070616
1218008672
1218012768
1218021012
1218021016
1218008736
1213622600
1213638984
1213884744
1213901128
1213622856
1213639240
1213885000
1213901384
1214589336
1214589352
1151740568
1151740584
1218845076
1218845092
1213548900
1213548904
1218845332
1218845348
1217795476
1217795492
1213569424
1213573520
1213634960
1213639056
1146493348
1146493588
1146493604
2288327268
1146755476
1146755492
1146754724
2287360336
2287364432
2287294864
2287298960
2287360400
2287364496
1217996452
1217763920
1217768016
1217829456
1217833552
1217763984
1217768080
1217829520
1217833616
1218812496
1218816592
2292603464
2292615768
2292615828
2292615832
1218812576
1218816672
1218878112
1218882208
1217768068
1218013828
1218030212
1218800260
1218816644
2291575184
2292542020
2292558224
2292599204
2292599208
2291492484
2291508868
2291570320
2291574416
2291538264
2288327316
2288327332
2287356500
2287356504
2287356564
2287356568
1214687824
1213568592
1213572688
1213634128
1213638224
1213568656
2292525400
2292525416
2292525656
2292525672
2292615592
1213831520
2292603528
2292619912
2291554696
2291571080
2292853412
2292853396
1217824404
1217824408
1217759828
1217759832
2287380880
2288347716
2288363920
2288404900
2288404904
2287298884
2287315268
2287376720
2287380816
2287299140
1218791764
1218791768
1218791828
1218791832
1218795920
1218800016
1218857364
1218857368
2287606164
2287606180
2287606420
2287606436
2287360388
2287376772
2287622532
2287626832
2287360644
2287377028
2291804520
2291804760
2291804776
2291493256
2291509640
2291571296
2291575392
2291493512
2291509896
2291571360
1150708036
1150724420
1150970180
2287343188
2287343204
1214585240
1214585256
1214671428
1214687812
2292537736
2292542048
2292591188
2292591204
1151670932
1151670948
1151748756
1151748760
1150704196
1150703940
2287606376
2287298948
2287315332
2287376976
2287381072
2287299204
2287315588
2287377040
2288392792
2288392808
1217747536
1217751632
1217813072
1217817168
1217747600
1217751696
1217813136
1217817232
1218796112
1218800208
2287294856
2287299168
2287360608
2287364704
1146447248
1146504596
1146444164
1146448464
1146509904
1146514000
1146444420
1146448528
1146509968
1147558544
1213617732
1150687656
1150687896
1150687912
1150949784
1150949800
1151756932
1151773316
2287343956
2287343972
1150708100
1217996376
1217996392
1217735000
1217735016
1217735256
1217735272
1217997144
1217997160
2291550612
2291550616
2291489168
2291493264
1213864276
1213864292
1213864532
1213864548
1213815108
1213831492
1213553220
1213569604
1213815364
1213831748
1150642504
1150658888
1150720352
1150724448
1217825444
1217825448
1214663268
1214663272
1218779544
1218779560
1218779800
1218779816
1217731224
1217731240
1217993112
1217993128
1217993368
1217993384
1213802856
1213803096
1213803112
1146448200
1146464584
1213798808
1213798824
1213549156
1213549160
1213549224
1213614692
1213614696
1213614756
1213614760
1213548132
1213548136
1213548196
1214683808
1213639328
1213569696
1213569632
1213573728
1213635168
1213639264
1214687904
1214618208
1214622304
1151687044
1151691344
1151736404
1151736420
1151687300
1151691408
1151752848
1151756944
1150622292
1150622308
2291538516
2291538532
2291800404
2291800420
2291800660
2291800676
2292537988
2292542096
2292603536
2292607632
1213614744
1213548116
1213548120
2287348328
2287610200
2288396888
2288396904
2287376736
2287380832
2287299144
2287380896
2288396952
2288396968
1218022052
1218022056
1218087524
1218087528
1218087588
1218087592
1219074720
1219078816
1218861636
1218878020
1219041940
1219041956
1217747524
1217763908
1218009668
1218026052
1218779476
1218779492
1218079108
1218095492
1218057880
1218057896
1217796504
1217796520
1217796760
1217796776
1218058648
1218058664
1214917272
1214917288
1213831760
1214925476
1214925480
2291567268
2292525720
2292525736
1218062740
1218062756
1218062996
1218063012
1151769224
1152002708
1152002724
1218808484
1218808488
1217824420
1217824424
1217759844
1217759848
1217759908
1217759912
1217825380
1217825384
1150658884
1213614484
1213614488
1147476308
1147476324
1147476564
1147476580
1147492752
1147496848
1147554196
1146426964
1146493352
2287344276
2287344292
1214667396
1214683780
1214913172
1214913188
2288327012
2288327252
1213602388
1213602404
2291542376
2291542616
2291542632
2291804504
2291493192
2291509576
2291571040
2291575136
2291493448
2291509664
1219136164
1219136168
1218009680
1218013776
1218075216
1218079312
1218009744
1218013840
1218075280
1218079376
1219054164
1219054168
1213868436
1219041876
1219041892
1217796692
1217796708
1218058580
1218058596
1218058836
1218058852
2291554628
2291571012
1150700120
1213798744
1213798760
1213799000
1213799016
2292591256
2292591272
1213901472
1218791844
1218791848
1146758820
1146497428
1146497444
1146497684
1146497700
1146759572
1146759588
1146759828
1146759844
1146509704
1218012832
1218074272
1218078368
1218021972
1213553032
1213569416
1213815176
1213831560
1213606484
1213606500
1213539732
1213539748
1213539988
1213540004
1219119764
1219119768
1150638472
1150642784
1150704224
1150708320
1150638728
1150642848
1150704288
1150708384
1151687048
1151691360
2291554952
2291571336
2291817096
2291821216
1217800788
1217800804
1218062676
1218062692
1218062932
1218062948
2288331092
2288331108
2292599444
2292599448
1218878032
1218882128
1218816656
1218878096
1218882192
1213557408
1213618848
2291493188
2291509572
2291571024
1146444168
1146448480
1147492744
1147497056
1147546196
1147546212
1147493000
1147497120
1147558560
1147562656
1218783892
1218783908
2292849316
1217800792
1217800808
2291554948
2291571332
2291817092
2291821200
2292603524
2292619908
1213617736
1213634120
1213802132
1213802148
1214601608
1214617992
1214655060
1214655076
1213605268
1213605284
2291538280
2291538520
2291538536
2291800408
2291800424
2291800664
2291800680
2291493508
2291493252
2291509636
2288331416
2288331432
1150716312
1150638408
1150642528
1150703968
1150708064
1150638496
1150642592
1150704032
1150708128
1151674708
1146426792
1146427032
1146427048
1146504804
1146504808
1146504868
1146504872
1217735060
1217735076
1217735316
1217735332
1218849428
1218849444
1217747272
1217763656
1218009416
1214585496
1214585512
2287356516
2287356520
2287356580
2287356584
1213557124
1213573508
1213819268
1213835652
1150622360
1150622376
1150700132
1150700136
1150700196
1150700200
1151670936
1151670952
1150950040
1150950056
2292607620
2292624004
2292849304
2292849320
1218845288
1217816964
1217833348
2291493444
2291509648
2291571088
1218857636
1218857640
1217743524
1217743528
1217808996
1217809000
1217809060
1217809064
1218792100
1146526048
1146430808
1146430824
1146431064
1146431080
1146447432
1146463648
1146520996
1146521000
1146431832
1214589592
1214589608
2287347304
2287298184
2287314568
2287376032
2287380128
2287348056
2287348072
2287348312
1217763936
1217768032
1217829472
1150953832
1217833568
1217764000
1217768096
1217829536
1217833632
1218812512
2292541832
2292558216
2292591192
2292591208
2291541608
2291492488
2291508872
2291570336
2291574432
2291542360
1214667408
1214671504
1213552272
1213556368
1213617808
1213621904
1213811028
1213811032
1213811092
1213811096
1147579024
2287360324
2287376708
2287622468
2287626576
2287360580
2287376964
2287622544
2287626640
2288327060
2288327076
1219054244
1219054248
1218005668
1218005672
1218071140
1218071144
1218071204
1218071208
1150949972
1213557064
1213573448
2292599396
2292599400
2292599460
2292599464
1146755668
1146755684
1217997412
1218796176
1218800272
1218861712
1218865808
1217809044
1217808980
1217808984
1218070936
1219058320
1219062416
1150720336
1150724432
1146521940
1146521944
1146522004
1213880720
1214597720
1214597780
1214597784
1214663252
1214663256
1214663316
1214663320
2291816772
2291820880
2291554884
2291571268
2291816848
2292521364
2292521380
2292521620
2292521636
2292849300
1151670616
1151670632
1151670872
1217759640
1217825108
1217825112
1217825172
1217825176
1217768004
1218013764
1218030148
1218779480
1218779496
1218779736
1218779752
1218800196
1218816580
1147542168
1147542184
1213569608
1213815368
1213831752
1214589268
1214589284
1214589524
1214589540
1214601800
1214618184
1214851668
1213557060
1213573444
1213819204
1214585432
1214585448
1218061976
1218061992
1218783640
1213868372
1213868388
1213868628
2287347092
2287347108
2287347348
2287347364
2287359624
2287376008
2287609492
2287609508
2287348116
2287348132
1150687636
1150687652
1150687892
1150687908
1213819488
1213819552
2287277400
2287277416
2287277656
1214597476
1214597480
1214597540
1214597544
1214618000
1214622096
1150625176
1150625192
1150625432
1150625448
1150707272
1150715496
1150715556
1150715560
1150626200
1150626216
1213621856
1213552288
1213556384
1213617824
1213621920
1213827412
1213552224
1214679636
1214679640
1213622688
1218030216
1146522260
1146522264
2287360328
2287376712
2287622472
2287626592
2287360584
2287376968
2287622560
2287626656
2288331156
2288331172
