1121323386192
2288327049
2288327050
2288396869
2288396870
1213536902
2292849290
1150687561
1150687562
1150949705
1150949706
1150687817
1150687818
1150949961
1150949962
1151674757
1151674758
1146430858
1146431113
1146431114
1217742177
1217742178
1217742241
1217742242
1217758609
1217758610
1217807777
1217807778
1150625417
1150625418
1213810257
1213810258
1213810321
1213810322
1213811281
1213811282
1213876817
1213876818
2291475845
2291475846
2291476101
2291476102
2291537481
2291537482
2291566225
1217758817
1217758818
1217824353
1218873761
1218873762
1217824354
1217758881
1217758882
1217824417
1217824418
1213810274
1213810337
1213810338
1213826705
1213826706
1213875873
1213875874
2291541578
2291566241
2291566242
2291476873
2291476874
2291477129
2291477130
1217734021
1217734022
1217795657
1217795658
1217734277
1217734278
1217996421
1217996422
1217796425
1217796426
2291471689
2291471690
2291471945
2291471946
2291476037
1218021729
1218021730
1218087265
1218087266
1218021793
1218021794
1218087329
1218087330
1218808417
1218808418
1214589573
1214589574
1214851717
1214851718
1213540741
1213540742
1213540997
1213540998
1213802885
1213802886
1213803141
1147480453
1147480454
1147480709
1147480710
1147542089
1147542090
1147570833
1147570834
1146497354
2292587145
2292587146
1213536905
1213536906
1213799049
1213799050
2287277445
2287277446
2287277701
2287277702
2287343173
2287343174
2287355537
2287355538
1218857553
1218857554
1213564562
1213630097
1213630098
1213876642
1213811041
1213811042
1213876641
1213876577
1213876578
1213565521
2291476042
2291476041
2291565985
2291565986
2291476809
2291476810
2291800457
2291800458
2288327241
2288327242
1214655049
1214655050
1214851721
1214851722
2292599185
2292599186
2287282825
2287282826
2287372897
2287372898
2287372961
2287372962
2292525705
2292525706
2292615841
2292615842
1213827426
1213892961
1213892962
1213827489
1213827490
1213893025
1213893026
1214614113
1214614114
1214614177
1214847625
1214847626
1146431881
1218808401
1218808402
1218808465
1218808466
2291537289
2291537290
2291541637
2291541638
2291537545
2291537546
2291799689
2291799690
2291542405
2291542406
1217759889
1217759890
1217825361
1217825362
1217825425
1217825426
1217800517
1217800518
1218062661
1218062662
1217800773
2287277642
2287281733
2287281734
2287355297
2287355298
2287278409
2287278410
2287278665
2287278666
2287356257
1217800837
1217800838
1218062981
1218062982
1214650757
1214650758
1214651013
1217743185
1217743186
1217808721
1217808722
1217743249
1217743250
1217808785
1217808786
1217807762
1151740485
1151740486
1151748769
1151748770
1214585481
1214585482
2287342981
2287342982
2287343237
2287343238
2287605381
2287605382
2287344005
2287344006
2291475849
2291475850
2291541577
1150621065
1150621066
1150621321
1150621322
1150690885
1150690886
1150699169
1150699170
1150622089
1150622090
1150715553
1150715554
2292586889
2292586890
1213631057
1213631058
1213631121
1213631122
1213606213
1213606214
1213868357
1213868358
1146497349
1146497350
1213606469
1213606470
1213868613
1213868614
2288327237
2288327238
2288404881
2288404882
2287278730
2291472777
2291472778
2291550817
2291550818
2291473033
1217997189
1217997190
1217997445
1217997446
2291473034
1217992325
1217992326
1217730949
1217730950
1217731205
1217731206
1217993093
1217993094
1217993349
1217993350
1150687557
1150687558
1150949701
1150949702
1150949957
1150949958
1151670661
1151670662
1150715538
2287281541
2287281542
2287343177
2287343178
2287281797
2287281798
2287371921
2287371922
2287343945
1218849413
1218849414
1219107465
1219107466
1217742417
1217742418
1217807953
1217807954
1217742481
1217742482
1217808017
1217808018
1218005329
1218005330
2291550881
2291550882
1218783625
1218783626
1218849353
1218849354
1218021713
1218021714
1218087249
1218087250
1218021777
1218021778
1218087313
1218087314
1218792033
1218792034
1146428037
1146428038
1146505809
1146505873
1146492293
1146492294
1146492549
1146492550
1213601350
1213798021
1213798022
1213536645
1213536646
1213536901
2291800646
1150686601
1150686602
1150686857
1150686858
1147476614
1147476613
1147554450
1147476357
1147476358
1147542085
1147542086
1146493510
1151736393
1151736394
1151765137
1151765138
1150953801
1146493513
1146493514
1146755401
1146755402
2292521289
2292521290
2292521545
2292521546
2291472965
2291472966
2291550545
2291550546
1213536581
1213536582
1213536837
1213536838
1213798725
1213798726
1213798981
1213798982
2291472713
1151674954
1151764897
1151764898
2291472714
2291550561
2291550562
2287277450
2287277705
2287277706
2287347269
2287347270
2287355553
2287355554
2287278473
2287278474
2287278729
2287282821
2287282822
1213827409
1213827410
1213892945
1213892946
1217729929
1217729930
1217730185
1217730186
1217799749
1217799750
1217992329
1217992330
1217730953
1217730954
2288392841
2288392842
1217809042
1217743441
1218845321
1218845322
1146521954
1146432073
1146432074
1146522017
1146522018
1147480393
1147480394
1147480649
1147480650
2288654982
2288331401
2288331402
2288421537
2288421538
1213827473
1213827474
1213893009
1213893010
1214597793
1214597794
1214597729
1214663329
1214663330
1213549217
2292587077
2292587078
1213631138
1214876257
1214876258
1214876321
1213564257
1213564258
1213564321
1213564322
1214614161
1214614162
2288392773
2288392774
2291549857
2291549858
1150622278
1150699921
1150699922
1151670597
1151670598
1151670853
1151670854
1150622085
1150622086
1150700113
1217743442
2291471749
2291471750
2291537477
2291537478
2291472005
2291472006
2291549841
2291549842
2291538245
2291538246
2292525637
2292525638
1213548178
1213613649
1213613650
1213613713
1213613714
1213548177
1213549137
1213549138
1213549201
1213549202
1217800585
1213606533
1213606534
1213868677
1213868678
1217800586
1218062729
1218062730
1217800841
1217800842
2291567201
2291567202
2287281481
2287281482
2287281737
2287281738
2287371681
2287371682
1218020961
1218020962
1218021025
1218021026
1218086561
1218086562
1218021985
1218021986
1217730885
1217730886
1217731141
1217731142
1217993029
1217993030
1217993285
1217993286
2291472773
2291472774
2291550801
2291550802
2291473029
2291473030
2291550865
2291550866
2292521349
1217795465
1217795466
1217795721
1217795722
1218792098
1217799813
1217799814
1213540745
1213540746
1213802889
1213802890
1147546181
1147546182
1147554465
1147554466
2292615586
1146426697
1146426698
1146431045
1146431046
1146426953
1146426954
1146504609
1146504610
1146431813
1146431814
2288392585
2288392586
2288396933
2288396934
1217809057
1217809058
1213606281
1213606282
1213868425
1213868426
1213606537
1213606538
1213868681
1213868682
1214654857
1214654858
1213827666
1213827729
1213827730
1213893266
1213893201
1213893202
1214859873
1214859874
1214859937
1213810273
1214913161
1214913162
2291476105
2291476106
1213564305
1213564306
1213613473
1213613474
1218873953
1218873954
1218874017
1218874018
1213630818
1213630881
1213629858
1213565281
1213565282
1213565345
1213565346
1213630817
1213630882
2287278469
2287278470
2287356497
2287356498
2287278725
1213803142
2291804485
2291804486
2291804741
2291804742
1218057865
1218057866
1217800581
1217800582
1150687625
1150687626
1150949769
1150949770
1150687881
1150687882
1150950025
1150950026
1151736201
1151736202
1217758561
1217758562
1217758625
1217758626
1217824161
1217824162
1217759585
1217759586
1214655109
1214655110
1151670858
1214859857
1214859858
1214859921
1214859922
1213876881
1213876882
1213875857
2287277449
1213535557
1213535558
1213535813
1213535814
1213797957
1219054225
1219054226
1213797958
2291542665
2291542666
2291804553
2291804554
2291804809
2291804810
1214589321
1214589322
1218005393
1218005394
1218857618
1217743505
1217743506
1218792017
1218792018
1218792081
2291475785
2291475786
1218087521
1218087522
1218022049
1218022050
1218087585
1218087586
1219070561
1219070562
1218779781
1151736453
1151736454
1218070865
1218070866
1151998597
1151998598
1151736389
1151736390
1150699858
1150622277
2292591241
2292591242
2292853385
2292853386
1217729861
1217729862
1217730117
1217730118
1217992261
1217992262
1146493322
1146755465
1146755466
1146493577
1146493578
1146755721
1146755722
1147541897
1147541898
1147546245
1218792097
1218857633
1150700177
1150700178
1218857634
1218779721
1218779722
1219041865
1219041866
2291541385
2291541386
2291541641
2291541642
2291803785
2291803786
2291542409
2291542410
1147554209
1146432070
1146522002
1146521937
1146521938
1146432069
2288405137
2288405138
2287348106
2287348361
2287348362
2287610249
2287610250
2287610505
2287610506
1213827681
1213827682
1213893217
1213893218
1214876322
1214941858
1213827745
1213827746
1213893281
1217743201
1217743202
1217743265
1217743266
1217808737
1150620998
1150621253
1150621254
1150698897
1150698898
1150622021
1150622022
1146430853
1146430854
1146431109
1146431110
1146492489
1146492490
1146521233
1146521234
1146431877
1214651017
1214651018
1218022033
1218022034
1218087505
1218087506
1218087569
1218087570
2287342985
2287342986
2287343241
2287343242
2287347333
2287347334
2287605385
1213535561
1218058629
1218058630
1218058885
1218058886
1218004561
1218004562
1218004625
1218004626
1218070161
1218070162
1218005585
1218005586
1150621001
1217808738
1217808801
1217808802
1150621002
1150625349
1150625350
1150621257
1151675017
1151675018
1217729865
1217729866
1217734213
1217734214
1217730121
1217730122
1217992265
1217992266
1217734981
1217734982
1146504594
1146426694
1146426950
1146426949
1146505553
1146505554
1146505617
1146505618
1146427717
1146427718
2291567009
2291567010
2288331333
2288331334
1213827665
1213893265
1213606277
1213606278
1213868421
1213868422
1217758801
1217758802
1217824337
1217824338
1217758865
1217758866
1217824401
1217824402
1218005345
1218005346
1213548961
1213548962
1213614433
1213614434
1213614497
1213614498
1213547873
1213547874
1213547937
1213547938
1217795717
1217795718
1218057861
1218057862
1217796485
1217796486
1217796741
1217796742
1214679697
1214679698
1218849161
1218849162
1218849417
1218849418
1151736197
1151736198
1218783621
1214589509
1214589510
1214847561
1214847562
1218783622
2292521353
2292521354
2292521609
2292521610
1146427721
1146427722
1146427977
1146427978
2291538569
2291538570
1214679649
1214679650
1214679713
1214679714
2291476038
2291549601
2291549602
2291472969
2291472970
1218021969
1218021970
1219054177
1219054178
1146431878
1146432133
1146432134
1146492297
1146492298
1146496645
1146496646
1146492553
1146492554
1146754697
1213602437
1213602438
1213864325
1213864326
1213864581
1213864582
2292525641
2292525642
2292615585
1147542149
1147542150
1147804293
1147804294
1146493317
1146493318
1146755461
1146755462
1146493573
1218058569
1218058570
1217796681
1217796682
1218058825
1218058826
2291537285
2291537286
2291537541
2291537542
2291799685
2291799686
2291538309
2291538310
1213535562
1213539909
1213539910
1213535817
1213535818
1213797961
1213797962
1213540677
1213540678
1213540933
1150626185
1150626186
1150716513
1150716514
1150626441
1150626442
1150716577
1150716578
1151674761
1151674762
2287605386
2287344009
2287344010
2287344265
2287344266
2287606153
2287606154
2287606409
2287606410
1217800774
1218062917
1218062918
1214876305
1214876306
1214585221
1214585222
1214585477
1214585478
2292521350
2288396937
2288396938
2288659081
2288659082
2291542345
2291542346
2291804489
2291804490
2291542601
2291542602
2291804745
2291804746
2292525449
2292525450
2291800713
2291800714
1213602121
1213602122
1213864265
2288405153
2288405154
1213864266
1213602377
1213602378
1213864521
1218005649
1218005650
1218071121
1218071122
1218071185
1218071186
1213606473
1213606474
1213868361
1213868362
1213868617
1213868618
1147570849
1147570850
1146431882
1146522209
1146522210
1146432137
1146432138
1146522273
1146522274
2292525701
2292525702
1218779782
2287348041
2287348042
2287610185
2287610186
2287348297
2287348298
2287610441
2287610442
2288331145
2288331146
1150691909
1150626373
1150626374
1150716241
1150716242
1150716305
1151670602
1151674949
1151674950
1151670857
1151748513
1214859938
1213811297
1213811298
1213811361
1213811362
1214597730
1213876833
1213876834
1213876897
1213876898
1218845258
1219046021
1219046022
1217796489
1217796490
1218058633
2288327305
2288327306
1213864522
2287348037
2287348038
2287610181
2287610182
2287348293
2287348294
2287610437
1217734281
1217734282
1217996425
1217996426
1219070609
1219070610
1219119777
1219119778
1150621258
1150698913
1150698914
1217742433
1217742434
1217742497
1218849349
1218849350
1219041929
1219041930
1218845257
1217730889
1217730890
2291542341
2291542342
2291542597
2287372882
2287372945
2287372946
1218857569
1218857570
1217743521
1217743522
1217808993
1217808994
1213630114
1213827425
1146497353
1146759497
1146759498
1146497609
1146497610
1146759753
1146759754
1147480714
2287282762
2287372705
1214655113
1214655114
1213539657
1213539658
1213539913
1213539914
1150625097
1150625098
1150625353
1150625354
1150715297
1150715298
1150626121
1150626122
2291567266
1218062665
1218062666
1218062921
1218062922
1217733961
1217733962
1217734217
1217734218
1213876626
1213811025
1213811026
1213876561
1213876562
1213811089
1213811090
1214597713
1213548881
1213548882
2287277637
2287277638
2287355281
2287355282
2288327045
2287278726
2288392581
2288392582
1218004642
1218021009
1218021010
1218070177
1218070178
1218005601
1218005602
1219054241
1219054242
1218005665
1213540681
1213540682
2292591173
2292591174
2292599457
2292599458
1146755653
1146755654
1217997125
1217997126
1217997381
1217997382
1151670601
1217742162
1217742225
1217742226
1217807761
1218792082
1219054161
1219054162
2287356561
2287356562
1147554210
1146522001
1213876625
1214597714
1214597777
1214597778
1214663249
1214663250
1214663313
1214663314
1213564497
1213564498
1213630033
1213630034
1213564561
2291800453
2291800454
2291471685
2291471686
2291471941
2291471942
2291549585
2291549586
2291538313
2291538314
2291804549
2291804550
2291542661
2291542662
2291804805
2291804806
2292591237
2292591238
2287372641
2287372642
2287372706
1146505825
1146505826
1146428041
1146428042
1146505889
1146505890
1146497605
1146497606
1146759493
1146759494
1217825106
1217825169
1217825170
1218783813
1218783814
1213540934
1213802821
1213802822
1213803077
1213803078
1213536585
1213536586
1213798729
1213798730
1213536841
1214585417
1214585418
1217799818
1218061961
1218061962
1218791777
1218791778
1218791841
1218791842
1213535625
1213535626
1213605445
1213605446
1213535881
1213535882
1213798025
1213798026
1213536649
1213536650
1150687621
1150687622
1150687877
1150687878
2287277385
2287277386
2287277641
1213630866
1214597473
1214597474
1214597537
1214597538
1214613905
1214613906
1150625161
1150625162
1150690889
1150690890
2292849289
1213811105
1213811106
1214614097
1214614098
1213565265
1213565266
1213565329
1213565330
1213630801
1213630802
1213547857
1213547858
1219046026
1217997450
1146493257
1146493258
1146755657
2287372625
2287372626
2287372689
2287372690
2287348357
2287348358
2287610245
2287610246
2287610501
2287610502
2288654985
2288654986
1213541001
1213541002
1213803145
1214589577
1214589578
1146431049
1146431050
1146520993
1146520994
1147570593
1147570594
1146431817
1146431818
1151670921
1151670922
1218070881
1218070882
1218857377
1218857378
1218071137
1218071138
1147546246
1146754698
1146497413
1146497414
1146497669
1146497670
1146759557
1146759558
1146759813
1146759814
2292525446
2292587081
2292587082
2292615825
2292615826
1146497673
1146497674
1146759817
1146759818
1146427785
1146427786
1147476361
1147476362
1147476617
1147476618
1213539717
1213539718
1213539973
1213539974
1213601353
1213601354
1213802117
1213802118
1151670665
1151670666
1146430857
1146496585
1146496586
1146521249
1146521250
2288392777
2288392778
2288421521
2288421522
2287281545
2287281546
2287347273
1213631137
1213565602
1214614178
1146426761
1217807969
1217807970
1217742498
1217808033
1217808034
1213802825
1213802826
1213540937
1213540938
1213803081
1213803082
1214589257
1214589258
1214589513
1214589514
1151748514
1150716306
1150622025
1150622026
1150699873
1150699874
1150622281
1150622282
1150699937
1150699938
1147546249
1147546250
1214650762
1213601161
1213601162
1213605509
1213605510
1213601417
1213601418
1213863561
1213863562
1213548130
1213613665
1146427973
1146427974
1147476293
1147476294
1147476549
1147476550
1147554193
1146504593
1217795653
1217795654
1217730181
1217730182
1217796421
1217796422
1213539721
1213539722
1213605449
1213605450
1213539977
1213539978
1213802121
1213802122
1213606217
1213606218
1150700129
1150700130
1150622345
1150622346
1150700193
1150700194
1150691653
1150691654
1213614417
1213614418
1218874001
1218874002
1213535878
1213602117
1213602118
1146505874
1150953861
1150953862
1150954117
1150954118
1218779466
1146427781
1146427782
1146505810
1147554449
1146427013
1146427014
1146504849
1217993033
1217993034
1217731145
1217731146
1217993289
1217993290
1218779465
1217735238
2288327301
2288327302
1150690954
1150690953
1150953097
1150953098
1150691721
1213630865
1214663073
1214663074
1213548897
1213548898
1213536842
1213798985
1213798986
1214585161
1214585162
1214585157
1214585158
1214585413
1214585414
1214847557
1214847558
1147480457
1147480458
1147480713
1147546185
1147546186
1146759561
1146759562
1146497417
1146497418
2287282505
2287282506
2288331081
2288331082
2288331337
2288331338
1217993097
1217993098
1217731209
1217731210
1217993353
1217993354
1218779529
1218779530
1213548113
1213548114
2291477061
2291477062
2291566929
2291566930
2291566993
2291566994
1213613666
1213548193
1213548194
1213613729
1213613730
1213548129
1214663265
1214663266
1213614754
1213602373
1213602374
1213864261
1213864262
1213864517
1213864518
1213535621
1213535622
1213601349
1213535877
2287282758
1146496393
1146496394
1146496649
1146496650
1146758793
1146758794
2287282501
2287282502
2287282757
2288404897
2288404898
2287356258
2287356321
1151675013
1151675014
1150625157
1150625158
1150625413
1150625414
1150686793
1150686794
1150715537
1150626181
2291476806
1146522193
1146522194
1146522257
1146522258
1146426762
1146427017
2287356577
2287356578
1146426757
1146493253
1146493254
1146755397
1146755398
1150626377
1150626378
1150716321
1150716322
1151674697
1151674698
1151674953
2288326985
2288326986
1217734025
1217734026
1217799753
1217799754
1214589317
1214589318
1214650953
1214650954
1214650761
1150954058
1213605257
1213605258
1213605513
1213605514
1213867657
1213867658
2291550609
2291550610
1151740549
1151740550
1150690949
1150690950
1150949001
1150949002
1150691717
1151736457
1151736458
1151998601
1146505633
1146505634
1147476297
1147476298
1147476553
1147476554
1147480645
1147480646
1213803146
1146754693
1146755717
1146755718
1147541893
1147541894
1146493574
1217735045
1217735046
1217735301
1217735302
1218783877
1218783878
1214663057
1214663058
1150691914
1150954057
1214597457
1214597458
1214597521
1214597522
1150626182
1150626437
1150626438
1150716497
1150716498
1150716561
1150716562
1214679633
1214679634
1213565522
1213565585
1213565586
1218845065
1218845066
2292849285
1213799046
2292849286
1214650949
1214650950
1214847621
1214847622
1146755658
1217734985
1217734986
1217997129
1217997130
1217735241
1217735242
1217997385
1217996361
1217996362
1218779785
1218779786
1218058634
1217796745
1217796746
1218058889
1218058890
1213629857
1218062725
1218062726
1213565601
1213631073
1213631074
2287344261
2287344262
2287606405
1213564513
2287606406
2288392837
2288392838
2288654981
1214925473
1214925474
1213548945
1213548946
1213614481
1213614482
1150953797
1150953798
1213798793
1213798794
1214585225
1214585226
1214655045
1214655046
1150691910
1150954053
1214651014
1214913157
1214913158
1213601157
1213601158
1213601413
1213601414
1213863557
1217735049
1217735050
1217997193
1217997194
1217735305
1217735306
1217997449
1218783881
1218783882
1219046025
2288396873
2288396874
2287282569
2287282570
2287343946
2287606089
2287606090
2287344201
2287344202
2287606345
2287606346
2288331141
2288331142
2287372881
1213565538
1213564514
1213630049
1213630050
1213564577
1213564578
1213630113
1146759750
1150622341
1150622342
1150621061
1150621062
1150686789
1150686790
1150621317
1150621318
1150699153
1150699154
1150700114
1217800521
1217800522
1217800777
1217800778
2287282761
2288421281
2288421282
1217759569
1217759570
1218808209
1218808210
1217759633
1217759634
1217825105
1218779461
1218779462
1218779717
1218779718
1213549153
1213549154
1213614689
1213614690
1213549218
1213614753
1146426758
1146492485
1146492486
1146504850
2287348101
2287348102
1151740489
1151740490
1151765153
1151765154
1150691657
1150691658
1150953802
1150691913
1150716257
1150716258
1213547921
1213547922
1213613457
1213613458
2291476869
2291476870
2291567185
2291567186
2292525445
2287281801
2287281802
2287371937
2287371938
1146427018
1146496581
1146496582
1146504865
1146504866
1146759749
1217743457
1217743458
1146521953
1213798789
1213798790
1213799045
1218058565
1218058566
1218058821
1218058822
1218779525
1218779526
1218845253
1218845254
1217729925
1217729926
1146430793
1146430794
2291538565
2291538566
2291800709
2291800710
1150691722
1150691977
1150691978
1150953865
1150953866
1150954121
1150954122
1150690697
1150690698
1217799817
2291476805
2291550625
2291550626
1213802057
1213802058
1214851657
1214851658
1151740297
1151740298
2291567249
2291567250
1146493321
1147804297
1147804298
2288326981
2288326982
2287278405
2287278406
2287278661
2287278662
2287356241
2287356242
2287356305
2287356306
1147808393
1147808394
1147545993
1147545994
2287606341
2287606342
2287343941
2287343942
1213565537
2292587141
2292587142
1213614673
1213614674
1213614737
1213614738
1150691718
1150691973
1150691974
2292599201
2292599202
1151740553
1151740554
1152002697
1152002698
2291542598
2291471753
2291471754
2291541573
2291541574
2291472009
2291472010
1217997386
1218783561
1218783562
1218783817
1218783818
1219045961
1219045962
1218062985
1218062986
1219111561
1219111562
1217799561
1217799562
2287356322
2288327046
2287344197
2287344198
2287606085
2287606086
1150626117
1146505569
1146505570
1150948997
1150948998
1214941857
1213826657
1213826658
1213826721
1213826722
1213892257
1213892258
1213893282
1213602185
1213602186
1150949765
1150949766
1150950021
1150950022
1150686597
1150686598
2287347274
1218005409
1218005410
1218070945
1218070946
1218873937
1218873938
1217759825
1217759826
1219041925
1219041926
1213602441
1213602442
1213864329
1213864330
1213864585
1213864586
1147542153
1147542154
2287610438
2288331397
2288331398
1217759649
1217759650
1217825121
1217825122
1217825185
1217825186
1150686853
2292521541
2292521542
1150686854
2291472709
2291472710
1217735237
2287347081
2287347082
2287347337
2287347338
2287609481
2287609482
2287348105
1218005666
1218071201
1218071202
1218004577
1218845061
1218845062
1218845317
1218845318
1217795461
1217795462
1146754694
1218004578
1218004641
2291538249
2291538250
2291800393
2291800394
2291538505
2291538506
2291800649
2291800650
1217759841
1217759842
1217825377
1217825378
1217759905
1217759906
1217825441
1217825442
1218808481
1218808482
2291477126
1150954054
2291566945
2291566946
2291477065
2291477066
2292525385
2292525386
1218791761
1218791762
1218791825
1218791826
1218857361
1218857362
2287606149
2287606150
2291567265
1151670917
1151670918
1151748753
1151748754
1150687814
1150687813
2287282565
2287282566
1218857617
1218070929
1218070930
1217808977
1217808978
1217809041
2287356513
2287356514
1146493509
1147554194
1151998602
2292521285
2292521286
1213602181
1213602182
1214613857
1214613858
1214613921
1214613922
1214679457
1214679458
1151748497
1151748498
1150699857
1150620997
2291538501
2291538502
2291800389
2291800390
2291800645
2292521605
2292521606
2292599441
2292599442
2288396681
2288396682
1219070625
1219070626
1219136161
1219136162
1219107461
1219107462
1219041861
1219041862
1217796677
1217796678
1214917257
1214917258
1218808161
1218808162
1218808225
1218808226
1150626118
1213811345
1213811346
1214925457
1214925458
1213875858
2287277381
2287277382
2292591177
2292591178
2292590985
2292590986
1217742161
1219119761
1219119762
2291566226
2291477125
1213863558
2292586885
2292586886
