1150953873
1150953874
1150953889
1150953890
1150954129
1150954130
1150954145
1150954146
2292521361
2292521362
2292521377
2292521378
2292521617
2292521618
2292521633
2292521634
1213826697
1213826698
1146427745
2291472737
2291472738
2291472977
2291472978
2291472993
2291472994
2291550533
2291550534
2291550537
2291550538
1217808965
1217730897
1217730898
1217734993
1217734994
1217796433
1217796434
1217800529
1217800530
1217730961
1217730962
2292525473
2292525474
2292586913
2292586914
2287610514
2287610529
2287610530
2292591009
1146427985
1146427986
1146432081
1146432082
1146493521
1146493522
1146497617
1146497618
1217993361
1217993362
1217997457
1217997458
1218058897
1218058898
1218062993
1218062994
2287606353
2287606354
2287606369
2287606370
2287278433
2287278434
2287278673
2287278674
2287278689
2287278690
2287356229
2287356230
2287356233
2287356234
1217808966
1217825349
1217825350
1218071109
1218071110
1218087493
1218087494
1217742405
1217742406
1217742409
1213606225
1213540753
1213540754
1213606289
1213606290
1213536593
1213536594
1213540689
1213540690
1213602129
1213602385
2288405129
2288405130
2288421513
2288421514
1150715465
1150715466
1150715525
1150715526
1150715529
1150715530
1150626193
1150626194
1150626209
1150626210
2291800465
2291800466
2291800481
2291800482
2291800721
2291800722
1150950033
1150950034
1217759561
1217759562
1218005321
1218005322
1218021705
1218021706
1213827653
1213827654
1213540769
1213540770
1213541009
1213541010
1213541025
1213541026
2291542353
2291542354
2291542369
2291542370
2291542609
2291542610
2291542625
2291542626
1213864273
1213864274
1213868369
1213868370
1213876806
1213876809
1213876810
1146505605
1213605265
1213605266
2291550597
2291550598
2291566981
2291566982
2291800657
2291800658
1213535569
1213535570
1213535585
1213535586
1213535825
1213535826
1213535841
1213535842
1213548101
1213548102
1146431121
1146431122
1146431137
1146431138
1146504777
1146504778
1146521161
1146431889
1146431890
1146431905
1147542114
1150691665
1150686609
1150686610
1150686625
1150686626
1150686865
1150686866
1150686881
1151748741
1151748742
1213876618
1213893001
1213893002
1217729873
1217729874
1217729889
1217729890
1217730129
1217730130
1217730145
1217730146
1219041937
1219041938
1219046033
1219046034
1219107473
1219107474
1219111569
1219111570
1217743241
1217743242
1217759625
1217759626
1218005385
1218005386
1218021769
1218021770
1217743497
1217743498
1218857541
1218857542
1218873925
1218873926
1219041953
1219041954
1146504841
1217992273
1217992274
1217996369
1217996370
1218004613
1218004614
1218004617
1218004618
1217992337
2287610194
2287356293
2287356294
2287372677
2287372678
1147480482
1147480721
1147480722
1147480737
1147480738
1218779745
1218779746
1218783841
1218783842
1218845281
1218845282
1218849377
1150622098
1150622113
1150622114
1150622353
1150622354
1150622369
1150622370
2288396898
2291542689
2291542690
1213613641
1213613642
1213613701
1213613702
1213613705
1213613706
1218783569
1218783570
1218783585
1218783586
1218783825
1218783826
2287278497
2287278498
2287282593
2287282594
2287344033
2287344034
2287348129
2287348130
1213548937
1213548938
1213565321
1213565322
1214614085
1214614086
1214614089
1214614090
1214614149
1214614150
1214614153
1214614154
1214679621
1214679622
1213539681
2291538529
2291538530
1213539665
1213539666
1213539682
1213539921
1213539922
1213539937
1213539938
1213548105
1213548106
2291471761
2291471762
2291471777
2291471778
2291472017
2291472018
2291472033
1150621025
1150621026
1150625121
1150625122
1150625361
1150625362
1150625377
1150625378
1150621089
1150621090
2287372934
2287372937
2287372938
1214654865
1214654866
1214654881
1214654882
1214655121
1214655122
1214655137
1214655138
1217733969
1217733970
1217733985
1150626465
1150626466
1150687905
1150687906
1150692001
1150692002
1217796497
1217796498
1217796513
1217796514
1217796753
1217796754
1217796769
1217796770
2292587154
2292587169
2292587170
1146759825
1146759826
1146759841
1146759842
2288327057
2288327058
2288327073
2288327074
2288327313
2288327314
2288327329
2288327330
1217735057
1217735058
1217800593
1217800594
2287356298
2291566214
1218062673
1218062674
1218062689
1218062690
1218062929
1218062930
1218062945
1218062946
2291476066
2291537505
2291537506
2291541601
2291541602
2291472034
2291476129
2287343202
2287347297
2287347298
1213614662
1213614665
1213614666
1213614725
1213614726
1213614729
1213614730
1217731169
1217731170
1217735265
1217735266
1217796705
1217796706
1217800801
1217800802
1217731233
1217731234
2288331169
2288331170
1150622097
1150700106
1150621346
1150699077
1150699078
1150699081
1150699082
1150699141
1150699142
1150699145
2291550601
2291550602
1213565254
1213565257
1213565317
1213565318
1151736209
1151736210
1151736225
1151736226
1151736465
1151736466
1151736481
1151736482
2291537297
2291537298
2291537313
2291537314
2291537553
1213799057
1213799058
1213803153
1213803154
1213864593
1213864594
1213868689
1213868690
2287281762
1213614661
1213631045
1213631046
1213876805
1213893189
1213893190
2287343201
2291473041
2291473042
2291477137
2291477138
2291538577
2291538578
2291542673
2291542674
1213606497
1213606562
1214585505
1213536865
1213536866
1213540961
1213540962
1214589601
1214585441
1151670945
1151670946
1151675041
1151675042
1146426769
1146427793
1146427794
1146427809
1146427810
1146428049
1146428050
1146428065
1146428066
1146505797
1213602402
1213606498
2287606161
1146426770
1146426785
1146426786
1146427025
1146427026
1146427041
1146427042
2287606162
2287606177
1213811018
1213827401
1213827402
1218779537
1218779538
1218783633
1218783634
1218845073
1218845074
1218849169
1218849170
1217743237
1217743238
1217759621
1217759622
1218005381
1218005382
1218021765
1218021766
1217743493
1217743494
2291567177
2291567178
1213565578
2287348049
1146496417
1146496418
2287348050
2287348065
2287348066
2287348305
2287348306
2287348321
2287348322
2292587106
2287347361
2287347362
1214851730
1214851745
1214851746
1217808969
1217808970
1214847633
1214847634
1213548933
1213548934
1213811077
1213811078
1213827461
1213827462
1213549189
1213549190
1214663237
1214663238
1214847649
1214847650
1150622033
1150622034
1150687569
2292525713
2292525714
2292587153
2292591265
2292591266
1214585442
1214589537
1214589538
1214650977
1214650978
1214655073
1214655074
1214589265
1214589266
1214589281
1214589282
1214589521
1214589522
1217730913
1217730914
1151674978
1217731153
1217731154
2291799697
2291799698
2291799713
2291799714
2292599369
2292599370
2292615753
2292615754
2292615813
2292615814
2292615817
2292615818
1146521925
1146521926
1146521929
1146521930
1146521989
1146521990
1146521993
1146521994
1146505606
1146755665
1146755666
1146759761
1146759762
1217759813
1217759814
1217759817
1217759818
1217759877
1217759878
2291476113
2291476114
2291537554
2291541649
2291541650
2291538257
2291538258
2291538273
2291538274
1217735249
1217735250
1217796689
1217796690
1217800785
1217800786
1217731217
1217731218
1146432161
1146432162
1213602209
1213602210
1213602449
1213602450
1213602465
1213602466
1150690961
1150690962
1219070598
1219070601
1219070602
1151670609
1151670610
1151670625
1151670626
1151670865
1151670866
1150949969
1150949970
1150949985
1150949986
1213536657
1213536658
1213602193
1213602194
1217808713
1217808714
1217825097
1217825098
1218070857
1218070858
1218087241
1218087242
1213868385
1213868386
1213868625
1213868626
1213868641
1213868642
2287277714
2287281809
2287281810
2287343249
2287343250
2287347345
2287347346
2287343953
2287343954
2287343969
1150699849
1150699850
1214651025
1214651026
1214655058
1213536849
1213536850
1213540945
2291542417
2291542418
2291542433
2291542434
1150690722
1150690977
1150690978
1150699146
1150949025
2287356297
1213811337
1213811338
1213827721
1213827722
1218061985
1218061986
2291800674
2291804769
2291804770
1218791813
1218791814
1218808197
1218808198
1218845265
1218845266
2287282833
2287282834
2287344273
2287344274
2287348369
2287348370
1147476641
1147546274
1217809029
1217809030
1217809033
1217809034
1146497425
1146497426
1146497441
1146497442
1146497681
1146497682
1146497697
1146497698
1146759569
1146759570
2287282529
2291538513
2291538514
1213601361
1213601362
1213605457
1213605458
1219041889
1219041890
1219045985
1219045986
1219070597
1217824394
1218061969
1218061970
1214650770
1214585233
1214585234
1214589329
1214589330
1214650769
1218783649
1218783650
1218783889
1218783890
1218783905
1218783906
2287372873
2287372874
2287606178
2287610273
2287610274
2292591010
1150716485
1150716486
1150716489
1150716490
1150716549
1150716550
1150716553
1150716554
1151736417
1151736418
1151740513
1151740514
1214650786
1150950049
1150950050
2287344289
2287344290
1146427729
1146427730
1146431825
1146431826
2288331409
2288331410
2288392849
2288392850
1146431906
1146426721
1146426722
1146430817
1146430818
1146493345
1146493346
1217997201
1217997202
1218058641
1218058642
1218062737
1218062738
1213811013
1213811014
1213811017
1218062753
1218062754
1218063009
1218063010
2288405065
2288405066
2288421449
2288421450
2288421509
2288421510
1217800546
2291550789
2291550790
2291550793
2291550794
2291550853
2291550854
2291550857
1150699909
1150699910
1150699913
1150699914
1213565509
1213565510
1213565513
1213565514
1213565573
1213565574
1213565577
2291476817
2291476818
2291476833
2291476834
2291477073
2291477074
2291477089
2291477090
1150687634
1150687649
1150687650
1150687889
1150687890
1150949777
1150949778
1150949793
2291472721
2291472722
1213827658
2291567237
2291567238
2291804817
2291804818
1217996449
1217996450
1146492561
1146492562
1146496657
1146496658
1151748745
1151748746
1151765129
1151765130
1151998625
1213864546
1147476306
1147476305
1213606545
1213606546
1146492514
1146496609
1146496610
1147546273
1147476642
1146492577
1218857545
1218857546
1218857605
1218857606
1218857609
1218857610
1217992289
1217992290
2287348385
2287348386
1146521222
1146492306
1146492321
1146492322
1146492578
1146504837
1146504838
1213602386
1213602401
1218779489
1218779490
1218808201
1218808202
1217996385
1217996386
1217734034
1217734049
1217734050
1217734289
1217734290
1217734305
1217734306
1217807945
1217807946
1150716233
1150716234
1150949729
1150949730
1150953825
1150953826
1150700105
1213540946
1213802833
1213802834
1213802849
1213802850
1213803089
1213803090
1214597509
1214597510
1214613893
1214613894
1214650961
1214650962
1151674962
1151674977
1214651041
1214651042
2287610450
2287610465
2287610466
2292599429
2292599430
2292849297
2292849298
2292849313
1146755681
1146755682
1213630090
1214585250
1213867665
1213867666
1213867681
1213539985
1213539986
1213540001
1213540002
1213630025
1213630026
1213802129
1213802130
1218005578
1218005637
1218005638
1218005641
1218005642
1214589345
1214589346
1146755426
1146759521
1146759522
1146755489
1146755490
1146759585
1146759586
1147480465
1147480466
1147480481
1150691745
1150691746
1217730977
1217730978
2292521553
2292521554
2287355465
2287355466
2287355525
2287355526
2287355529
2287355530
2292525649
2292525650
2288655009
2288655010
2288659105
2288659106
1146522181
1146522182
1146522185
1146522186
1146522245
1146522246
1146522249
1146522250
1218087237
1218087238
1218087301
1218087302
1218087305
1218087306
1217997137
1217997138
1217997153
1217997154
1217997393
1217997394
1217997409
1217997410
1217808774
1217825157
1217825158
1218070917
2288396945
2288396946
1218070918
2291800737
2291800738
1213547913
1213547914
1213564297
1213564298
1213605473
1213605474
1213548169
1213548170
1146505865
1146505866
1217758789
1217758790
1217758793
1213631049
2292587105
2292591201
2292591202
2292525730
1217729937
1217729938
1217729953
1217729954
1217730193
1217730194
1217730209
1217730210
1217807941
1217807942
1150949713
1150949714
1150953809
1146505801
1146505802
1147554377
1147554378
1147570761
1147570762
1147570821
1147570822
1147570825
1147570826
2287278753
2287278754
2287282849
2287282850
1213798801
1213798802
1213798817
1213798818
1213799073
1213799074
1147554373
1147554374
1147554437
1217808005
1217808006
1217808009
1217808010
1150626129
1150626130
1150626145
1150626146
1213802913
1213802914
1213803169
1213803170
1213614409
1213614410
1213630793
1213630794
1213876553
1213876554
1150626386
1150626401
1150626402
1150716229
1150716230
1150716293
1150622049
1150622050
1150625185
1150625186
1217800609
1217800610
1217800849
1217800850
1217800865
1217800866
1151740305
1151740306
1151740321
1151740322
1151740561
1151740562
1151740577
1151740578
1146759777
1146759778
1146521221
1146754705
1146754706
1146754721
1146754722
1146426961
1146426962
1146431057
1146431058
1146492497
1213892997
1213892998
1214650785
1213630085
1213630086
1213863569
1213863570
1213863585
1213863586
1213864289
1218021958
1218021961
1218021962
1218022021
1218022022
1218022025
1218022026
1146492498
1146492513
1146432145
1146432146
1146493585
1146493586
1147476625
1217743434
1218005577
1218792009
1218792010
1218808393
1218808394
1219045969
1219045970
1146492305
1146496401
1146496402
1146430866
1146426977
1146426978
1146430865
1146426706
1213802145
1213802146
1213867682
1150716294
1150954065
1150954066
1150700165
1150700166
1151765125
1151765126
1218845345
1218845346
1218020997
1218020998
1218058577
1218058578
1218058593
1218058594
1218058833
1218058834
1213601377
1213601378
1213535905
1213535906
1213536929
1213536930
1213606561
1214585506
1214589602
1213892934
1146505861
1146505862
1146755729
1146755730
1213864290
1213864529
1213864530
1213864545
1213547909
1213547910
1213564293
1213564294
1214589585
1214589586
1214663241
1214663242
1214679625
1214679626
1214851729
1218071113
1218071114
1218071173
1218071174
1218071177
1218071178
1150949794
1151748681
1151748682
1151765065
1151765066
1150625169
1150625170
1213798033
1213798034
2291475857
2291549770
2291566153
2291566154
2291566213
2291566217
2291566218
1217997217
1217997218
1218058657
1218058658
2287277665
2287277666
2287281761
2288392866
2288396961
2288396962
2287277729
2287277730
2287281825
2287281826
1146759505
1146759506
2287372869
2287372870
2287372933
1218070853
1218070854
1147541905
1147541906
1147541921
1147541922
1147542161
1147542162
1147542177
1147542178
1147554438
1217734033
1217825353
1217825354
1218087497
1218087498
1214585249
1147808417
1147804321
1147804322
1146504842
1146521225
1146521226
1146758817
1146758818
1213549193
1213549194
1214597769
1214597770
1214859913
1214859914
1214876297
1214876298
1213605281
1150686801
1150686802
1146493265
1146493266
1146493281
1146493282
1146493537
1146493538
1146755409
1146755410
1146755425
1213893257
1213893258
1213797985
1213797986
1213802081
1213802082
1213826693
1213826694
1213798049
1213798050
1217735009
1217735010
1151674721
1151674722
1151674961
1213601169
1213601170
1213601185
1213601186
1213601425
1213601426
1213601441
1213601442
1150691666
1150691681
1150691682
1150691921
1150716297
1150716298
1150954081
1150954082
1150700169
1150700170
1214597765
1214597766
1219111585
1217799570
1217799585
1217799586
1217799825
1217799826
1217799841
1217799842
1146431841
1146431842
1146497377
1146497378
1146427746
1150686817
1150686818
1150621329
1150621330
1150625425
1150625426
1150621265
1150621266
1218849185
1218849186
1218849425
1218849426
1218849441
1218849442
2288396706
2287347089
2287347090
2287347105
2287347106
2287371913
2287371914
2287605409
2287605410
2287609505
1213876874
1213614473
1213614474
1213630857
1213630858
1213876617
1214585170
1213602130
1213614406
1213606226
1214585169
1214597513
1214597514
1213811274
1213811333
1213811334
1213606481
1213606482
1214585425
1214585426
1213811270
1213811273
1213876869
1213605282
2287606417
2287606418
2287610513
2288405125
2288405126
2288654993
2288654994
2287282769
2287282770
1217993057
1217735329
1217735330
1218779809
1218779810
1217734241
1151670673
1151670674
1151674769
1151674770
1218058849
1218058850
1218792069
1218792070
1218808453
1218808454
1219054213
1219054214
1213797970
1146493329
1146493330
1146497361
1146497362
2287609506
1213864609
1213864610
1213868705
1213868706
1213799009
1213799010
2291473057
2291473058
1218779729
1218779730
1218849361
1218849362
1217735313
1217735314
1217992338
1218873989
1218873990
1219107489
1219107490
2288392593
2288392594
2288396689
2288396690
2287277393
2287277394
2287277409
2287277410
2287277649
2287277650
2292587089
2292587090
2291538321
2291538322
2291538337
2291538338
2292849314
2291804753
2291804754
1217808709
1217808710
1217808773
1217743173
1217743174
1217743177
1217743178
2291537570
2291541665
2291804497
2291804498
2291804513
2292521569
2292521570
2292525665
2292525666
2292525729
1213614469
1213614470
1213630853
1213630854
1213876613
1213876614
1213631109
1213631110
1213876870
1213535633
1213535634
1213539729
1213539730
1219054217
1219054218
1151998609
1151998610
1151998626
1150686882
1150949009
1150949010
1150949026
1150687633
1217758857
1217758858
1218021001
1218021002
1150622305
1150622306
1150687841
1150687842
1150691937
1150691938
2287342993
2287342994
2287343009
2287343010
2287343265
2287343266
1213798993
1213798994
2291804578
2291566921
2291566922
2291800417
2291800418
2291804514
1147476577
1147476578
1147480673
1147480674
1147542113
1147546209
1147546210
1213549126
1213549129
1213549130
1213802898
1214597701
1214597702
1214597705
1214597706
2288331153
2288331154
2288331425
2288331426
2287372618
1218057890
1218021957
1218058913
1218058914
1219111586
1219046049
1219046050
1217734242
1217795681
1217795682
1217799777
1217799778
1217795745
1217795746
1217824389
1217824390
1218057873
1218057874
1218057889
1213605537
1213605538
1213892937
1213892938
1213893253
1213893254
1213892933
1213827466
2288327265
2288327266
2288331361
2288331362
2288392801
2288392802
2288396897
2288396705
1217742213
1217742214
1150626450
1150691985
1150691986
1150626449
1150622289
1150622290
1150626385
1150687825
1150687826
2287356485
2287356486
2288405061
2288405062
2287278481
2287278482
2291566917
2291566918
2291800401
2291800402
1213827397
1213827398
1213827465
1213602145
1213602146
2291550858
2291567242
2291804833
2291804834
2291804561
2291804562
2291804577
1147476626
1147546257
1147546258
1147476561
1147476562
1147480657
1147480658
1147542097
1218779473
1218779474
1218791817
1218791818
1217742217
1217742218
1218087557
1218087558
1218087561
1218087562
1218849378
1217997473
1217997474
1217758597
1217758598
1217795665
1217795666
2292591249
2292591250
2291566985
2291566986
2291800673
2291567241
2292590993
2292590994
2291476130
2291537569
1213548873
1213548874
1213565258
1217795729
1217795730
1217734225
1217734226
1217799761
1217799762
1150691922
1213811081
1213811082
1146493601
1146493602
1218779553
1218779554
1218845089
1218845090
2292525458
2291471697
2291471698
2291471713
2291471714
2291471953
2291471954
2291471969
2291471970
2292521297
2287281505
2287281506
2287281745
2287281746
2287277473
2287277474
1213606306
1213606305
1213606241
1213606242
1213536673
1213536674
1218792005
1218792006
1218808389
1218808390
1219041873
1219041874
2292599433
2292599434
2292853409
2292853410
1146426705
1213868450
1213811269
1213548869
1213548870
1213565253
1213549125
2287372681
2287372682
2287356553
2287356554
2287606433
2287606434
1214847585
1214847586
2287277457
2287277458
2287281553
2287281554
1217743430
1217743433
1217993041
1217993042
1217993105
1217993106
1146430881
1146430882
1147542098
2287610449
1214613897
1214613898
1214655057
2291549829
2291549830
2291549833
2291549834
2291472785
2291472786
2291472801
2291541666
2291476065
1150700102
2287610193
2287610209
2287610210
1214859909
1214859910
1214876293
1214876294
2291476050
2291537489
2291537490
2287606098
2287606113
2287606114
2287606097
1214585489
1214585490
1150953121
1150953122
2292521298
2292521313
2292521314
2292525457
2292586897
2292586898
1146497633
1146497634
1146496673
1146496674
1146755473
1146755474
1146755745
1146755746
2287278417
2287278418
2287282513
2287282514
1217735073
1217735074
1151674785
1151674786
1151675025
1151675026
2287355461
2287355462
1213564553
1213564554
1213810313
1213810314
1217825413
1217825414
1217759881
1217759882
1213564489
1213564490
1213564549
1213564550
1213630089
2291477153
2291477154
2291538593
2291538594
1217993121
1217993122
1217993377
1217993378
1151748677
1151748678
2288392865
1213535649
1213535650
1213535889
1213535890
1146505609
1146505610
1147554441
1147554442
1213803105
1213803106
1150690721
1213548165
1217742469
1217742470
1217758853
1217758854
1146432097
1146432098
2288327250
2288331345
2288331346
2288392785
2288392786
1217799569
1213605521
1213605522
1213631113
1213631114
1213876873
1147476321
1147546001
1147546002
1146428001
1147808418
1147546017
1147546018
1147476369
1147476370
1147476385
1147476386
1150621281
1150621282
1150690913
1150690914
1150621345
1150625441
1150625442
1213613637
1213613638
1213630021
1213630022
1150621009
1150621010
1217992353
1217992354
1146428002
1146505541
1146505542
1146505545
1146505546
1213536610
1213540705
1213540706
1213539745
1213539746
1213630790
1213827657
1213827717
1213827718
1213893193
1213893194
1150691730
1150621073
1150621074
1150690705
1150690706
1213564485
1213564486
1213797969
1217795473
1217795474
1217795489
1217795490
1217824325
1217824326
1217993058
1218005317
1218005318
1218021701
1218021702
1217758601
1217758602
1217742473
1217742474
1213864337
1213864338
1213864353
1213864354
1147804306
1147804305
1218873929
1218873930
2287282530
2287343970
2288327009
2288327010
2288331105
2288331106
1213631050
1150953810
2291567173
2291567174
1218873993
1218873994
1146505798
1146504773
1146504774
1146431073
1146431074
2287281569
2287281570
1152002721
1152002722
1150691729
1213868449
1213630789
1213876549
1213876550
1146521162
1214679685
1214679686
1214679689
1214679690
1213798753
1213798754
1213536913
1213536914
1213614405
1214851681
1214851682
1213802897
1150687586
1150687570
1150687585
1217824393
1217825417
1217825418
2291472802
1218792073
1218792074
1150699845
1150699846
1151670881
1151670882
1217733986
1217742410
2287277713
1151670689
1151670690
1213868433
1213868434
1213798737
1213798738
1217824329
1217824330
1217996433
1217996434
1217758794
2287371849
2287371850
2287371909
2287371910
2287282577
2287282578
1147476322
1147480417
1147480418
1217808777
1217808778
1217825161
1217825162
1218070921
1218070922
1217759557
1217759558
1217825093
1217825094
1217993297
1217993298
1217993313
1217993314
1214663305
1214663306
1214917265
1214917266
1214917281
1214917282
1213548166
2287344017
2287344018
2287348113
2287348114
2291803809
2291803810
2291541393
2291541394
2291541409
2291541410
1213536609
2292525409
2292525410
2291475873
2291475874
2291475809
2287610257
2287610258
1214913185
1214913186
1217743429
2292599365
2292599366
2291549765
2291549766
2291549769
1150700101
1214663301
1214663302
1214913169
1214913170
2287344209
2287344210
2287278737
2287278738
2287344225
2287344226
2288327249
1217800545
1214847569
1214847570
1214851665
1214851666
1218779793
1218779794
2287372617
2287356489
2287356490
1213802065
1213802066
2291475858
2288392610
1217796449
1217796450
1151670929
1151670930
1151736401
1151736402
1213810309
1213810310
2287372613
2287372614
1218808457
1218808458
2287605393
2287605394
2291476881
2291476882
2291476897
2291476898
1218845329
1218845330
2291475810
2291476049
2287282785
2287282786
1214585185
1214585186
1218005573
1218005574
2287356549
2287356550
2288392609
2287343185
2287343186
2288326993
2288326994
