361114174800
447350376864
722228283808
361182332560
636060239504
429901809296
704779716240
378362201744
653240108688
447081678480
721959585424
361450768016
636328674960
447350180448
361114241424
635992148368
429833718160
704711625104
378294110608
653172017552
447013587344
721891494288
361382676880
636260583824
378294307472
653172214416
361383986512
636261893456
430103463248
704981370192
653240436048
361182659920
636060566864
429902136656
704780043600
447082005840
361115289248
635993196192
429834765984
704712672928
378295158432
653173065376
447014635168
361114503824
635992410768
429833980560
653507562128
447349131920
722227038864
704711887504
378294373008
653172279952
447013849744
704712935760
378295421264
653173328208
447014898000
721892804944
361383987536
636261894480
653173066400
447014636192
430102350480
704980257424
721892543136
361383725728
636261632672
361114438048
635992344992
429833914784
704711821728
378294307232
653172214176
447013783968
721891690912
361382873504
636260780448
361114241440
635992148384
429833718176
704711625120
378294110624
361182399120
636060306064
429901875856
704779782800
378362268304
653240175248
447081745040
721959651984
361450834576
636328741520
361449982304
636327889248
430169459040
705047365984
378629851488
653507758432
447349328224
722227235168
430103135840
704981042784
378563528288
378630900384
653508807328
361450767952
636328674896
430170244688
705048151632
378630637136
653508544080
447350113872
722228020816
704980257360
361181546080
636059453024
429901022816
704778929760
378361415264
653239322208
447080892000
361115288928
635993195872
429834765664
704712672608
378295158112
653173065056
447014634848
721892541792
361383724384
636261631328
430102415696
704980322640
378562808144
447282284880
653440715088
361181612368
636059519312
429901089104
704778996048
378361481552
704711625376
378294110880
653172017824
447013587616
721891494560
361382677152
636260584096
378629851552
653507758496
430170245728
705048152672
378630638176
653508545120
447350114912
722228021856
378629655136
653507562080
430103202400
704981109344
378563594848
653441501792
447283071584
722160978528
378563594912
653441501856
361450048160
636327955104
430169524896
705047431840
378629917344
378362268240
653240175184
447081744976
721959651920
361450834512
636328741456
430170311248
705048218192
378630703696
653508610640
361115551392
635993458336
429835028128
704712935072
378295420576
653173327520
447014897312
721892804256
361383986848
636261893792
447349130848
430103201424
704981108368
378563593872
653441500816
447283070608
722160977552
361182333344
636060240288
429901810080
704779717024
378362202528
704711625056
378294110560
653172017504
447013587296
721891494240
361382676832
636260583776
430102153568
704980060512
378562546016
361182595488
636060502432
429902072224
704779979168
361181349264
636059256208
429900826000
704778732944
378361218448
653239125392
447080695184
721958602128
636260582800
430102152592
430170245520
705048152464
378630637968
653508544912
447350114704
722228021648
653508610464
361449981536
636327888480
430169458272
705047365216
378629850720
653507757664
447349327456
361115551072
635993458016
429835027808
704712934752
378295420256
653173327200
447014896992
721892803936
361383986528
636261893472
361114503840
635992410784
429833980576
361115224464
635993131408
429834701200
704712608144
378295093648
653173000592
447014570384
721892477328
361383659920
636261566864
447013784208
721891691152
722160977488
361182333280
636060240224
429901810016
704779716960
378362202464
653240109408
447081679200
721959586144
361450768736
636328675680
378629653856
653507560800
447349130592
722227037536
361181611680
636059518624
429901088416
704778995360
378361480864
361383659168
636261566112
430103135904
704981042848
378563528352
653441435296
447283005088
722160912032
447014569376
721892476320
361383658912
636261565856
430103135648
704981042592
378563528096
653441435040
722227037792
447283004832
378362201488
653240108432
447081678224
361182332304
636060239248
429901809040
361450767760
636328674704
430170244496
705048151440
721891690896
361382873488
636260780432
430102350224
704980257168
378562742672
653440649616
447282219408
722160126352
361114503520
635992410464
429833980256
704711887200
447282219664
722160126608
378294372704
653172279648
447013849440
361451030944
636328937888
430170507680
705048414624
635992409488
429833979280
704711886224
378294371728
653172278672
447013848464
721891755408
361382938000
636260844944
430102414736
378629917072
653507824016
430103202208
704981109152
378563594656
653441501600
447283071392
722160978336
361182398864
636060305808
429901875600
704779782544
378362268048
653240174992
447081744784
721959651728
361450834320
636328741264
447283004752
722160911696
361115485520
635993392464
429834962256
704712869200
378295354704
653173261648
447014831440
721892738384
653172999520
447014569312
721892476256
361383658848
636261565792
430103135584
722228284048
447081743776
721959650720
361115486608
635993393552
429834963344
704712870288
704779715920
378362201424
378630636880
653508543824
447081678160
721959585104
653240108368
430170244752
705048151696
378630637200
653508544144
447350113936
722228020880
430102350160
704980257104
378562742608
653440649552
722228087392
430102152608
704980059552
378562545056
653440452000
430102087008
704979993952
378562479456
653440386400
447281956192
722159863136
361181283680
636059190624
429900760416
704778667360
705047104144
378629589648
653507496592
447349066384
722226973328
635993196896
429834766688
704712673632
378295159136
653173066080
447014635872
721892542816
361383725408
636261632352
430103202144
361115290256
635993197200
429834766992
361450834256
636328741200
430170310992
361182398800
636060305744
705048217936
704712673936
653508805984
378361481632
653239388576
361115224480
635993131424
429834701216
704712608160
378295093664
653173000608
447014570400
721892477344
361383659936
636261566880
636060240208
429901810000
704779716944
361115288976
635993195920
429834765712
704712672656
378295158160
653173065104
447014634896
721892541840
361383724432
636261631376
430170506912
705048413856
378630899360
653508806304
447350376096
722228283040
447080630864
721958537808
361449720400
636327627344
430169197136
705047104080
378629589584
653507496528
447349066320
722226973264
430169524832
705047431776
378629917280
653507824224
447349394016
722227300960
447283005792
722160912736
429901875536
704779782480
378362267984
653240174928
447081744720
721959651664
378630703440
653508610384
447350180176
722228087120
361450833312
636328740256
447080892832
721958799776
704979993936
361451096656
636329003600
430170573392
705048480336
361114241616
635992148560
429833718352
704711625296
378294110800
653172017744
447350180240
722228087184
721958603360
721891755680
704778667408
378361152912
653239059856
447080629648
721958536592
361449719184
636327626128
430169195920
705047102864
361181545872
361114502560
635992409504
429833979296
704711886240
378294371744
653172278688
447013848480
721891755424
361382938016
636260844960
378295158096
653173065040
447014634832
721892541776
361383724368
636261631312
430103201104
704981108048
378563593552
653441500496
361182595744
378362464608
653240371552
447081941344
721959848288
636060502688
429902072480
704779979424
378362464928
653240371872
430103202464
704981109408
361114241632
635992148576
429833718368
704711625312
378294110816
653172017760
447013587552
721891494496
361115552400
635993459344
429835029136
704712936080
378295421584
653173328528
447014898320
721892805264
361383987856
636261894800
447013520800
721891427744
361382610336
636260517280
430102087072
704979994016
378562479520
653440386464
447281956256
722159863200
361181611424
636059518368
429901088160
704778995104
378361480608
653239387552
447080957344
721958864288
361450046880
636327953824
361115486624
635993393568
429834963360
704712870304
378295355808
653173262752
447014832544
721892739488
361383922080
636261829024
653508544848
447350114640
722228021584
430169524624
361114175056
635992082000
429833651792
704711558736
378294044240
653171951184
447013520976
721891427920
361382610512
636260517456
378361480848
653239387792
447080957584
721958864528
361182595680
636060502624
429902072416
704779979360
378362464864
653240371808
447081941600
721959848544
361451031136
636328938080
378362530128
653240437072
447082006864
721959913808
361451096400
636329003344
430170573136
361115552080
635993459024
429835028816
361115290272
635993197216
429834767008
704712673952
378295159456
447350441376
722228348320
704711625040
378294110544
653172017488
447013587280
721891494224
430170311312
705048218256
378630703760
653508610704
447350180496
447282022992
722159929936
636260584016
430102153808
704980060752
378562546256
653440453200
361181611360
636059518304
429901088096
704778995040
378361480544
653239387488
447080957280
653441435232
447283005024
722160911968
361382938272
636260845216
430102415008
704980321952
378562807456
653440714400
447282284192
722160191136
429834962592
704712869536
378295355040
653173261984
447014831776
721892738720
361383921312
636261828256
430103398048
704981304992
430170310048
705048216992
361182594704
636060501648
429902071440
704779978384
378362463888
653240370832
447081940624
721959847568
361451030160
636328937104
361114241680
635992148624
429833718416
704711625360
378294110864
653172017808
447013587600
721891494544
361382677136
636328740176
361451030880
636328937824
430170507616
705048414560
705047169632
705047103888
361451095376
636329002320
430170572112
705048479056
721959912784
721892803920
378630964560
653508871504
447350441296
722228348240
361115289952
361114174816
635992081760
429833651552
704711558496
378294044000
653171950944
447013520736
721891427680
361382610272
636260517216
378630964896
636261894816
430103464608
704981371552
378563857056
653441764000
447283333792
722161240736
705048216976
430103201168
704981108112
361450833296
636328740240
430170310032
378362267024
653240173968
447081743760
721959650704
361114241696
635992148640
429833718432
361182661264
636060568208
429902138000
704780044944
378362530448
653240437392
447082007184
721959914128
361451096720
636329003664
378563593616
653441500560
447283070352
447350179216
722160911760
704779978128
722228282768
653508609424
722228086160
429900760464
430103397984
430170573472
705048480416
378630965920
653508872864
430170572432
705048479376
361114174880
635992081824
429833651616
704711558560
378294044064
653171951008
361182594640
636060501584
429902071376
704779978320
378362463824
653240370768
361451030096
636328937040
430170506832
705048413776
361450047120
636327954064
430169523856
447283004816
705047430800
378629916304
378629916064
653507823008
430169196192
705047103136
378629588640
653507495584
447349065376
722226972320
361115552416
721958799968
635993459360
429835029152
704712936096
378295421600
653173328544
447014898336
721892805280
361383987872
653507496272
361181284688
636059191632
429900761424
704778668368
378361153872
722226973008
653239060816
721958537552
361382676816
378630900064
653508807008
361449784736
636327691680
722160191904
447014898272
721892805216
361383987808
636261894752
430103464544
704981371488
378563856992
653441763936
447283333728
722161240672
361182661200
636060568144
429902137936
704780044880
378362530384
653240437328
447082007120
430102153616
704980060560
378562546064
653440453008
447282022800
722159929744
361181350288
636059257232
635992081808
429833651600
704711558544
378294044048
653171950992
447013520784
721891427728
361382610320
361115223632
635993130576
429834700368
704712607312
378295092816
653172999760
447014569552
721892476496
361383659088
636261566032
430170506848
705048413792
430103463568
704981370512
378563856016
653441762960
447283332752
722161239696
361115552096
635993459040
429835028832
704712935776
378295421280
653173328224
447014898016
361114175072
378563790240
653441697184
447283266976
722161173920
361115551120
635993458064
429835027856
704712934800
378295420304
653173327248
447014897040
721892803984
361383986576
636261893520
361114175120
635992082064
429833651856
704711558800
378294044304
653171951248
447013521040
721891427984
361382610576
636260517520
430170309984
705048216928
361114175136
635992082080
429833651872
704711558816
378294044320
653171951264
447013521056
721891428000
361382610592
636260517536
704711558480
378294043984
429833651536
653171950928
447013520720
378562479440
653440386384
447281956176
722159863120
430102086992
653239126688
447080696480
721958603424
361383986768
636261893712
430103463504
704981370448
378563855952
653441762896
447283332688
722161239632
361115551312
721892804176
361182595424
636060502368
429902072160
704779979104
430169262688
361115288992
635993195936
429834765728
704712672672
378295158176
653173065120
447014634912
721892541856
361383724448
636261631392
447350179232
722228086176
361114503568
635992410512
429833980304
704711887248
378294372752
653172279696
447013849488
721891756432
361382939024
636260845968
636260583760
430102153552
704980060496
378562546000
653440452944
447282022736
722159929680
361114241360
635992148304
429833718096
429834962336
704712869280
378295354784
653173261728
447014831520
721892738464
361383921056
636261828000
430103397792
704981304736
722227300688
705048413584
361451029904
636328936848
361182594448
378630899088
653508806032
447350375824
430169196896
705047103840
378629589344
653507496288
447349066080
722226973024
722228349344
653172999504
447014569296
721892476240
447350441616
722228348560
430103464352
704981371296
378563856800
653441763744
447350180432
722228087376
447283333536
653172017568
447013587360
721891494304
361382676896
636260583840
430102153632
704980060576
378562546080
653440453024
447282022816
361182661008
636060567952
429902137744
704780044688
378362530192
653240437136
447082006928
721959913872
361451096464
636329003408
430103135824
704981042768
378563528272
447081940560
721959847504
361115485776
635993392720
429834962512
704712869456
378295354960
430103397728
704981304672
378563790176
653441697120
447283266912
722161173856
361449786016
636327692960
430169262752
447282284128
653508805968
447350375760
722228282704
447081940304
721959847248
361182594384
636060501328
429902071120
704779978064
378362463568
378629653920
653507560864
361182332576
636060239520
429901809312
704779716256
378362201760
653240108704
447081678496
721959585440
361450768032
636328674976
361115551136
635993458080
429835027872
704712934816
378295420320
653173327264
447014897056
721892804000
361383986592
636261893536
635992082016
429833651808
704711558752
378294044256
653171951200
447013520992
378630637920
653508544864
721891427936
361382610528
361181547152
636059454096
429901023888
704778930832
378361416336
653239323280
447080893072
721958800016
361449982608
636327889552
447282219680
722160126624
721892804960
361383987552
636261894496
430103464288
704981371232
378563856736
653441763680
447283333472
722161240416
653240109472
447081679264
721959586208
705048480080
378630965584
653508872528
447350442320
722228349264
378629917088
653507824032
721959913120
430170573408
705048480352
378630965856
653508872800
447350442592
722228349536
361182399136
636060306080
429901875872
704779782816
378362268320
653240175264
447081745056
721959652000
361450834592
636328741536
722161240480
653507823248
361182332512
636060239456
429901809248
704779716192
378362201696
653240108640
653507495520
705047431568
447349065312
722226972256
447081941408
430103463312
704981370256
378563855760
653441762704
447283332496
722161239440
430102350432
704980257376
378562742880
653440649824
447282219616
722160126560
361114503584
635992410528
429833980320
704711887264
361181547088
636059454032
429901023824
704778930768
378361416272
653239323216
447080893008
721958799952
361449982544
636327889488
705048152736
722160191072
447349328288
722227235232
653240370512
447349131872
722227038816
361182399072
636060306016
429901875808
704779782752
378362268256
653240175200
447081744992
721959651936
361450834528
430102349456
704980256400
378562741904
653440648848
447282218640
722160125584
430102087312
704979994256
378562479760
653440386704
447281956496
722159863440
361181283984
636059190928
429900760720
704778667664
378361415072
653239322016
447080891808
721958798752
430170573200
705048480144
378563855696
653441762640
447283332432
722161239376
378630965648
653508872592
447350442384
722228349328
361450768800
636328675744
430170245536
705048152480
378630637984
653508544928
447350114720
722228021664
721892542112
361383724704
636261631648
430103201440
430103464272
704981371216
378563856720
653441763664
447283333456
722161240400
361182660944
636060567888
429902137680
704780044624
361182398096
636060305040
429901874832
704779781776
430102087328
704979994272
361114175840
721891756688
361382939280
636260846224
430102416016
704980322960
378562808464
653440715408
447282285200
722160192144
378629851808
653507758752
429834766672
704712673616
378295159120
653173066064
447014635856
721892542800
361114437200
635992344144
429833913936
704711820880
378294306384
653172213328
447013783120
721891690064
361382872656
636260779600
361114175888
635992082832
429833652624
704711559568
378294045072
653171952016
447013521808
721891428752
653239126624
447080696416
361114175904
635992082848
429833652640
704711559584
378294045088
653171952032
447013521824
721891428768
361382611360
636260518304
447350180256
722228087200
361115289184
635993196128
429834765920
704712672864
378295158368
653173065312
447014635104
721892542048
361383724640
636261631584
361182398032
636060304976
429901874768
704779781712
378362267216
653240174160
447081743952
721959650896
361450833488
636328740432
361451029840
430102415952
704980322896
378562808400
653440715344
447282285136
722160192080
361449981344
636327888288
430169458080
705047365024
378629850528
653507757472
447349327264
722227234208
361115290000
635993196944
429834766736
704712673680
378295159184
653173066128
447014635920
721892542864
361383725456
636261632400
361182332320
636060239264
429901809056
704779716000
378362201504
653240108448
447081678240
721959585184
361450767776
636328674720
430102350240
704980257184
378562742688
653440649632
447282219424
722160126368
636329002640
378630965840
653508872784
447350442576
722228349520
378562742864
653440649808
447282219600
722160126544
361182333520
636060240464
361181546896
636059453840
429901023632
704778930576
378361416080
653239323024
447080892816
361114176096
635992083040
429833652832
704711559776
378294045280
653171952224
447013522016
721891428960
361382611552
430170244768
705048151712
378630637216
653508544160
447350113952
722228020896
430102350496
704980257440
378562742944
653440649888
653507561888
447349393808
722227300752
361114176144
635992083088
429833652880
704711559824
378294045328
653171952272
447013522064
721891429008
361449785952
636327692896
361182398880
636060305824
429901875616
704779782560
378362268064
653240175008
447081744800
721959651744
361114176160
635992083104
429833652896
704711559840
378294045344
653171952288
653508871520
361115551056
635993458000
429835027792
704712934736
378295420240
653173327184
447014896976
361114240336
635992147280
429833717072
361182332256
636060239200
429901808992
704779715936
378362201440
653240108384
447350114976
722228021920
430102350176
704980257120
378562742624
653440649568
447282219360
722160126304
636059453776
429901023568
704778930512
378361416016
653239322960
447080892752
721958799696
361181546832
721958537888
361449720480
636327627424
430169197216
705047104160
378629589664
653507496608
447349066400
722226973344
361114240352
635992147296
429833717088
704711624032
378294109536
653172016480
447013586272
721891493216
361115552144
635993459088
429835028880
704712935824
378295421328
653173328272
447014898064
721892805008
361383987600
636261894544
430169459344
705047366288
378629851792
653507758736
447349328528
722227235472
361182398816
636060305760
429901875552
704779782496
378362268000
653240174944
447081744736
721959651680
361450834272
636328741216
704711820688
378294306192
653172213136
447013782928
721891689872
361382872464
636260779408
722160125328
430102349200
704980256144
447350375776
722228282720
447080958368
721958865312
378629654928
653507561872
447349131664
722227038608
430170572448
705048479392
430103201184
704981108128
378563593632
653441500576
447283070368
722160977312
361182397840
429901874576
636060304784
704779781520
378630702480
430169197152
705047104096
378629589600
653507496544
447349066336
722226973280
430102415760
704980322704
378562808208
653440715152
447282284944
722160191888
361115290016
635993196960
429834766752
704712673696
378295159200
653173066144
447014635936
721892542880
361383725472
636261632416
361382872400
636260779344
430102349136
704980256080
378562741584
653440648528
635992343888
429833913680
704711820624
378294306128
378630899296
653508806240
378361415008
653239321952
447080891744
721958798688
722159863456
447349065360
722226972304
361114240400
635992147344
429833717136
704711624080
378294109584
653172016528
447013586320
721891493264
361382675856
361114502544
430103201120
704981108064
378563593568
653441500512
447283070304
722160977248
361450047904
636327954848
430169524640
705047431584
636059190864
429900760656
704778667600
378361153104
653239060048
447080629840
721958536784
361449719376
636327626320
430169196112
361182397776
636060304720
429901874512
704779781456
378362266960
653240173904
447081743696
721959650640
361450833232
722160191824
447081678432
721959585376
653239387808
447080957600
721958864544
430102153888
704980060832
378562546336
653440453280
447282023072
722159930016
361114240416
635992147360
429833717152
704711624096
378294109600
653172016544
447013586336
721891493280
361382675872
636260582816
704778734224
378361219728
653239126672
447080696464
721958603408
361449786000
636327692944
430169262736
705047169680
378629655184
722161239648
447080893088
721958800032
447350377120
430170311328
705048218272
378630703776
653508610720
447350180512
722228087456
722228087440
704979995216
378562480720
705047103056
378629588560
653507495504
447349065296
722226972240
361181283920
653507561104
447349130896
722227037840
361115552160
635993459104
429835028896
704712935840
378295421344
653173328288
447014898080
721892805024
361383987616
636261894560
361449981280
636327888224
430169458016
705047364960
378629850464
653507757408
447349327200
722227234144
721958603344
361449785936
636327692880
430169262672
705047169616
378629655120
653507562064
447349131856
722227038800
378630702432
653508609376
361182594720
636060501664
429902071456
704779978400
378362463904
653240370848
447081940640
721959847584
361451030176
636328937120
378361415248
653239322192
447080891984
721958798928
430102349392
704980256336
378562741840
653440648784
447282218576
722160125520
361450767968
636328674912
430170244704
705048151648
378630637152
653508544096
447350113888
722228020832
447349066144
722226973088
361450047136
636327954080
430169523872
705047430816
378629916320
653507823264
447349393056
722160911776
722227300000
722228284064
447350441632
722228348576
361182661280
636060568224
429902138016
704780044960
378362530464
653240437408
447082007200
721959914144
361451096736
636329003680
361182594656
636060501600
429902071392
704779978336
378362463840
653240370784
447081940576
721959847520
361451030112
636328937056
636260517472
430102087264
704979994208
378562479712
653440386656
447281956448
722159863392
361181283936
636059190880
429900760672
447349392800
722227299744
721891493456
361382676048
636260582992
430102152784
704980059728
378562545232
653440452176
447282021968
722159928912
653239060832
447080630624
721958537568
361449720160
636327627104
447350376800
430169459280
705047366224
378629851728
653507758672
722228283744
430169261472
705047168416
361182661216
636060568160
429902137952
704780044896
378362530400
653240437344
447082007136
721959914080
361451096672
636329003616
430170245472
705048152416
378629588368
653507495312
447349065104
722226972048
430103463584
704981370528
378563856032
653441762976
447283332768
722161239712
361182660240
636060567184
429902136976
704780043920
378362529424
653240436368
447082006160
721959913104
722161173904
361451095696
447283071648
429902136912
704780043856
722159929760
429900827024
704778733968
378361219472
653239126416
447080696208
721958603152
361449785744
636327692688
430169262480
705047169424
430102152800
704980059744
378562545248
653440452192
447282021984
722159928928
361114437216
635992344160
429833913952
704711820896
378294306400
653172213344
447013783136
721891690080
361382872672
636260779616
361451029920
636328936864
430170506656
705048413600
722226971984
361449719120
704778667344
378361152848
361181283664
636059190608
429900760400
653239059792
447080629584
721958536528
430169524576
705047431520
378629917024
653507823968
447349393760
722227300704
430103463520
704981370464
378563855968
653441762912
447283332704
447082006096
721959913040
361451095632
636329002576
378630964816
653508871760
447350441552
722228348496
361182660176
636060567120
361181611616
636059518560
429901088352
704778995296
378361480800
653239387744
447080957536
653440452960
447282022752
722159929696
704981306016
378563791520
653441698464
447283268256
722161175200
653507561808
447349131600
722227038544
361181350224
636059257168
429900826960
636328741472
430170311264
705048218208
378630703712
430103136912
704981043856
378563529360
653441436304
447283006096
722160913040
361182594464
636060501408
429902071200
704779978144
378362463648
653240370592
447081940384
721959847328
653507561040
447349130832
722227037776
722160978592
704980059536
378562545040
653440451984
447282021776
722159928720
378630703456
653508610400
361182661024
636060567968
429902137760
704780044704
378362530208
653240437152
447082006944
721959913888
361451096480
636329003424
430170507920
705048414864
378630900368
653508807312
447350377104
704980321872
378562807376
653440714320
447282284112
722160191056
361115289168
635993196112
429834765904
704712672848
378295158352
361115224656
635993131600
361182594400
636060501344
429902071136
704779978080
430170572192
721959848352
447349130656
722227037600
430170311056
705048218000
653172016464
447013586256
721891493200
361382675792
636260582736
430102152528
704980059472
378562544976
653440451920
447282021712
361450047072
636327954016
430169523808
705047430752
704981042528
378563528032
653441434976
447283004768
722160911712
361181547168
636059454112
429901023904
704778930848
361182332496
636060239440
429901809232
704779716176
378362201680
653240108624
447081678416
721959585360
653441435216
447283005008
447350114656
361450833504
636328740448
722228349280
429901023840
704778930784
361449982560
636327889504
430169459296
705047366240
378629851744
653507758688
447349328480
722227235424
635992083024
429833652816
704711559760
378294045264
653171952208
447013522000
721891428944
361382611536
636260518480
430102088272
430169458320
705047365264
378629850768
653507757712
447349327504
722227234448
361114240656
635992147600
429833717392
704711624336
378294109840
653172016784
447013586576
721891493520
361382676112
636260583056
722161174096
378630899280
653508806224
447350376016
722228282960
653240436384
447082006176
361182398112
636060305056
429901874848
704779781792
378362267296
653240174240
447081744032
721959650976
378362464848
653240371792
447081941584
430102350416
447349328464
722227235408
361114438224
635992345168
429833914960
704711821904
378294307408
653172214352
447013784144
430170310240
705048217184
378630702688
653508609632
447350179424
722228086368
653440715360
447282285152
722160192096
361114503776
635992410720
429833980512
429833979232
704711886176
378294371680
653172278624
447013848416
653239388752
721958865488
378629917264
447349394000
653507824208
722227300944
447014570320
721892477264
361383659856
636261566800
430103136592
704981043536
378563529040
653441435984
447283005776
361115224400
361114502800
635992409744
429833979536
704711886480
378294371984
653172278928
447013848720
721891755664
361382938256
636260845200
361449982368
429900761696
704778668640
378361154144
653239061088
447080630880
721958537824
361449720416
636327627360
636260518496
430102088288
361449719440
636327626384
430169196176
705047103120
378629588624
653507495568
653508807248
447350377040
447080957264
721958864208
361383921248
636261828192
447350376032
722228282976
704981304928
378563790432
653441697376
447283267168
722161174112
378361416032
653239322976
447080892768
721958799712
361382937952
636260844896
447013782944
721891689888
361382872480
636260779424
361114438240
635992345184
429833914976
704711821920
378294307424
653172214368
447013784160
721891691104
361382873696
636260780640
361114437264
635992344208
429833914000
704711820944
378294306448
653172213392
447013783184
721891690128
361382872720
636260779664
430169458000
705047364944
378629850448
653507757392
378563790480
653441697424
447283267216
722161174160
722227234128
653172213072
447013782864
721891689808
721958798672
361449981264
636327888208
704778667680
378361153184
653239060128
447080629920
721958536864
361449719456
636327626400
378562479776
653440386720
447281956512
430169261728
705047168672
447349130912
722227037856
447080695376
653239125584
721958602320
361114240592
635992147536
429833717328
704711624272
378294109776
653172016720
447013586512
653173262672
447014832464
721892739408
447080893024
721958536544
361449719136
636327626080
430169195872
705047102816
378629588320
653507495264
447349065056
722226972000
430103136848
704981043792
378563529296
653441436240
447283006032
722160912976
361450768976
636328675920
430170245712
705048152656
361383922256
636261829200
430103398992
704981305936
378563791440
653441698384
361114437280
635992344224
429833914016
704711820960
378294306464
653172213408
447013783200
721891690144
361382872736
361181546144
722160190800
361114502480
635992409424
430102152864
704980059808
378562545312
653440452256
447282022048
722159928992
361181349520
636059256464
429900826256
704778733200
361450047056
636327954000
430169523792
705047430736
378629916240
653507823184
447349392976
722227299920
721958864464
635992409680
361383922000
636261828944
361114436960
635992343904
429833913696
704711820640
378294306144
653172213088
447013782880
721891689824
361382872416
636260779360
447283268176
722161175120
721892739664
361115486800
635993393744
429834963536
704712870480
378295355984
653173262928
447014832720
361181349456
636059256400
429900826192
704778733136
378361218640
361449784912
636327691856
430169261648
705047168592
378629654096
361114240608
635992147552
429833717344
704711624288
378294109792
653172016736
447013586528
721891493472
361382676064
636260583008
361181283744
636059190688
429900760480
361115224672
635993131616
429834701408
704712608352
378295093856
653173000800
447014570592
721892477536
361383660128
636261567072
361115223696
635993130640
429834700432
704712607376
378295092880
653172999824
447014569616
721892476560
361383659152
636261566096
361182660192
636060567136
429902136928
704780043872
378362529376
653240436320
361449784928
636327691872
361114437968
635992344912
429833914704
704711821648
378294307152
653172214096
447013783888
721891690832
361382873424
636260780368
378562807392
653440714336
447349392992
361114502752
635992409696
429833979488
636328674640
361450767696
430170244432
705048151376
447350113616
722228020560
361115223376
429900761744
704778668688
378361154192
653239061136
447080630928
721958537872
361449720464
636327627408
430169197200
635993393488
429834963280
704712870224
636059257184
429900826976
704778733920
378361219424
653239126368
447080696160
378295355728
361115224736
635993131680
429834701472
704712608416
378295093920
653173000864
447014570656
361181546848
636059453792
429901023584
704778930528
635992082784
429833652576
704711559520
378294045024
653171951968
447013521760
378362202768
653240109712
447081679504
721959586448
361450769040
636328675984
361115486816
635993393760
429834963552
704712870496
378295356000
653173262944
447014832736
721892739680
430170507872
705048414816
361115485840
635993392784
429834962576
704712869520
378295355024
653173261968
447014831760
721892738704
361383921296
430170506896
447080630608
378562480464
653440387408
447281957200
722159864144
361449720144
636327627088
430169196880
705047103824
378629589328
361382611280
636260518224
430103136864
704981043808
378563529312
653441436256
447283006048
722160912992
378630638160
653508545104
447350114896
722228021840
429901810256
704779717200
378362202704
653240109648
447081679440
721959586384
635993131360
704981304656
378563790160
653441697104
447283266896
722161173840
361383920976
636328936784
430170506576
705048413520
378630899024
361115223712
635993130656
429834700448
704712607392
378295092896
653172999840
447014569632
361181349200
636059256144
361114438288
635992345232
429833915024
704711821968
361382873744
636260780688
378562742928
653440649872
430103135888
704981042832
378563528336
653441435280
447283005072
722160912016
721958799760
361449982352
636327889296
430169459088
705047366032
378629851536
653507758480
447349328272
722227235216
378295355792
653239060880
430170310224
705048217168
378630702672
653508609616
447350179408
722228086352
653173065296
447014635088
721892542032
361383724624
361181546912
378362464672
653240371616
378630900128
653508807072
430102088096
704979995040
378562480544
653440387488
447281957280
361451095456
447081678176
721959585120
361450767712
636328674656
430170244448
705048151392
378630636896
653508543840
447350113632
722228020576
447282219344
722160126288
361449982288
636327889232
430169459024
705047365968
378629851472
653507758416
447349328208
722227235152
361181285024
636059191968
429900761760
704778668704
378361154208
653239061152
447080630944
636059453088
429901022880
704778929824
378361415328
653239322272
447080892064
721958799008
361449981600
636327888544
430169458336
361115485856
635993392800
447013587536
721891494480
361382677072
361181350480
636059257424
429900827216
704778734160
378361219664
653239126608
447080696400
430103202384
704981109328
378563594832
653441501776
447283071568
722160978512
447082005856
721959912800
361451095392
636329002336
430170572128
705048479072
378630964576
721891428704
361382611296
636260518240
430102088032
704979994976
378562480480
653440387424
447281957216
722159864160
361181284704
704979994000
378562479504
653440386448
447281956240
722159863184
361181283728
636059190672
361114174864
653239388832
447080958624
721958865568
378362529360
653240436304
430170572368
705048479312
635993458256
429835028048
704712934992
378295420496
653173327440
447014897232
429900825936
704778732880
378361218384
653239125328
447080695120
721958602064
704779717008
378362202512
653240109456
447081679248
721959586192
361450768784
636328675728
361115485536
635993392480
429834962272
704712869216
378295354720
653173261664
447014831456
721892738400
361383920992
636261827936
361114438304
635992345248
429833915040
704711821984
378294307488
653172214432
447013784224
721891691168
361382873760
636260780704
447081941392
721959848336
430103201376
704981108320
378563593824
653441500768
447283070560
722160977504
378295093600
653173000544
447014570336
721892477280
721891756624
361382939216
636260846160
361114503760
635992410704
429833980496
704711887440
378294372944
653172279888
447013849680
705048152400
378630637904
361182333264
361114437984
635992344928
429833914720
704711821664
378294307168
653172214112
447013783904
721891690848
361382873440
636260780384
361114502816
635992409760
429833979552
636059452816
429901022608
704778929552
378361415056
653239322000
447080891792
721958798736
361114437008
635992343952
429833913744
636261565840
430103135632
704981042576
378563528080
653441435024
361382677088
636260584032
430102153824
704980060768
378562546272
653440453216
447282023008
722159929952
361181350496
636059257440
378361218704
653239125648
447080695440
721958602384
361449784976
636327691920
430169261712
705047168656
378629654160
430102152848
430102414944
704980321888
704711886432
378294371936
653172278880
447013848672
721891755616
361382938208
704778667424
378361152928
653239059872
447080629664
721958536608
361449719200
636327626144
430169195936
705047102880
378629588384
361181611600
636059518544
361451030928
636328937872
430103135568
704981042512
636261565776
361383658832
378563528016
653441434960
635993130320
429834700112
704712607056
378295092560
447082006112
721959913056
361451095648
636329002592
430170572384
705048479328
378630964832
653508871776
447350441568
722228348512
430170245776
705048152720
378630638224
653508545168
447350114960
722228021904
361182333584
636060240528
429901810320
704779717264
361382611600
636260518544
430102088336
704979995280
378562480784
653440387728
447281957520
722159864464
722227037520
361449784656
636327691600
430169261392
705047168336
378629653840
653507560784
447349130576
704711624016
378294109520
361181612448
636059519392
429901089184
704778996128
378361481824
653239388768
447080958560
721958865504
361450048096
636327955040
378362202448
653240109392
447081679184
721959586128
361450768720
636328675664
430170245456
430102414992
704980321936
378562807440
653440714384
447282284176
722160191120
361181611664
636059518608
429901088400
704778995344
361181545824
636059452768
429901022560
704778929504
361181545888
636059452832
429901022624
704778929568
361114437024
635992343968
429833913760
704711820704
378294306208
653172213152
636059191888
429900761680
704778668624
378361154128
653239061072
361114176080
361383660112
636261567056
721959848528
636260780624
361115486864
635993393808
429834963600
704712870544
378295356048
653173262992
447014832784
721892739728
361182595728
636060502672
429900761488
704778668432
378361153936
636059519328
429901089120
704778996064
378361481568
653239388512
447080958304
721958865248
361450047840
636327954784
653173263008
361382937936
636260844880
430102414672
704980321616
378562807120
653440714064
447282283856
361114240672
635992147616
429833717408
704711624352
378294109856
653172016800
447013586592
721891493536
361382676128
636260583072
378361416288
653239323232
361181284960
636059191904
429902072464
704779979408
378362464912
653240371856
447081941648
721959848592
361451031184
636328938128
361450046864
636327953808
430103398736
704981305680
378563791184
653441698128
447283267920
722161174864
361115486544
721892477600
361383660192
636261567136
430103136928
704981043872
378563529376
653441436320
447283006112
722160913056
378630638240
361383922272
636261829216
430103399008
704981305952
378563791456
653441698400
447283268192
722161175136
361382675808
636260582752
430102152544
704980059488
378562544992
653440451936
447282021728
722159928672
361181349216
636059256160
361182595664
636060502608
429902072400
704779979344
722228283984
361451031120
636328938064
430170507856
705048414800
378630900304
704980321632
378562807136
653440714080
447282283872
722160190816
361114502496
635992409440
361115290192
635993197136
429834766928
704712673872
378295159376
653173066320
447014636112
721892543056
361383725648
636261632592
636329002400
361450046800
636327953744
430169523536
705047430480
361181611344
636059518288
429901088080
704778995024
378361480528
653239387472
378629589392
653507496336
447349066128
722226973072
361449720208
636327627152
430169196944
636261828240
430103398032
704981304976
361181349536
636059256480
429900826272
704778733216
378361218720
653239125664
447080695456
721958602400
361449784992
636327691936
361383922320
636261829264
430103399056
704981306000
378563791504
653441698448
447283268240
722161175184
704711886496
378294372000
653172278944
447013848736
361115223440
635993130384
429834700176
704712607120
378295092624
653172999568
447014569360
721892476304
361383658896
447349328544
722227235488
378361416352
653239323296
361449982624
636327889568
430169459360
705047366304
447081941664
721959848608
361451031200
636328938144
430170507936
705048414880
430103399072
361115486880
635993393824
429834963616
704712870560
378295356064
361451030864
636328937808
430170507600
705048414544
378630900048
653508806992
430169261664
705047168608
361181349472
636059256416
429900826208
704778733152
378361218656
653239125600
447080695392
721958602336
721958864224
361450046816
636327953760
430169523552
705047430496
378629916000
653507822944
447349392736
722227299680
430102414688
636327889312
430169459104
705047366048
361382611344
636260518288
430102088080
704979995024
378562480528
653440387472
447281957264
722159864208
361181284752
430102088016
704979994960
635992082768
429833652560
704711559504
378294045008
653171951952
447013521744
721891428688
361114175824
721959914064
361115552336
635993459280
429835029072
704712936016
378295421520
653173328464
447014898256
721892805200
361383987792
636261894736
430103464528
704981371472
378563856976
653441763920
447283333712
722161240656
361115486560
635993393504
429834963296
704712870240
378295355744
653173262688
447014832480
721892739424
361383922016
636261828960
361450769056
378362463632
653240370576
447081940368
721959847312
430170506640
636060501392
429902071184
361115485584
635993392528
429834962320
378629654112
653507561056
447350376848
722228283792
430170507664
705048414608
361182595472
636060502416
429902072208
704779979152
378362464656
653240371600
361115290208
635993197152
429834766944
704712673888
378295159392
653173066336
447014636128
721892543072
361383725664
636261632608
361450833552
636328740496
430170310288
705048217232
378630702736
653508609680
447350179472
722228086416
361115289232
635993196176
378630636960
653508543904
361115223456
635993130400
429834700192
704712607136
378295092640
653172999584
447350113696
722228020640
361114438032
635992344976
429833914768
704711821712
378294307216
653172214160
447013783952
653239388496
447080958288
721958865232
361450047824
636327954768
430169524560
705047431504
378629917008
653507823952
447349393744
361383921040
636261827984
430103398752
704981305696
378563791200
653441698144
447283267936
722161174880
705047365280
378629850784
653507757728
447349327520
722227234464
361182595408
636060502352
429902072144
704779979088
447350376784
722228283728
378362464592
653240371536
447081941328
721959848272
636328676000
430170245792
361182333600
636060240544
429901810336
704779717280
378362202784
653240109728
447081679520
447283070288
722160977232
361115288912
636329003360
704981109088
378563594592
653441501536
447283071328
722160978272
430170573152
705048480096
378630965600
653508872544
636260584080
430102153872
704980060816
378562546320
653440453264
447282023056
722159930000
361181350544
636059257488
429900827280
653441697168
447283266960
704712869264
653239125408
447080695200
721958602144
378295354768
653173261712
447014831504
721892738448
361181349280
636059256224
429900826016
722159864224
361181284768
636059191712
429900761504
704778668448
378361153952
653239060896
447080630688
721958537632
361449720224
361115552352
635993459296
429835029088
704712936032
378295421536
653173328480
361115551376
635993458320
429835028112
704712935056
378295420560
653173327504
447014897296
721892804240
361383986832
636261893776
361182333536
636060240480
429901810272
704779717216
378362202720
653240109664
447081679456
721959586400
361450768992
636328675936
447350375840
722228282784
361115485600
635993392544
704778733904
378361219408
653239126352
447080696144
429834701152
704712608096
721958603088
361449785680
636261827920
430103397712
429900825952
704778732896
378361218400
653239125344
447080695136
721958602080
361449784672
636327691616
430169261408
705047168352
721892476576
361181612432
636059519376
429901089168
704778996112
378361481616
653239388560
447080958352
721958865296
361450047888
636327954832
361450833568
636328740512
430170310304
705048217248
378630702752
653508609696
447350179488
722228086432
430169524880
705047431824
378629917328
653507824272
447349394064
722227301008
447080630672
721958537616
653239323040
636059453856
429901023648
704778930592
378361416096
447080696224
721958603168
447349131680
722227038624
361449785760
636327692704
430169262496
705047169440
378629654944
378294372768
721891691088
361382873680
361450833248
636328740192
447350179168
722228086112
361114503504
635992410448
429833980240
704711887184
378294372688
653172279632
447013849424
378361219744
705047169696
447349131936
722227038880
361182399056
636060306000
429901875792
704779782736
361451095712
636329002656
361182660256
636060567200
653508871840
429834765968
704712672912
378295158416
653173065360
447014635152
721892542096
361383724688
636261631632
721958603104
361449785696
636327692640
430169262432
705047169376
378629654880
653507561824
447349131616
722227038560
361181350240
361449784720
636327691664
430169261456
705047168400
378629653904
653507560848
447349130640
722227037584
378563855712
653441762656
447283332448
722161239392
361182659936
636060566880
429902136672
704780043616
378362529120
653240436064
653440715424
447282285216
722160192160
447349394080
722227301024
361181612704
636059519648
429901089440
704778996384
378361481888
361182333328
636060240272
429901810064
636261631568
430103201360
704981108304
378563593808
653441500752
447283070544
378630636944
653508543888
447350113680
722228020624
721959585168
704779715984
721891756384
361382938976
636260845920
430102415712
704980322656
378562808160
653440715104
447282284896
722160191840
361181612384
447282283920
722160190864
361181611408
636059518352
429901088144
704778995088
378361480592
653239387536
447080957328
721958864272
722227299936
378629916256
653507823200
721958864480
636260517200
635992081744
361181545808
636059452752
429901022544
704778929488
378361414992
653239321936
447080891728
447349327184
361115223392
635993130336
429834700128
704712607072
378295092576
361115224416
653173262736
447014832528
721892739472
361383922064
636261829008
430103398800
704981305744
378563791248
653441698192
361182332240
636060239184
429901808976
447013522080
721891429024
361382611616
636260518560
430102088352
704979995296
378562480800
653440387744
447281957536
722159864480
704778732960
378361218464
378630899040
430102349152
704980256096
378562741600
653440648544
447282218336
722160125280
378361152864
653239059808
447080629600
361181285008
636059191952
447283071632
722160978576
430103136672
704981043616
378563529120
653441436064
447283005856
722160912800
704979995232
378562480736
653440387680
447281957472
722159864416
361383659872
636261566816
430103136608
704981043552
378563529056
653441436000
361383725392
636261632336
430103202128
704981109072
378563594576
653441501520
447283071312
722160978256
361115289936
635993196880
361181612624
636059519568
429901089360
704778996304
361450048080
636327955024
430169524816
705047431760
378361481808
447080958544
361449981328
636327888272
430169458064
705047365008
378629850512
653507757456
447349327248
722227234192
636260517264
430102087056
430102414752
704980321696
378562807200
653440714144
447282283936
722160190880
635993195856
429834765648
704712672592
704980322912
378562808416
429900827232
704778734176
378361219680
653508610656
361181612640
636059519584
429901089376
704778996320
430103464592
704981371536
378563857040
653441763984
447283333776
722161240720
430170573456
705048480400
430102349216
704980256160
378562741664
653440648608
447282218400
722160125344
378630899104
653508806048
430170244512
705048151456
430103398816
704981305760
378563791264
653441698208
447283268000
722161174944
378630900320
653508807264
447350377056
722228284000
378563790496
653441697440
447283267232
722161174176
705048413840
378630899344
653508806288
447350376080
722228283024
378295159440
653173066384
447014636176
721892543120
361383725712
636261632656
430103202448
704981109392
378563594896
653441501840
636059191696
378362529104
722159928656
636327626064
430169195856
705047102800
378629588304
653507495248
447349065040
721891427664
361382610256
447350180192
378362463584
653240370528
447081940320
721959847264
430103463264
704981370208
361451029856
636328936800
430170506592
705048413536
704980322976
378562808480
447350442656
722228349600
378629655200
653507562144
361181350560
636059257504
429900827296
704778734240
378630965904
653508872848
447350442640
722228349584
361182659984
636060566928
429902136720
704780043664
378362529168
653240436112
447082005904
721959912848
361451095440
636329002384
430103463328
704981370272
378563855776
653441762720
447283332512
722161239456
705048479136
653507495328
447349065120
722226972064
721959586464
447349066064
653173261904
447014831696
721892738640
361383921232
636261828176
430103397968
704981304912
378563790416
653441697360
447283267152
447350442336
636260845152
430102349408
361115223648
635993130592
429834700384
704712607328
378295092832
653172999776
447014569568
721892476512
378563790224
430170572176
705048479120
378630964624
653508871568
447350441360
722228348304
378362267280
653240174224
447081744016
721959650960
447349393040
722227299984
361181546128
636059453072
429901022864
704778929808
378629654176
653507561120
704981108384
378563593888
653441500832
447283070624
722160977568
429902136992
704780043936
378362529440
378630702496
653508609440
429901088336
704778995280
378361480784
653239387728
447080957520
361181350304
636059257248
429900827040
361181546064
636059453008
429901022800
704778929744
361449981520
636327888464
430169458256
705047365200
378629850704
653507757648
361182660000
636060566944
429902136736
704780043680
378362529184
653240436128
447082005920
721959912864
378630964640
653508871584
361383659104
636261566048
361115485792
635993392736
429834962528
704712869472
378295354976
653173261920
447014831712
721892738656
653172279712
447013849504
721891756448
361382939040
636260845984
430102415776
704980322720
378562808224
653440715168
447282284960
378361415312
653239322256
447080892048
721958798992
361449981584
636327888528
378361153168
653239060112
447080629904
721958536848
722160912720
635993131344
429834701136
704712608080
378295093584
653173000528
636260779680
430102349472
704980256416
378562741920
653440648864
447282218656
722160125600
361181284000
636059190944
429900760736
722228021600
361182660960
636060567904
429902137696
704780044640
378362530144
653240437088
447082006880
721959913824
361451096416
430103136656
704981043600
378563529104
653441436048
447283005840
722160912784
378630900112
653508807056
447283267984
722161174928
447349393824
722227300768
430170573216
705048480160
378630965664
653508872608
447350442400
704778733984
378361219488
653239126432
430103202192
704981109136
378563594640
653441501584
447283071376
722160978320
378630703504
653508610448
429834701392
704712608336
378295093840
653173000784
447014570576
721892477520
653440387664
447281957456
722159864400
361181284944
361181547104
636059454048
704711887456
378294372960
653172279904
447013849696
721891756640
361382939232
636260846176
430102415968
361181612688
636059519632
429901089424
704778996368
378361481872
653239388816
447080958608
721958865552
361450048144
636327955088
653508545184
653507824288
704711887520
378294373024
653172279968
447013849760
721891756704
361382939296
636260846240
430102416032
378629915984
653507822928
447349392720
722227299664
429833979216
704711886160
378294371664
653172278608
447013848400
721891755344
447350441312
722228348256
361182397792
636060304736
429901874528
704779781472
378362266976
653240173920
447081743712
721959650656
430103464336
704981371280
378563856784
653441763728
447283333520
722161240464
705048217952
722228087136
430170311008
378562741648
653440648592
447282218384
361450834336
636328741280
430170311072
705048218016
378630703520
361114436944
447282218320
722160125264
430169523600
705047430544
378629916048
653507822992
447349392784
722227299728
722160977296
704980321680
378562807184
653440714128
430102087248
704979994192
378562479696
653440386640
447281956432
722159863376
430170309968
705048216912
378630702416
653508609360
447350179152
722228086096
721891756368
361382938960
636260845904
361182397856
636060304800
429901874592
704779781536
378362267040
653240173984
447282021792
722159928736
430169523616
705047430560
430103397776
704981304720
447349327440
722227234384
704980059792
378562545296
653440452240
447282022032
722159928976
636327627168
430169196960
705047103904
378629589408
653507496352
721891755360
704778667616
378361153120
653239060064
447080629856
721958536800
361449719392
636327626336
430169196128
705047103072
378629588576
636059191648
429900761440
704778668384
378361153888
447014832800
721892739744
378630964880
653508871824
721958798944
704980256352
378562741856
653440648800
447282218592
722160125536
722227234400
361115551328
635993458272
429835028064
704712935008
378295420512
653173327456
447014897248
721892804192
361383986784
636261893728
361114241376
635992148320
429833718112
361383922336
636261829280
636327692624
430169262416
705047169360
378629654864
361115224720
635993131664
429834701456
704712608400
378295093904
653173000848
447014570640
721892477584
361383660176
636261567120
429833979472
704711886416
378294371920
653172278864
447013848656
721891755600
361382938192
636260845136
430102414928
361114502736
722160911952
361182398048
636060304992
429901874784
704779781728
378362267232
653240174176
447081743968
721959650912
