1460624754000
2241878550
2241878554
1146267178
1146250778
1146250793
1146197541
1146197542
1168140821
1168140825
1168136726
1168136730
1168140822
1168140826
1184913941
1184913945
1214355989
1214355990
1168255621
1168255625
1168251526
1168251530
1168255622
1168255626
1167349797
1167353893
1167349801
1167353897
1167349798
1167353894
1167349802
1167353898
1184127013
1184131109
1184918038
1214409241
1214409242
1217697897
1217697898
1217943641
1217943642
1217960025
1217960026
1217943657
1217943658
1167349781
1167353877
1167349785
1167353881
1167349782
1167353878
1167349786
1167353882
1184126997
1184131093
1213487193
1213487194
1213503577
1213503578
1213487209
1213487210
1213503593
1213503594
1213749337
1213749338
1218550294
1163962649
1163958550
1168255302
1168255306
1217943637
1217943638
1217947733
1217947734
1214405162
2241403017
2241407113
2241468553
2241472649
2258130985
2236897318
2236901414
2236913702
2236917798
2241091622
2241095718
2241091626
2241095722
2237700374
2237700378
1213749417
1213749418
1213765801
1213765802
1147296294
1147230741
1147230742
1147234837
1147234838
1147230745
1147230746
1147234841
1147296293
2241370133
2241374229
2241370137
2241374233
2241370134
2241374230
2241370138
2241374234
2258147349
2258151445
1218619942
1163946265
1163942166
1163942170
1163946262
1213753498
1163946266
1168185669
1168185673
1168189765
1168189769
2241882394
2241927494
2241927498
2241927558
2241927562
2258655510
2258655514
2258655526
2258655530
1184918054
2236917802
2237704469
2237704473
2237704485
2237704489
1146268202
2241206406
2241210502
2241206410
2241210506
1218533925
1218533926
1218538021
1218538022
1218533929
1218533930
1218538025
1163434021
1163438117
1163434025
1163438121
1163434022
1163438118
1163434026
1163438122
1167726725
1167730821
1168140842
1218537749
1218537750
1218537765
1218537766
1218554133
1218554134
1218554149
1218554150
1218538005
1213769833
2288081433
2288081434
2288081449
2288081450
1218550310
2292296213
2292296214
2292296229
2292296230
2292292117
2241206346
2241210442
2237159449
2237163545
2237175833
2237179929
2241353753
2241357849
1214408997
1214408998
1214404905
1214404906
1163434005
1163438101
1163434009
1163438105
1163434006
1163438102
1184918037
1184918041
2292357673
2292357674
2292361769
2292361770
1213491301
1213491302
1213507685
1213507686
1213753429
1213753430
1213769813
1213769814
1213753445
1213753446
1214355993
1214355994
1214356009
1214356010
2241402950
2241407046
2241468486
2241472582
2258130966
2258135062
2258147350
2258151446
2241927750
2241927754
1217681493
1217681494
1184127017
1184131113
1184127014
1184131110
1184127018
1184131114
1217681509
1217681510
1217681513
1217681514
1217943701
2241931654
2241931658
1217943717
1217943718
1217943721
1217943722
2241370149
2241374245
2241370153
2241374249
2241370150
2241374246
2241370154
2241374250
1214343705
1214343706
1214343721
1214343722
2241353765
2241357861
2241353769
2241357865
2241353766
2241357862
2241353770
2241357866
1213507734
1213503642
1213507738
1213507674
1213503637
1213507733
1213503641
1213507737
1213487189
1213487190
1213503573
1213503574
1213487205
1213487206
1213503589
1213503590
1213749333
1213749334
2258655785
2258659877
2258659881
1214356005
1214360085
1214360086
1214360089
1214360090
1214421525
1214421526
1150458393
1150458394
1150458409
1150458410
1146198566
1146182165
1146247445
1146247446
1146247461
1146247462
1146263829
1146263830
1146263845
1146263846
1163155494
1214339353
1214339354
1214339369
1168185989
1168185993
2241353749
2241357845
2241353750
2241357846
2241353754
2241357850
2258130965
2258135061
1213765721
1213765722
1213749353
1213749354
1213765737
1213765738
1163942181
1163942185
1168136469
1168136473
1168136485
1168136489
1163417621
1163421717
1168152853
1168152857
1168156949
1168156953
1168152854
1168152858
1168156950
1168156954
1184930069
1184930073
1213753513
1213753514
2241402953
2241407049
2241468489
2241472585
2258130969
2258135065
2258147353
2258151449
2241931845
2241931849
2292279577
2292279578
2292279593
2292279594
2292291881
2292291882
2292295977
2292295978
2292279833
2292279834
2237700373
2237700377
2237700389
2237700393
2241140870
2241144966
2241140874
2241144970
2237159461
2237163557
1150446106
1150446121
1150446122
1218615850
1218603289
1218537753
1163421734
1163421737
1218603290
1167661189
1167665285
1167661193
1167665289
1167661190
1146246697
1146246698
2237700390
2237700394
2241894678
2241894682
2241894694
2241894698
2237159462
2237163558
2237175846
2237179942
1150376218
1150380313
1150380314
1150441749
1150441750
1150441753
1150445845
1150445849
2258659861
2258659865
2237179925
2237684245
2237684249
2237684261
2237684265
2241878549
1214339621
1214339622
1214343717
1214343718
1214339625
1214339626
1163421722
1167661129
1167665225
1163417622
1163421718
1163417626
1167661130
1167665226
1214404889
1213769893
1213769894
1213769897
1213769898
1167366169
1167370265
1167366166
1167370262
1217947737
1217947738
1214343445
1214343446
1214343461
1214343462
1214359829
1214359830
1214359845
1214359846
1214343701
1184918042
1151490601
1151490602
1150445850
1151490582
1151490597
1151490598
1151490585
1151490586
1151494681
1151494682
1151424790
1151424805
1168153109
1168153113
1168153125
1213753450
2236897306
2236901402
2236913690
2236917786
2241091610
2241095706
2241107994
2241112090
2237688086
2237688090
1218550058
1163958565
1163958569
2258130970
2258135066
2258147354
2258151450
1168152869
1168152873
1167726729
1167730825
1217681557
1217681558
1217697941
1217697942
1217681573
2288146969
2288146970
2288151065
2288151066
1217681574
2241898774
2241898778
2241993030
1217947797
1151425062
1151424789
1151441429
1151441446
1217947798
1217964181
1217964182
1217681561
1217681562
1217697945
1217697946
1217681577
1217681578
1217697961
1217697962
1217943705
1217943706
1184934186
2258676266
2292279845
2288151077
2288151078
1184918058
2288101914
1150396970
2292341290
1217947813
1167366181
1167370277
1167366185
1167370281
1167366182
1167370278
1167366186
1167370282
1184143397
1184147493
2241894949
2241894953
1213769834
2258659862
2241899045
2241993349
2241993353
1168189770
1163946517
1163946521
1168190021
1168190025
1213487257
1163155477
1163159573
1163171861
1163175957
1167366165
1167370261
1163942165
1163942169
1218599189
1218599190
1218599205
1218599206
1218615573
1218615574
1218615589
1218615590
2236897322
2236901418
2236913706
1150396966
1150392873
1150392874
1150396969
1150458405
1150458406
1150462501
1150462502
1214425621
1214425622
1214425637
1214425638
2292292118
1151425061
1163958554
1163962646
1217685590
1151441445
1218533654
1218533657
2292341289
1163155493
1163159589
1163171877
1163175973
1163958549
1163958553
1168185670
1168185674
1168189766
1184389161
1184393257
1184389158
1184393254
1184389162
1184393258
2241878565
2241878569
2241882661
2241882665
2241878566
2241878570
1167661194
1167665290
1167726730
1167730826
1184405546
1184409642
1168255558
1168255562
1184930325
1184930329
1184930341
1184930345
2241407110
2241468550
2241472646
2288085273
2288085274
2288085289
2288085290
2288097577
2288097578
2288101673
1146247717
1146247718
2288101674
2241894950
2241894954
2237704486
2237704490
2241993093
2241993097
2241997189
2241997193
2241993094
2241993098
2241997190
2241997194
2292345386
1217964197
1163958821
1163958825
1163962917
1163962921
1163958822
1163958826
1163962918
1163962922
1168251525
1168251529
1214425369
1214425370
1214425385
1214425386
1151425065
1151425066
2258659878
1146251814
1146202389
1146202390
1146202405
1146202406
1146186261
1146186262
1146186277
1146186278
1146202645
1163155481
1163159577
1163171865
1163175961
1163946261
1168255557
2258676245
2258676249
2258672150
2258672154
2258676246
2258676250
1146251541
1146251542
1151445541
1151445542
1151441449
1151441450
1151445545
1151445546
2292292134
1150375205
1150375206
1150379301
1150379302
1150375209
1150375210
1150379305
1150379306
1150379541
1150379542
2241931653
2241931657
1214356006
1163155497
1163159593
1163171881
2288097813
2288097814
2288097829
2288097830
1163175977
1168190086
1168190090
1163942437
1163942441
1163946533
1163946537
1163942438
1163942442
1163946534
1163946538
1213749397
1218550037
1218550038
1218550041
1218550042
1218554137
1218554138
1167726726
1167730822
1217964117
1217964118
1150462489
1150462490
1150396698
1150396713
1150396714
1150380569
1150380570
1150380585
1150380586
1150396953
1150396954
1184405526
1184409622
1184405530
1184409626
1214409257
2288163353
2288163354
2288163369
2288163370
1218599445
1218599446
1218599461
1218599462
2288085541
1213487253
1213487254
1213503638
1213487269
1213487270
1214409258
1213503653
2237159465
2237163561
2237175849
2237179945
2288097561
2288097562
2241894933
2241894937
2241899029
2241899033
2241894934
2241894938
2241899030
2241899034
2258672149
2258672153
2292292121
2292292122
2292296217
2292296218
2292341273
1147234585
1147234586
1147230489
1147230490
1147230758
1147247125
1147247126
1147247141
1147247142
1147230485
1146185257
1146185258
1146201625
1146201626
1146201641
1146201642
1146186009
1146186010
1146186025
1146186026
1217947801
1217947802
1184917802
2288151081
2288151082
2237700646
2237700650
2237704742
2237704746
2241997445
2241997449
2241993350
2241993354
1214360101
1214360102
1146202646
1146251818
1146202661
1147296298
1146182181
1146182182
1146182185
1146182186
1217685589
2241878298
2241878310
2241878314
1146202393
1146202394
1146202409
1146202410
1146186265
1146186266
1146186281
1146186282
1146202649
1146202650
1218533669
1218533670
1218533673
1218533674
1218537769
1218537770
2241993286
2241878553
2241882645
2241882649
2241882646
2241882650
2258655765
2258655769
1147234853
1147234854
1147251221
1147251222
1147251237
1147251238
1146181925
1217960085
1217960086
1217960089
1217697957
1214425625
1214425626
1214425641
1214425642
1217947753
1217947754
1214404885
1214404886
1214404901
1214404902
1214421269
1214421270
1214421285
1214421286
1214405141
1146264102
1146268197
1146268198
1146264105
1146264106
1146268201
2241997130
1163958805
1163958809
1163962901
1163962905
1163958806
1163958810
1163962902
1163962906
1168251461
1168251465
1214359850
1184930326
1184930330
1184930342
1184930346
1184393238
1184393241
1184393242
1184389142
1184389145
1184389146
1167726666
1167730762
1168190022
1168190026
2292275749
2292275750
2292279846
2292275753
2292275754
2237159446
2237163542
2241927557
2241927561
1218603541
1218603542
2241931590
2241931594
2241402949
2241407045
1163942421
1163942425
1168185925
1168185929
1163942422
1163942426
1168185926
1168185930
1214405145
1214405146
2237175845
2237179941
2237175850
2237179946
1150379557
1150379558
1150395925
1150395926
1150395941
1150395942
1150380309
1150380310
1150380325
1150380326
1146181157
1146181158
1146185253
1146185254
1146181161
1146181162
1217947814
2258672165
2258655766
2258655770
2258659866
1147312681
1147316777
1147247146
1147251242
1147312682
1147247145
2288097817
2288097818
2288097833
2288097834
1168136470
1168136474
1168140566
1168140570
1184913685
1184913689
1184917781
1184917785
1184913686
1184913690
1150458137
1150458138
1150458153
1150458154
1218533910
1163155478
1163159574
1163171862
1163175958
1214425365
1214425366
1214421273
1214421274
2241997385
2237175829
2237175830
1150375193
1150375194
1150391577
1150391578
1150391593
1150391594
1150375449
1150375450
1163159590
1163171878
1163175974
1163946277
1163946281
1168140565
1168140569
1168140581
1163434010
1167726662
1167726665
1167726661
1167730757
1163438106
1167730758
1218599449
1146180905
1146180906
1146197273
1146197274
1146197289
1146198570
1146181929
1146181930
1146198297
1146181913
1146201637
1146201638
1146250794
1146263081
1146263082
1146267177
1147234601
1147234602
1147246889
1147246890
2288085529
2288085530
2288085545
2288085546
1214360105
1214360106
1163155482
1163159578
1163171866
1163175962
1150379289
1150379290
1150395689
1150395690
1150379545
1150379546
1217960101
1217960102
1217960105
1217960106
1163155498
1163159594
1163171882
1163175978
1217964137
1218538010
1167611946
1167616042
1167628330
1167632426
1168189833
1184917797
1184917801
1168190085
1168190089
1167730761
1167403081
1167398982
1167403082
1213749398
1213749401
1213749402
1213491285
1213491286
1213491289
1213491290
1217681497
2237159450
2237163546
2241468485
2241472581
2241927749
2241927753
2241927813
2241927817
2237688341
2237688345
2241407114
2292275477
2292275478
2292275493
2292275494
2292275481
2292275482
2292275734
1168156969
1168152870
1168152874
2241407050
2288081173
2288081174
2288081189
2288081190
2288081177
2288081178
2288081429
2288081430
2288081445
1163417637
1218533909
1218538006
1218533913
1218533914
1218538009
1218599450
1218603545
1218603546
1150457385
1150457386
2241403013
2241407109
2241468549
2241472645
2258130981
2258135077
2258147365
2258151461
1146197546
1146184986
1146185001
1146185002
1146197290
1146201385
1146201386
1146185241
1146185242
1146267941
1217685657
1151445529
1151445530
1146202666
1146264101
1147251241
1147316778
1146251545
1146251546
1146251561
1146251562
1146267929
1146197545
2292279850
1218619673
1218619674
1218619689
1218619690
1218619929
1218619930
1218619945
1218619946
1150442009
1150442010
1150442025
1150442026
1150391829
1150391830
1150391833
1150391834
1150395929
1150395930
1167611930
1167616026
1167628314
1167632410
1213507689
1213507690
1213753433
1213753434
1213769817
1213769818
1150380565
1150380566
1150380581
1150380582
1150396949
1150396950
1150396965
1151428906
1151445525
1151445526
1146247721
1146247722
1146264089
1146264090
1168157226
1163962650
1163962662
1147230501
1147230502
1146198549
1146198550
1146198565
1146180886
1146180889
1146180901
1146180890
1146184985
1151429161
1151429162
1150392613
1150392614
1150396709
1150396710
1150392617
1150392618
1150458149
1150458150
1146198313
1146198314
1213507753
1213507754
1213753497
1213769881
1213769882
1214408985
1214408986
1214409001
1214409002
1184131098
1150375461
1150375462
1150375465
1150375466
1150379561
1150379562
1150440997
1150440998
1150446117
1150446118
1167366170
1167370266
1163946278
1163946282
1146267942
1146263849
1146263850
1146267945
1146267946
1146198309
1146198310
1147234842
1147234857
1147234858
1168189830
1167464517
1167468613
1167464518
1167468614
1167464522
1167403142
1167464582
1167468678
1184143398
1184147494
1146247701
1147300377
1147300378
1147296277
1147296278
1147296281
1147296282
1146246677
1146246678
1168157205
1168157209
1168157221
1168157225
1217960042
1217960041
2241931910
2241931914
2288081446
2288085542
2288146981
2288146982
2288146985
1147251225
1147251226
1147250985
1147250986
1150392602
1150376473
1150376474
1150376489
1150376490
1150392857
1150392858
1184143401
1184147497
2237704729
2241993290
2241997382
2241997386
2237700630
2237700634
2237704726
2237704730
2241993285
2241993289
1167468618
1167464521
1167468617
1213507669
1213507670
1213507673
1146186005
1146186006
1146186021
1146186022
1214355733
1214355734
1214355749
1214355750
1214339605
1214339606
1167611925
1167616021
1167628309
1167632405
1184147477
1184143385
1184147481
1213503654
1213503657
1213503658
1213507749
2288146965
2288146966
1218603558
1218619941
1167399049
1167403145
1167464585
1167468681
1168255301
1184934181
1217964121
1217964122
1217964185
1217964186
1167464581
1167468677
1218603557
1168153110
1168153114
1168153126
1168153130
1163958566
1163958570
1163417638
1150462230
1150462233
1150462234
1151424793
1151424794
1151424809
1151424810
1151441177
1151441178
1151441193
1214405161
1168185733
1168185737
1168189829
2241468554
2241472650
2237704725
2237704741
2237704745
2258147369
1213765781
1213765782
1167398981
1167403077
1184143381
1184913957
1146267930
1146263833
1146263834
1146198293
1146198294
1146198298
1147230761
1147230762
1150442021
1150442022
2288101909
2288101910
2288101925
2288101926
2236897305
2236901401
2236913689
2236917785
2236913686
1150391845
1150391846
1150375189
1150375190
1150376213
1150376214
1150376229
1150376230
2288085285
2288085286
2288081193
2288081194
2288085525
2288085526
1184143402
1184147498
1217685673
1217685674
1146181141
1146181142
1146180902
1146197525
1146181926
1146181910
2241997381
2288146986
2237688357
2237688361
2237684262
2237684266
2237688358
2237688362
2237684005
1146181914
1146182169
1146182170
1146198553
1146198554
1151428889
1151428890
1151428905
1151441194
1151445289
1151445290
1151429145
1151429146
1213491365
1213491366
1146264085
1146264086
1217697893
1217697894
1147230505
1147230506
1146267925
1146267926
1147246873
1147246874
2292275733
2292279829
2292279830
2292275737
2292275738
2292341274
2292345369
2292345370
1168153129
1168157222
1217685593
1217685594
1217701977
1217964138
1168255366
1168255370
1184934166
1184934170
1184934182
1167399050
1167403146
1167464586
1167468682
1213765718
1150462505
1150462506
1150391849
1150391850
1150395945
1150395946
1150445081
1150445082
1150392869
1150392870
1147247129
1147247130
1147296297
1147312665
1147312666
1184143386
1184147482
1168189834
1184917782
1184917786
1184917798
1146251817
1146247449
1146247450
1146247465
1146247466
1146247705
1146247706
1163962666
1168156966
1168156970
1163417642
1163421738
1218538026
1150440986
1168251269
1167661126
1167665222
1218554410
1218615849
1150445093
1150445094
1150441001
1150441002
1150445097
1150445098
1150445846
1150445861
1150445862
1218537754
1218554153
1218554154
1218554393
1218554394
1218554409
1213507750
1184143382
1184147478
1167611926
1163942182
1214339370
1214339609
1214339610
1168136746
1151424806
1150376469
1150376470
1150376485
1150376486
1184930085
1184930089
1184934185
1184930086
1184930090
1168156965
2241931846
2241931850
1147300389
1147300393
1218603305
1218603306
1184934422
1184934426
1184934438
1184934442
1218603561
1150441765
1150441766
1150458133
1150458134
1214404890
1168255365
1214408982
1168140585
1168136486
1168136490
1168140582
1168140586
1184913701
1184913705
1184913962
1214421541
1167403078
1184126998
1184913942
1184913946
1184913958
1184131094
1167399046
1150375445
1150375446
1151441433
1151441434
1150392853
1150392854
2237688102
2237688106
2241882390
2241882406
2241882410
1184918057
1184913961
1184918053
1168136741
1168136745
1168140837
1168140841
1218603301
1218603302
1217697877
1217697878
1168185734
1168185738
1184913702
1146268181
1146268182
1217943654
1217960037
1217960038
1146268185
1146268186
1163421733
1167611941
1146201621
1146201622
1146197529
1146197530
1146246681
1146246682
1146263065
1146263066
1217701978
1217685609
1217685610
1217701993
1217701994
1150440981
1150440982
1150442005
1150458389
1150442006
1150458390
1150440985
1213487258
1213491349
1213491350
1167628310
1167632406
1168136742
1184913706
1167661125
1163942186
1146185237
1146185238
1213753449
1213491305
1213491306
1214343449
1214343450
1214343465
1214343466
1217943653
1217947749
1217947750
2241402954
2241140810
2241144906
2241468490
1214421546
2241472586
1217960090
1163962661
1168251274
1146181145
1146181146
1146246693
1146246694
1146250777
1214359833
1214359834
1214359849
1163962645
1163962665
1163417641
1167611945
1167616041
1167628329
1167632425
1218615829
1218615830
1218615845
1217697958
1217943702
1218615846
1167399045
1167403141
1150376233
1150376234
1150380329
1150380330
1150457369
1150457370
1150441754
1150441769
2241899046
2241899050
1214409237
1213753493
1213753494
1214405142
1214409238
1214343702
2236897321
2292279589
2292279590
2241899049
2236901417
2236913705
2236917801
1167628326
1167632422
1184405541
1184409637
1184405545
1184409641
1184405542
1167632409
1147234597
1147234598
1146247702
1151425049
1217701989
1217701990
1217964133
1168251206
1168251210
1168251270
1184930070
1184930074
1150441770
1150445865
1150445866
1168251273
2237175834
2237179930
2237688342
2237688346
2241882662
2241882666
2237684009
2241140806
2241144902
2237159445
2237163541
1214425381
1214425382
1214421289
1214421290
1217697881
1217697882
1217701973
1217701974
1217702037
1217702038
1217685605
2258135081
2258676261
2258676265
2292341285
2292341286
2292345381
2292345382
2292279849
2241997446
2241997450
1151428901
1151428902
1168255369
1213769829
1213769830
1214355737
1214355738
1214355753
1214355754
2237684246
2237684250
1150392597
1150392598
1150396693
1150396694
1150392601
1150396697
1150462229
2241108010
2241112106
2237704470
2237704474
1167616037
1167628325
1167632421
1151425046
1151441430
1151425045
1150376217
1218619685
1218619686
1218619926
1184389157
1184393253
1168136725
1168136729
1146181909
1184409638
1150462485
1150462486
1213753510
2236917782
2237159466
2237163562
2241091606
2241095702
1167611929
1167616025
1167616022
1184389141
1184393237
1217702053
1217702054
1217702057
1217702058
2258672166
2258672170
2258676262
1146251557
1146251558
1167611942
1167616038
1218550057
1218550297
1218550298
1218550313
1218550314
1213765785
1213765786
1213769877
1213769878
1213765717
1218550053
1218550054
1218615593
1218615594
1213487273
1213487274
1167398986
1213491353
1213491354
1146251801
1146251802
1218603562
1217947817
1217947818
1217964201
1217964202
1184127002
1163946518
1163946522
1168140838
1217964198
1184934437
1184934441
2292345385
2292292133
2292292137
2292292138
2292296233
2292296234
1167665286
1168251462
1168251466
1218615833
1218615834
1217685669
1213491369
1213491370
1168255305
1184934165
1184934169
1213749350
1213749413
1213749414
1213753509
2258151465
2241898790
2241898794
1151494697
1151494698
1151429157
1151429158
1214408981
1214409253
1214409254
1150462245
1150462246
1150462249
1150462250
1150461481
1150461482
1218550309
1218554405
1218554406
1184405529
1184409625
1184131097
2237684006
2237684010
2236897302
2236901398
1167628313
1184405525
1184409621
1147230757
1147300390
1147300394
1146251813
1218533658
1168157206
1168157210
1217685658
1217702041
1217702042
2258659622
1214421542
1214421545
2258676006
2258676010
2241403018
2258130986
2258135082
2258147370
2258151466
1151425050
1151490581
1217960021
1217960022
1217685670
1218599193
1218599194
1218599209
1218599210
1218615577
1218615578
1218599466
1150446105
2258655782
2258655786
2241206342
2241210438
2241878294
1168251205
1168251209
1184127001
1213749349
2236897317
2236901413
2237700629
2237700633
2237700645
2237700649
2241403014
1150446101
1150446102
1151429141
1151429142
2241927814
2241927818
2237179926
2237683990
2237683994
1146182166
2258671898
2258671910
1184934421
1184934425
1218550293
1218554389
1167665221
1214421529
1214421530
1146251798
1218554390
1217681498
2258672169
2292341269
2292341270
1217685606
2258147366
2258151462
2258130982
2258135078
2237688085
2237688089
2237688101
2237688105
2292291866
1217685653
1217685654
1146197526
1147230486
1213765733
1213765734
1214339349
1214339350
1214339365
1214339366
2241931909
2241931913
1218533653
1218603285
1218603286
2292275497
2292275498
2292291865
1163417625
1163421721
1213765797
1213765798
2288101930
2288167465
2288167466
2288101913
2288101929
2258659882
2258659626
2292357657
2292357658
2258671914
2241993034
2258671894
1218619669
1218619670
1217964134
1146251797
1167398985
2236897301
2236901397
2237683989
2237683993
2241997126
1168255561
2241993029
2241993033
2258655781
1218599465
1146250790
1151506985
1151506986
1151511081
1151511082
1151494693
1151494694
1218619925
1168185990
1168185994
1214405157
1214405158
1146202665
1146202662
1146184997
1146184998
1146198569
2241927493
2241927497
1146250789
1151506969
1151506970
