365342033232
365610731872
640488638816
434330208608
709208115552
382790601056
657668508000
369905763680
644783670624
451510077792
726387984736
434330273376
709208180320
713502821024
365342099856
640220006800
434061576592
708939483536
382521969040
657399875984
451241445776
726119352720
369637067152
644514974096
730682689184
709209228624
451511190864
726389097808
365343409488
640221316432
434062886224
708940793168
382523278672
657401185616
451242755408
438357854560
713235761504
386818247008
661696153952
455537723744
730415630688
365611845984
365342362256
640220269200
434061838992
708939745936
382522231440
657400138384
451241708176
726119615120
369637329552
644515236496
369905763728
644783670672
438625240464
713503147408
387085632912
661963539856
455805109648
730683016592
382791715408
657669622352
451511192144
726389099088
661696153248
455537723040
730415629984
644783343008
438624912800
713502819744
387085305248
661963212192
455804781984
730682688928
661964588384
382791387744
657669294688
451510864480
726388771424
365342296480
434061773216
708939680160
382522165664
657400072608
365342099872
640220006816
434061576608
708939483552
382521969056
365610797728
640488704672
434330274464
709208181408
382790666912
657668573856
365610468944
438357853584
713235760528
386818246032
661696152976
455537722768
730415629712
640489751952
434331321744
709209228688
369637263968
644515170912
369906550416
644784457360
438626027152
713503934096
387086419600
661964326544
455805896336
730683803280
365343147360
640221054304
434062624096
708940531040
382523016544
657400923488
451242493280
726120400224
369638114656
644516021600
369637329232
644515236176
438356805968
455805110608
438625241424
713503148368
661963540816
730683017552
386817198416
657669294432
708939483808
382521969312
657399876256
451241446048
726119352992
369637067424
640221252000
434062821792
708940728736
382523214240
657401121184
451242690976
726120597920
369906746720
644784653664
438626223456
713504130400
387086615904
661964522848
455806092640
730683999584
438356739728
713234646672
386817132176
661695039120
455536608912
730414515856
365610731152
640488638096
434330207888
709208114832
369638312528
644516219472
455804848544
730682755488
386817918368
661695825312
451510077840
726387984784
369906812240
382791714128
644784719184
438626288976
713504195920
661964588368
455806158160
730684065104
365611844944
369637264032
644515170976
382791387536
657669294480
451510864272
726388771216
365343409824
455806158176
730684065120
640221316768
434062886560
365610731104
640488638048
434330207840
709208114784
382790600288
726388835680
657668507232
451510077024
726387983968
365343147680
640221054624
434062624416
382523016864
657400923808
451242493600
369906812576
644784719520
438626289312
708939483488
438356806288
713234713232
386817198736
661695105680
455536675472
730414582416
640488704656
434330274448
438626026848
713503933792
708939482512
382521968016
657399874960
451241444752
726119351696
369637066128
451509880208
730682754448
640488441232
709208114768
382790600272
657668507216
451510077008
726387983952
369905698384
644783605328
438625175120
713503082064
387085567568
387085372064
661963279008
657401121360
661964588640
365343409504
640221316448
434062886240
708940793184
382523278688
657401185632
451242755424
726120662368
369638376800
644516283744
657400923744
451242493536
726120400480
369638114912
644516021856
438357591648
713235498592
365343082896
640220989840
434062559632
708940466576
382522952080
657400859024
451242428816
726120335760
369638050192
644515957136
644784653728
365611780512
640489687456
434331257248
709209164192
382791649696
657669556640
726389033376
726119615056
713234713168
386817198672
661695105616
455536675408
730414582352
365610797648
640488704592
434330274384
709208181328
709208114576
382790600080
657668507024
451510076816
726387983760
661964524112
730684000848
369637328208
644515235152
438356804944
386817197392
661695104336
455536674128
387085632864
661963539808
451510142560
726388049504
455804783264
730682690208
644783606432
438625176224
713503083168
387085568672
661963475616
455805045408
730682952352
451241642400
726119549344
369637263776
644515170720
438356740512
386817132960
661695039904
455536609696
455806092896
730683999840
455536675488
434330011232
709207918176
730414582432
644784720480
365611517584
640489424528
434330994320
709208901264
382791386768
451510863504
726388770448
365342361952
640220268896
434061838688
708939745632
369905502624
644783409568
438624979360
387085371808
365342360976
640220267920
434061837712
708939744656
382522230160
657400137104
451241706896
726119613840
369637328272
365610535504
713234450080
386816935584
661694842528
730414319264
434330274400
709208181344
713503147680
365611517264
640489424208
387086353744
661964260688
657669293392
713503868240
434062820688
708940727632
382523213136
438356740448
713234647392
386817132896
661695039840
365343345040
640221251984
434062821776
708940728720
382523214224
657401121168
451242690960
726120597904
369638312336
644516219280
438626224736
713504131680
657400858960
451242428752
726120335696
644784720224
438626290016
713504196960
661964589408
434061575584
708939482528
382521968032
657399874976
713503147344
661963539792
455805109584
730683016528
438356477280
713234384224
661694776672
455536346464
365611779744
640489686688
434331256480
709209163424
382791648928
657669555872
713235760736
386818246240
455537722976
730415629920
438356739472
713234646416
386817131920
455536608656
730414515600
365610730896
640488637840
434330207632
455536347728
730414254672
365343148688
640221055632
434062625424
708940532368
382523017872
657400924816
451242494608
726120401552
369638115984
365611582880
640489489824
434331059616
709208966560
382791452064
657669359008
451510928800
726388835744
382791714464
657669621408
455805896032
730683802976
455805896272
730683803216
434062559648
708940466592
382522952096
657400859040
434062624160
382523016608
657400923552
726120400288
369638114720
644516021664
369905501856
644783408800
438624978592
387085371040
661963277984
438356806032
386817198480
661695105424
455536675216
730414582160
640488704400
434330274192
709208181136
661695826336
365342295376
640220202320
708939679056
438356739408
713234646352
387085567312
661963474256
455805044048
730682950992
382522164560
434331060560
709208967504
382791453008
451510929744
369906551120
713503934800
730682755728
730684066144
644514907808
438356477600
386816870048
661694776992
455536346784
387086420560
661964327504
455805897296
730683804240
713502886480
365342100048
640220006992
434061576784
708939483728
382521969232
726389032608
438356740704
386817133152
661695040096
365611518288
640489425232
434330995024
455536609888
730414516832
455537657232
730415564176
709207852432
382790337936
657668244880
726387721616
644783342992
382790666640
657668573584
438357591392
713235498336
661695890784
365342360992
640220267936
434061837728
369906812512
644784719456
438626289248
713504196192
661695105360
455536675152
730414582096
365610797392
640488704336
434330274128
709208181072
382790666576
657668573520
451510143312
730414319968
365342100064
434061576800
708939483744
657399876192
451241445984
726119352928
365343410832
640221317776
434062887568
708940794512
382523280016
657401186960
451242756752
726120663696
369638378128
644516285072
726387983776
644514974368
438356544160
713234451104
386816936608
661694843552
451509880416
726387787360
438356477344
386816869792
661694776736
455536346528
365610468768
640488375712
709208967824
382791453328
657669360272
451510930064
726388837008
451509814880
726387721824
369905436256
438624912992
387085305440
661963212384
455804782176
365611780448
640489687392
434331257184
709209164128
382791649632
657669556576
451511126368
387085633888
451510143584
726388050528
730683016864
365610730832
640488637776
365611845968
640489752912
709209229648
382791715152
657669622096
451511191888
726389098832
369906813264
644784720208
709207919200
382790404704
657668311648
451509881440
726387788384
365343148704
369905502560
644783409504
455806093920
369906812304
644784719248
438626289040
387086681488
661964588432
455806158224
730684065168
730684000864
438625176160
713503083104
661963475552
455805045344
730682952288
369906484640
438625961376
713503868320
387086353824
661964260768
455805830560
730683737504
365611846304
434331323040
709209229984
382791715488
657669622432
451511192224
726389099168
365342100112
640220007056
434061576848
708939483792
382521969296
451241446032
726119352976
369637067408
640488703632
434330273424
709208180368
657668572816
438356543120
713234450064
386816935568
455536412304
730414319248
365610534544
640488441488
434330011280
709207918224
365610469024
640488375968
709207852704
382790338208
657668245152
451509814944
726120662352
369638376784
438357853520
386818245968
661696152912
455537722704
730415629648
657669621072
434061772112
365343148384
365342033248
640219940192
434061509984
382521902432
657399809376
451241379168
726119286112
369637000544
644514907488
730683803024
451242493328
726120400272
434062624144
708940531088
382523016592
386817983888
640221054352
434061576864
386817197664
382790403472
657668310416
387086353808
661964260752
455805830544
730683737488
730415367568
387085370768
726120596880
365342033312
434061510048
382521902496
657399809440
451241379232
644514907552
369905699216
644783606160
438625175952
713503082896
387085568400
661963475344
455805045136
730682952080
369905501776
713502885456
438356543056
713234450000
386816935504
661694842448
455536412240
730414319184
369638312608
438357789344
661696088736
455537658528
730415565472
365343410848
640221317792
708940794528
382791648864
657669555808
369638115744
644516022688
438357592480
455805897056
730683804000
713235499424
386817984928
661695891872
455537461664
730415368608
365611582816
640489489760
438356543888
713234450832
386816936336
455536413072
730414320016
640488442256
709207918992
661694842256
455536412048
730414318992
708940532304
382523017808
708940793504
382523279008
451242755744
726120662688
369638377120
644516284064
438357853856
386818246304
365343082064
640220989008
434062558800
708940465744
382522951248
451242427984
726120334928
369638049360
455806092880
369905501792
644783408736
387085370976
365343410528
640221317472
434062887264
708940794208
657401186656
451242756448
726120663392
369638377824
644516284768
365342033504
640221316496
708940793232
657401185680
451242755472
726120662416
369638376848
365610535328
640488442272
661964523936
434330012064
709207919008
365342033552
640219940496
434061510288
708939417232
382521902736
451241379472
726119286416
369637000848
644514907792
657669555600
365342033568
438624912736
455804781920
730682688864
434061510304
640489751904
726388050256
644784655008
438626224800
713504131744
661964524192
455806093984
730684000928
640221316704
434062886496
708940793440
382523278944
657401185888
451242755680
726120662624
369638377056
644516284000
438357853792
455537657248
730415564192
369905698448
438625175184
713503082128
387085567632
661963474576
455805044368
730682951312
661963278688
455804847776
369906551200
644784458144
438626027936
657399875936
451241445728
726119352672
369637067104
438356543840
713234450784
438357525920
640220268944
708939745680
382522231184
657400138128
451241707920
726119614864
369637329296
369638114976
644516021920
438357591712
438357527184
713235434128
455537396368
730415303312
640489425552
434330995344
709208902288
365610535584
434330012320
709207919264
730415630944
726119548240
657668311712
455805110944
730683017888
657668508320
709207917968
369905501584
644783408528
438624978320
713502885264
438356542864
713234449808
386816935312
438624979616
657399876000
726119352736
644514974112
438356543904
713234450848
386816936352
661694843296
661695038880
726119548576
644515956304
438357526096
713235433040
386817918544
661695825488
455537395280
730415302224
365611517520
640489424464
434330994256
455805831760
730683738704
369906484576
438625961312
369905763744
644783670688
438625240480
713503147424
387085632928
661963539872
730683016608
365611846240
455537396304
730415303248
644515957328
438357527120
713235434064
386817919568
661695826512
640489753184
640488703568
709208180304
657668572752
455804847440
730682754384
713234449744
386816935248
365610534224
640488441168
434330010960
709207917904
369637066064
644514973008
365343409568
382523278752
438625240416
713503147360
451242755488
726120662432
640219940448
434061510240
382521902688
657399809632
451241379424
726119286368
369637000800
644514907744
438356477536
369906550432
644784457376
438626027168
713503934112
387086419616
661964326560
455805896352
365343343952
640221250896
730682952016
369638376864
644516283808
438357853600
713235760544
386818246048
661696152992
730415629728
661695890848
451510143376
726388050320
455537658464
730415565408
657669622160
451511191952
726389098896
365342362016
434061838752
726119614880
369637329312
382791714144
657669621088
640489425312
434330995104
709208902048
455806093712
730684000656
382791387552
657669294496
451510864288
369638115680
644516022624
438357592416
713235499360
730415368544
369906485840
644784392784
713503869520
387086354064
661964261008
438356542800
661694842192
369905765008
644783671952
438625241744
387085634192
661963541136
455805110928
661696154016
369905437344
438356477584
713234384528
386816870032
455536346768
730414253712
365610469008
640488375952
434329945744
709207852688
713235760480
386818245984
730415629664
455537395104
365342362272
382522231456
387086420304
730683803984
438357854544
386818246992
386817919312
661695826256
369637263008
438356739744
661695039136
644783605408
438625175200
661963474592
365342034272
640219941216
434061511008
382521903456
657399810400
451241380192
369906551136
644784458080
438626027872
713503934816
713503082080
661963474528
455805044320
438357526928
713235433872
386817919376
455537396112
730415303056
640489425296
434330995088
709208902032
365342034320
640219941264
369637328224
644515235168
730415565216
365342034336
434061511072
657399810464
451241380256
730684000672
365610797472
709208181152
382790666656
726388050336
730683017824
365610797664
640488704608
434062559568
708940466512
382522952016
709208901968
365343082832
657669294416
451510864208
726388771152
382791453072
451510929808
726388836752
438357592464
713235499408
386817984912
455537461648
730415368592
365611583888
640489490832
387085568592
661963475536
455805045328
730682952272
438626290256
644515170896
438356740688
713234647632
386817133136
369905764944
365342362208
434061838944
708939745888
726119615072
369637329504
644515236448
365342034528
640219941472
434061511264
382521903712
708940466528
382522952032
365342034576
640219941520
708939418256
382521903760
451241380496
726119287440
369637001872
644514908816
365610732176
640488639120
434061511328
657400924832
451242494624
726120401568
365611584160
640489491104
434331060896
709208967840
657669360288
451510930080
382521967952
657399874896
451241444688
726119351632
369905763664
644783670608
640220267856
708939744592
382522230096
657400137040
369905763920
451510142544
726388049488
709209228640
438626288992
713504195936
434330010976
709207917920
657668310368
451509880160
726387787104
726120663440
369905501536
713235761552
386818247056
661696154000
455537723792
640489752976
434331322768
709209229712
434331059536
382791387488
730683017632
434062625184
657400924576
365611583904
640489490848
434331060640
657669360032
451510929824
386817197456
661695104400
455536674192
365610796432
640488703376
434330273168
657668572560
451510142352
644514907728
438356477520
713234384464
661694776912
455536346704
730414253648
713502819920
387085305424
661963212368
455804782160
640221252240
708940728976
382523214480
451242691216
644516219536
369906748048
713504131728
387086617232
455806093968
726388049312
365342098848
369637328288
661964326304
369905501600
438624978336
661695104416
438356542880
661694842272
365343081872
640220988816
644783344016
387085306256
661963213200
657669622176
726389098912
730415630752
438626290080
713504197024
455806159264
730684066208
644516284832
451242756512
640489687632
434331257424
709209164368
657668572496
451510142288
726388049232
386817132112
661695039056
455536608848
730414515792
365610731088
640488638032
434330207824
365342295632
640220202576
451510928720
438357591376
713235498320
657668311376
451509881168
726387788112
455536346720
730414253664
640488375904
434329945696
709207852640
438356543072
640488441440
730682689120
382790403680
657400924768
726389033360
640220202592
708939679328
657400071776
451241641568
726119548512
455536608864
730414515808
369905698400
438625175136
640221251920
708940728656
382523214160
369638312272
644516219216
365611780432
640489687376
451510864544
434330011040
451509880224
640220990048
434062559840
708940466784
382522952288
657400859232
451242429024
726120335968
369638050400
644515957344
451242755664
726120662608
726387787344
365610534480
640488441424
709207918160
382790403664
657668310608
451509880400
365610534240
640488441184
730683737680
713503868496
709208901200
730683803232
661963277920
730414581344
730414319200
708939744864
726119614048
365610796640
640488703584
387086420624
730683804304
382791386704
451510863440
726388770384
369906484816
644784391760
387086354000
661964260944
455805830736
365342034512
640219941456
434061511248
708939418192
382521903696
726119287376
644514908752
713502820944
387085306448
386817197712
661695104656
455536674448
726388049552
382790403728
451509880464
726387787408
365611583120
640489490064
709208966800
369638115920
455537657424
730415564368
365343344208
640221251152
382523213392
657401120336
369638311504
644516218448
730683999824
382790665888
726388049568
434061575840
726119351968
438356543136
365611845280
709209228960
369638049424
644515956368
644514974288
713234451024
386816936528
661694843472
455536413264
640220989024
434062558816
708940465760
382522951264
657400858208
451242428000
726120334944
369638049376
644515956320
365342296656
640220203600
708939680336
382522165840
657400072784
661695040080
455536609872
730414516816
365610732112
713235433824
661695826272
455537396064
730415303008
455805831520
713503869280
640220989792
434062559584
438356805280
713234712224
661695104672
387085633184
644783670944
438625240736
730414581408
382790339168
451509815904
726387722848
438356478560
713234385504
661694777952
455536347744
730414254688
640488376928
438357525904
713235432848
386817918352
382790338192
644783343248
713502819984
387085305488
661963212432
455804782224
730682689168
730682755664
365343344224
640221251168
382523213408
657401120352
451242690144
726120597088
438626223712
713504130656
661964523104
709208967568
369906551184
369637328480
644515235424
438356805216
713234712160
644784458128
438626027920
387086420368
730683804048
644783670880
438625240672
730415301968
661694776656
730414253392
640219940176
382521902416
644514907472
644783342928
730682688848
386816871056
455536347792
640488376976
709207853712
365611583824
640489490768
640220203616
657400072800
451241642592
726119549536
365610732128
640488639072
382790601312
451510078048
365342295696
640220202640
708939679376
451241641616
644515169936
382790600336
657668507280
451510077072
657669359184
451510928976
661963213392
455804783184
438356478544
365610469968
640488376912
434329946704
709207853648
386817131856
369637262672
644515169616
434330207568
709208114512
726387721888
382790600016
657668506960
455804782240
382790339152
726387722832
382521968208
369637066320
644514973264
387085370960
455804847696
730414253408
640488375648
382790337888
451509814624
726387721568
369905436000
365611518544
640489425488
434330995280
382791387728
726388771408
387086355024
661964261968
369638312544
640489687648
434331257440
455537657440
730415564384
382790665568
365342360928
434061837664
708939744608
726119613792
455536608928
730414515872
455805044384
730682951328
708939679392
382522164896
451241641632
640488638112
434330207904
382523213456
451242690192
709209163408
657669555856
451511125648
726389032592
382790338960
640220268112
382522230352
657400137296
451241707088
726119614032
369637328464
661695104592
455536674384
730414581328
640220202336
713234646368
661695038816
455536608608
730414515552
644783605088
451511192208
726389099152
644784653904
438626223696
387086616144
661964523088
386818180688
661696087632
365611779664
386818181712
661696088656
730415565392
387086617168
730414254416
640219941200
644514908496
434061510992
382521903440
657668310624
365342099040
640220005984
455804847712
730682754656
434061575776
657399875168
451241444960
726119351904
709209229904
369906813520
644784720464
640221317712
644516022864
386817985104
730415303264
365611518560
709208902240
713503869536
455805831776
713235433104
386817918608
365343082128
640220989072
382522951312
451242428048
726120334992
386818181456
661696088400
657669556560
730683016800
365342361184
455805830480
730683737424
434062558544
382522950992
382523214176
657401121120
451242690912
726120597856
730682690192
382790339216
644783344272
713502821008
387085306512
661963213456
713234385552
365611518304
709208901984
726388771168
455536609632
730414516576
644783606112
661964524128
661696088672
365343345248
640221252192
708940728928
382523214432
657401121376
451242691168
726120598112
365611779472
726389032336
369906746768
387086615952
661964522896
455806092688
644516218512
713235695248
661696087696
455537657488
730415564432
365611779728
640489686672
365343344272
640221251216
657400072528
713502820688
644783343952
387085306192
455804782928
369906813328
644784720272
387086682512
455806159248
709208900960
434062559824
382522952272
726120335952
387086615888
661964522832
644516218192
386818180432
657669555536
387086354080
455537395360
438625961632
713503868576
455805830816
434062558880
657400858272
451242428064
438357526176
387085568656
661963475600
365342296720
640220203664
644515170960
713234647696
726119287184
369637001616
644514908560
369906747792
661964523920
713503083152
386817133200
661964589392
708940531280
382523016784
657400923728
369638114896
644516021840
713503935136
387086420640
455805897376
455537396128
644783606176
438625175968
455805045152
730682952096
455806093728
382791386464
451510863200
726388770144
640220988768
382522951008
657400857952
434330208592
709208115536
382790601040
657668507984
369905699152
644783606096
438356478624
661694778016
455536347808
709207853728
382790339232
369905699408
644783606352
713503083088
455537657504
730415564448
369905502800
644784653984
438626223776
455806092960
726119287136
644514908512
713234385248
661694777696
455536347488
640488376672
369637000592
644514907536
661963212176
730682688912
386816869776
386818246224
661696153168
382523278928
661964588624
657400923792
726120400528
644784653648
640489686368
709209163104
382791648608
451511125344
640221250912
382523213152
657401120096
451242689888
640488639136
434330208928
709208115872
382790601376
451241642656
726119549600
438356740768
382791649888
661695040144
730414516880
382791452256
657669359200
640489490000
365343147616
640489490016
438356806224
434061838928
382522231376
451241708112
382790666832
438625175904
713503082848
455805045088
640220203360
382522165600
657400072544
382522164624
726119548304
369637262736
644515169680
644515170704
386817132944
382522165648
369905502816
644783409760
661963278944
455804848736
730682755680
730414320224
455805045392
382521968272
726119351952
369637066384
369905699472
369905501840
644515956064
661695825248
730415301984
365611517280
640489424224
709207852448
382790337952
726387721632
365611845216
640489752160
451511191136
726389098080
382522165584
365343409760
438625962640
713503869584
730683738768
382791387792
726388771472
365343083152
657399810720
451241380512
726388836704
657400924512
640489490784
451509880144
713234713184
730414582368
369638050128
644783671904
438625241696
713503148640
455805831504
730683738448
640220989776
382791452048
451510928784
709207853664
369905763984
387085633168
661963540112
640220268176
661695825504
730415302240
726388835728
455536608672
455805044128
730682951072
644783605152
382522164640
657400071584
451241641376
438626224720
657668508240
730415565456
640489687696
657669556880
451511126672
365343345296
369906550096
640488703312
709208180048
434330011296
451509880480
657399810656
644514908768
455804783200
661695826528
455805044064
382790404752
451509881488
726387788432
365342033488
434061510224
644784654672
438626224464
661964523856
387086355104
713503869600
455805831840
365611518624
640489425568
713503868512
455805830752
644783408480
387085370720
730414318944
369637067344
455804848720
640488442448
451509881424
713503935056
369906551376
657400924752
730683999904
708940727968
382523213472
451242690208
726120597152
657400858976
644515957088
382790601360
657668508304
451510078096
661696088720
382522230432
726119614112
369637328544
644515235488
726120334736
455806159520
730684066464
644784391568
455537396384
369906485920
657400859296
438357527200
726387985056
708939680416
382522165920
708940728992
451242691232
726120598176
640489687712
434331257504
661696087648
369905502544
730414581088
451510142304
726388049248
382790338912
726387722592
387085306208
455804782944
730682689888
386816870800
365610469776
640488376720
386818247248
382523279968
661696088416
438626224480
713504131424
730684000608
730415565152
640221251936
365610468752
365342033296
386818180496
661696087440
726119287120
640489752208
640221316752
661964327520
726120401504
644516022880
730415368800
365343148640
382791452304
451510929040
386817984144
434062624400
382523016848
644784458336
387086420576
387085305168
365610468688
640488375632
640489424288
657400858016
657668508048
726119549328
382791714384
369638114640
661964327264
382791453024
657669359968
382790666592
387085372048
386816936592
640488442512
730684000912
640488376656
434329946448
661694777760
730682689952
382790338976
726387722656
369906813536
726389099104
451242756704
644516285024
387086681744
713235760784
661696153232
726120663456
382791648672
455804848464
438357788000
730414516896
434062625168
451242756496
382791715168
451511191904
713235498656
640489490080
657668573840
640488638880
434330208672
709208115616
382790601120
644784720288
387086682528
661964589472
713235761568
387086420384
365611846048
640489752992
369905502880
451509881504
387086681760
455806158496
451510929056
730415367840
640488442208
709207918944
726387788128
365342099808
640220006752
382522164816
657400071760
451511190880
387086681440
451510928992
726388835936
661964261776
726119615136
726387984800
451510143328
644515236192
644783671648
382791386448
434330994000
661696088464
387085370784
365610534304
657400071520
365610730848
451510076768
365611779424
386817985168
438626028176
438357526944
387086354848
455805831584
730683738528
369905698128
451510930000
382791386512
369905698192
455805044112
382522951056
726119613856
713234711968
730414581152
382790665632
455806159456
730684066400
726388836960
730683999648
640489686432
434331256224
644784654752
434062887248
730415368864
369905502864
438624979600
726119286096
382791452000
365342098784
726388837024
644515236512
713234713248
644783671968
713503148704
387085634208
369906550160
438626026896
644784719264
640488637856
438356739488
387086681504
730415631008
387086682784
382523280032
644516285088
451509881232
438356805200
455806158432
387086419360
726120336016
644515170640
438356740432
434329945680
438356739664
644783671712
644515236256
455806092944
