1464920769872
1482436511328
2581948139104
1757314418272
2856826046048
1551155988064
2860785207952
2650667615840
1826033895008
2925545522784
1464988927632
2564500555408
1739866834576
2839378462352
1533708404368
2633220032144
1808586311312
2908097939088
1482168796816
2581680424592
1482369402272
1464921098640
2564432726416
1739799005584
2839310633360
1533640575376
2633152203152
1808518482320
2908030110096
1482100967824
2581612595600
1757046769296
2856558397072
1550888339088
2650399966864
1825766246032
2925277873808
1555116131680
2654627759456
1551088552288
2650600180064
1538204763808
1469484172896
2568995800672
1744362079840
2843873707616
1538203649632
2637715277408
1813081556576
2912593184352
1464921098656
2564432726432
1739799005600
2839310633376
1533640575392
2633152203168
1808518482336
2908030110112
1482100967840
2581612595616
1761610434976
2861122062752
1486731413856
2586243041632
1761609320800
2861120948576
1555450890592
2654962518368
1830328797536
2929840425312
1465190254176
2564701881952
1740068161120
1555383781792
2654895409568
1555451676064
1469552330320
2569063958096
1744430237264
2843941865040
1538271807056
2637783434832
1813149714000
2912661341776
1486732199504
2586243827280
2581880965712
2856758872656
1469484436048
2568996063824
1744362342992
1486664305232
2586175933008
1761542212176
2861053839952
1551088814672
1486463764880
1486462977632
2585974605408
1761340884576
2860852512352
1555182454368
2654694082144
1464921884000
2564433511776
1761340688784
2860852316560
1739799790944
2839311418720
1533641360736
2633152988512
1757314418064
2856826045840
1551155987856
2650667615632
1482100967760
2581612595536
1482436512080
2581948139856
1757314419024
2856826046800
1486395935056
2585907562832
1761273842000
2860785469776
1812814170464
2912325798240
1744362408592
2843874036368
2843941930640
1482101951072
2581613578848
1482436183456
2581947811232
1757314090400
2856825718176
1551155660192
2650667287968
1826033567136
2925545194912
1469282911584
2568794539360
1744160818528
2843672446304
1757045656208
2856557283984
1825765132944
2925276760720
1551155988112
2650667615888
1486731479712
1469484436128
1555451742816
2654963370592
1808787638864
2908299266640
1813149714848
2912661342624
1464988928416
2564500556192
1739866835360
2839378463136
1533708405152
2633220032928
1808586312096
2908097939872
1482168797600
2581680425376
1482437494112
2581949121888
1757315401056
2581612332432
1756978611600
2856490239376
1550820181392
1486731216272
2586242844048
1761609123216
2861120750992
1538002388368
2637514016144
2585974605200
2860852512144
1830060361104
2929571988880
1555182454160
2654694081936
1486731150752
2925278071376
1482169059920
2581680687696
1555115345568
2654626973344
1469216066208
2568727693984
1825699334544
2925210962320
2929774167696
1812881606288
2912393234064
1538272070288
2637783698064
1482437559968
2581949187744
1757315466912
2856827094688
1551157036704
2650668664480
1826034943648
2925546571424
1465257363808
2564768991584
1740135270752
2839646898528
1533976840544
2633488468320
1808854747488
2908366375264
1482437232992
2581948860768
1469485549200
2568997176976
1538205025936
2637716653712
1813082932880
2912594560656
1812813384352
1551089665440
2908365327008
2912325012128
1757247046992
2856758674768
1825966523728
2925478151504
1469485221536
2568996849312
1744363128480
2843874756256
1538204698272
2637716326048
1813082605216
2912594232992
1808519202208
2908030829984
1482101687712
2581613315488
1756979594656
2856491222432
1550821164448
2650332792224
1825699071392
2925210699168
1469283894672
2568795522448
1744161801616
2843673429392
1538003371408
2637514999184
1812881278352
1486463763856
2929773382032
1486664108640
2586175736416
2568727628176
1744093907344
2843605535120
1537935477136
2637447104912
1812813384080
2912325011856
1486395869584
2585907497360
1761273776528
2564432726368
1739799005536
2839310633312
1533640575328
2633152203104
1808518482272
2908030110048
1482100967776
1486732462496
2586244090272
1761610369440
2861121997216
1761543325024
2861054952800
1486464026272
2585975654048
1761341933216
2860853560992
1555183503008
2654695130784
1830061409952
2929573037728
1482436446880
2581948074656
1757314353824
2856825981600
1551155923616
1555182520928
2654694148704
2650667551392
1826033830560
2925545458336
1469283175008
2568794802784
1744161081952
2843672709728
1538002651744
2637514279520
1812880558688
1465190253920
2564701881696
1740068160864
2839579788640
1533909730656
2633421358432
1808787637600
2908299265376
1482370123104
2581881750880
2568795588000
1744161867168
2843673494944
1538003436960
2637515064736
1812881343904
2912392971680
1812813449632
1830261426592
2929773054368
2650668336464
2569063957840
1486732199248
2586243827024
1538271806800
2637783434576
1555451675984
2654963303760
1761610106192
2861121733968
2860785141072
1761273513296
1469552330384
1538203912528
2637715540304
1555383781712
2654895409488
1830261688656
2929773316432
1761542211920
2912593447248
2586175932752
1812814236320
2912325864096
1465189206688
2564700834464
1740067113632
2839578741408
1533908683424
1830328601168
2929840228944
1761609124432
2861120752208
1756978611616
2856490239392
1825698088352
2925209716128
1469215802784
2568727430560
1464987944608
2564499572384
1739865851552
2839377479328
1486664108432
2586175736208
1761542015376
2861053643152
1555383585168
2654895212944
1830261492112
2929773119888
1465256315536
2564767943312
1757248095840
2856759723616
1464921885328
2564433513104
1739799792272
2839311420048
1533641362064
2633152989840
1808519269008
2908030896784
1486395672208
2585907299984
1761273579152
2860785206928
1555115148944
2654626776720
1829993055888
2929504683664
1757247309408
2856758937184
1555383782032
2654895409808
1537936590176
2637448217952
2654627039904
1538272134816
1469283174800
2568794802576
1744161081744
2843672709520
1538002651536
2637514279312
1812880558480
2912392186256
1761341999440
2860853627216
1469282847136
2568794474912
1744160754080
2843672381856
1538002323872
2637513951648
1812880230816
2912391858592
1808586638944
2908098266720
1555384895824
2654896523600
1830262802768
2929774430544
1761543326032
2861054953808
1829992990368
2929504618144
1830262475104
2929774102880
1761274889808
1555116459600
2654628087376
2585908610640
2860786517584
1829994366544
2929505994320
1757315467856
2856827095632
2568728742480
1744095021648
2843606649424
2929504946768
2908098267728
1486464092752
2925545523792
2637447170640
1551156774480
2650668402256
1826034681424
2925546309200
1825966787152
2650600507984
2581881031248
1830060426640
1465189205648
2564700833424
1740067112592
2839578740368
1533908682384
2633420310160
1808786589328
2650601293200
2925479200144
1482369075808
2581880703584
1757246982752
2856758610528
1551088552544
2650600180320
1825966459488
2925478087264
1469284157792
2568795785568
1744162064736
2843673692512
1538003634528
2637515262304
1812881541472
2912393169248
1486665157280
2586176785056
1761543064224
1464921098848
2564432726624
1739799005792
2839310633568
1533640575584
2633152203360
1538002323808
1808518482528
2908030110304
1482100968032
2586244089184
2637716391584
2650668598880
1465256641952
2564768269728
1740134548896
2839646176672
1533976118688
2633487746464
1808854025632
2908365653408
1482436511136
2581948138912
1739866049120
2839377676896
1533707618912
2633219246688
1808585525856
2908097153632
1739866834336
2839378462112
1533708404128
2633220031904
1808586311072
2908097938848
1830061410976
2929573038752
1486664303968
2586175931744
1761542210912
2861053838688
1555383780704
2654895408480
1830261687648
2929773315424
1469284223648
2568795851424
1744162130592
2843673758368
1538003700384
2637515328160
1812881607328
2912393235104
1486463764048
2654694868560
1829993253456
1482167814496
2581679442272
1757045721440
2856557349216
1550887291232
2650398919008
1825765198176
2925276825952
1555116131728
2654627759504
1829994038672
2929505666448
1464989190752
2564500818528
1482436184656
2581947812432
1551155661392
2650667289168
1826033568336
2925545196112
1538003372704
2637515000480
2568795851088
1744162130256
2843673758032
1744095021392
1757246982544
2856758610320
1551088552336
1739799792288
2839311420064
1469215803728
2568727431504
1744093710672
2843605338448
1537935280464
2637446908240
1812813187408
1486732266128
2586243893904
1761610173072
1464920836688
2564432464464
1739798743632
2839310371408
1808518220368
2908029848144
1482100705872
1825698089552
1555451742608
2654963370384
1486664369824
2586175997600
1761542276768
2861053904544
1555383846560
2654895474336
1830261753504
2929773381280
2568996063904
1555450955360
2654962583136
1482100968080
2581612595856
2908097153424
1465189206432
2564700834208
1740067113376
2839578741152
1533908683168
2633420310944
1808786590112
2908298217888
1482369075616
2581880703392
1830328796496
2929840424272
1829993056672
2929504684448
1465256315280
1757047031120
2856558658896
1550888600912
2650400228688
1825766507856
2925278135632
2860786517328
1813082670752
2912594298528
1761340885664
1464920769888
2564432397664
1739798676832
2839310304608
1482100639072
2581612266848
1465190582944
2564702210720
1740068489888
2839580117664
1533910059680
2633421687456
1808787966624
2908299594400
1486396720528
1555451741584
2654963369360
1830329648528
2929841276304
1756979660176
2856491287952
1550821229968
2650332857744
1825699136912
1739799005856
1465257691792
2564769319568
1740135598736
2839647226512
1808855075472
2908366703248
1482437560976
2581949188752
1482101950032
2581613577808
1756979856976
2856491484752
1550821426768
1555115083152
2654626710928
1829992990096
2929504617872
2585974408592
1482437494160
2581949121936
1757315401104
1469217047952
1740135269776
1464922080864
1830262737248
2929774365024
1464920769952
2564432397728
1739798676896
2839310304672
2912393168464
1555183502928
2654695130704
1830061409872
2929573037648
2633220294224
1808586573392
2908098201168
1482169058896
2581680686672
1486731478672
2586243106448
1555450955408
2654962583184
1808519267664
2908030895440
1757248359056
2856759986832
1551089928848
2650601556624
1825967835792
2925479463568
1555115412112
2654627039888
1486731151008
2586242778784
1761609057952
1538204698976
2637716326752
1757248031392
2856759659168
1825967508128
2925479135904
2843606387296
1537936329312
2637447957088
1812814236256
2912325864032
1813081885088
2912593512864
2912593184144
1465189205392
1740067112336
1808786589072
2908298216848
1551088551312
2650600179088
1825966458256
2843873773216
1469282846288
2568794474064
1744160753232
2843672381008
1538002323024
2637513950800
1812880229968
2912391857744
1486462715472
2585974343248
2929840163216
1486732461664
1465190581904
2564702209680
1740068488848
2839580116624
1533910058640
2633421686416
1808787965584
2908299593360
1482370451088
2581882078864
1464922147168
2564433774944
1739800054112
1464920770144
1486665352608
2586176980384
1761543259552
2861054887328
1555384829344
2654896457120
1830262736288
2929774364064
1761542211936
2861053839712
1486396918416
2585908546192
1761274825360
2860786453136
1829994302096
2929505929872
1829994301024
2929505928800
1825966721632
2925478349408
1757046770080
2856558397856
1550888339872
2650399967648
1825766246816
1464920770192
2564432397968
1739798677136
1464920770896
2564432398672
1739798677840
2839310305616
1533640247632
2839310304912
1533640246928
1757315140240
2856826768016
1551156710032
2650668337808
1826034616976
2925546244752
1464920770208
2564432397984
1739798677152
2839310304928
1533640246944
2633151874720
1808518153888
2908029781664
1482100639392
2581612267168
1482369336992
2581880964768
1757247243936
2856758871712
1551088813728
2650600441504
1550888601184
2568728480144
1744094759312
2843606387088
1537936329104
2637447956880
1812814236048
2912325863824
2650400228960
1469216065120
2568727692896
1744093972064
2843605599840
1537935541856
2637447169632
1812813448800
2912325076576
2908365391456
2925479134624
1808786654624
2908298282400
1464989190496
2564500818272
1739867097440
2839378725216
1533708667232
2633220295008
1808586574176
2908098201952
1482169059680
2581680687456
1808853763744
2908365391520
2843942193824
2839310567072
1739799791008
2839311418784
1486664107600
2586175735376
1761542014544
2861053642320
1830261491280
2929773119056
1756978874768
2856490502544
1550820444560
2650332072336
1825698351504
2925209979280
1744093972880
1486732461456
2586244089232
2585907300688
1761273579856
2860785207632
1555115149648
2654626777424
1829993056592
2929504684368
2650331810128
1825698089296
2925209717072
1538203912864
2637715540640
1830328600160
2929840227936
1757045982624
2856557610400
1550887552416
2650399180192
1825765459360
2925277087136
1761273775712
2860785403488
1469551282528
2569062910304
1744429189472
2843940817248
1757314352784
2856825980560
1551155922576
2650667550352
1826033829520
2925545457296
2637447104864
2633421686112
2637783762592
2564433775184
1739800054352
2839311682128
1808519531088
2908031158864
1469282846304
2568794474080
1465190582688
2564702210464
1740068489632
2839580117408
1533910059424
2633421687200
1808787966368
2908299594144
1812880557472
2912392185248
1757246981536
1465257691536
2564769319312
1740135598480
2839647226256
2633488796048
1808855075216
2908366702992
1482437560720
2581949188496
1739866047904
1830262803104
2929774430880
1756979856736
2856491484512
1825699333472
2925210961248
1469217047904
2568728675680
1744429255328
1464989189456
2564500817232
1739867096400
2839378724176
1808586573136
2908098200912
1482169058640
2581680686416
2929841538464
1538204764832
2637716392608
1464988927648
2564500555424
1739866834592
2839378462368
1533708404384
2633220032160
1808586311328
2908097939104
1482168796832
2581680424608
1829993056912
2929504684688
2581612530336
1826034682208
2925546309984
1825698286240
2925209914016
2564499770000
1739866049168
2839377676944
1533707618960
2633219246736
1808585525904
2908097153680
2581679639184
1825765394016
1465257690448
1761274627680
2860786255456
2637513951584
1533707355744
2633218983520
1469552659040
1464988928592
2564500556368
1739866835536
2839378463312
1533708405328
2633220033104
1808586312272
2569064286816
1744430565984
1469485549984
2568997177760
1744363456928
2843875084704
1813082933664
2912594561440
1830329911712
2929841539488
1486665090384
2586176718160
2861054625104
2654896194896
1465257363040
2564768990816
1740135269984
2839646897760
1533976839776
2633488467552
1808854746720
2908366374496
1482437232224
2581948860000
1465190581648
2564702209424
1740068488592
2839580116368
1533910058384
2633421686160
1808787965328
2908299593104
1482370450832
2581882078608
1465189468768
2564701096544
1469217113760
2568728741536
1744095020704
2843606648480
1537936590496
2637448218272
1756978874784
2856490502560
1550820444576
2650332072352
1826033830480
2925545458256
1469551544912
2569063172688
1744429451856
2843941079632
1808786918048
2908298545824
1830060165520
2929571793296
1757246981712
2856758609488
1813081885328
2912593513104
1538003633488
1744162063696
2843673691472
1812881540432
2637515261264
1486665156240
2586176784016
1761543063184
2861054690960
1555384632976
2654896260752
1830262539920
1537935476368
2637447104144
1812813383312
2912325011088
1486395868816
2585907496592
1761273775760
2860785403536
1555115345552
2654626973328
2633487682208
2586243828064
2569064286608
1744430565776
2843942193552
1538272135568
2637783763344
2912392971600
1813150042512
2912661670288
1808585524816
2908097152592
2839378462032
1464921032080
2564432659856
1739798939024
2839310566800
1533640508816
2633152136592
1808518415760
2908030043536
1469284222608
1826034944336
2925546572112
1756979923280
2856491551056
1550821493072
2650333120848
1533976906064
2633488533840
1826033896096
2925545523872
2839378527648
1813081557664
2912593185440
2564432398688
1739798677856
2839310305632
1482167813456
2581679441232
1757045720400
2856557348176
1533640247648
2633151875424
1469283894944
2568795522720
1744161801888
2843673429664
1538003371680
2637514999456
1812881278624
2912392906400
2568727628448
1744093907616
2564767943328
1740134222496
2839645850272
1808853699232
1761542211152
2861053838928
1555383780944
2654895408720
1830261687888
2929773315664
1469484435024
2568996062800
2839310305680
1808518154640
2908029782416
1825765460320
2925277088096
1486395672992
2585907300768
1761273579936
2860785207712
1486664043152
2586175670928
1761541950096
2861053577872
1555383519888
2654895147664
1830261426832
2929773054608
1744430564704
2843942192480
1486396982672
2585908610448
1486395869792
2585907497568
1469551543712
2569063171488
1744429450656
2843941078432
1538271020448
2637782648224
1813148927392
2912660555168
1469283109520
2568794737296
1744161016464
2843672644240
1538002586256
2637514214032
1812880493200
2912392120976
1486396983648
2585908611424
1761274890592
2860786518368
1555116460384
2654628088160
1829994367328
2929505995104
1464988927392
2564500555168
2843605535136
1537935477152
2637447104928
1812813384096
2912325011872
1486395869600
2585907497376
1482437298528
2581948926304
1757315205472
2856826833248
1551156775264
2861122062928
2856491223632
1550821165648
2650332793424
1825699072592
2925210700368
1486665353808
2586176981584
1739866048912
2839377676688
2633219246480
1808585525648
1464920771168
2564432398944
1739798678112
2839310305888
1830262801760
2929774429536
1482168862304
2581680490080
1757046769248
2856558397024
1813082671440
2912594299216
1550888339040
2650399966816
1825766245984
2925277873760
1756979660192
2856491287968
1550821229984
2650332857760
1464920771216
2564432398992
1808518154896
2908029782672
1757248030352
2856759658128
1551089600144
2650601227920
1825766508896
1464920771232
2564432399008
1739798678176
2839310305952
1812814235216
2912325862992
1538204763488
2637716391264
2929504683344
1465257362784
2564768990560
1740135269728
2839646897504
2839578806864
1533908748880
1533976839520
2633488467296
1808854746464
2908366374240
1465189468512
2564701096288
1740067375456
2839579003232
1533908945248
2633420573024
1808786852192
2908298479968
1482369337696
2581880965472
2654962518352
2929840425296
1465256577360
2564768205136
1740134484304
2839646112080
1533976054096
2633487681872
1555183569232
1465256315552
1761341671776
2860853299552
1555183241568
2654694869344
1830061148512
2929572776288
1464922147216
2564433774992
1739800054160
2839311681936
1533641623952
2633153251728
1808519530896
2908031158672
1482102016400
2581613644176
1551155987808
2650667615584
1826033894752
2650399181392
2581612529040
1756978808208
2856490435984
1550820378000
2650332005776
1825698284944
1555115345296
2654626973072
1830329911952
2929841539728
1482167749216
2581679376992
1757045656160
2856557283936
1550887225952
2650398853728
1825765132896
1761542276448
2861053904224
1825966786144
2925478413920
1829994039904
2929505667680
1469484172640
2568995800416
1744362079584
2843873707360
1538203649376
2637715277152
1813081556320
2912593184096
1486463830688
2585975458464
1761341737632
2860853365408
1830061214368
2929572842144
1812813122128
2912324749904
1469215738448
2568727366224
1744093645392
1830061476176
2929573103952
1829993056928
1469485550176
2568997177952
1555383780688
2654895408464
2843873969488
1465189467472
2564701095248
1740067374416
2650600441168
1757247243600
1486462977376
2585974605152
1761340884320
1555182454112
2654694081888
2654626711120
1830060361056
2929571988832
1469484238496
1744362145440
1465189205664
2564700833440
1740067112608
2839578740384
1533908682400
2633420310176
1808786589344
2908298217120
1825699334496
2925210962272
2564767942288
1740134221456
2839645849232
1533975791248
2633487419024
1808853698192
2908365325968
1482436183696
2581947811472
1482369074592
1486731479456
1757045655952
2856557283728
1825765132688
2925276760464
2925545522528
2586243107232
2861121014416
1538270758224
2637782386000
1813148665168
2912660292944
1465190254928
2564701882704
1486463043232
2585974671008
1761340950176
2860852577952
1555182519968
2654694147744
1555451938144
2654963565920
1482102016672
2581613644448
1756979923616
2856491551392
1550821493408
2650333121184
1825699400352
2925211028128
1469485549152
2568997176928
1744363456096
2843875083872
1538205025888
2637716653664
2912594560608
1469551347344
2569062975120
1744429254288
2843940882064
1538270824080
2637782451856
1813148731024
1825766443344
2925278071120
1464922147232
2564433775008
1533641623968
2633153251744
1808519530912
2908031158688
1538271085984
2637782713760
1537935280736
2637446908512
1486395673184
2585907300960
1761273580128
2860785207904
2929571793488
1464987945552
2564499573328
2839377480272
1825765198416
2925276826192
1533707422288
1482437559712
2925276760672
2581949187488
1757315466656
2856827094432
2925546571168
2839579002192
1533908944208
1808786851152
2908298478928
1744362343008
1757047032464
2856558660240
1550888602256
2650400230032
1825766509200
2925278136976
1555383585424
2654895213200
2564701095504
1740067374672
2839579002448
1533908944464
2633420572240
1808786851408
2908298479184
1482369336912
2581880964688
2929840424528
1538272134736
2637783762512
1469485548944
2568997176720
1744363455888
2843875083664
1538205025680
2637716653456
1813082932624
2912594560400
1469552330336
2569063958112
1744430237280
2843941865056
1538271807072
2637783434848
1813149714016
2912661341792
1469484436064
2568996063840
1465256315296
2564767943072
1740134222240
2839645850016
1533975792032
2633487419808
1808853698976
2908365326752
1469485221280
2568996849056
1744363128224
2843874756000
1538204698016
2637716325792
1813082604960
2912594232736
2843606321808
1537936263824
2637447891600
1812814170768
2912325798544
1486664108384
2586175736160
1761542015328
2861053643104
1555383585120
2654895212896
1830261492064
2929773119840
1465257691808
2564769319584
1464989189728
2564500817504
1533708666464
2633220294240
1808586573408
2908098201184
1482169058912
2581680686688
1486395672160
2585907299936
1761273579104
2860785206880
2654626776672
1829993055840
2929504683616
2637446907472
1486395672144
2925209716304
2929774102112
1469283174752
2568794802528
1744161081696
2843672709472
1538271021648
2637782649424
1813148928592
2912660556368
1486664370528
2586175998304
2586243892576
1757045917344
2856557545120
1550887487136
2650399114912
1813149713808
2912661341584
1744362342800
2843873970576
1538203912592
2637715540368
1813081819536
2912593447312
1465189205408
2564700833184
1740067112352
2839578740128
1533908682144
1486731217232
2586242845008
1761609124176
2861120751952
1555450693968
2654962321744
1830328600912
2929840228688
1812814431648
2912326059424
2564767942032
1469551281552
2581947811216
1757314090384
2856825718160
2839377479072
1813081622176
2912593249952
1465190581920
2564702209696
1740068488864
2839580116640
1533910058656
2633421686432
1808787965600
1486462781008
2585974408784
1830060164688
2929571792464
1482370188640
2581881816416
1757248095584
2856759723360
1486395671952
2585907299728
1761273578896
2860785206672
1829993055632
2929504683408
1756979661392
1550821231184
1830261688672
2929773316448
1486396721552
2585908349328
1756978808416
2856490436192
1550820378208
2650332005984
1469215999584
2568727627360
1744093906528
1551155988832
2650667616608
1538203650400
2637715278176
1808855008848
2908366636624
1740068423056
2839580050832
1533909992848
2633421620624
1486396982608
2585908610384
1813150042784
2912661670560
1808518416032
2908030043808
1482437297488
2581948925264
1482369403216
2581881030992
1757247310160
2856758937936
1551088879952
2650600507728
1486396654944
2585908282720
1761274561888
1469485484704
2568997112480
1744363391648
2839647160992
1744160819536
2843672447312
1538002389328
2637514017104
1757246982496
2581880767904
2925478413712
1829994039696
2929505667472
1825698350672
1482100966992
1486732266080
2861120685408
2856759658848
1829993252448
2929504880224
1826033567328
2925545195104
2654896457104
1486396720800
2585908348576
1555116197536
2654627825312
1482102016352
2581613644128
2929504684704
1482369141408
2581880769184
1757247048352
2856758676128
1551088618144
1550887552608
2650399180384
2650600245920
1825966525088
1465257691552
2564769319328
1740135598496
2839647226272
1533977168288
2633488796064
1808855075232
2908366703008
1482437560736
2581949188512
1469284223392
2568795851168
1744162130336
2843673758112
1812881607072
2912393234848
1825966458272
2925478086048
1808585524640
1486395869520
2585907497296
2860785404240
1469552593552
2569064221328
1744430500496
2843942128272
1464989189472
2564500817248
1808586573152
2908098200928
1482169058656
2581680686432
1744429517472
2843941145248
2860785206608
1829993055568
2856490239312
1550820181328
2650331809104
1825698088272
2925209716048
1550887224912
2650398852688
1486731478624
1538270758560
1464988142240
2564499770016
1739866049184
2839377676960
1533707618976
2633219246752
1486664369568
2925209650576
2586175997344
1555383846304
2654895474080
1830261753248
2581882079840
1757248359008
2856759986784
1551089928800
2650601556576
1825967835744
2925479463520
1486463829648
2585975457424
1761341736592
2860853364368
1555183306384
2654694934160
1829994104416
2929505732192
1757314157200
2856825784976
1551155726992
2650667354768
1826033633936
2925545261712
1829992991392
2929504619168
2654896523936
1465190581664
2564702209440
1740068488608
2839580116384
1533910058400
2633421686176
1808787965344
2908299593120
1482370450848
2581882078624
1808586376608
2908098004384
2564769318288
1808855074192
2908366701968
1482437559696
2581949187472
1465256577632
2564768205408
1482101949776
1761274824352
2860786452128
1486664370768
2586175998544
1486731478416
2586243106192
1555450955152
2654962582928
1482437560912
2581949188688
1486396918368
2585908546144
1829994302048
2929505929824
2581882079632
1757248358800
2856759986576
1551089928592
2650601556368
1826033633632
2925545261408
1482437233248
2581948861024
1757315140192
2856826767968
1826034616928
1464988141200
2564499768976
1739866048144
2839377675920
1808585524880
2908097152656
1757248031136
1744094759264
2843606387040
1537936329056
2637447956832
1486464026192
2585975653968
1761341933136
2860853560912
1761274824272
1464989189712
2564500817488
1739867096656
2839378724432
1533708666448
1555451677024
1469485222480
2568996850256
1744363129424
2843874757200
1538204699216
2637716326992
2654963304800
1830261688912
1830329583184
1830328863136
1825766442656
2925278070432
1482370124176
2581881751952
1486732461408
1761341934160
1826033829456
2925545457232
1740134483536
2839646111312
1533976053328
2633487681104
1486396918160
2585908545936
1761274825104
2860786452880
1555116394896
2654628022672
1757315139984
2856826767760
1551156709776
2650668337552
2912661669216
1482436445792
2581948073568
1757314352736
2856825980512
1469283961168
2568795588944
1744161868112
2843673495888
1812881344848
2912392972624
1757247243680
2856758871456
1551088813472
2650600441248
1825966720416
1555116459408
2654628087184
2925478348192
1486732527264
2586244155040
1761610434208
2861122061984
1538203911760
2637715539536
1813081818704
2912593446480
2654628022944
1555115346528
2654626974304
1808585329232
2908096957008
1464988141984
2564499769760
1739866048928
2839377676704
1533707618720
2633219246496
1808585525664
2908097153440
1555116131744
2654627759520
1551088552352
2650600180128
1555450890912
2654962518688
1757314352528
2856825980304
2650667550096
1825967768928
2925479396704
2843672708432
2912392185168
1744429516128
2843941143904
2839311681872
1533641623888
2633153251664
1808519530832
2908031158608
1469282846048
2568794473824
1744160752992
2843672380768
1538002322784
2637513950560
1486731414176
2586243041952
2856826767696
1744429255072
2843940882848
1538270824864
2637782452640
1813148731808
2912660359584
1812814170528
2912325798304
1469282911904
2568794539680
1744160818848
2843672446624
1538002388640
2637514016416
1812880295584
2912391923360
1486395868576
2585907496352
1757045917072
2856557544848
2908097152400
1486462977424
1550887486864
2650399114640
1825765393808
2925277021584
1761340884368
1486665156192
2586176783968
1761543063136
2861054690912
1555384632928
2654896260704
1761610369424
2861121997200
1826034879120
2925546506896
1756978808464
2856490436240
1550820378256
2650332006032
1469215999632
2568727627408
1469552658784
1464988928336
2569064286560
1538203714912
2637715342688
1551156971168
2650668598944
1826034878112
1538205026912
2637716654688
1469284222560
2568795850336
1538003699296
2637515327072
1740067374432
2839579002208
1533908944224
2633420572000
1808786851168
2908298478944
1482369336672
2581880964448
1537936590240
2637448218016
1812814497184
2912326124960
1830329910688
1538271020368
2637782648144
1469485483664
2568997111440
1744363390608
2843875018384
1538204960400
1482369074512
2581880702288
2925478085968
1825966458192
1551088551248
2650600179024
1830329910880
1486732265040
2586243892816
1761610171984
2861121799760
1555383847504
2654895475280
1555451741776
1830329648720
2929841276496
1555384632720
2654896260496
2929774167440
1761543062928
2586176783760
2861054690704
2929505731984
1464987945376
1486664043104
2586175670880
1761541950048
2861053577824
1555383519840
2654895147616
1830261426784
1830328863376
2929840491152
1808519465616
2908031093392
1739866047824
2839377675600
1808585524560
2908097152336
1757247047312
2856758675088
1757045720656
2856557348432
2908298282576
1744093709904
1537935279696
1538272135520
2637783763296
1744162129296
2843673757072
1538003699088
2637515326864
1812881606032
2912393233808
1469283109472
1744161016416
2843672644192
1538002586208
2637514213984
1812880493152
2912392120928
2568996129376
1469283894688
2568795522464
1761543325088
2861054952864
1486462781792
1761340688736
2860852316512
1555182258528
2654693886304
1830060165472
2929571793248
2586242779728
1486731151952
1830328535632
2929840163408
2925479397968
2654896458320
1830262737488
2929774365264
1825967834704
2925479462480
1482168796576
1482370123360
1757248030304
2856759658080
1551089600096
2650601227872
1825967507040
2925479134816
1813081819744
2912593447520
2912325077344
1551089863008
2650601490784
1469283109264
2568794737040
1761274563232
2860786191008
1555182455376
1486396917328
2585908545104
1757046768992
2856558396768
1825766245728
1464920835680
2564432463456
1739798742624
2839310370400
1533640312416
2633151940192
1464987944528
2564499572304
1739865851472
2839377479248
1808585328208
2908096955984
1482369140320
1482167813728
2581679441504
1757045720672
2856557348448
1550887290464
2650398918240
1825765197408
2925276825184
1465256380000
1744430565024
2843942192800
1813150041760
2912661669536
2843606583696
1812814432656
2912326060432
1739799988624
2839311616400
1744093710992
2843605338768
1482370386256
2839377480032
1533707422048
2633219049824
1808585328992
2908096956768
2568794540384
1744160819552
2843672447328
1538002389344
1469485222560
1744363129504
2843874757280
1538204699296
2637716327072
1813082606240
2912594234016
1744430238352
2843941866128
1813149715088
2912661342864
1464989189776
2564500817552
1739867096720
2839378724496
1533708666512
2633220294288
1482169058960
2581680686736
1813082932576
2912594560352
2925479398032
1464920835424
2564432463200
1808518219104
2908029846880
1551089863248
1756978611552
1808585327952
2908096955728
1464987944272
2564499572048
1744363128464
2843874756240
1538204698256
2637716326032
1813082605200
2912594232976
2925210699360
2929505732176
1744094758480
2843606386256
1550888339024
2650399966800
2925277873744
2585975457360
2860853364304
1486463829584
1812881344080
1533909011088
2633420638864
2908365653584
2843605534304
1537935476320
1533909009808
2633420637584
1808786916752
2908298544528
1740134221408
2839645849184
1533975791200
2633487418976
1808853698144
2908365325920
2637715606176
2637783500448
1469283108512
2568794736288
2637514213024
1812880492192
2912392119968
1761340884640
2860852512416
1537936524960
2637448152736
1761610368672
2861121996448
1830329845408
2929841473184
1756979857056
2856491484832
1550821426848
2650333054624
1464921885264
2564433513040
1739799792208
2839311419984
1533641362000
2633152989776
1808519268944
1469216852560
2568728480336
1744094759504
1469485222304
2568996850080
1813082605984
2912594233760
1744429450848
2843941078624
1538271020640
2637782648416
1813148927584
2912660555360
1813148666528
2912660294304
1482101753440
2581613381216
1550821230176
2856826832480
1551156774496
2650668402272
1826034681440
2925546309216
1464988993120
2564500620896
1830060427856
2929572055632
2908030110288
1465190253968
2564701881744
2856490501456
1740068160912
2839579788688
1533909730704
2633421358480
1808787637648
1825698350416
2925209978192
1830329649504
1808786852512
2908298480288
2586175735440
1761542014608
2861053642384
1550820181648
2650331809424
1825698088592
2925209716368
1469215803024
2568727430800
1744093709968
1482100704928
2581612332704
1538002584992
2637514212768
1464988140960
2564499768736
2908097152416
1812880491936
1469283108256
2568794736032
1533707617696
2633219245472
1829994105168
2929505732944
1761274628432
2860786256208
1555116198224
2654627826000
2860853364112
1761341736336
2912325863760
2568728480080
1469551610464
2569063238240
1813148994144
2912660621920
1482369403488
2581881031264
1757247310432
2856758938208
1757314352480
2856825980256
1826033829216
2925545456992
1744429450592
2843941078368
1538271020384
2637782648160
1813148927328
2912660555104
1825698286160
2925209913936
1486396918432
1533976118608
2633487746384
1808854025552
2908365653328
1826033894736
1482436511056
2581948138832
1825765197472
2925276825248
1465256380064
2564768007840
1740134287008
2839645914784
1533975856800
1538203715232
2637715343008
1744429254304
2568996850000
1744363129168
2843874756944
1538204698960
1550888536720
2650400164496
1825766443664
2925278071440
1486464027280
2585975655056
1761341934224
2860853562000
1555183504016
2654695131792
1482437298848
2912594299536
1486665353824
2586176981600
1830262737504
2929774365280
1469485484640
2568997112416
1744363391584
2843875019360
1538204961376
2637716589152
1761610369616
2861121997392
1830329846352
1813149977168
2912661604944
1538272070224
2633152202384
1744094955152
2843606582928
1482370385488
1757248292432
2856759920208
1551089862224
2650601490000
1825967769168
2925479396944
1486665352784
2586176980560
2908096956000
1533707421280
2633219049056
2568727692640
1551088878944
2650600506720
2568996128096
1469484500320
2856758936928
1555450955104
2654962582880
1830328797600
2929840425376
1761341999696
1486396983888
2585908611664
1825766509136
2925278136912
1464989256272
2564500884048
1555452004944
1830329911888
2929841539664
1482101951136
1761274825120
2860786452896
1829994301856
2929505929632
1808519465376
1482101950880
2581613578656
2856558594448
1486464027024
1761341933968
2860853561744
1555183503760
2654695131536
1744162064784
2843673692560
2856758675040
1486732265104
2586243892880
1761610172048
2861121799824
1813082670736
2912594298512
1756979660432
2856491288208
2925210764944
1464988993168
1812881605984
2912393233760
2568997111184
1744363390352
2843875018128
2856759920992
1825967769952
2925479397728
1486665353568
2586176981344
2654896458080
2843673757008
1744363391328
2843875019104
1538204961120
1533707683424
2633219311200
1808585590368
2908097218144
2839647160656
1533977102672
2633488730448
1757315402064
1551156971856
1826034878800
2925546506576
2856827029840
2654963566928
1757315140256
2856826768032
1551156710048
2650668337824
1826034616992
2925546244768
1830329584288
2929841212064
1533976840864
2633488468640
2568728675728
1486396917136
2585908544912
1464922080656
2564433708432
1739799987600
2839311615376
1808519464336
1744093907296
2843605535072
1761341999712
2860853627488
1555183569504
2654695197280
1830061476448
2929573104224
1550888602208
2650400229984
1486396720480
2585908348256
1538204960080
2637716587856
1482167813472
2581679441248
1825765197152
2925276824928
1538002388320
2637514016096
1486462780768
2585974408544
2856759658144
1825967507104
2925479134880
1555384567456
2654896195232
2581948860048
1551156709008
2650668336784
1486732199568
2586243827344
1761610106512
2861121734288
1555451676304
2654963304080
1744430237328
2925478349456
1469484436112
2568996063888
1538203912848
2637715540624
1486664305296
2586175933072
1757247244944
2925479462224
1551089927504
1825967834448
1555384894800
2654896522576
1464922146128
2564433773904
2925479200416
1550888339104
2650399966880
1812881344160
2912392971936
1486665156256
2586176784032
1550820444816
1486664370832
2586175998608
1829993319056
2929504946832
1757045983888
2856557611664
1825765460624
1482100901456
2581612529232
1486396721760
2585908349536
1761274628704
2860786256480
1555116198496
2654627826272
1829994105440
2929505733216
1482101754464
2581613382240
2856558398032
1550888340048
2650399967824
1555183307344
2654694935120
1830061214288
2929572842064
1533708470864
2633220098640
1469283961424
1555116132000
2654627759776
2860786189984
1829994038944
2929505666720
1469215804000
2568727431776
1757315140000
2856826767776
1551156709792
2650668337568
1826034616736
2925546244512
1486732200352
2586243828128
1761610107296
2861121735072
1469284222304
2568795850080
2568997176672
1464922146144
2564433773920
1538205025632
1744161082016
1538002651808
2637514279584
2843605600928
2839310633632
1808518482592
1469484501664
2568996129440
1812813449888
1486395869840
2585907497616
1829993253520
2581613381200
1825699137104
2925210764880
2633152988752
1464921884240
1538270823776
2637782451552
1813148730720
2912660358496
1830262475088
2929774102864
1830262474144
2929774101920
1761610106256
2861121734032
1555451676048
2654963303824
1482437232016
2581948859792
1757315138960
2856826766736
1551156775248
2650668403024
1757247244688
2856758872464
1825966721424
2925478349200
1761542211984
2861053839760
1744161080720
1812880557456
1825765459344
2925277087120
2650332071312
1465257429328
2839311418768
1808519267728
2908030895504
1555116198240
2654627826016
1761274628448
2860786256224
2564433512800
1739799791968
2839311419744
1533641361760
2633152989536
1761341737296
2860853365072
2654694934864
1486463830352
2585975458128
1757046770000
2856558397776
1469215999328
2568727627104
1744093906272
1465256314208
2564767941984
1740134221152
2839645848928
2929773053264
1756978873760
2856490501536
1825698350496
2925209978272
1469216064928
2568727692704
2929773381024
1757314418080
2856826045856
1551155987872
2650332857680
1555116197200
1761274627408
2925210764624
2843606386000
2654627824976
1464989190816
2564500818592
1808586574496
2908098202272
1812881541792
2912393169568
1757046966944
2856558594720
1825766443680
2925278071456
1555384896144
2654896523920
1464922147472
2564433775248
1757315467920
2856827095696
1469217114768
1486395673232
2585907301008
1464920836752
2564432464528
1808518220432
2908029848208
1465257690720
2564769318496
1740135597664
2839647225440
1533977167456
2633488795232
1808855074400
2908366702176
1757315402336
2856827030112
1826034879072
2925546506848
1486732462688
2586244090464
1761610369632
2861121997408
1486665418320
2586177046096
1808519203488
2908030831264
1551088618064
2650600245840
1830261492304
1757247048272
2856758676048
1825699333792
2925210961568
1744094955168
2843606582944
1757046965904
2856558593680
1825766442640
2925278070416
1486464026256
2585975654032
1464988928656
1533708405392
2633220033168
1486732461648
2586244089424
1761610368592
1465257625168
2564769252944
1533977101904
1551155726688
2650667354464
1469552659104
2569064286880
1464922147488
2564433775264
1538272135840
2637783763616
1550888602272
2650400230048
1486665419424
1744162063760
2912393169312
1464989190560
2564500818336
1761341933984
2860853561760
1486464027040
2633153250704
1808519529872
2908031157648
2929505994128
1744430564752
2843942192528
2908299330960
2925209717136
1555451939168
2654963566944
1757315402080
2856827029856
1826034878816
2925546506592
2586244090208
1761610369376
2861121997152
1757247048016
2650600245584
1555116393888
2654628021664
1829994300832
2929505928608
2925209913696
1533977103008
2856558593424
1486464026000
2585975653776
1744094692688
2843606320464
1812814169424
2912325797200
1482168862368
2581680490144
2650332072608
1538203977312
2637715605088
1757248292192
2856759919968
1551089861984
1486665352544
2586176980320
1761543259488
2861054887264
2929774364000
1538272068944
2637783696720
1813149975888
2912661603664
1486732461392
2586244089168
1482437232288
2581948860064
1757315139232
2856826767008
1551156709024
2650668336800
1826034615968
2925546243744
2929774429600
1486732527008
2586244154784
1464922146208
2564433773984
1808519529888
2908031157664
1482102015392
2633420573344
2564768205456
1469551544976
2569063172752
2908365589136
1486731414160
2586243041936
1761609321104
2861120948880
1555450890896
1813149780384
2912661408160
1744093645456
2843605273232
1808586377824
2908098005600
1757247243920
2856758871696
1825966720656
2925478348432
1469217049168
2568728676944
1744094956112
2843606583888
1537936525904
2637448153680
2912326060624
2585974409872
2568728479328
1744094758496
2843606386272
1812814235232
2650332857952
1825699137120
1555116197472
2654627825248
1486396720736
2585908348512
2912392971856
1761341736528
1757046769232
2581680490064
2856558397008
1482168862288
1829993318992
1825698351696
2925209979472
1469216066128
2568727693904
1812813449808
1469552330144
2569063957920
1744430237088
2843941864864
1538271806880
2637783434656
1813149713824
2912661341600
1538203912608
2637715540384
2908365588880
1469551544720
2650667551120
1761273513312
2860785141088
1829992990048
1812880492880
2912392120656
1739799726672
2839311354448
1825766246752
2925277874528
2585975458144
1555183307104
2654694934880
2929773315472
1469484434832
2568996062608
1538203911568
2637715539344
1482168796496
1469216851296
2568728479072
1537936328032
2637447955808
2912325862752
2564769253008
1740135532176
2839647159952
1533977101968
2633488729744
1808855008912
1482168862032
2581680489808
1757046768976
2856558396752
1550888338768
2650399966544
1533708469584
2633220097360
1538003436880
2564432726352
1739799005520
1761542998416
2861054626192
2856826832272
1469215804064
2568727431840
1537935280800
2637446908576
2912324815520
1464920836768
2564432464544
1739798743712
2839310371488
1555182258832
2654693886608
1538002389648
2637514017424
1812880296592
2912391924368
1757045721696
2856557349472
2564700899936
1740067179104
1808786655840
2908298283616
1555383585376
2654895213152
1469484239456
1813148731984
2912660359760
1486731217488
2586242845264
1465256381008
2564768008784
1486396656032
1464989189792
2564500817568
1482169058976
2581680686752
1538003633824
2637515261600
1825699333728
2925210961504
2843605337744
1537935279760
2637446907536
1812813186704
1482100704912
2581612332688
1482167748240
2581679376016
1465257625184
2564769252960
1482437494368
2581949122144
1469552592480
2569064220256
1808786654800
1813081622096
2912593249872
1533640575312
2633152203088
1808518482256
2908030110032
1761274825376
1829994302112
2929505929888
1812881345120
2912392972896
1537935280544
2637446908320
1464920836512
2564432464288
1739798743456
2564499573136
2908096956816
2568794540432
1486462781840
1825765198224
2908366636688
1830061410960
2929573038736
2908096891216
1482369141088
2581880768864
1808853764432
2908365392208
1826033633616
2925545261392
1808853763488
2908365391264
1808586573216
1482169058720
2581680686496
1469284156832
1538003633568
1482100704656
1812813186448
2912324814224
2650331809168
1465257690464
2564769318240
1740135597408
2839647225184
1808855074144
2908366701920
2637783696736
1813149975904
2912661603680
1740067177808
2839578805584
1533908747600
2633420375376
2564768205472
1469551544992
2569063172768
1555116132944
2654627760720
2839579069072
1464988928400
2564500556176
1538203911840
2637715539616
1813081818784
2912593446560
1555115345488
2654626973264
2908365654688
1465256643232
2564768271008
2633487681168
1808853960336
2908365588112
1482436183632
2581947811408
1826033567312
2925545195088
1533977102992
1808586376800
2908098004576
1469283960416
2568795588192
1744161867360
2843673495136
1812881344096
2912392971872
1812813449824
2568794802768
2633219312208
1482168076880
2581679704656
1757045983824
2856557611600
1550887553616
1464988207696
2564499835472
1739866114640
1555450890656
2654962518432
1464921097808
2564432725584
1739799004752
2839310632528
1533640574544
2633152202320
1808518481488
2908030109264
1469216065104
2568727692880
2856758872720
1825966721680
1808853764688
2908365392464
2568996062624
1744362341792
2843873969568
1538203911584
2637715539360
1813081818528
2912593446304
1830261687712
2929773315488
1482436445584
2581948073360
2633487680912
1808853960080
2908365587856
1482100639312
1808519202400
2908030830176
1538003436896
2908098004320
1469283174736
2568794802512
1538002651472
2637514279248
2585974671696
1739866114384
2839377742160
1830262475152
2929774102928
1465190517392
2564702145168
2839377480352
1533707422368
2633219050144
1808586311248
2908097939024
1465256381024
2564768008800
1740134287968
1808853764704
2908365392480
1482436250208
2581947877984
1482100966736
2581612594512
2654627038544
1812813448528
1756978873680
1739798742688
2839310370464
2633151940256
2637514016400
1538002388624
1550820443728
2650332071504
2856557610576
1550887552592
2650399180368
1465189271136
2564700898912
1533908747872
1825967770000
2925479397776
1761543260560
2861054888336
1808585329056
1829994366304
2929505994080
1533641558672
2633153186448
1538002650720
2637514278496
1757314156896
2856825784672
2564768008544
1740134287712
2839645915488
2843605534032
1744093906256
1808855008656
1464920835488
2564432463264
2929840163152
2633420310864
1464987879760
2564499507536
1830060099920
2908365326672
2860785470112
1761273842336
2925478151520
1465189270880
2564700898656
1740067177824
2839578805600
1808786654560
1825967770192
2908365391184
1486731216208
2586242843984
1830328599888
2929840227664
1830261687696
2581679375760
2843606387344
2650667550368
1465256576672
2564768204448
1740134483616
2839646111392
1740068227664
2633421425232
2654895147360
1830261426528
2929773054304
1486462716256
2585974344032
1761340623200
2860852250976
1555182192992
2861121996432
1482169124496
2581680752272
1533641623120
1825766508112
2925278135888
2568728741456
1482437559888
2581949187664
1486396982864
2650333120080
1813081818720
1744094693008
2843606320784
1761542014304
2861053642080
1555383584096
2654895211872
1830261491040
2929773118816
1482168076896
2581679704672
1464988207712
1739866114656
2839377742432
1465190517328
1740068424272
2839580052048
1825699137936
2925210765712
1469216852368
1829993317984
1482168075856
2581679703632
1469283173968
2568794801744
1538002650704
1757045982800
1555182519888
1825766508128
2925278135904
1486665418336
2586177046112
1555384895072
2654896522848
1744430564960
2843942192736
1464920769936
2564432397712
2564768204192
1740134483360
2839646111136
1808853960096
2908365587872
1830262540624
2929774168400
1813082867360
1555451742800
2654963370576
2912594495136
1830261754464
2929773382240
2929841276512
1825699072336
1808854747472
2908366375248
1486396655952
2585908283728
1761543062944
2861054690720
1744161080976
1740134549136
2839646176912
2633487746704
1808854025872
2908365653648
1464920771152
2564432398928
1739798678096
2839310305872
1808518154832
2843605273168
1537935215184
2637446842960
2586242778512
1482369140384
2581880768160
2585907496272
2633487747488
2908365654432
1533707684192
2633219311968
1808585591136
2908097218912
1757045983584
2856557611360
1757248293536
2856759921312
1555384830624
2654896458400
1464988206752
2564499834528
1739866113696
2839377741472
2654963567248
1486732462736
2586244090512
1761610369680
1808855009936
2908366637712
1830329846416
2929841474192
1761273840992
2860785468768
1829993317728
2929504945504
2929572054352
1538002650448
2637514278224
2856557610320
2925277087056
1757045982544
1486463042896
2585974670672
1555182519632
2654694147408
1486731151760
2586242779536
1486396917344
1465190516368
2564702144144
1740068423312
2839580051088
1533909993104
2912594233696
1486732200288
1464921819488
1533707421344
2568996850016
1744093972128
2843605599904
1537935541920
2637447169696
1812813448864
2912325076640
2650399180448
1808786917024
2908298544800
1482101688976
2581613316752
1825699072656
2925210700432
1761610369360
2861121997136
1740134286944
2839645914720
1482436249184
2581947876960
1757314156128
2856825783904
1830060099984
2929571727760
1757314091408
1551155661200
2650667288976
1826033568144
2654626711888
1829992991056
2929504618832
2633151875408
1482100640080
2581612267856
1756978547024
1482436446800
2581948074576
1744161867088
1812881343824
1469283960144
2568795587920
2843673494864
1482102016592
1825967770016
2925479397792
1465257626000
1464921818464
2564433446240
1739799725408
2839311353184
2908030829920
1465190516112
2564702143888
1464987944352
2564499572128
1482167813536
2581679441312
1469551282592
2569062910368
1744429189536
2843940817312
1813148666272
2912660294048
1757246982560
1825966459296
2925479462544
2637783762272
1464921033040
1830328599904
2929840227680
1465256379744
2564768007520
1740067440032
2839579067808
2637716326736
2839378527888
1533708469904
2633220097680
1808586376848
2908098004624
1812814498128
2912326125904
2925210765984
1537936329376
2637447957152
1761274628768
2564500621968
1533708470928
2912392119904
2633487746448
1808854025616
2908365653392
1808519465568
2908031093344
2925479201376
1538271087264
2637782715040
2586242778704
1538271873616
2637783501392
1813149780560
1551156775504
2650668403280
2925546310224
1825967508048
2925479135824
2856759659088
1744363456160
2843875083936
1744162129568
2843673757344
1756979922592
2856491550368
1486396720784
2585908348560
1829994104464
2929505732240
2586176980304
1550888339792
2650399967568
1825766246736
2925277874512
2586243828112
1761610107280
2861121735056
1555451677072
2654963304848
1533708405136
2633220032912
1469485286992
2568996914768
1744363193936
2843874821712
1538204763728
2637716391504
1813082670672
2912594298448
1825765459280
1739799792032
2839311419808
1464988993936
2564500621712
1739866900880
2839378528656
1533708470672
2633220098448
1808586377616
2908098005392
2650398852432
1550887224656
2564432397648
1486395606352
2585907234128
1482436183376
2581947811152
1482437231952
1825967506784
1550887290528
1486665156960
2586176784736
1555384633696
1813149780304
2912661408080
1808854813008
1482437233056
1555183241632
2654694869408
2585908283808
1555116132768
1744094758288
1537936328080
2637447955856
1464921884048
2564433511824
1739799790992
2633218984528
1808585263696
2908096891472
1464987880016
2564499507792
1739865786960
1533707356752
1757248292496
2856759920272
1825967769232
2925479397008
1465256314256
2564701947280
1808787703184
2633421423952
2564769254048
1555451939488
1744430500512
2654963567264
1465257626272
1538272070304
2637783698080
2843942128288
1808786589088
2908298216864
1808786655888
2908298283664
1550820116048
2650331743824
1744093644368
2843605272144
2637446841936
1469216000592
2568727628368
1808853699152
2908365326928
2564700834192
1740067113360
2839578741136
1808786590096
2908298217872
1808585590112
2908097217888
1482168075616
2581679703392
1538204960416
2637716588192
1757248292512
2856759920288
1825967769248
2912661603984
2929841277280
1739799987792
1533641557584
1469215738208
2568727365984
1486395607392
1744160754000
2843672381776
1812880230736
2912391858512
2860852250960
1739865786704
2839377414480
1533707356496
2637448219232
1808519531104
2908031158880
1812881607248
2912393235024
1739867163216
2860853627472
1744162130512
2839378790992
1740135532960
2839647160736
1533977102752
2633488730528
1808855009696
2908366637472
1813081622928
2912593250704
2650331743568
2929504617808
1829992990032
1825698022736
2925209650512
1482100639056
2581612266832
1551155725920
2650667353696
1826033632864
2925545260640
2856491550032
1756979922256
1538204960160
2637716587936
1465190516128
1465257624976
1555450628448
2654962256224
1830328535392
2929840163168
1825698023824
2925209651600
1486395606432
2585907234208
1555383518800
2929773053520
1744094692944
2843606320720
1537936262736
1555182192224
2654693820000
1826034943312
1464989256016
2564500883792
1533708732752
1550888601936
1830329911904
1464988994208
2564500621984
1812881345184
2912392972960
1538003438240
2637515066016
1469485221200
1744363128144
2843874755920
2568996848976
2564432725648
1482437297824
1808854813280
2908366441056
2586176718480
1761542997648
2861054625424
1830262474384
2929774102160
2839311680848
2908031157584
1808519529808
1550821492048
1812814235296
1550821230240
2650332858016
2564500620944
1739866900112
1533976839840
2633488467616
1537935542928
2637447170704
1812880296544
2912391924320
1465257428560
2564769056336
1740135335504
2839646963280
1808854812240
2908366440016
1551088880208
1469484501584
1830060362384
1464988993952
2564500621728
1533708470688
2633220098464
1482168863136
2581680490912
1550821229904
1739799790928
2839311418704
1829993055584
2929504683360
1555384632672
2654896260448
1830262539616
1808854813024
2908366440800
1464988992912
2564500620688
1486395607632
2585907235408
1761273514576
2860785142352
1829992991312
2929504619088
1533708469648
2633220097424
1825765197200
2925276824976
1830329648464
2929841276240
1465257428304
1808786655904
2908298283680
2654895213216
1744362146464
2843873774240
1744362145184
2843873772960
1551088616864
2650600244640
2585908348320
1465256381072
2564768008848
1464987878992
2564499506768
1533707355728
2633218983504
1533708667216
2633220294992
1808586574160
2908098201936
2912661604000
2637515261344
1812881540512
2912393168288
2654693820768
1469282847072
1739865786720
1808586639968
2908098267744
1813148731728
2912660359504
2839578806688
2843873773984
1465256380816
2564768008592
1761340622160
2860852249936
1464987878736
2564499506512
1757315401296
2856827029072
1551156971088
2650668598864
1826034878032
2925546505808
1757248292240
2856759920016
1825967768976
2925479396752
1744162129488
1464989255248
2564500883024
2843606648144
2564769056080
1740067440976
2839579068752
1486665353888
2586176981664
1761543260832
2861054888608
1744430303840
2843941931616
1813149780576
2912661408352
2929841472928
1740135531936
2839647159712
1808855008672
2908366636448
1744093907280
2843605535056
1537935477072
1761274627664
2860786255440
1829994104400
1808853698896
1465256315216
2564767942992
1740134222160
1538271873424
2637783501200
1464921884256
1555183569248
2654695197024
1537935215264
2637446843040
1533640574608
1744160754256
2843672382032
1808855075408
2908366703184
1465257691728
2564769319504
1465190582672
2564702210448
1756978611856
1486396982624
2585908610400
2586176719440
2633220359504
2564500882768
1486463829664
2585975457440
2637782451872
2581881816736
1757248095904
2856759723680
1551089665696
2650601293472
2843673692752
1465257428576
2564769056352
1808854812256
2908366440032
1555451741792
2654963369568
1813081885280
2912593513056
1464921033360
1739798940304
2839310568080
1482436248928
2581947876704
1482101688656
2581613316432
1756979595600
2856491223376
1464921819472
2564433447248
2650332793168
1829993318032
2929504945808
1537935541904
2637447169680
1826033568352
2925545196128
1830060426576
1469484500560
2568996128336
1830328600992
2929840228768
2856490174032
1555452004704
2654963632480
1482168862112
2581680489888
1464988207504
2564499835280
1808585591184
2908097218960
2568996129360
1813149779536
2912661407312
1482437297504
2581948925280
1486732264800
1469552395616
2569064023392
1486731217568
2586242845344
1830328601248
2929840229024
2637782452896
1538270825120
1486462715488
2585907561872
1761273841040
2860785468816
2581612594576
1825698350480
1486396656208
2585908283984
1761274563152
2860786190928
1482370124368
2581881752144
1757248031312
1744093644432
2843605272208
1537935214224
2637446842000
1551088617120
2650600244896
1825966524064
2925478151840
1533908747936
2633420375712
2912594233952
2839377414496
1757314156960
1826033633696
2925545261472
1486731217312
2586242845088
1538003437984
2637515065760
1486395607376
2585907235152
1486462715232
1555183568480
2654695196256
1537935214928
1812813121872
2912324749648
2568727365968
1486731151696
1740135269712
2839646897488
1813082604880
2581680424272
2581948859728
1469552330064
1551155661456
1826033568400
2586242779792
1825966523808
2925478151584
1482369140128
1482436248976
1551155725712
2650667353488
1826033632656
1465256379792
2564768007568
1486665418080
2586177045856
1740068424336
2839580052112
2925210700384
2908030831200
1756979595872
2856491223648
1825766181456
2925277809232
2908097940048
1533976840592
2633488468368
2860852251024
1551088814416
2650600442192
1757246982816
2856758610592
1825966459552
2925478087328
1756978547344
2856490175120
1825698024080
2925209651856
1482169124192
1744429188496
2843940816272
1812880558752
2912392186528
2908097219232
2654694148768
2856491223392
1808519203168
2908030830944
1744161802576
2843673430352
2856490501792
1756978874016
2564499834512
2633219311248
1469216851360
2568728479136
1813081556384
1486732462480
2586244090256
1482101687632
2581613315408
1469216785744
2568728413520
2585907235472
1761273514640
2860785142416
1538002651728
1550887553440
2650399181216
1830261426768
2929571727952
2843673430608
1538003372624
1812881279568
2912392907344
2586243828320
1555451677280
2654963305056
1830329584224
2929841212000
1761274562128
2860786189904
1761341933904
2654694869664
1829994039968
2929505667744
1464921033104
2564432660880
1739798940048
2839310567824
2633487484576
2839646898832
1533976840848
2633488468624
1537935214992
2637446842768
1744429189792
2843940817568
1555183241888
2568728742544
1537936591504
2637448219280
1538272069984
2637783697760
1550887225680
2650398853456
1740134484368
2839646112144
1550821230928
2912661407056
1482436249952
2581947877728
1744429254048
2843940881824
1538270823840
2637782451616
1465256379808
2564768007584
1533708405344
2633220033120
1761341672032
2860853299808
2637448219024
1812814498192
2912326125968
1550821493136
1464987945296
2564499573072
1533707422032
2633219049808
2856758675792
2650601556304
1825967835472
1757315205536
2856826833312
1551156775328
2650668403104
1744430303888
2843941931664
1740135336592
2839646964368
1469216786016
1744363456912
2843875084688
1740135335568
2839646963344
2585975654816
1739866835296
2839378463072
1808586312032
2908097939808
1469283174048
2568794801824
1538002650784
2637514278560
1744363194784
1465257624912
2564769252688
1744362341712
1486665352528
1744161801552
2856490436944
2839377414800
1808585263760
2908096891536
1482167749264
2581679377040
1465256315472
2564767943248
2929840162192
1555450956384
2654962584160
1830328863328
2929840491104
2564769057104
1740135336272
2839646964048
1761273513616
2860785141392
1469215999376
2568727627152
1744093906320
1469283173792
2568794801568
1482101950800
2581613578576
1537935215008
2637446842784
1486395607456
1482167749008
2581679376784
2929505995424
2581948926624
1826034682528
2925546310304
1464989256336
2564500884112
1739867163280
2839378791056
1808586640016
2908098267792
1830328535376
2839645849936
1533975791952
2633487419728
1486732528208
2586244155984
1537935213968
2637446841744
2843875083856
1555384633952
2654896261728
1538204961424
2637716589200
1469217114528
2568728742304
1469283108432
2568794736208
1744161015376
2843672643152
1538002585168
2637514212944
2654896457296
1465257691472
1740135598416
2633219312272
1808854813344
1825699399056
2925211026832
2637715539600
2860786453072
1555116395088
1829994302032
2929505929808
1757248031120
2856759658896
1756978808400
2856490436176
1825698285136
2925209912912
1469552657744
2569064285520
1555182455120
2654694082896
2568794736976
1744161016144
1555182193312
2654693821088
1469216064864
1486731151968
2586242779744
1761609058912
2861120686688
1465256315488
1830262539856
2929774167632
1482100966800
2912393234000
1465256643152
2564768270928
1533976119888
2633487747664
1740135335312
1465257690528
2564769318304
1469552396960
2569064024736
1744430303904
2843941931680
1464921097872
1813148665424
2912660293200
1808519464544
2908031092320
1555182193056
2654693820832
1482370123344
2650601227856
1761341999776
1555183569568
2654695197344
1486731151712
2586242779488
2861120686432
2929841539680
1486732528224
2586244156000
2861122062944
1482167747984
1486396982944
2585908610720
1761274889888
2860786517664
1555116459680
2654628087456
1829994366624
2929505994400
1761341998736
2860853626512
1830328534352
2929840162128
2856759985760
1469552658000
2569064285776
1555183307152
2654694934928
2929505667728
1486464092576
2585975720352
1761341999520
2860853627296
1555183569312
2654695197088
1812814169680
2912325797456
1486732527968
2586244155744
1761610434912
2861122062688
1829994366368
1486396982688
2585908610464
2929505994144
1757046704528
2843873970512
2564700833168
1538271872656
1744430302864
2581948925600
1551156774560
2650668402336
1813081885344
2912593513120
1757314418336
2856826046112
1551155988128
1555182454352
2654694082128
1533707684448
2633219312224
1482437297568
2581948925344
2586242778464
1830060361040
2929571988816
1555182192288
2654693820064
1469283108176
2568794735952
2860786452816
2654628022608
1761274825040
1465256314464
2564767942240
1550888273488
1486396918352
2585908546128
1486732526992
2586244154768
1830329910672
2929841538448
2929841474128
1486732462672
2586244090448
1555183568544
2654695196320
1469551544656
1744429451600
2843941079376
1538271021392
2637782649168
1825766181520
2925277809296
2633219311184
1808853764768
2908365392544
1486396917072
2585908544848
1465256577680
1812814169744
1808855075424
2908366703200
1486464091552
1486732526944
2586244154720
1829994038928
2929505666704
1538271807824
2637783435600
2912325797264
1469216785808
1555451939216
2908029782608
2585975719328
2581948139936
1551155988896
2650667616672
1465256314192
2564767941968
1808855009952
2908366637728
2925210765920
1829994367584
2929505995360
1465257626256
1761610368416
2861121996192
1830329845152
1808518220448
2908029848224
1808853699216
2908365326992
1486395673168
2585907300944
1829994367648
1482370123152
2581881750928
1808518219360
2908029847136
1464922080608
2564433708384
1808518220384
2908029848160
1538271020624
1830329911968
2929841539744
