1117028353088
1134275594304
2233787222080
1117364160576
2216875788352
1134544029760
2234055657536
1117029664832
2216541292608
1134209534016
2233721161792
1117298100288
2216809728064
1134477969472
2234056443968
2216541030528
1117297837120
2216809464896
1134477706304
2233989334080
1117297837184
2216809464960
1134477706368
1117095724096
2216607351872
1134275593280
2233787221056
1117364159552
2216875787328
1134544028736
2234055656512
1117029663808
2216541291584
2216607351936
1134275593344
2233787221120
1117364159616
2216875787392
1134544028800
1117096511616
2216608139392
1134276380800
2233788008576
1117029663872
1117364945984
2216876573760
1134544815168
2234056442944
2216541291648
1134209533056
2233721160832
1117028353152
2216539980928
1134208222336
2233719850112
1117296788608
2216808416384
1134476657792
2233988285568
1117095462016
2216607089792
2216607090752
2233786959936
1117029402688
2216541030464
1134209271872
2233720899648
1117298099328
2216809727104
1134477968512
2233989596288
1134275331200
2233786958976
1117028354176
2216539981952
1134208223360
2233719851136
1134543767680
2234055395456
1117029402752
1134209271936
2233720899712
1117095725184
2216607089728
1134275331136
1117297838208
2216809465984
1134477707392
2233989335168
2234056444032
1117364947072
2216876574848
1134544816256
2233788269696
2233988547648
1117028615232
2216541029440
1134209270848
2233720898624
1134209532992
2233721160768
1117096510528
2216608138304
1134276379712
1134544029824
2234055657600
1117028616320
2216540244096
1117364160640
2216875788416
1117297838144
2216809465920
1134477707328
2233989335104
1117096511552
2216608139328
1134276380736
2233788008512
1117365209152
2216876836928
1134545078336
2234056706112
1117028616256
1134208485440
1117095725120
2216607352896
2216607352960
1117365209216
2216876836992
1134545078400
2234056706176
1134208485504
2233720113280
1117029664896
2216541292672
2233786958912
2216539980864
2233719850048
1134208222272
1117296788544
1134276379776
2233788007552
1117365208128
2216876835904
1134545077312
2234056705088
1134275594368
2233787222144
1117365208192
2216876835968
1134545077376
1117028354112
2216539981888
1134208223296
2233719851072
2234056705152
1117297050752
2216808678528
1117095724160
2233989334144
