292411474960
1184377092
1251485956
1167599880
1234708744
1184377096
1251485960
1251218696
1167333636
1234442500
1184110852
1167336712
1234445576
1184113928
1251222792
1234441732
1167337736
1251219716
1251218948
1167333892
1234442756
1184111108
1251219972
1251219720
1167332868
1167596040
1234704904
1184373256
2241074436
2308183300
2257851652
2324960516
2241074440
2326272520
2309237252
1185421828
1252530692
2309495304
1184110084
1167336964
1234445828
1184114180
1251223044
1167595780
1234704644
2241075716
2308184580
2257852932
2324961796
2241337864
2242124036
2309232900
2237929736
2305038600
2242124040
2309232904
2326010120
1163401480
1230510344
1167595784
1234704648
1163139336
1230248200
1167333640
1234442504
1163143432
2242386436
2309495300
2258901256
1164187912
1231296776
1168382216
1235491080
2237147656
1234446600
1184114952
1251223816
1167332612
1234441476
1184109828
1251218692
1167332616
1234441480
1184109832
1230252296
2241078788
2308187652
2257856004
2324964868
2241078792
2308187656
2257856008
2324964872
2241079812
2308188676
2258901512
1164454408
1231563272
1168648712
1235757576
1163401736
1230510600
1168382472
1235491336
2242386440
1167336968
1234445832
1184114184
1251223048
1167337988
1234446852
1184115204
1251224068
1167337992
2241341700
2308450564
2237147400
2304256264
2241341704
2308450568
2259163656
2257857028
2324965892
2242124292
2309233156
1230251528
1163405576
1230514440
1163405572
1230514436
1167599876
1234708740
2308183304
2257851656
2324960520
1185159684
1252268548
1168386564
1235495428
1185163780
1252272644
2236880136
2303989000
2236884232
2303993096
2241078536
2308187400
1167337732
1234446596
1184114948
1251223812
1168382212
1235491076
2241074696
2308183560
2257851912
2324960776
1168644616
1235753480
1185421832
1252530696
2236885508
2303994372
2236880392
2303989256
2236884488
2303993352
2237147396
2304256260
1168382468
1235491332
2309237000
2241075720
2308184584
2257852936
2324961800
2258901508
2236884484
2303993348
1185425928
1252534792
1184110088
1251218952
2241337604
2308446468
2258114820
2325223684
2258118916
2325227780
1234446856
1163142660
1230251524
1163143684
1230252548
2241074692
2308183556
2257851908
2324960772
2236881412
2303990276
2237929988
2305038852
2257852680
2324961544
1163139588
2241337860
2308446724
2308446728
2325227016
2241341960
2308450824
2258119176
2325228040
2258115076
2325223940
2242128388
2237934088
2305042952
2242128392
2309237256
2303994120
2241079560
2308188424
2237933832
2305042696
2303990280
2236885512
2303994376
2241079816
2308188680
2237929992
2305038856
2242124296
2309233160
1164188164
1231297028
2308188420
2257856772
2324965636
2326010372
2326010376
2241336836
2258901252
2326010116
2304256520
2241341956
2308450820
2259163652
2258119172
2325228036
2326272516
1163138564
1230247428
1230247172
1230247176
1230248196
1163138312
1230248452
1163139592
1230248456
1251224072
2238192132
2305300996
2326014216
1230509576
1167595016
1234703880
1163401476
1163400712
1230510340
1163400708
1230509572
1164450308
1231559172
1168644612
1235753476
2241337608
2308446472
2258114824
2325223688
1235495176
1164192260
1164188168
1231297032
1163405832
1184115208
2237934084
2305042948
2238196232
2305305096
2242390536
2309499400
2304252168
1184377348
1251486212
1184377352
1251486216
1167332872
1234441736
1230514696
1167600136
1234709000
1234707976
1163139332
1231301124
1163143428
1230252292
1164187908
1231296772
2242128136
2237143304
2236880388
2303989252
2237143300
2304252164
1163405828
1230514692
1167600132
1234708996
1164450312
1231559176
1163401732
1230510596
1167596036
1234704900
2236881160
2303990024
2241075464
2308184328
2236885256
2236881416
2257857032
2324965896
2236880132
2303988996
2236881156
2303990020
2241075460
2308184324
1185159432
1252268296
1168386312
1185163528
1184110856
1252272392
1184373000
1251481864
1168386568
2308445700
2237143556
2304252420
2237142536
2304251400
2241336840
2308445704
2237143560
1185159688
1252268552
1235495432
1185163784
1252272648
1167333896
1234442760
1184111112
1251219976
1163138568
1230247432
2257856776
2324965640
2257855752
2324964616
2241079556
2258118920
2258905604
2326014468
2325227784
2258114052
2325222916
2258114056
2325222920
1184373252
1251482116
1184372232
2241340936
2308449800
2258118152
2236885252
2303994116
2305301000
2237147652
2304256516
2238192136
2304252424
2237142532
2304251396
2258905352
1167595012
1234703876
2258905608
2326014472
2259167752
2326276616
2258115080
2325223944
1251482120
1163142664
1163143688
1230252552
1163142408
1230251272
1163404808
1230513672
1167599112
1251481096
1184372996
1251481860
1184372228
1251481092
2237929732
2305038596
1164192008
1231300872
1164192264
1231301128
1184376328
1251485192
2257852676
2324961540
1185159428
1252268292
2237146632
2304255496
