1391923102736
1684250429456
2783762057232
1391924217872
2491435845648
1666802124816
2766313752592
1409104087056
2508615714832
1683981994000
1683997657120
2783509284896
1667087336480
2766598964256
1409389298720
2508900926496
1684267205664
2783778833440
2491434797072
2766312704016
1409103038480
2508614666256
2783492573200
2491703232528
2491770536992
2766648443936
2783559877664
2508950406176
1391990473760
2783828313120
1666868380704
1409170342944
2508681970720
1667136816160
1391940929568
2491452557344
1666818836512
2766330464288
1409120798752
2508632426528
1683998705696
2783510333472
1392209365024
1409104348176
2508615975952
2783493882896
1392192914448
2491704542224
1392008365072
2491519992848
2766397899792
1392008038416
2491519666192
2766397573136
1409187907600
2508699535376
1392276473872
2491788101648
2766666008592
1666869429264
1391990540320
2491502168096
1666868447264
2766380075040
1409170409504
2508682037280
1684048316448
2783559944224
2491770603552
1667086551056
2766598178832
1392208316448
1667086223392
2766597851168
1684266092576
2783777720352
1391924216864
2491435844640
1666802123808
2766313751584
1392192652320
2491704280096
2766380075024
1409388513296
2508900141072
1684266420240
2783778048016
1392275752976
1391940928528
1392209363984
2491720991760
1667087270928
2766598898704
2508900860944
2766581400608
1409371735072
2508883362848
1667154707488
2766666335264
1409456669728
2508968297504
2783846204448
2491770602512
1666868446224
2766380074000
1409170408464
2508682036240
1684048315408
2766648509456
1409455294480
2508966922256
2783844829200
1391990278176
2491501905952
2766379812896
1409120864272
2783510398992
1392209430544
2508900927504
2783778834448
1391924479008
1392192914464
1391923102752
2491434730528
2766312637472
1409102971936
1392007250976
2491518878752
2491787314208
1667153593376
2766665221152
2491787315232
2766665222176
2508967184416
1684333463584
2783845091360
1392007317536
2491518945312
1409187186720
2508698814496
2783576721440
2491787380768
2491435059232
2491703165984
2491451835424
2766329742368
1392007316496
2766396851216
1409187185680
2783576720400
1391991523344
1392258647056
2491770274832
1667136554000
2491519730704
2508699599888
2491771651088
2766649230368
2783829099552
1684334315536
1391991326736
1667154446352
2766666074128
2766649558032
1391924478992
2491436106768
2766314013712
2783762252816
1684333201440
1391923168288
2491434796064
1409103037472
2491703231520
1409372784656
1409456670736
2508968298512
2783846205456
2491503216656
1409171458064
2508683085840
2491452819488
1666819098656
2766330726432
1409121060896
2508632688672
1683998967840
2783510595616
2783778768928
1667136620560
2766648248336
1409438582800
2508950210576
1684316489744
2783828117520
1684250626064
1667086484512
2766598112288
2508632687632
1392209626128
1391941190672
2491452818448
1666819097616
2766330725392
1667136882720
2766648510496
1684316751904
2783828379680
1409119815696
1409104349216
2783493883936
1409389561872
2783779096592
2766666270752
2783846139936
2766313686048
1409104020512
2766666336272
2508615648288
2783493555232
1666869167120
1391923365904
2766582121504
1409372455968
2783761990688
1392259762192
2766649296912
1409439631376
1391923103760
2491434731536
2766312638480
1409102972944
2508614600720
1409102972960
2508614600736
2783492507680
1409186859040
2508698486816
2783576393760
2766666073120
1409187907616
2508699535392
2783577442336
2766666007568
1392008037392
2766397572112
1391940143120
1409120012304
2783510399008
2783829166096
1391940994064
2766599160864
2783779030048
2491434730512
2766312637456
2491703165968
2766581072912
1392007316512
2491518944288
2766396851232
2491787379744
2508883101712
1409389299728
1409119750176
2783559682080
1392259957776
1409372784672
2783762319392
1391939879952
1667154708496
1391939946512
2783761991712
1391941190688
1666819097632
1392209626144
2508883035152
2491519993872
1409188235280
2508699863056
1409186924560
1391941256208
1666819163152
2783492507664
2766581073936
2508883036176
2508967249952
2783845156896
1409120012320
2783829166112
1391940142096
1391940994080
1392209429536
1667136881696
2766648509472
2783493556240
1391939945488
2766582122512
2783761991696
2783846205472
2766649295888
2766666335248
1409187186704
2508883036192
2783760943136
1391940142112
1392007250960
2766582121488
