17533567248
1218775616
2292517248
1218841152
2292582976
1219037760
2292582784
1219037824
2292583040
1150683456
1217988928
1214843456
1420298880
1487276544
1214646848
1214843520
1487407744
1214581312
1419381248
1147472256
1214581120
1214581056
1213794624
1146489152
1213598016
1146751296
1213860160
1147472192
1146489216
1213598080
1146751360
1213860224
1146489408
1213598272
1146489472
1213598336
1146422656
1213531520
1213531712
1146422912
1213531776
1146423616
1213532480
1146423680
1213532736
1147538048
1213859456
2291534144
1218054464
2291796288
1217792640
1150683520
1217989184
1150683712
1217988992
1150616960
1213532544
1419249280
1213532800
1478002304
1419118080
1147537984
1147537792
1214646656
1214646912
1213794688
1478789504
1214581376
1486490112
1419250048
1151732096
1151732288
1151732352
1150616896
1217725760
1217726016
1217725824
1150617216
1217726080
1150617920
1217726784
1217792320
1150945600
1151666496
1218775360
1419250304
1478003072
1478003328
1213531456
2291467584
2291467648
1410631296
1213597248
1410894208
1213793856
1410632320
1213793920
1410894464
2291468928
2291534464
1217989248
1218054784
2291796608
1218840960
1218841216
1410631040
1410893440
1213794880
1217792384
1217792576
1150683776
2291467904
2291468608
1217726848
2291468672
1217727040
1217727104
1150617984
1150945664
1218054528
1151666560
1218775424
2291796352
1218054720
1478789760
1479051904
1213860480
2292517184
1218775680
2292517504
1419119104
1217791552
2291533376
1217988160
2291533184
1217988224
2291533440
1213794944
1146488384
1146488192
1146488448
1150618240
1146423936
1213860416
1747487360
1213597312
1146750592
1213597056
1150945920
1146751616
1151666816
1147472512
1150682496
1150682688
1150682752
1217791360
1217791616
2291534208
2291534400
1214909056
1151994496
1219103360
1147800192
1150944896
1218053760
2291795584
2292845184
1411943040
