275231605008
1166641664
2240383488
1183418880
2257160704
1233750528
2307492352
1233816064
2307557888
1166428416
1233749504
1411918368
1478789640
1183417856
1233815040
1479027232
1166640640
1410894344
1415055874
1410615816
1166443776
1415055618
1166624000
1410869520
1166689536
1477986568
1166378240
1166640384
1229554944
1410869776
1233798400
1478765072
1183401216
1477978384
1229620480
1477978640
1162429696
1410606608
1410614792
1162446080
1410868752
1162183936
1162249472
1415054850
1183483136
2240367104
1166690816
2240432640
2303363328
2240170240
1166444800
1166690560
2240432384
1162430720
1162249728
1419249154
1162446336
1410868768
1162511872
1477977632
1162184192
1410631176
1166427648
1183417600
1478773256
1233749248
1411918352
1233814784
1479027216
1166444032
1419250178
1166689792
1478002952
1166706176
1478003208
1419249922
1166624256
1410869536
1166378496
1183222016
2256963840
1183418624
2257160448
1183484160
2257225984
1183220992
1416104450
1162168576
2235910400
1162184960
2235926784
2236172544
1162447104
2236188928
1166625024
2240366848
1166379264
2240121088
1183483392
1487407618
1183401472
1162167808
1162168832
1410606352
2235910656
1162185216
2235927040
1162429952
1410606624
1229538816
1410607648
1229555200
1410869792
2236254720
1166707200
2240449024
1229621760
2303363584
1233750272
2307492096
1233815808
2307557632
1410606368
1410877960
1183402240
2257144064
1229555968
1229621504
1162430976
2236172800
1162447360
2236189184
1162250752
2235992576
1162512896
2303297792
1233799424
2307541248
1166641408
2240383232
1233799680
2307541504
1166428672
2240170496
1166625280
1166379520
2240121344
1166445056
2240186880
1410632200
1229539840
2303281664
1229556224
2303298048
1166705920
1477986824
1162250496
2235992320
1162512640
2236254464
1162511616
1477977616
1747462688
2240448768
2240186624
1166706944
1483213314
1166427392
1183221248
1420298754
1477978400
1229539584
2303281408
1233798656
1478765088
1250592256
1229620736
1477978656
1250593024
2324334848
1250592000
1747462672
1183402496
2257144320
1229538560
1410607632
1183222272
2256964096
1183484416
2257226240
1250593280
2324335104
