292411474192
292428579360
567306486304
584536687136
309608448544
584486355488
292697014816
567574921760
309876884000
584754790944
292495688224
292429300000
567307206944
309609169184
584487076128
292697735456
292696949008
567575642400
309877604640
584755511584
292428579344
567306486288
309608448528
584486355472
292697014800
567574921744
309876883984
584754790928
292495688208
567373595152
567625187872
292411539728
567289446672
309591408912
292428316944
567306223888
309608186128
584486093072
567356555536
309658517776
584536424720
292496408848
567374315792
309676278032
292765172240
309658779936
584536686880
292747346208
567625253152
309927215392
584805122336
292764844576
567642751520
309944713760
584822620704
292747084304
567624991248
292411801872
567289708816
309591671056
584469578000
584738013456
292478910736
567356817680
309676540448
584554447392
309658780176
584536687120
584553201952
292496474400
567374381344
309676343584
584554250528
584486093344
309944713744
584822620688
309676540432
584554447376
309861089824
584738996768
292479894048
567574855952
309876818192
584754725136
292764057872
567641964816
309943927056
584821834000
292411736336
292680171792
567558078736
309659762960
584537669904
292496670992
567374577936
309676540176
584554447120
292429627664
567307534608
309609496848
584487403792
309659763216
292428513568
567289446944
309591409184
292747346464
567625253408
292411474208
567289381152
309591343392
584469250336
292679909664
567557816608
309658452496
584536359440
292747018768
567624925712
309926887952
584804794896
292428251664
567306158608
309608120848
292428513552
309658518032
584536424976
309658779920
584536686864
292697014544
567574921488
309876883728
584754790672
567624991008
567625974048
584469316112
292679975440
567557882384
309859844624
584737751568
292478648848
567356555792
292429365536
567307272480
309609234720
584487141664
292697800992
567575707936
309877670176
584755577120
309609234704
584487141648
292697800976
567575707920
309877670160
584755577104
292765106720
567643013664
292747346448
567625253392
292428251424
567306158368
309608120608
584486027552
292696686880
567574593824
309876556064
584754463008
309675229728
584553136672
292764909856
567642816800
309944779040
584822685984
292696752672
567574659616
309876621856
584754528800
292696687136
292748067088
567625974032
309927936272
584805843216
309676605728
584554512672
567373267472
309675229712
584821572112
292696687120
567574594064
309876556304
584754463248
292495360528
584553136656
292765106704
567643013648
309944975888
584822882832
292764123680
567642030624
567641964832
292763861536
567641768480
309943730720
584821637664
584536424736
292412523024
567290429968
309592392208
584470299152
292680958480
567558865424
309860827664
292411474448
567289381392
309591343632
292411474464
292747018512
567624925456
309926887696
584804794640
567289381136
309591343376
292411736592
567289643536
292680172048
567558078992
309860041232
584737948176
292478845456
567373595168
309675557408
584553464352
309927150112
584805057056
567290757664
309592719904
584470626848
292479959584
567357866528
309659828768
309659828752
584537735696
292428579104
567306486048
309608448288
567356555808
584469250576
292763795984
567641702928
309943665168
292764123408
567642030352
309943992592
584821899536
292428579088
567306486032
309608448272
584486355216
292495687952
567373594896
292496408864
567374315808
309676278048
584554184992
292763861520
567641768464
309943730704
584821637648
292411736352
567289643296
309591605536
584469512480
292680171808
567558078752
309860040992
584737947936
292478845216
567625187616
584536359456
292747018784
567624925728
309926887968
584804794912
292428251680
584486027808
292495360544
292429562400
567307469344
567574594080
309876556320
584754463264
292763796000
567373267488
309876818208
584754725152
567373594912
292495687968
292764123424
567642030368
309675557152
584553464096
292428317216
567306224160
309608186400
584536424992
309658518048
292478648864
292679975456
567557882400
292412784928
567290691872
309592654112
584470561056
292681220384
309861089568
584738996512
292479893792
292411736608
567289643552
309591605792
292680172064
567558079008
292495622688
567373529632
309675491872
584754725408
292412523040
567290429984
309592392224
584470299168
292680958496
584469250320
567558865440
309860827680
309943992864
292697735440
567575642384
309877604624
292412522768
567290429712
309592391952
584821899808
584470298896
584537407760
309659500816
292763795744
567641702688
309943664928
584821571872
584486027536
309876556048
584754462992
584821571856
292763795728
567641702672
309943664912
292696686864
567356490000
309658452240
584536359184
292748132624
292764909840
567642816784
309944779024
584822685968
567626039568
309928001808
584805908752
292429365520
567307272464
292496736784
567374643728
309676605968
584554512912
292681285920
567559192864
292748394768
567626301712
309860041248
584737948192
292478845472
567356752416
309658714656
584536621600
292748329232
567626236176
309928198416
584806105360
584738734608
292748067344
567625974288
309927936528
584805843472
292697735696
567575642640
309877604880
584755511824
292496409104
584755773728
309860893216
292681024032
309928263952
584806170896
292681285904
567559192848
309861155088
584739062032
292429562128
584821637408
567307469072
309609431312
584487338256
292428316960
584755511568
292429299984
567307206928
309609169168
584487076112
292479697424
567357604368
309659566608
584537473552
292748132880
567626039824
309928002064
584805909008
309944713504
584822620448
309592391968
584470298912
292680958240
567558865184
309860827424
584738734368
584822948128
292747084064
309659762976
584537669920
292748329248
567626236192
309928198432
584806105376
292479697184
567357604128
292748132640
567626039584
309928001824
584487076384
567575642656
584755511840
292496409120
567374316064
309676278304
584554185248
567374316048
309676278288
584554185232
292764844560
567642751504
292479894032
567357800976
584537670160
292748329488
567626236432
292478910992
567356817936
292680958224
567558865168
309860827408
584738734352
584755577360
309945041424
292698063376
567575970320
309877932560
584755839504
584822948368
292479959568
567357866512
292429627680
567307534624
309609496864
292765171984
567643078928
309945041168
584822948112
292765106464
567643013408
309944975648
584822882592
309609431328
584487338272
584738734624
292748067360
567625974304
309609169440
292479959328
309659828512
584537735456
584821834272
292696949280
567574856224
309876818464
309877670416
292748132896
567626039840
309928002080
584805909024
567625187600
292764910112
567642817056
309944779296
584822686240
292697801248
567575708192
309877670432
584755577376
292429365776
567307272720
309609234960
584487141904
292697801232
567575708176
567290495248
309609431584
584487338528
309944975904
584822882848
292748329504
567626236448
292765172256
567643079200
309945041440
584822948384
309928198672
584806105616
309928198688
584806105632
292478845200
567356752144
309658714384
584536621328
292747280656
567356752160
292411801888
567289708832
309591671072
584469578016
292478910752
567356817696
292765172000
567643078944
309945041184
309675557136
584553464080
309926953488
584804860432
567356555552
309658517792
567306223904
309608186144
584486093088
309675557392
584553464336
292428317200
567306224144
567289381408
309591343648
584469250592
567356752400
309658714640
584536621584
309608186384
584486093328
567643079184
309658714400
584536621344
