1099865326864
1099866704160
2199378331936
1100135139616
2199646767392
1099933813024
2199445440800
1100202248480
2199713876256
1099883481376
2199395109152
2199461169696
1100150801696
2199662429472
1099949475104
2199461102880
1100217910560
2199729538336
2199393798688
1099866442272
2199378070048
1100134877728
2199646505504
1099933551136
2199445178912
1100201986592
2199713614368
1099883219488
1100201985568
2199713613344
1099865589280
2199377217056
1100134024736
2199645652512
1099932698144
2199444325920
1100201133600
2199712761376
1099882366496
2199393994272
2199444130336
1099865327888
2199376955664
1100133763344
2199645391120
1099932436752
2199444064528
2199460907552
2199646767648
1099933813280
1100202248736
2199713876512
1100151653664
2199663281440
1099950327072
2199461954848
1100218762528
2199730390304
1099865654816
2199377282592
1100150868256
1099933484304
2199445112080
1100201919760
2199713547536
1099883152656
2199394780432
1100151588112
2199663215888
1099950261520
1099950327056
2199461954832
1100151653648
2199663281424
1100218762512
2199730390288
1100150868240
2199662496016
1099949541648
2199461169424
1100217977104
2199729604880
2199394059552
1099866440976
2199378068752
2199445177616
1100201985296
2199713613072
1099883218192
2199394845968
1099949279760
2199460907536
1099866638880
2199378266656
1100135074336
2199646702112
1100202183200
2199713810976
1099949279504
2199460907280
1100135074064
2199646701840
1100134025488
2199645653264
1099932698896
2199444326672
1099865327904
2199376955680
1099932436768
2199444064544
1100200872224
2199712500000
1099882105120
2199393732896
1099866704416
2199378332192
2199729277200
1100200872208
2199712499984
1099882105104
2199393732880
1100150540560
2199662168336
1099949213968
2199460841744
1100217649424
2199376954640
1100133762320
1099883416096
2199395043856
1100151851536
2199663479312
1100218960400
2199730588176
1099882170912
1099882170896
2199393798672
1099866637584
2199378265360
2199729341712
2199645390096
1100150606096
2199662233872
1100217714960
2199729342736
1100133828880
1099950328352
2199461956128
2199712565792
1099883414800
2199395042576
1100202181904
2199713809680
1100218959120
2199730586896
1099949541920
2199645456656
1099883152912
2199394780688
1100151588368
2199713547552
2199712564512
1099866440992
2199378068768
1100201985312
2199713613088
1099883218208
1099866637600
2199378265376
1100135073056
1099883480336
2199461890336
1100217715216
2199729342992
1099865328144
2199376955920
1100133763600
2199645391376
1100200872464
2199712500240
1099865328160
2199376955936
1100133763616
1099883481632
2199395109408
1100151917088
2199645391392
1099882105376
1099883152672
2199394780448
1100201134352
2199712762128
2199445113360
1100201921040
2199713548816
1099949214224
2199460842000
1100217649680
2199729277456
1100200936736
1099882105360
1099949541904
2199461169680
1100151917072
2199663544848
2199393733136
1100133829136
2199645456912
1100200938000
2199462151696
2199713876240
1099949213984
2199460841760
2199393733152
2199646439968
1099883153952
1099933485600
2199445113376
1100135138832
2199646766608
1099933812240
2199445440016
1100202247696
1099950589456
2199462217232
1100219024912
2199730652688
1100217648416
2199729276192
1100202181920
2199713809696
1100151588384
2199663216160
1099950261792
2199461889568
1100134025744
1099932699152
2199444326928
1100202247456
2199713875232
1099883480352
2199395108128
1100219024672
2199730652448
1099950524688
2199462152464
1099933551120
2199445178896
1099933550112
1099883218464
2199394846240
1100151653920
2199663281696
2199461955104
1100218762784
2199662496272
1099932764688
2199444392464
1100150868496
1100135073312
2199646701088
1100202182176
2199713809952
1099932699168
1100219024656
2199730652432
1099866703120
2199378330896
1100135138576
2199646766352
1099882169616
1099866375456
2199378003232
1100134810912
2199646438688
1099933484320
2199445112096
2199663216144
1099950261776
2199461889552
2199729539600
2199729605152
1100217911824
2199461890320
1100134811920
2199646439696
1099950262544
1100151589136
2199663216912
1100151654672
2199663282448
1100201986320
2199444325648
1099932698912
2199444326688
1099882367264
2199393995040
1100200936976
2199712564752
1099882169872
1099883415072
2199395042848
1099950523936
2199462151712
1099950589472
2199462217248
2199663543840
1099865326880
2199376954656
1099882104096
2199393731872
1100202182928
2199713810704
1099882169632
2199393797408
2199393797648
1100219024928
2199730652704
1100151589152
2199663216928
1099883219232
2199394847008
1100151654688
2199663282464
1100202183184
2199713810960
1099882169888
2199393797664
1100219025936
2199730653712
1100134810896
1100219025952
2199730653728
2199393797392
1099882104080
2199393731856
