1116776760592
1116778137888
2216289765664
1133958007072
2233469634848
1116845246752
2216356874528
1134025115936
2233536743712
1116794915104
2216306542880
1116845180448
2216356808224
1134025049632
2233536677408
1133973669152
2233485296928
1116860908832
2216372536608
1134040778016
2233552405792
1116777876000
2216289503776
1133957745184
2233469372960
1116844984864
2216356612640
1134024854048
2233536481824
1116794653216
2216306280992
1116777023008
2216288650784
1133956892192
2233468519968
1116844131872
2216355759648
1134024001056
2233535628832
1116793800224
2216305428000
1133973735968
2233485363744
1116776761616
2216288389392
1133956630800
2233468258576
1116843870480
2216355498256
2233469635104
1116845247008
2216356874784
1134025116192
2233536743968
1133974521120
2233486148896
1116861760800
2216373388576
1134041629984
2233553257760
1116777088544
2216288716320
1133973735712
1116844918032
2216356545808
1134024787216
2233536414992
1116794586384
2216306214160
1133974455568
2233486083344
1116861695248
2216373323024
1133974521104
2233486148880
1116861760784
2216373388560
1134041629968
2233553257744
1133973735696
2233485363472
1116860975376
2216372603152
2233485363728
1116777874704
2216289502480
1133957743888
2233469371664
1116844983568
2216356611344
1134024852752
2233536480528
1116794651920
2216306279696
2216373324064
1134041565472
2233553193248
2233552143904
1116778072608
2216289700384
1133957941792
2233469569568
1116845181472
2216356809248
1134025050656
2233536678432
1116794849824
2216306477600
1134040844560
2233552472336
1133957941520
2233469569296
1134041630992
2233553258768
1116777023760
2216288651536
1133956892944
2233468520720
1116860975632
2216372603408
1134040844816
1116776761632
2216288389408
1133956630816
2233468258592
1116843870496
2216355498272
2216373650720
1134023739680
2233535367456
1116793538848
1116778138144
2216289765920
1133958007328
1134023739664
2233535367440
1116793538832
2216305166608
1133973408016
2233485035792
1116860647696
2216372275472
1134040516880
1133956629776
1116843869456
2233468257552
1133974783520
2233486411296
1133974718992
2233486346768
1116861958672
2216373586448
1134041827856
2233553455632
2233469634080
1116845245984
2216356873760
1134025115168
2233552472592
2233536742944
1116793604640
1116793604624
2216305232400
1133973473808
2233485101584
1116778071312
2216289699088
1133957940496
2233469568272
1116845180176
2216356807952
1134040581392
2233552209168
1134023738640
2233535366416
2216305232144
1133973473552
2233485101328
1116860713232
2216372341008
1134040582416
2233552210192
1116862023200
2216373650976
1134041892384
2233553520160
1116793865488
2216289700112
1116794848528
2216306476304
1133974717712
2233486345488
1134025049360
2233536677136
1116861957392
2216373585168
1134041826576
2233553454352
1116776827152
2216288454928
1133956696336
2233468324112
1116843936016
2216355563792
1134023805200
2233535432976
2233486083600
2233553192464
1116861695504
2216373323280
2216289437200
1133957678608
2233469306384
1116844918288
2216356546064
1134024787472
1133973407008
2233485034784
1116860646688
2216372603424
1133974783248
2233486411024
1116862022928
2216373650704
1134041892112
2233553519888
1116778136848
2216289764624
1133958006032
2233469633808
2216372602144
1116777874960
2216289502736
1133957744144
2233469371920
1116844983824
2216356611600
1134024853008
2233536480784
1116794652176
2216306279952
1116776761872
2216288389648
1133956631056
2233468258832
1116843870736
2216355498512
1134023739920
2233535367696
1116793539088
1116794848800
2216306476576
1133974717984
2233486345760
1116861957664
2216373585440
1134041826848
2233553454624
1116776761888
2216288389664
1133956631072
1116777809184
2216289436960
1134041826832
2233553454608
1133957678368
2233469306144
1116844918048
2216356545824
1134024787232
2233536415008
1133973472800
2233485100576
1133973670160
2233485297936
1116860909840
2216372537616
1134040779024
2233552406800
2216305231376
1133973472784
2233485100560
1116860712464
2216372340240
1134040581648
2233552209424
1134040779296
2233552407072
2233535431968
1116777874720
2216289502496
1133957743904
2233469371680
1116844983584
2216356611360
1134024852768
2233536480544
1116794651936
2216306279712
1116777089296
2216288717072
1133956958480
2233468586256
1116844198160
2216355825936
1134024067344
2233535695120
1116793866512
2216305494288
2233535431952
1116794915360
2216306543136
1133974784544
2233486412320
1116862024224
2233468585504
1133974784528
2233486412304
1116862024208
2216373651984
2216305166864
1133973408272
2233485036048
1116860647952
2216372275728
1134040517136
2233552144912
1116777810448
2216289438224
1133957679632
1116776827408
2216288455184
1133956696592
2233468324368
1116843936272
2216355564048
1134023805456
1116845180432
2216356808208
1134025049616
2233536677392
1116794848784
2216306476560
1133974717968
2233486345744
1116861957648
2216373585424
2233552407056
1116778137872
2216289765648
1133958007056
2233469634832
1116845246736
2216356874512
1134025115920
2233536743696
1116844197408
2216355825184
1134024066592
2233535694368
2233468258848
1116843870752
2216355498528
1134023739936
2233535367712
1116793539104
2216305166880
1133973408288
2233485036064
1116860647968
1116778137104
2216289764880
1133958006288
2233469634064
1116845245968
2216356873744
1134025115152
2233536742928
1116794914320
2216306542096
1116776827168
2216288454944
1133956696352
2233468324128
1116843936032
2216355563808
1134023805216
2233535432992
1116793604384
2216305232160
1134041892128
2233553519904
2233536415248
1116777809424
1116778071328
2216289699104
1133957940512
2233469568288
1116845180192
2216356807968
1134025049376
2233536677152
1116794848544
2216306476320
1116777809440
2216289437216
1133957678624
2233469306400
1116844918304
2216356546080
1134024787488
2233536415264
1116794586656
2216306214432
1116794914336
2216306542112
1116777024016
2216288651792
1133956893200
2233468520976
1116844132880
2216355760656
1134024002064
2233535629840
1116793801232
2216305429008
1116778136864
2216289764640
1133958006048
2233469633824
1133974783504
2233486411280
1116862023184
2216373650960
1134041892368
2233553520144
1133974718752
2233486346528
1116861958432
2216373586208
1134041827616
2233553455392
2216289438240
1133957679648
2233469307424
1133973473568
2233485101344
1116860713248
1116845245728
2216356873504
1134025114912
2233536742688
2216372341024
1134040582432
2233552210208
1116777874976
2216289502752
1133957744160
2233469371936
1116844983840
2216356611616
1116777089552
2216288717328
1133956958736
2233468586512
1116844198416
1116793604368
2216355826192
1134024067600
1116845245712
2216356873488
1134025114896
2233536742672
1116860975392
2216372603168
1134040844576
2233552472352
1116860712480
2216372340256
1134040581664
2233552209440
1116844919328
2216356547104
1134024788512
2233536416288
1116777023776
2216288651552
1133956892960
2233468520736
1116844132640
2216355760416
1134024001824
2233535629600
1116793800992
2216305428768
2216372275744
1134040517152
2233552144928
1134040843552
2233552471328
1116777089312
2216288717088
1133956958496
2233468586272
1116844198176
2216355825952
1134024067360
2233535695136
1116793866528
2216305494304
1116861762080
2216373389856
1134041631264
1116843936288
2216355564064
1134023805472
2233535433248
2233468324384
2216305232416
1133973473824
2233485101600
1116860713504
2216372341280
2216355562768
1134023804176
2216372339984
1116777024032
2216288651808
1133956893216
2233468520992
1116844132896
2216355760672
1134024002080
2233535629856
1116793801248
2216305429024
1116793603344
2216305231120
1133973472528
1116793537808
2216305165584
1133973406992
2233485034768
1116860646672
2216372274448
2216355497232
1133974717728
2233486345504
1116861957408
2216373585184
1134041826592
2233553454368
1116794914080
2216306541856
1133974783264
2233486411040
1133973670432
2233485298208
1116860910112
2216372537888
2233535695392
1116860975648
1116793866784
2216306215184
2216305494560
1133974456592
2233486084368
1116861696272
2216373324048
1134041565456
2233553193232
1134040843792
2233552471568
2233486149904
1133974522128
1116861761808
2216373389584
1116777875728
2216289503504
1133957744912
2233469372688
1116844984592
2216356612368
2233469307152
1116844919056
2216356546832
1134024788240
2233536416016
1116794587408
1116777022736
2216288650512
1133956891920
2233468519696
1116844131600
2216355759376
1134024000784
2233535628560
1116793799952
2216305427728
2216288388624
1133956630032
2233468257808
1116843869712
2216355497488
1134023738896
1134024853776
2233536481552
2233535366672
1116793538064
2216305493264
1133973734672
2233485362448
1116860974352
2216372602128
1134040843536
2233552471312
1116777088272
2216288716048
1133956957456
1116860647712
2216372275488
1134040516896
2233552144672
1116777810208
2216289437984
1133957679392
2233469307168
1116844919072
2216356546848
1116794586640
2216306214416
1133974455824
1134041564688
1133973407248
2233485035024
1116860646928
2216372274704
1134040516112
2233552143888
1116860909072
2216372536848
1134040778256
2233552406032
1116778071584
2216289699360
1133957940768
2233469568544
1116778137120
2216289764896
1133958006304
1133974455840
2233486083616
1116861695520
2216288388384
1133956629792
2233468257568
1116843869472
2216355497248
1134023738656
2233535366432
1116793537824
2216305165600
2216372274464
1116794849552
2216306477328
1116845181200
2216356808976
1134025050384
2233536678160
1116861958416
2216373586192
1134041827600
2233553455376
1134040844832
2233552472608
1116844919312
2216356547088
1134024788496
2233536416272
1116794587664
2216306215440
1133974456848
1116776826144
2216288453920
1133956695328
2233468323104
1116843935008
2216355562784
1134023804192
2216306215200
1133974456608
2233486084384
1133974784272
1116776826384
2216288454160
1133956695568
2233468323344
1116843935248
2216355563024
1134023804432
2233535432208
1116793603600
1116776760848
1116777875984
2216289503760
1133957745168
2233469372944
1116844984848
2216356612624
1134024854032
2233536481808
1116794653200
2216306280976
1134024001040
2233535628816
1116793800208
2216305427984
1133973669392
2233485297168
1116777022992
2216288650768
1133956892176
2233468519952
2216373323296
1134041564704
2233553192480
1133956957728
1133973669408
2233485297184
1116860909088
2216372536864
1134040778272
2233552406048
1134024788256
2233536416032
1116794587424
1116777088528
2216288716304
1133956957712
2233468585488
1116844197392
2216355825168
1134024066576
2233535694352
1116793865744
2216305493520
1116777875744
2216289503520
1133957744928
2233469372704
1116844984608
2216356612384
1134024853792
2233536481568
1116794652960
2216306280736
1116777022752
2216288650528
1133956891936
2233468519712
1116844131616
2216355759392
1134024000800
2233535628576
1116793799968
2216305427744
1134040843808
2233552471584
1133973734928
2233485362704
1116860974608
2216372602384
1116776760864
2216288388640
1133956630048
2233468257824
1116843869728
2216355497504
1134023738912
2233535366688
1116793538080
2216305165856
1116778072592
2216289700368
1133957941776
2233469569552
1116845181456
2216356809232
1134025050640
2233536678416
1116794849808
2216306477584
1116777088288
2216288716064
1133956957472
2233468585248
1116844197152
2216355824928
1134024066336
2233535694112
1116793865504
2216305493280
2233468585232
1116844197136
2216355824912
1134024066320
2233535694096
1116776826400
2216288454176
1133956695584
2233468323360
1116843935264
2216355563040
1134023804448
2233535432224
1116793603616
2216305231392
1116778138128
2216289765904
1133958007312
2233469635088
1116845246992
2216356874768
1134025116176
2233536743952
1116794915344
2216306543120
1133974522144
2233486149920
1116861761824
2216373389600
1134041631008
2233553258784
1133973734688
2233485362464
1116794652944
2216306280720
1116778072352
2216289700128
1133957941536
2233469569312
1116845181216
2216356808992
1134025050400
2233536678176
1116794849568
2216306477344
1116777810464
1116860974368
1133974522400
2233486150176
1116860908816
2216372536592
1134040778000
2233552405776
1133973669136
2233485296912
1116793865760
2216305493536
1133973734944
1116777809168
2216289436944
1133957678352
2233469306128
2233485362720
1116860974624
2216372602400
1134041564432
2233553192208
1116861696288
1133973407264
2233485035040
1116860646944
2216372274720
1134040516128
1133974719008
2233486346784
1116861958688
2216373586464
1134041827872
2233553455648
2216305165840
2233486412048
1116862023952
2216373651728
1134041893136
2233553520912
1116794915088
2216306542864
1116777810192
2216289437968
1133957679376
1133974784288
2233486412064
1116862023968
2216373651744
1134041893152
2233553520928
2233485363488
2216305166624
1133973408032
2233485035808
1134041893408
2233553521184
2233552144656
1134040582688
2233552210464
1134040515856
2233552143632
2216288388368
2233485100304
1116860712208
1116776826128
2216288453904
1133956695312
2233468323088
1116843934992
1116778072336
1116793603360
2216305231136
1133973472544
2233485100320
1116860712224
2216372340000
1134040581408
2233552209184
1116862022944
1116776760608
1116794914064
2216306541840
1133974521360
2233486149136
1116861761040
2216373388816
1134041630224
2233553258000
2233486084624
1116861696528
2216373324304
1134041565712
2233553193488
2233535695376
1134041631248
2233553259024
1133973670416
2233485298192
2233553259040
1116794587680
2216306215456
1133974456864
2233486084640
1116861696544
2216373324320
1134041565728
2233553193504
1116776827424
1116794586400
2216306214176
1133974455584
2233486083360
1116861695264
2216373323040
1134041564448
2233553192224
1116844132624
2216355760400
1134024001808
2233535629584
1116793800976
2216305428752
1116860910096
2216372537872
1134040779280
1133974522384
2233486150160
1116861762064
2216373389840
1134041893392
2233553521168
2233469307408
2233535433232
1116860713488
2216372341264
1134040582672
2233552210448
1116778071568
2216289699344
1133957940752
2233469568528
2216288455200
1133956696608
2216373652000
1116777089568
2216288717344
1133956958752
2233468586528
1116844198432
2216355826208
1134024067616
1134040515872
2233552143648
1133974718736
2233486346512
1134024853024
2233536480800
1116794652192
2216306279968
1133974521376
2233486149152
1116861761056
2216373388832
1134041630240
2233553258016
1116793866768
2216305494544
1133973735952
1133973670176
2233485297952
1116860909856
2216372537632
1134040779040
2233552406816
1116844131856
2216355759632
