292411475216
292412852512
567290759456
309592721696
584470628640
292681287968
567559194912
309861157152
584739064096
292479961376
567357868320
292428253712
584754465296
292412786192
567290693136
309592655376
584470562320
292681221648
567559128592
292764058912
567641965856
309943928096
584821835040
292679911696
292412852752
567290759696
309592721936
584470628880
292681288208
567559195152
292495690016
567373596960
309675559200
584553466144
292764125472
292429564448
567307471392
309609433632
584487340576
292697999904
567575906848
309877869088
584755776032
584822884880
584554449424
292763863584
309592392976
584470299920
584487077136
292479632656
567357539600
292496409872
567374316816
567624926480
309926888720
584804795664
309943993616
584821900560
292495688976
292479895824
567357802768
584822883616
309676541216
584554448160
584804795680
584486028576
292495361312
567373268256
309675230496
567356491040
309658453280
292495427104
567373334048
309675296288
584553203232
292763862560
567641769504
309943731744
584821638688
309659503136
584537410080
292748069408
567625976352
309927938592
292696688912
567574595856
309876558096
584754465040
292747085088
567624992032
309926954272
584804861216
292478649632
567356556576
292698065424
567575972368
309861157392
584739064336
584486095376
292495428112
567373335056
309675297296
584553204240
292747348496
567625255440
309927217680
292412852496
567290759440
309592721680
584470628624
292681287952
567559194896
309861157136
584739064080
292411542048
567289448992
309591411232
584469318176
292679977504
567557884448
309859846688
584737753632
292478650912
567356557856
292479632912
567357539856
309659502096
584537409040
309927937552
584805844496
309591607824
584469514768
292680174096
567558081040
309860043280
584737950224
292429564192
567307471136
309609433376
584487340320
292697999648
567575906592
309877868832
584755775776
292496673040
567374579984
292748134928
567626041872
309928004112
584805911056
292765108496
567643015440
309944977680
584822884624
309659568656
584537475600
292496411168
567374318112
309676280352
584554187296
292764846624
567642753568
309944715808
584822622752
292697998608
567575905552
309860894224
584738801168
309877867792
584755774736
292429563152
567307470096
309609432336
584487339280
292495426848
567373333792
309675296032
309659502880
584537409824
292748069152
292429629712
567307536656
309609498896
584487405840
292698065168
567575972112
309877934352
584755841296
309860107536
584738014480
309675492624
584553399568
309876819216
584754726160
292412523792
567290430736
292429301280
567307208224
309609170464
584487077408
292697736736
567575643680
309659567392
292697998624
567575905568
309877867808
584755774752
584537474336
292765107488
567643014432
309944976672
584822621712
309676279312
584554186256
292764845584
567642752528
309944714768
292496410128
567374317072
292428515856
567306422800
309608385040
584486291984
292696951312
292478912032
567356818976
309658781216
584536688160
292747347488
567625254432
309927216672
584805123616
309860828448
584738735392
292429367840
567307274784
309609237024
584487143968
292697803296
567575710240
309877672480
584755579424
292411540768
567289447712
309591409952
309944781328
584822688272
292496476688
567374383632
309676345872
584554252816
567642032416
309943994656
584821901600
584536360464
292428252688
292479699216
567357606160
309659568400
584537475344
292748134672
567626041616
309928003856
584805910800
292495623696
567373530640
309675492880
584553399824
292479895056
567357802000
309659764240
584537671184
292411475488
567289382432
309591344672
584469251616
292679910944
567557817888
309859780128
584737687072
292478584352
567356491296
292478585360
567356492304
292747020816
567624927760
309926890000
584804796944
292429366800
567307273744
309609235984
584487142928
292697802256
567575709200
309877671440
584755578384
292496410912
567374317856
309676280096
584554187040
292748330512
567626237456
309928199696
584806106640
584822883856
309876819472
584754726416
567306159632
309608121872
309943928336
584821835280
309658715664
584536622608
292764059152
292428514832
567306421776
309658453536
584536360480
292747019808
567624926752
309926888992
584804795936
292428252704
567306159648
309608121888
584486028832
567626238496
309928200736
584806107680
292411475472
567289382416
309591344656
584469251600
292679910928
567557817872
309859780112
584737687056
292495689248
567373596192
309675558432
584553465376
292764124704
567642031648
309943993888
584821900832
292479896096
567357803040
309659765280
584537672224
292748331552
292429301024
567307207968
309609170208
584487077152
292697736480
567575643424
309877605664
584755512608
292696688160
567574595104
309876557344
584754464288
292495361568
567373268512
309675230752
584553137696
292763797024
567641703968
292764845328
567642752272
309944714512
584822621456
292428515600
567306422544
584469318160
292679977488
567557884432
309859846672
309608384784
584486291728
584737753616
292747347232
567625254176
292429367584
567307274528
309609236768
584487143712
292697803040
567575709984
309877672224
584755579168
309676345616
584554252560
292496476432
567374383376
309876558368
584754465312
292495362576
567373269520
292680173088
567558080032
309860042272
584737949216
292478846496
567356753440
567624927504
292748397072
567626304016
309928266256
584486356256
584486028816
292696688144
309859780880
584737687824
292478585104
567356492048
309658454288
309926889744
292411476240
567289383184
309591345424
584469252368
292411476256
567289383200
309591345440
584469252384
292679911712
567557818656
309859780896
584737687840
292478585120
567356492064
292496673312
567374580256
309676542496
584554449440
292765108768
567643015712
309944977952
567641770528
309876623888
584754530832
292696754704
309592720912
309609235728
292496475408
567374382352
309676344592
584554251536
584487142672
292697802000
567575708944
309877671184
584755578128
567357802784
309659765024
584537671968
292697015584
567574922528
309876884768
584754791712
567357605152
292429366560
567307273504
309609235744
584487142688
292697802016
567575708960
292478913040
567356819984
309658782224
584536689168
292696689168
567574596112
309876558352
292429563424
567307470368
309609432608
584487339552
292697998880
567575905824
309877868064
584755775008
584755578400
292411476512
567289383456
309676541456
584554448400
292765107728
567643014672
309944976912
567559128352
292411476496
567289383440
309591345680
584469252624
292679911952
567557818896
309859781136
567306160656
309608122896
292748330256
567626237200
309928199440
584806106384
309659763984
584537670928
309609499168
584487406112
292698065440
567575972384
309877934624
584755841568
309676608016
584554514960
292496738832
567374645776
292765174288
567643081232
309945043472
584822950416
292429563408
567307470352
309609432592
584487339536
292697998864
567575905808
309877868048
584755774992
292496672272
567374579216
292479961360
567357868304
292748068384
567625975328
309927937568
584805844512
292478847504
567356754448
309608121616
309876557072
584754464016
292696687888
567574594832
292680959520
567558866464
309860828704
584738735648
309658716688
584536623632
292747282960
567625189904
309927152144
584805059088
292429628944
567307535888
309609498128
584487405072
292698064400
567575971344
309877933584
584755840528
292496673056
567374580000
309676542240
584554449184
292765108512
567643015456
309659568672
584537475616
292495427872
567373334816
309675297056
584553204000
292428318992
567306225936
309608188176
292412851472
567290758416
309592720656
584470627600
292747020832
567624927776
309926890016
584804796960
292696689184
567574596128
292411737616
567289644560
309591606800
292479895072
567357802016
292765107472
567643014416
292479698448
567357605392
309944976656
584822883600
292496672016
567374578960
309591673360
584469580304
292680239632
567558146576
309860108816
584738015760
292763863328
567641770272
309943732512
584821639456
567289382160
309591344400
584469251344
584486028560
292428252432
567306159376
292698065184
567575972128
309877934368
584755841312
292496738576
567374645520
292411738656
567289645600
309591607840
584469514784
292680174112
567558081056
292478847520
567356754464
292496410144
567374317088
309676279328
584554186272
292764845600
567642752544
309944714784
584822621728
309608385056
584486292000
292696951328
567574858272
292764060176
567641967120
309943929360
584821836304
292479632672
567357539616
309927937312
584805844256
292429628704
567307535648
309609497888
584487404832
309658716432
584536623376
309927151888
584805058832
292496476704
567374383648
309676345888
584554252832
292764058896
567641965840
309943928080
584821835024
309860042000
584737948944
292428514576
567306421520
292429628688
567307535632
309609497872
584487404816
309659568416
584537475360
584805845536
292428318224
567306225168
309608187408
584486094352
292495427088
567373334032
309608384016
584486290960
292696687904
567574594848
309876557088
292763796768
567641703712
309943665952
584821572896
292411737360
567289644304
309591606544
584469513488
292429366816
567307273760
309609236000
584487142944
292697802272
567575709216
309877671456
292698064160
567575971104
309877933344
584755840288
292697737744
292496475664
567374382608
584470365472
292479698192
567357605136
292478649888
567356556832
309943993872
584821900816
309608383776
584486290720
292495623456
567373530400
309675492640
584553399584
292696950048
567374316832
309676279072
584554186016
292764845344
567642752288
309944714528
584822621472
292496409888
292428515616
567306422560
309608384800
584486291744
292696951072
567574858016
584487340560
309675493648
584553400592
292495624464
567373531408
292747086352
567624993296
309926955536
309658519072
584536426016
292428318240
567306225184
309608187424
584486094368
567574595088
309876557328
584754464272
292496476448
567374383392
309676345632
584554252576
309943929104
584821836048
292412525088
567290432032
309592394272
584470301216
292680960544
567558867488
309860829728
584738736672
292495362592
567373269536
309675231776
309659764256
584537671200
292748330528
567626237472
309928199712
584806106656
584553138720
309608383760
584486290704
292679976464
567557883408
309859845648
584737752592
309659830816
584537737760
584806173216
309877671200
292680959248
567558866192
309860828432
584738735376
292748068112
567625975056
309927937296
584805844240
292764910864
567642817808
584470627856
309944780048
584822686992
292495688992
567373595936
309675558176
584553465120
292495361552
567373268496
309675230736
584553137680
292763797008
567641703952
292411475232
567289382176
309591344416
584469251360
292679910688
567557817632
309859779872
584737686816
584804796688
584486029584
567557818640
292428253456
567306160400
292495362320
292747019536
567357867536
292479894800
567357801744
292747086096
567624993040
309926955280
584804862224
292764124448
567642031392
309943993632
584821900576
292748331296
567626238240
309928200480
584806107424
309676344848
584554251792
292681025040
567558931984
292765107744
567643014688
309944976928
584822883872
309659501856
584537408800
292748068128
292680959264
567558866208
584469514512
292680173840
567558080784
309860043024
584737949968
292478847248
567356754192
584470301200
292479894816
567357801760
309659764000
584537670944
292748330272
567626237216
292496738848
567374645792
309676608032
584554514976
292765174304
567643081248
309945043488
584822950432
292428319248
567306226192
309608188432
292763863568
567641770512
309943732752
584821639696
309659830560
584537737504
309928266016
584806172960
292696688928
567574595872
309876558112
584754465056
292495362336
567373269280
309675231520
584553138464
309658716704
584536623648
292763798048
567641704992
309943667232
584821574176
309592655136
292412785952
567290692896
309928199456
584806106400
292495361296
567373268240
309675230480
584553137424
292698064416
567575971360
309877933600
584755840544
292496737808
567374644752
292765173264
567643080208
309945042448
584822949392
309608188192
584486095136
309860894240
584738801184
292479698464
567357605408
292495690256
567373597200
309675559440
584553466384
292495427856
567373334800
309675297040
584553203984
309591607584
584469514528
292680173856
567558080800
292478847264
567356754208
292478846480
567356753424
292428319264
567306226208
309608188448
584486095392
567575644688
309877606928
584755513872
309659567648
584537474592
292696753424
567574660368
292428317968
567306224912
309608187152
584486094096
309860829456
584738736400
309592720928
584470627872
292479960608
567357867552
292765174048
567643080992
309945043232
584822950176
292495426832
292679976208
567557883152
309859845392
292495624736
567373531680
309675493920
584553400864
292764060192
567641967136
309927938320
292748069136
567625976080
584805845264
292680960272
309658716448
584536623392
292747282720
292429302032
567307208976
309609171216
584487078160
309608122640
567558867216
292747020560
567643079952
292496737552
567374644496
309945042192
584822949136
567373269264
309675231504
584553138448
567373595920
309675558160
584553465104
584805123344
292747020576
567624927520
309926889760
584804796704
292428253472
567306160416
309608122656
584486029600
292411737376
584469513504
292748331280
567626238224
309928200464
584806107408
309676542224
584554449168
292697803280
567575710224
292478846224
567356753168
309658715408
584536622352
292496475680
567374382624
309676344864
584554251808
292428581408
567306488352
309608450592
584486357536
567373531424
309675493664
584553400608
292697737488
567575644432
309877606672
584755513616
292765173024
567643079968
309945042208
584822949152
567357606416
309877672464
584755579408
292680960288
567558867232
309860829472
584738736416
309608449552
292681222672
567559129616
309861091856
584738998800
584486356496
292495624480
584469579040
567559129376
309861091616
584738998560
292681026080
567558933024
309860895264
584738802208
292495623440
567373530384
309675559184
584553466128
309943994640
584821901584
292681024784
567558931728
309860893968
584738800912
309659829792
584537736736
567306487056
309608449296
584486356240
292765173008
567574661648
584755578144
292680239376
567558146320
309860108560
584738015504
309928200720
584806107664
309591345696
584469252640
292428319008
567306225952
292680959504
567558866448
309860828688
584738735632
292765173280
567643080224
309945042464
584822949408
584486095120
309658715680
584536622624
292428317984
567306224928
309608187168
584486094112
292696754448
567574661392
309876623632
584754530576
292495690000
567373596944
292679977248
567557884192
309859846432
584737753376
292680960528
567558867472
309860829712
584738736656
292478846240
567356753184
309658715424
584536622368
567373596176
292495690272
567373597216
309675559456
584553466400
292697737504
567575644448
309877606688
584755513632
292765174032
567643080976
309945043216
584822950160
309675558416
584553465360
292748331536
567626238480
292495689232
309927216400
292697803024
567575709968
309877672208
584755579152
