1391906260032
2491687635008
1667053914176
2766565541952
1409355876416
2508867504192
1684233783360
2783745411136
1392243116096
2491754743872
1667121023040
2508665128064
1684031407232
2783543035008
1392242066560
2491753694336
1667119973504
2766631601280
1409421935744
2508933563520
2766296057920
1409086392384
2508598020160
1683964299328
2783475927104
1392174958656
2491686586432
1667052865600
2766564493376
1409354827840
1392176007296
2491687635072
1667053914240
2766565542016
1409355876480
2508867504256
1684233783424
2783745411200
1409355875456
2508867503232
1391906261120
2491417888896
1666784168064
2766295795840
1409086130304
2508597758080
1683964037248
2783475665024
1391907309632
2491418937408
1666785216576
2766296844352
2766295794752
2508597756992
1666784166976
1409086129216
1683964036160
2783475663936
1666851275840
2766362903616
2508866454592
2783744361536
1391973631040
2491485258816
1666851537984
2766363165760
1409153500224
2508665128000
1684031407168
1391907570752
2491419198528
1666785477696
2766297105472
1409087439936
2508599067712
1683965346880
2783476974656
1684032194624
2783543822400
2783476975680
1666785478720
2766297106496
1683965347904
1392242853952
1391974680640
2491486308416
1666852587584
2766364215360
1409154549824
2508666177600
1684032456768
2783544084544
2783812520000
1392174695488
2491686323264
2766565279808
1409355614272
2508867242048
1684233521216
2783745148992
1667053652032
1391974417536
2491486045312
1666852324480
2766363952256
1684233520256
2783745148032
1391907308672
2491418936448
1666785215616
2766296843392
1667053652096
2766565279872
1684233521280
2783745149056
1666852325504
2766363953280
1684032193664
2783543821440
1667052603520
2766564231296
1409354565760
2508866193536
1684232472704
2783744100480
1391973369984
2491484997760
1666851276928
2766362904704
1409153239168
2508664866944
1684031146112
2783542773888
1392241805440
2491753433216
1667119712384
2766631340160
2491485259904
1666851539072
2766363166848
1684031408256
2783543036032
1392242066496
2491753694272
1409421935680
2508933563456
1409087178816
2508598806592
1683965085760
2783476713536
1392175745088
2491687372864
1391907570816
2491419198592
1409087440000
2508599067776
1683965346944
2783476974720
1392176006272
2491687634048
2766632650816
1409422985280
2508934613056
1684300892224
1409087177856
2508598805632
1392175744128
2491687371904
1409355613312
2508867241088
1409154286720
2508665914496
1684232734848
2783744362624
1391973632128
1684032455808
2783544083584
1409154286656
1409087177792
2508598805568
1391974417472
2491486045248
2491754480704
1666784430144
1666851539008
2766363166784
2508665129024
2508598019136
1392175744064
2491687371840
1409355613248
2508867241024
1683964037184
2783475664960
1391973631104
2491485258880
1391973368960
2491484996736
1391906260096
2491417887872
1409086129280
1392243115136
2491754742912
1667121022080
2766632649856
1409422984320
2508934612096
1684300891264
2783812519040
1391906522176
2491418149952
1409086391360
1409355875392
2508867503168
1667121023104
2766632650880
1392242852928
1684031408192
2783543035968
1667119974528
2766631602304
1409153238144
2508664865920
1684299581568
2783811209344
2508597757056
1667053651072
2766565278848
1684300892288
2783812520064
1666784168000
2766295795776
1409153500288
1684032456832
2783544084608
1392243115072
2491754742848
1409422984256
2508934612032
2491417887808
