4581557520
4582934816
8877902112
4851370272
9146337568
4599712032
8894679328
4868147488
9163114784
4582672928
8877640224
4851108384
9146075680
4599450144
8894417440
4867885600
9162852896
4867032336
9161999632
4598597152
8893564448
4867032608
9161999904
9146337824
4581885472
8876852768
4850320928
4599383312
8894350608
4867818768
9162786064
4582606096
8877573392
4851041552
9146008848
4582869536
8877836832
4851304992
9146272288
4599646752
8894614048
4868082208
9163049504
4868081936
4581820688
8876787984
4850256144
9145223440
4598597904
8893565200
4867033360
9162000656
4581558560
8876525856
4849994016
9144961312
4598335776
8893303072
4866771232
9161738528
4582607136
8877574432
4582935072
4851370528
4581558544
8876525840
4849994000
9144961296
4598335760
8893303056
4866771216
9161738512
9161804304
8877638928
4851107088
9146074384
8894416144
4867884304
9162851600
4581623056
8876590352
4850058512
4581624080
8876591376
4850059536
9145026832
8893368592
4866836752
4582868240
4851303696
9146270992
4851041808
9146009104
4599383568
4868080928
9163048224
4866835744
9161803040
4581623072
8876590368
8877638944
9146074400
4582933776
8877901072
4851369232
9146336528
4599710992
8894678288
4868146448
9163113744
8877639184
4851107344
9146074640
4599449104
8894416400
4867884560
9162851856
4599712272
8894417424
4867820048
9162787344
4582607376
8877574672
4851042832
9146010128
4599384592
4581558816
8876526112
4849994272
4598336032
4866771488
9161738784
4582607392
8877574688
8894350624
9162786080
4866771472
9161738768
9162851616
4599712288
4868147744
9163115040
8894351888
4582935056
4851370512
4581558800
8876526096
4849994256
4598336016
4581624336
8876591632
4850059792
4598401552
4866837008
8894613008
4868081168
8877902096
4851370256
4851042848
9146010144
8894351904
4867820064
9162787360
4581820960
8876788256
4850256416
9145223712
4851369488
4868146704
4581624096
8876591392
4850059552
9145026848
8893368608
4866836768
9161804064
4868146720
4581820944
4850256400
9145223696
4598598160
8893565456
4867033616
9162000912
4582933792
8877901088
4851369248
9146336544
4599711008
8894678304
4868146464
9163113760
8877639200
9146074656
4599449120
8894416416
9162851872
4850321936
9145289232
9161804048
8893630992
4867099152
9162066448
8893565216
4867033376
9162000672
8876853536
4850321696
9145288992
4867098912
9162066208
4581624352
8876591648
4850059808
9145027104
4598401568
4866837024
9161804320
4851303968
9145289248
4851369504
8876524816
4598334736
4866770192
9161737488
8894679312
4868147472
9145025808
8893565472
9162000928
4599645456
8894612752
4868080912
9163048208
8893367568
4866835728
8893302032
8877573408
9145025824
4582868256
4851303712
9146271008
4599645472
8894612768
8894350864
4582869264
8877836560
8876853520
4850321680
4867098896
8876788000
4581623312
8876590608
4850058768
9145026064
4598400528
8893367824
4866835984
9161803280
4581557776
4581557792
8876525088
9144960544
4598335008
8893302304
9161737760
4582606368
8877573664
8876524832
8893302048
9161737504
8894613776
4851304720
4599646480
9162066464
9144960528
4598334992
9161737744
4582606352
4851303952
8894350880
4582869520
4599646736
9145026080
9161803296
4868147728
8877836576
8894613792
