279458415888
279458744608
554336651552
283753711904
558631618848
279727180064
554605087008
284022147360
558900054304
279475521824
554353428768
279458482720
554336389664
283753450016
558631356960
279726918176
554604825120
284021885472
558899792416
279475259936
554353166880
558916502800
554336322832
283753383184
554604758288
279726851344
284021818640
558899725584
554353100048
283770160400
279727114784
284022082080
558899989024
279475456544
554353363488
283770423840
558648330784
279743892000
284038859296
558916766240
279458679056
554336586000
283753646352
558631553296
279727114512
284022081808
279475456272
554353363216
279458416928
554336323872
283753384224
558631291168
279726852384
554604759328
284021819680
558899726624
279475194144
554353101088
279458744864
554336651808
283753712160
558631619104
554605087264
284022147616
558900054560
279475522080
554353429024
558631355664
279726916880
554604823824
284021884176
558899791120
279475258640
554353165584
279743628560
554621535504
284038595856
279458678032
554336584976
558631552272
279727113488
554605020432
284022080784
558899987728
279475455248
554353362192
283770160656
558648067600
279743628816
284038661408
558916568352
554336388384
283753448736
558631355680
279726916896
554604823840
284021884192
558899791136
558631617808
279727179024
554605085968
284022146320
558900053264
279475520784
554353427728
283770488080
558648395024
279743956240
283770422800
558648329744
554621797904
284038858256
558916765200
283770226192
279743694352
554621601296
284038661648
558916568592
284038597136
558916504080
554353429008
283770489360
558648396304
284038924816
558916831760
283770161680
279458417184
554336324128
283753384480
558631291424
554604759584
284021819936
558899726880
279475194400
554353101344
554336322848
279726851360
554604758304
284021818656
558899725600
554353100064
283770489376
284038924832
558916831776
554353165600
558648068624
279458417168
554336324112
283753384464
558631291408
279458678288
554336585232
558631552528
554605020688
558899987984
554353362448
283770161696
284038597152
558916504096
279458679328
554336586272
283753646624
558631553568
279458743824
554336650768
558631618064
279727179280
554605086224
284022146576
558900053520
283770488352
558648395296
279743956512
554621863456
284038923808
558916830752
554621797664
558916764960
554336584992
283753645344
558648395280
279743956496
554621863440
284038923792
284038859040
558916765984
279458743568
279727179040
554605085984
284022146336
558916765216
283753448992
279726917152
554604824096
558899791392
554353362208
283770422560
283770422544
284038858000
558916764944
279458416912
283753384208
558631291152
279743695392
284022081056
558899988000
554353362464
283770422816
283770489120
284038924576
283753711136
554605086240
284022146592
554621535760
284038596112
558916503056
554621601040
558631290128
284022080800
558899987744
558916502816
283770227232
558648134176
283770161424
284038596880
554353166864
283770227216
558648134160
279743695376
283770488096
284038923552
284021885216
554336389392
558631356688
279726917904
284021885200
554353166608
279458744592
554336651536
283753711888
558631618832
554353428752
284038596896
554336586016
283753646368
554604824080
554336323104
554604758560
284021818912
558899725856
554353100320
283770423568
279743891728
284038859024
283770489104
554336323088
558631290384
554336389648
558631356944
284021885456
284038662672
558916503072
284038595872
554336389408
558631356704
279726917920
284022082064
283770423824
284038859280
279743695136
284038662416
554336651792
