296638285072
314103695904
588981602848
296638613792
571516520736
313818482976
588696389920
300933581088
575811488032
318113450272
592991357216
296907049248
571784956192
318398400032
593276306976
296638351904
571516258848
313818221088
588696128032
300933319200
575811226144
318113188384
592991095328
296906787360
571784694304
300933581344
575811488288
318113450528
592991357472
296907049504
571784956448
314086918688
588964825632
296655127840
571533034784
313834997024
588712903968
300950095136
575828002080
318129964320
593007871264
296923563296
571801470240
571801733664
300933581328
575811488272
318113450512
592991357456
296907049488
571784956432
314086918672
588964825616
301202016784
576079923728
301218530832
575828002064
318129964304
593007871248
576096437520
318398399760
593276306704
576096437776
588981339680
318398663200
593276570144
296923826464
571801733408
314103695648
588981602592
301218793760
576096700704
300933252368
588696061200
318113121552
592991028496
296906720528
571784627472
314086589712
588964496656
300950029584
575827936528
318113187088
592991094032
296906786064
318381622544
593259529488
296655127824
571533034768
313834997008
588712903952
300950095120
318130160928
593008067872
313835193888
588713100832
296638548512
571516455456
313818417696
588696324640
300933515808
575811422752
318113384992
592991291936
296906983968
571784890912
313835194912
588713101856
300950293024
575828199968
318130162208
313835260176
588713167120
300950358288
575828265232
318130227472
593008134416
296638548240
571516455184
313818417424
588696324368
314103432720
296655325712
571533232656
313835194896
588713101840
300950293008
575828199952
318130162192
593008069136
296923761168
571801668112
296638286112
571516193056
313818155296
588696062240
300933253408
588981274912
301218466080
576096373024
318398335264
593276242208
314086917648
588964824592
301202015760
576079922704
314086852896
588964759840
301201951008
576079857952
318381820192
593259727136
296638614048
571516520992
314086852880
588964759824
301201950992
576079857936
593007805984
593259792928
571784889616
314086851856
588964758800
301201949968
576079856912
296655389968
571533296912
313835259152
588713166096
300950357264
300950358560
575828265504
318381819152
593259726096
296906982672
296655324432
571533231376
313835193616
588713100560
300950291728
575828198672
588981274128
301218465296
576096372240
318398334480
593276241424
313834931728
588712838672
300950029840
575827936784
318113121568
592991028512
296906720544
575811487008
301218794016
575828264208
318130226448
593008133392
296923825424
571801732368
314103694608
588981601552
301218792720
576096699664
318398661904
588981339664
300950291984
575828198928
296923760144
571801667088
314103629328
588981536272
301218727440
576096634384
296638350864
571516257808
313818220048
588696126992
300933318160
575811225104
318113187344
592991094288
296906786320
571784693264
313818155536
588696062480
300933253648
575811160592
318113122832
592991029776
571784693008
300933514528
575811421472
296906982688
571784889632
314086851872
313818155552
588696062496
300933253664
575811160608
318113122848
592991029792
296906721824
296638547216
571516454160
300933514512
575811421456
318113383696
592991290640
571784627488
314086589728
588964496672
314103694864
588981601808
301218792976
576096699920
318398662160
593276569104
318398400800
593276307744
571516519696
313818481936
588696388880
300933580048
575811486992
318113449232
301201754656
576079661600
318381623840
593259530784
296655391264
571533298208
296923760928
571801667872
314103630112
588981537056
301218728224
576096635168
318398597408
593276504352
296923498016
571801404960
301218465312
576096372256
318398334496
593276241440
300950358544
575828265488
318130227728
593008134672
571801733648
318398400016
593276306960
296638350624
571516257568
313818219808
588696126752
300933317920
575811224864
296906786080
571784693024
313818482960
588696389904
300933581072
575811488016
318381623824
593259530768
314086656528
588964563472
301201754640
576079661584
318381885968
593259792912
313834932752
588712839696
593276503568
301201950224
576079857168
318381819408
300933514768
575811421712
318113383952
592991290896
300933252640
575811159584
296906720800
571784627744
314086589984
588964496928
301201688096
571516192272
313818154512
588696061456
300933252624
296655063584
313835260448
588713167392
314086656544
588964563488
301202016800
318130227744
593008134688
300950096416
575828003360
296655324448
571533231392
313835193632
588713100576
588964758816
301201949984
576079856928
296923759904
571801666848
301218727200
318398597392
593276504336
313818221072
588696128016
318113188368
592991095312
296655062560
571532969504
313834931744
588712838688
300950029856
575827936800
318129899040
296638285344
571516192288
588696061472
575828264224
296923825440
571801732384
301218792736
576096699680
296655389984
571533296928
313835259168
588713166112
318398661920
588696127008
300933318176
575811225120
296906786336
571784693280
314086655520
588964562464
314103432736
296923563552
571801470496
588712839712
318129900064
593007807008
296923499040
571801405984
593276242464
318398335520
571532970528
576096634144
318398596384
301201753632
576079660576
593276503328
300950291744
575828198688
318381558048
593259464992
296638286096
313818155280
588696062224
313818416672
588696323616
300933514784
575811421728
300950292000
575828198944
301201950240
576079857184
301218792992
576096699936
296638613024
300933580320
575811487264
296907048480
593276569120
571784955424
314086917664
588964824608
571801404944
314103367184
592991356176
296907048208
571784955152
314086917392
588964824336
301202015504
576079922448
296638612752
296923759888
571801666832
296907048224
571784955168
296638547232
571516454176
313818416416
588696323360
593259463968
571801405712
314103367952
588981274896
296655063312
571532970256
313834932496
318398335248
296923497760
571801404704
300950096144
318129965328
318398400784
593276307728
313834998032
588712904976
575828003088
296638351632
571516258576
313818220816
588696127760
296906787088
571784694032
314086656272
588964563216
301201754384
576079661328
314086590736
588964497680
301201688848
576079595792
318381558032
593259464976
593276569872
314103695632
588981602576
588712839440
313835260192
588713167136
300950358304
575828265248
313818220832
588696127776
313835193872
588713100816
593259726352
313818416656
588696323600
301201688080
576079595024
318381557264
313834997280
588712904224
300950095392
575828002336
301218530848
576096437792
296655390240
300950357536
575828264480
575828002320
318129964560
593007871504
296923563536
296923498784
571801405728
314103367968
296655063328
571532970272
313834932512
588712839456
318113384720
592991291664
318381820176
593259727120
296923760912
571801667856
314103630096
588981537040
593276242192
296923498768
300950030864
575827937808
318129900048
593007806992
296923499024
571801405968
318398335504
593276242448
318398662928
593259464208
300933580304
575811487248
300950357520
575828264464
318398596624
318398401040
593276307984
588712905232
318129965584
593007872528
576079595040
318381557280
593259464224
301218727456
576096634400
318398596640
593276503584
313818220064
314086590752
588964497696
571532969248
296906787104
571784694048
314086656288
588964563232
318113384976
592991291920
314103433504
588981340448
571801404688
301218465040
318381820432
593259727376
313834998048
588712904992
318129965344
593007872288
296923564320
571801471264
296923564304
571801471248
314103433488
588981340432
318398663184
593276570128
593276504592
313818483216
588696390160
576079922720
575811159568
593259791904
313818417440
588696324384
318381819424
593259726368
313834932768
296923564576
571801471520
318129965600
593007872544
301201687824
576079594768
318381557008
593259463952
571516192016
318129898768
593007805712
296923497744
296638350608
571516257552
593008069152
318381820448
593259727392
318398597664
593276504608
314086918416
588964825360
313835194640
588713101584
318398597648
314086918432
588964825376
313835194656
588713101600
301202015776
318381885984
296655062288
571532969232
296923563280
571801470224
296638612768
571516519712
301201753616
576079660560
300950095376
318381558288
593259465232
318398401056
593276308000
318381558304
593259465248
296638285088
571516192032
296655062304
