296639333648
576080972320
318382934560
593260841504
296640710944
571518617888
313820580128
588698487072
300935678240
575813585184
318115547424
592993454368
296909146400
571787053344
314088949280
588966856224
301204047392
576081954336
318383916576
593261823520
296924547616
301220825632
576098732576
318400694816
593278601760
593009181984
575813519648
318115481888
592993388832
592993454624
296909146656
571787053600
314089015840
588966922784
301204113952
576082020896
318383983136
593261890080
593278403856
301220627728
576098534672
301220628768
576098535712
318400497952
593278404896
576080971296
576081692944
318383655184
593261562128
593261824288
296924613152
571802520096
314104482336
588982389280
588713887248
300951078416
575828985360
318130947600
593008854544
296924546576
571802453520
314104415760
588697109776
318114170128
592992077072
296907769104
571785676048
314087638288
588965545232
301202736400
296657160480
571535067424
313837029664
588714936608
576097487376
318399449616
593277356560
300935677456
588966593808
296908817680
296925594896
571803501840
314105464080
588983371024
301220562192
576098469136
318400431376
576080643344
301219841312
576097748256
318399710496
593277617440
296907835664
571785742608
314087704848
588965611792
301202802960
576080709904
318382672144
593260579088
588714149152
575828985120
318131995936
576098469152
575829247264
576080905504
296908031264
571785938208
314087900448
588965807392
301220628000
576098534944
318400497184
593278404128
301203785232
576081692176
318383654416
593261561360
296657421856
571535328800
313837291040
588715197984
300952389152
575830296096
318132258336
593010165280
296925857312
571803764256
318399383840
593277290784
300935611680
575813518624
318115480864
592993387808
296909079840
571786986784
301204047136
576081954080
296925595936
571803502880
314105465120
588983372064
296657488416
571535395360
313837357600
588715264544
300952455712
575830362656
318132324896
593010231840
296925923872
571803830816
314089015824
588966922768
296925661712
318383720976
593261627920
301220629008
576098535952
301219514912
576097421856
318399384096
593277291040
314089015584
588966922528
301204113696
576082020640
318382933536
296639400480
571517307424
313819269664
588697176608
300934367776
575812274720
318114236960
592992143904
296907835936
571785742880
314087901728
588965808672
301202999840
576080906784
318382869024
593260775968
296656110864
571534017808
318130947344
593008854288
296924546320
571802453264
314104415504
588982322448
313836243472
588714150416
296657487376
571535394320
313837356560
588715263504
300952454672
575830361616
318132323856
593010230800
296925922832
571803829776
314105792016
313820579088
588698486032
314105464352
588983371296
588713953552
300951144720
575829051664
318131013904
593008920848
318399449360
593277356304
296656177424
571534084368
313836046608
593261888784
296640709904
571518616848
301203851792
576081758736
301220825360
576098732304
318400694544
593278601488
296639596048
571517502992
313819465232
588697372176
300934563344
575812470288
318114432528
592992339472
296908031504
571785938448
571534346528
313836308768
588714215712
296657421600
571535328544
313837290784
588715197728
318132258080
593010165024
296925857056
571803764000
318115284512
592993191456
296639662608
571517569552
313819531792
588697438736
300934629904
575812536848
296909145360
318114499088
592992406032
296908098064
571787052304
296924612880
571802519824
314104482064
588982389008
313837095456
588715002400
296657488160
571535395104
313837357344
588715264288
300952455456
575830362400
296925923616
571803830560
576098469408
314104677648
588982584592
301219775760
576097682704
318399644944
593277551888
318114432272
592992339216
318131209504
593009116448
593260774688
300934563104
575812470048
318114432288
592992339232
296656373024
571534279968
313836242208
313836243488
588714150432
296924875040
571802781984
314104744224
588982651168
314087901472
588965808416
301202999584
576080906528
296925661728
571803568672
313837356304
318400759056
593278666000
318132323600
593010230544
296657487120
296908818960
571786725904
588982322704
318399383056
593277290000
588965545488
301202736656
576080643600
318382605840
593260512784
296656111120
296639333904
301219513872
576097420816
314088949264
588966856208
301204047376
576081954320
318383916560
593261823504
301203850768
576081757712
313836242448
588714149392
300951340560
575829247504
301220889888
576098796832
296639333920
571517240864
313819203104
588697110048
300934301216
575812208160
314087900432
588965807376
296908031248
571785938192
296639595792
571517502736
313819464976
588697371920
296657225248
571535132192
313837094432
588715001376
300952192544
575830099488
318132061728
593009968672
296925660704
571803567648
314104743456
588982650400
588714215952
318131276304
593009183248
296656439824
314104677904
588982584848
301219776016
576097682960
318399645200
593277552144
571534018064
313835980304
576081757472
318383719712
593261626656
571518354720
313820316960
588698223904
300935415072
575813322016
318115284256
296908097808
571786004752
314087966992
588965873936
301203065104
576080972048
318382934288
593260841232
318131209744
593009116688
314087900688
588965807632
301202998800
576080905744
318382867984
593260774928
296656373264
571534280208
318114170400
592992077344
296907769376
571785676320
314087638560
588965545504
301202736672
576080643616
318382605856
593260512800
576080710176
318382672416
593260579360
301219776800
576097683744
318399645984
593277552928
318400431648
593278338592
301220891152
576098798096
318400760336
593278667280
318400432672
593278339616
313836243232
588714150176
300951341344
575829248288
296924809504
571802716448
588965612064
301202803232
296908883488
314088752672
588966659616
314105726240
588983633184
301219776032
576097682976
318399645216
593277552160
296924808464
571802715408
593260578320
296639399440
571517306384
313819268624
588697175568
300934366736
575812273680
318114235920
592992142864
296907834896
313819465248
588697372192
300934563360
575812470304
318114432544
592992339488
296908031520
575813584400
318115546640
592993453584
300951144976
575829051920
318131014160
593008921104
571786005008
296657224992
571535131936
313837094176
588715001120
296925660448
571803567392
314105529632
588983436576
576097749264
318399711504
296656111136
313835980320
588713887264
300951078432
575828985376
318130947616
593008854560
296924546592
571802453536
313819203856
588697110800
300934301968
575812208912
318114171152
592992078096
593260513552
296639334672
296639334688
571517241632
313819203872
588697110816
318114171168
592992078112
296907770144
571785677088
296639333664
571517240608
592992077088
296907769120
571785676064
575829248544
296656177696
571534084640
313836046880
301204112928
576082019872
588713953824
318132061456
300952192272
575830099216
588715001104
296925660432
571803567376
314105529616
588983436560
593009968400
296657224976
301203785248
576081692192
318383654432
593261561376
296640382480
571518289424
313820251664
301203064096
576080971040
296924611872
571802518816
314104481056
588982388000
301219579168
318132061472
300934628640
314105792800
588983699744
296909080848
571786987792
571802454544
314104416784
588982323728
575813519888
301203065360
576080972304
318382934544
593260841488
296639334944
318114171424
592992078368
296907770400
571785677344
296924612112
588698159632
300935350800
575813257744
318115219984
592993126928
571802519056
296640383504
571518290448
313820252688
300934302224
575812209168
318114171408
592992078352
296907770384
588713888272
576080708880
318382671120
593260578064
296657421840
571535328784
313837291024
588715197968
300952389136
575830296080
318132258320
593010165264
296925857296
571803764240
300952126992
575830033936
318131996176
593009903120
314105792032
588983698976
296909080080
571786987024
593008854304
318130947360
296924546336
571802453280
314104415520
588982322464
318131210784
593009117728
300934628896
575812535840
318114498080
592992405024
296640382496
571518289440
313820251680
588698158624
300935349792
575813256736
318115218976
592993125920
296908817952
571786724896
296657487392
571535394336
314087901712
588965808656
318382869008
593260775952
318131210768
593009117712
301203851808
576081758752
318383720992
593261627936
301220825376
576098732320
318400694560
593278601504
300951144736
575829051680
301204112672
576082019616
296924809760
571802716704
593009968416
301202998816
576080905760
318130948640
593008855584
593009969696
314104482080
588982389024
571803503120
314105465360
588983372304
301220563472
576098470416
318400432656
593278339600
301203064352
313820513824
300935611936
575813518880
318115481120
592993388064
588697438752
318114499104
592992406048
296908098080
571786005024
314087967264
588965874208
296924611856
571802518800
318399448336
593277355280
300951143696
575829050640
588966594832
296908818704
301203786000
318383917344
593260512528
575812207888
571517240592
313835980048
588713886992
318399382800
301220824608
576098731552
313819466272
588697373216
318114433568
592992340512
296908032544
571802519072
314104481312
588982388256
314088688160
588966595104
296639661584
571517568528
313819530768
588697437712
300934628880
575812535824
571535394064
296657487136
571535394080
318382867728
593260774672
296656373008
571534279952
313836242192
588714149136
318131209488
593009116432
300951406096
575829313040
318131275280
593009182224
296656373280
300951340576
575829247520
318131209760
314104481296
588982388240
318399448592
300951143952
575829050896
296656110880
571534017824
313835980064
588713887008
313819464992
588697371936
296639595808
313836243216
588714150160
296656439840
318383655440
593261562384
296657160720
571535067664
313837029904
588714936848
318131997200
593009904144
301202802192
576080709136
318382671376
296657160464
571535067408
313837029648
588714936592
300952127760
575830034704
314087967008
588965873952
301203065120
576080972064
301220891168
576098798112
318400760352
593278667296
296639399456
571517306400
313819268640
588697175584
300934366752
575812273696
318399710736
593277617680
318383917584
593261824528
301219513888
576097420832
296908097040
571786003984
301203064336
576080971280
571802781200
314104743440
318383720720
593261627664
301219775776
576097682720
296924808480
571802715424
593010165008
301219841552
576097748496
592993389072
296640645648
571518552592
313820514832
588698421776
300935612944
588966857232
296909081104
571786988048
314088950288
588715198992
318132259344
593010166288
296925858320
571803765264
318115482128
571786003728
296639661328
571517568272
313819530512
296907834912
571785741856
314087704096
588965611040
301202802208
576080709152
296656176672
571534083616
296656176400
571534083344
571518290192
313820252432
300951144992
575829051936
318131014176
593008921120
296640383520
571518290464
313820252704
588698159648
318115220000
592993126944
296908818976
571786725920
571517568544
296656439584
296640382224
571518289168
313820251408
300951407136
575829314080
314105530656
588983437600
314088687888
301219580448
576097487392
318399449632
593277356576
318115482144
592993389088
296909081120
571786988064
318400498208
593278405152
313835981072
588713888016
318130948368
300952127776
575830034720
318131996960
593009903904
296924874016
571802780960
296909080864
571786987808
314088950048
588966856992
593277617424
588714214672
300951405840
575829312784
593009181968
296640645392
571518552336
313820514576
588698421520
300935612688
575813519632
296925857040
571803763984
314105726224
588983633168
296640448016
571518354960
313820317200
588698224144
300935415312
575813322256
318115284496
592993191440
296908883472
571786790416
593009902880
571786724640
296640382240
571518289184
314088686880
593277552912
313819466000
588697372944
318114433296
592992340240
318400432416
593278339360
296907834656
571785741600
314087703840
588965610784
296656177680
571534084624
318382672400
593260579344
571802454560
318130948384
593008855328
314104416544
588982323488
301219514656
576097421600
588966921744
301204112912
576082019856
318383982096
593261889040
314089014800
296640710160
571518617104
313820579344
588698486288
588698158608
300935349776
575813256720
296908817936
571786724880
296640644384
571518551328
313820513568
588698420512
593278600480
301220890128
576098797072
318115546384
592993453328
318132259088
296640449040
571518355984
296908884496
571786791440
301220562464
313820317216
588698224160
300935415328
575813322272
296924875280
588982651408
318399711760
593277618704
313819466016
588697372960
314105727248
588983634192
300951406880
575829313824
318131276064
593009183008
300952128032
575830034976
318131997216
593009904160
296925596192
571803503136
314087705120
296656176416
571534083360
314088687904
588966594848
301203786016
576081692960
318132062752
296640710176
571518617120
300935677472
575813584416
318115546656
592993453600
296639399184
571517306128
313819268368
588697175312
318114235664
592992142608
296907834640
571785741584
314105464336
588983371280
301220562448
576098469392
296657159696
571535066640
318399711520
593277618464
296639662624
571517569568
313819531808
314105465104
588983372048
588698159376
313819530784
571786724624
300952193552
575830100496
318132062736
593009969680
318382606608
314087639312
588965546256
301202737424
301219579408
576097486352
301219842592
576097749536
318115285264
592993192208
296908884240
571786791184
314088753424
588966660368
301203851536
576081758480
296656438544
571534345488
313836307728
296924874000
571802780944
314104743184
588982650128
301219841296
314087639328
588965546272
318382606624
593260513568
313835981088
588713888032
588983698960
296925922592
571803829536
318382606864
571786986768
593260513808
588982323472
314088950032
588966856976
296657422608
571535329552
313837291792
588715198736
301219841568
576097748512
318383917600
593261824544
313836045600
588713952544
296639399200
571517306144
313819268384
588697175328
314105530896
588983437840
318115285520
592993192464
318400498192
593278405136
296640383264
571518290208
313820252448
588698159392
571786725664
314104678688
588982585632
314105793040
588983699984
296656438816
571534345760
300951406112
575829313056
318383655456
593261562400
296657159440
571535066384
314087965984
588965872928
588697437472
296639661344
571517568288
313819530528
296908096800
571786003744
313837357584
588715264528
318383983120
593261890064
318399711776
593277618720
296657226000
313837095184
588715002128
300952193296
575830100240
318132062480
593009969424
318400693536
313820514592
588698421536
571517502752
318130948624
593008855568
296640644624
571518551568
300935611920
571787053328
571518356000
313820318240
588698225184
313820580368
588698487312
318115547664
592993454608
296909146640
571535131920
296640447760
571518354704
313820316944
588698223888
296640711200
571518618144
318115547680
313837292064
588715199008
318132259360
593010166304
296909145616
571787052560
296656438560
571534345504
313819269392
588697176336
318114236688
592992143632
318400760096
593278667040
588715263248
314089014544
296925922576
571803829520
314105791760
588983698704
300952454688
575830361632
575813518864
301203850784
576081757728
576098731536
301220824592
318400693776
593278600720
576098534928
314104416528
296640644368
571518551312
296909079824
296640447776
296908883232
571786790176
314088752416
588966659360
571517569296
313819531536
588697438480
314104744208
588982651152
318132324880
593010231824
318400694800
593278601744
296657422864
313820580112
588698487056
318382606880
593260513824
301220890144
576098797088
314087704864
588965611808
313836046624
588713953568
318399384080
593277291024
318114433552
592992340496
588697437728
296640709920
571518616864
296909145376
571787052320
313837291808
588715198752
318115285536
592993192480
314088753696
588966660640
314105727264
588983634208
318399646240
593277553184
313819531552
588697438496
300951143968
575829050912
313836309008
296657421584
571535328528
313837357328
588715264272
296657159712
571535066656
300952127008
575830033952
296925595168
314104678928
318399646224
593277553168
301219579424
576097486368
296908817696
314087901456
588965808400
314105530640
588983437584
301220628752
576098535696
313820317968
588698224912
313836308752
588714215696
300951406864
575829313808
314088753440
588966660384
313819269408
588697176352
301220627984
300952192528
575830099472
318131276320
314105792784
588983699728
314089015568
588966922512
296908883216
571786790160
300934301200
575812208144
313820317984
588698224928
296925594912
571803501856
296657159456
571535066400
314104678672
588982585616
318114236944
592992143888
593009183264
313837095200
588715002144
296908096784
