1396149912848
1413346625040
2512858252816
1688224531984
2787736159760
1692771419664
2792283047440
2517153219872
1692519499040
1675339629856
2774851257632
1417641592096
1396435191072
2495946818848
1671313098016
2770824725792
1413615060256
1417910290976
2517421918752
1692788197920
2792299825696
1396435454240
2792031062288
2517153155344
1692519434512
2495947082016
1671313361184
2770824988960
1413615323424
2513126951200
1688493230368
2495678645776
1671044924944
2770556552720
1396150175248
2495661803024
1671028082192
2770539709968
1413330044432
2512841672208
1688207951376
2787719579152
1396435191312
2495946819088
1671313098256
2770824726032
1396149978384
2495661606160
1671027885328
2770539513104
1413329847568
2512841475344
1688207754512
2787719382288
1675323115040
2774834742816
1417625077280
2517136705056
1692502984224
2792014612000
1396418676256
2495930304032
1671296583200
2770808210976
1675339827488
2774851455264
1417641789728
2517153417504
1692519696672
2792031324448
1688476124432
2787987752208
1400713315600
2500224943376
1675591222544
2775102850320
1417893184784
1400730092816
2500241720592
1675607999760
1400730093840
1396435453472
1400730093072
2500241720848
1675608000016
1413346821408
2512858449184
1688224728352
2787736356128
1417624749344
2517136377120
1692502656288
2792014284064
2517153154336
1417641788704
1688476386832
2787988014608
2775103113760
1400444881424
2499956509200
1675322788368
2774834416144
1417624750608
2517136378384
1692502657552
2792014285328
2495929977360
1400713382432
2500225010208
1675591289376
2775102917152
1417893251616
2517404879392
1400730356000
2500241983776
1675608262944
2775119890720
1417910225184
2517421852960
1692788132128
2792299759904
1675339826720
2774851454496
1417641788960
2517153416736
1692519695904
2792031323680
2499956836880
1417893513744
2517405141520
1692771420688
2792283048464
1400713382416
1400730421776
2500242049552
1675608328720
1675591289360
1413346887184
2512858514960
1688224794128
2787736421904
2792031126816
2792299759120
1417625011728
2517136639504
1692502918672
2792014546448
1675339826704
2774851454480
1396166952464
2495678580240
1671044859408
1692502656272
2792014284048
1413598545184
2513110172960
1688476452128
2787988079904
1692771420704
2770824987936
1396149979680
2495661607456
1671027886624
2770539514400
1413329848864
2512841476640
1688207755808
2787719383584
1400444946976
2499956574752
1396167018016
2495678645792
1671044924960
2770556552736
1413346887200
2512858514976
1688224794144
2787736421920
1400461985312
2499973613088
2774834742560
2787719644448
1417625077024
2517136704800
1692502983968
2792014611744
1396418676000
2495930303776
1671296582944
2770808210720
1413598217760
2513109845536
1688476124704
1400730355232
2500241983008
1675608262176
2775119889952
1417910224416
2517421852192
1692788131360
2792299759136
1692502918432
2792014546208
1400713644320
2500225272096
1400730158368
2500241786144
1675608065312
2775119693088
1417910027552
2517421655328
1692787934496
2792299562272
1417641593360
2792031128080
2517153221136
2499973351952
1675339631120
2774851258896
1692519500304
1413598546448
2513110174224
1688476453392
2787988081168
1396435126800
2495946754576
1671313033744
2770824661520
2788004530704
1400730094096
2500241721872
1675608001040
2775119628816
1396166691344
2792283047456
1417893185808
2517404813584
1692771092752
2792282720528
1688207690000
1396418349328
1400713316624
2500224944400
1675591223568
2775102851344
1396167017744
2495678645520
1671044924688
2770556552464
1413346886928
2512858514704
1396150175264
2495661803040
1671028082208
2770539709984
1413330044448
2512841672224
1688207951392
2787719579168
1400445142560
2499956770336
1396166690080
2495678317856
1671044597024
2770556224800
1413346559264
2512858187040
1688224466208
2787736093984
1675339893280
2774851521056
1417641855520
2517153483296
1692519762464
1417893446944
2517405074720
1692771353888
2792282981664
1400713577760
2500225205536
2792014547472
1400730159632
2500241787408
1417910028816
2517421656592
1692787935760
2792299563536
2500225206816
1675591485984
2517136443664
1692502722832
2792014350608
2512858252560
1688224531728
2787736159504
1417910027536
2517421655312
1400461722896
2499973350672
1675339629840
2513126623760
1688492902928
2792299758880
1417909962016
2500241720608
1396166755616
2495678383392
1671044662560
2770556290336
1413346624800
2512858252576
1688224531744
2513126950160
2788004857104
1688493229328
1396167017760
2495678645536
1671044924704
2770556552480
1413346886944
2512858514720
1688224793888
2787736421664
1413614994720
2513126622496
1688492901664
2788004529440
1400730421792
2495678319120
1671044598288
2770556226064
1413346560528
2500242049568
1675608328736
2792282982928
1417893513504
2517405141280
1692771420448
2792283048224
1400713382160
2500225009936
1675591289104
2775102916880
1417893251344
2517404879120
1417624815120
2517136442896
1692502722064
2792014349840
2774851454224
1417641788688
2517153416464
1692519695632
2792031323408
2500242048528
1675339630096
2774851257872
1417641592336
2517404878352
2792282785296
1396149913120
2495661540896
1671027820064
2770539447840
1413329782304
2512841410080
1688207689248
2787719317024
1400444880416
2499956508192
2500241721616
1675608000784
2775119628560
1417909963024
2495678318864
1671044598032
2770556225808
1692787870224
1396149914128
2495661541904
1413329783312
2512841411088
1688207690256
2787719318032
2792282720784
1413615257104
2513126884880
1688493164048
2788004791824
2517404812816
1692771091984
2792282719760
1417910224400
2517421852176
1692788131344
1396149913872
2495661541648
1671027820816
2770539448592
1413329783056
2512841410832
1417893448224
2517405076000
1692771355168
2792282982944
1675322787360
2774834415136
1417624749600
2517136377376
1692502656544
2792014284320
1396418348576
2495929976352
1671296255520
2770807883296
1400713381392
2500225009168
1675591288336
2775102916112
2517421851920
1692788131088
2792299758864
1400730354960
2517405075984
1400713579024
2500225206800
1675591485968
2775103113744
1417625012752
2517136640528
1692502919696
1396435388960
2495947016736
1671313295904
1413346822672
1692771355152
1417910225424
2495946819872
1671313099040
2770824726816
1413615061280
2513126689056
1688492968224
2788004858144
2495929977104
1413598218512
2513109846288
1400713643552
1396149913104
2495661540880
1671027820048
2770539447824
1413329782288
2512841410064
1688207689232
2787719317008
2500225271328
1413598218784
2513109846560
1688476125728
2787987753504
1400713316896
2500224944672
1675591223840
2775102851616
1417893186080
2517404813856
1675339565344
2774851193120
1417641527584
2517153155360
1692519434528
2792031062304
1413598480672
2513110108448
1688476387616
2787988015392
2513126622480
1688492901648
2788004529424
1671027819792
2770539447568
2512841475360
1688207754528
2787719382304
2792014349856
1396150176288
2495661804064
1413330045472
2512841673248
1688207952416
2787719580192
1400445143584
2499956771360
1417641855248
2517153483024
1692519762192
2792031389968
1400730421520
2500242049296
1675608328464
2775119956240
2517421853200
1692788132368
2792299760144
2792031324688
2512858450448
1688224729616
2787736357392
1400461920784
2499973548560
1675339827728
1396149913888
2495661541664
1671027820832
2770539448608
1413329783072
1400730093856
2500241721632
1675608000800
2775119628576
1417909963040
2517153482256
1692519761424
2792031389200
1400461985296
1396418611472
2495930239248
1671296518416
2770808146192
1396150176016
2495661803792
1671028082960
2770539710736
1413330045200
2512841672976
1675339564576
1413598479904
2513110107680
1688476386848
2787988014624
1396435191056
2495946818832
1671313098000
2770824725776
1413615060240
1396166755600
2495678383376
1671044662544
2770556290320
1413346624784
2770539710992
1417625011472
2517136639248
1692502918416
1396418610448
2495930238224
1671296517392
2770808145168
2788004596000
1396166953232
2495678581008
1671044860176
2770556487952
1413346822416
2512858450192
1688224729360
2787736357136
2787736159520
1400461722912
2499973350688
2499956573472
1675322852640
2774834480416
1692771093024
2792282720800
1400730158608
1413615060496
2513126688272
1688492967440
2788004595216
1396149978640
2495661606416
1671027885584
2770539513360
2792299825680
1396150241808
2495661869584
1671028148752
2770539776528
1413330110992
2512841738768
1688208017936
2787719645712
1400445209104
1413329783328
2512841411104
1688207690272
2787719318048
2775119627552
1400461657376
2499973285152
1675339564320
2774851192096
2792031061280
1675608327696
1400730420752
1400730093088
2500241720864
1675608000032
2775119627808
1417909962272
2517421590048
1692787869216
2792299496992
2787987819024
1396435388688
2495947016464
1671313295632
2770824923408
1413615257872
2513126885648
1688493164816
2788004792592
1675322787344
2774834415120
1417893512720
2517405140496
2792299824656
2775119955472
1675339892240
2774851520016
1675323115024
2517153416480
1692519695648
2792031323424
1675591484704
2775103112480
1675608261920
1413330044192
2512841671968
1396150175008
2495661802784
1417893512464
2517405140240
1692771419408
2792283047184
1400713643280
1675339827472
2774851455248
2792282786320
1396418415120
2495930042896
1671296322064
2770807949840
1417893184800
2517404812576
2792282719520
1396418677280
2495947081248
1671313360416
2770824988192
2495930305056
1671296584224
2770808212000
1413330045456
2512841673232
1688207952400
2787719580176
1413329847840
2512841475616
1688207754784
2787719382560
1400444945952
2499956573728
1675322852896
2774834480672
1417893512736
2517405140512
1692771419680
2499973285392
1675339564560
2774851192336
2495947015696
1671313294864
2770824922640
1400461657616
1396150174992
2495661802768
1671028081936
2770539709712
1396166691360
1671044598304
2775102851360
2774851455504
1671313361440
1400730159648
2500241787424
1675608066592
2775119694368
1417910028832
2517421656608
1692787935776
2792299563552
1417893186064
2517404813840
1692771093008
1400713316880
1396150240800
2495661868576
1671028147744
1413330109984
2512841737760
1688208016928
2787719644704
1400445208096
2499956835872
1396435453216
1400461657360
2499973285136
1675339564304
2774851192080
2495947080992
1671313360160
2775119627792
2770824660496
1400713579040
1692771091728
2792282719504
1400461658384
2499973286160
1675339565328
2774851193104
1688476125456
2787987753232
2787719317776
1675608066576
2775119694352
1413346626064
2512858253840
1688224533008
2787736160784
1671313099280
2500225009952
1675591289120
2775102916896
1417893251360
2517404879136
1692771158304
2792282786080
1413615322656
2513126950432
1688493229600
2788004857376
1413329848592
2512841476368
1688207755536
2787719383312
1400444946704
2499956574480
1675322853648
2774834481424
1417624815888
1400461919520
2499973547296
1675339826464
2774851454240
1417641526800
2517153154576
1692519433744
2792031061520
2495947082256
1671313361424
2770824989200
1413615323664
2513126951440
1688493230608
2788004858384
1688208017680
2787719645456
2495946754592
1671313033760
2770824661536
2513126623776
1688492902944
2788004530720
1396435454496
2495947082272
1413346560288
2512858188064
1688224467232
2787736095008
1400461658400
2499973286176
1417893513760
2517405141536
1417893447952
2517405075728
1417641789968
2517153417744
1692519696912
1675608065552
1413598545424
2513110173200
1688476452368
2787988080144
1400713643536
2500225271312
1675591550480
2775103178256
2495930239504
1671296518672
2770808146448
1400713381408
2500225009184
1675591288352
1400730354976
2775102916128
1396149979664
2495661607440
1671027886608
2770539514384
1688476191248
1417893251600
2517404879376
1692771158544
1396149978656
1396418349344
2495929977120
1671296256288
2770807884064
1413598218528
2513109846304
1688476125472
2787987753248
1671296583952
2770808211728
1413598546192
2513110173968
1688476453136
2787988080912
1675323050528
2774834678304
1417625012768
2517136640544
1692502919712
2792014547488
1396166690064
2495678317840
2495661868560
1671028147728
2770539775504
1413330109968
2512841737744
1688208016912
2787719644688
1417641855264
2517153483040
1692519762208
2792031389984
1396167019024
2495678646800
1671044925968
2770556553744
1400461986320
1671028082976
2770539710752
1413330045216
2512841672992
1688207952160
2787719579936
1396418610704
2495930238480
1671296517648
2770808145424
1400713578000
2500225205776
1675591484944
2775103112720
1413598479888
2513110107664
1413615323680
2513126951456
1688493230624
2788004858400
1400461723152
2499973350928
1675322853920
1417624816160
2517136443936
1692502723104
2792014350880
1396418415136
2495930042912
1671296322080
2770807949856
2770824989216
1675323116048
2774834743824
1417625078288
2517136706064
1692502985232
2792014613008
1692771158560
2792282786336
1413346560272
2512858188048
1688224467216
1396166691088
2787736094992
1675339892256
2774851520032
1417641854496
2517153482272
1396418413840
2495930041616
1671296320784
2770807948560
1396418611488
2495930239264
1671296518432
2770808146208
2792283048480
1396435126544
1413614995728
2513126623504
1688492902672
2788004530448
2774851192352
1400730420768
2500242048544
1688224793872
2787736421648
2787719644432
1400445207824
1413346821648
2512858449424
1400461919760
2499973547536
1417893446928
1396435388704
2495947016480
1671313295648
2770824923424
1413615257888
2513126885664
1688493164832
2788004792608
1417910290960
1692788197904
1417641855504
2517153483280
1692519762448
2792031390224
1396435454480
1396418413856
2495930041632
1671296320800
2770807948576
1413598283040
1396149978400
2495661606176
1671027885344
2770539513120
1413329847584
1396418677008
2495930304784
1396150241552
2495661869328
1671028148496
1413330110736
2512841738512
2495661540624
1400713315872
2500224943648
1675591222816
2775102850592
1413346822432
2512858450208
1688224729376
2787736357152
1400461920544
2499973548320
1413615060512
1671028147488
2770539775264
1413330109728
2512841737504
1688208016672
1396150240544
2495661868320
2495947015712
2770824922656
1417641526816
2517153154592
1692519433760
2792031061536
1396166756880
2495678384656
1671044663824
2770556291600
1396418348304
2495929976080
1671296255248
2770807883024
1692519696928
2792031324704
1400444945936
2499956573712
1417910224144
1675322852880
2774834480656
1400461985040
1688492967456
1396418610464
2495930238240
1671296517408
2770808145184
1413346887952
2512858515728
1688224794896
2787736422672
2770824727056
1413615061520
2513126689296
1688492968464
2788004596240
1400461657632
2499973285408
1396418348320
2495929976096
1671296255264
2770807883040
1692771091744
2513110173984
1688476453152
2787988080928
1413346626080
2512858253856
1688224533024
2787736160800
1400461724192
2499973351968
1400730420496
2500242048272
1675608327440
2775119955216
1400730092832
2495930042656
1671296321824
2770807949600
1413598284064
2513109911840
1688476191008
2787987818784
1400713382176
2517421591056
1417909963280
2792299498000
1692771354896
2792282982672
1413598480656
2513110108432
1688476387600
2787988015376
1396418414864
2495930042640
1671296321808
2770807949584
1413598284048
2513109911824
1688476190992
2787987818768
2512841410848
1688207690016
2787719317792
1396166952208
2495678579984
1671044859152
2770556486928
2500241786384
2775119693328
2770556290576
1675591550496
1417641789984
2517153417760
1400713381136
2500225008912
1675591288080
2775102915856
1675339630880
2774851258656
1413598546208
1396435387664
2495947015440
1671313294608
2770824922384
1675607999776
1396435125536
2495946753312
1671313032480
2770824660256
1417910225440
2517421853216
1692788132384
2792299760160
2499956770320
1675323049488
2774834677264
1400445142544
2513126688288
2775119694112
1417910028576
2517421656352
1692787935520
1413346625824
2512858253600
1688224532768
2787736160544
1400461723936
2499973351712
1675339630112
2774851257888
1692519499296
2792031127072
1400444880400
2499956508176
1688476452384
2787988080160
1675323049504
2774834677280
1413330110752
2512841738528
1688208017696
2787719645472
1417893447968
2517405075744
1692771354912
2792282982688
1413330111008
2512841738784
1688208017952
2787719645728
2513126688016
1688492967184
2788004594960
1400730158624
2500241786400
1675608065568
2775119693344
1400713315856
2500224943632
1675591222800
2775102850576
1413614995744
2513126623520
1688492902688
2788004530464
2774834742800
2495930304016
1671296583184
2770808210960
1400713578016
2500225205792
1675591484960
2775103112736
1417624816144
2517136443920
1692502723088
2792014350864
1400461919776
2499973547552
1671028081952
2770539709728
2775103178272
2792299563296
1396167019040
2495678646816
1671044925984
2770556553760
1396149912864
2495661540640
1671027819808
2770539447584
1417625078304
2517136706080
1692502985248
2792014613024
1417641527824
2517153155600
1692519434768
2792031062544
1417893448208
1417910225168
2517421852944
1692788132112
2792299759888
1417624750624
2517136378400
1692502657568
2792014285344
2499973613072
1396418675984
2495930303760
1671296582928
2770808210704
1396150240528
2495661868304
1671028147472
2770539775248
2792031390240
1400730355216
2500241982992
1675608262160
2775119889936
1675608327712
2775119955488
1396166952224
2495678580000
1671044859168
2770556486944
1396435387680
2495947015456
1413346887968
2512858515744
1688224794912
2787736422688
1671044597008
2770556224784
1417641527840
2517153155616
1692519434784
2792031062560
1396435453200
2495947080976
1671313360144
2770824987920
1413615322384
1413615323408
2513126951184
1688493230352
2788004858128
1417641593376
2517153221152
1692519500320
2792031128096
1396435125520
2495946753296
1671313032464
2770824660240
1413329848608
2512841476384
1688207755552
2787719383328
2517421918736
2792299824672
1417909963296
2517421591072
1692787870240
2792299498016
1400461723168
2499973350944
1400713381152
2500225008928
1675591288096
2775102915872
1671313294624
2770824922400
1413346625808
2512858253584
1688224532752
2787736160528
1400445208080
2499956835856
1688207952144
2787719579920
1413615061264
2513126689040
1688492968208
2788004595984
