1443127166224
1443128543520
2542640171296
1718006450464
2817518078240
1511848020256
2886253283616
2611359648032
1786725927200
2886237554976
1443145320736
1718022179360
2817533807136
1511863749152
2611375376928
1786741656096
2886253283872
1718022112544
2817533740320
1511863682336
2611375310112
1786741589280
2886253217056
1511847692832
2611359320608
1786725599776
2886237227552
1443128281632
2542639909408
1718006188576
2817517816352
1511847758368
2611359386144
1718023162400
2817534790176
1786742639136
2886254266912
1443127428640
2542639056416
1718005335584
2817516963360
1511846905376
2611358533152
1786724812320
2886236440096
1443144205856
2542655833632
1786742376736
2886254004512
1443127167248
2542638795024
1718005074192
2817516701968
1511846643984
2611358271760
2817518078496
1511848020512
1786725927456
2886237555232
1718022964512
2817534592288
2817533807120
1511863749136
2611375376912
1786741656080
2886253283856
1511864534304
2611376162080
1786742441248
1443127494176
2542639121952
1718022179104
1511847691536
2611359319312
1786725598480
2886237226256
1443144992016
2542656619792
1718022898960
2817534526736
1511864468752
2611376096528
1718022964496
2817534592272
1511864534288
2611376162064
1786742441232
2886254069008
1718022179088
2817533806864
1511863748880
2611375376656
1786741655824
2886253283600
2542639908112
1718006187280
2817517815056
1511847757072
2611359384848
1786725664016
2886237291792
1443145057552
2542656685328
1443128280336
2886252955168
1443128478240
2542640106016
1718006385184
2817518012960
1786725861920
2886237489696
1443145255456
2542656883232
1718023226912
2817534854688
1511864796704
2611376424480
1786742703648
2886254331424
1443145255184
2542656882960
1718023162128
2817534789904
1511864731920
2611376359696
1786742638864
2886254266640
2886254332176
2611359648016
1443127167264
2542638795040
1718005074208
2817516701984
1511846644000
2611358271776
1786724550944
2886236178720
1443143944480
2542655572256
1443128543776
2542640171552
2886252955920
1786724550928
2886236178704
1443143944464
2542655572240
1718021851408
2817533479184
1511863421200
2611375048976
1786741328144
2542638794000
1718005073168
2817516700944
1786724549904
1718023162384
2817534790160
1786742639120
2886254266896
1443144010272
2542655638048
1443144010256
2542655638032
1718021917200
2817533544976
1718023161104
2817534788880
1443128476944
2542640104720
1718006383888
2817518011664
1718021916944
2817533544720
1511863486736
2611375114512
1786741393680
2886253021456
1443127232784
1786742375968
2886254003744
1786725860624
1786742637840
2886254265616
1443145254160
2542656881936
2542638860560
1718005139728
2817516767504
1511846709520
2611358337296
1786724616464
2886236244240
2542639842832
1718006122000
2817517749776
1511847691792
2611359319568
1786725598736
2886237226512
1443144992272
2542656620048
1718022899216
1718021850400
2817533478176
1786741590560
2886253218336
1718023226640
2817534854416
1786742703376
2886254331152
1443128542480
2542640170256
1718006449424
2817518077200
1443128280592
2542639908368
1718006187536
2817517815312
1511847757328
2611359385104
1786725664272
2886237292048
1443145057808
2542656685584
1443127167504
2542638795280
1718005074448
2817516702224
1786724551184
2886236178960
1443143944720
1443145254432
2542656882208
1718023161376
2817534789152
1511864731168
2611376358944
1786742638112
2886254265888
1443127167520
2542638795296
1718005074464
1443128214816
2542639842592
1718006121760
2817517749536
1718021916192
2817533543968
2611375311120
1786741590288
2886253218064
1718022113552
2886253218320
2542655637008
2817517028896
1511846970912
2611358598688
1786724877856
2886236505632
2886236243232
1443128280352
2542639908128
1718006187296
2817517815072
1511847757088
2611359384864
1786725664032
2886237291808
1443145057568
2542656685344
1443145320992
2542656948768
1718023227936
2817534855712
1718023227920
2817534855696
2542655572496
1718021851664
2611358337552
1786724616720
1443127429648
2542639057424
1718005336592
2817516964368
1511846906384
2611358534160
1786741393936
2886253021712
2886236244496
2886237554960
1718021851424
2817533479200
1511863421216
2611375048992
1786741328160
2817517750816
1786725665312
2886237293088
1511863421472
2611375049248
1786741328416
2886252956192
1443144993312
2542656621088
1718022900256
1511864796688
2611376424464
1786742703632
1786741327136
2886252954912
1718023161120
2817534788896
1786742637856
2886254265632
1718022899232
2817534527008
1511864469024
2611376096800
1786724813328
2886236441104
1443144206864
2542655834640
1718022113808
2817533741584
1511863683600
2611375311376
1786741590544
2542656947488
1718023226656
2817534854432
1786742703392
2886254331168
2611359385120
1786725664288
2886237292064
1443145057824
2542656685600
1718022964768
2817534592544
2611376162336
1786742441504
1443127495184
2542639122960
1718005402128
2817517029904
1511846971920
2611358599696
1786724878864
2886236506640
1443144272400
2542655900176
1718005336352
2817516964128
1511846906144
2611358533920
1786724813088
2886236440864
1443144206624
2542655834400
1443127494944
2542639122720
1718005401888
1511846971680
2611358599456
2817516963344
1511864470048
2611376097824
1443127233056
2542638860832
1718005140000
2817516767776
1786724616736
2886236244512
1718021917216
1443128477216
2542640104992
1718006384160
2817518011936
1511847953952
2611359581728
1786725860896
2886237488672
1511846905360
2611358533136
1786724812304
2886236440080
1443145320720
2817516766480
1511846708496
1786724615440
1786741392656
2886253020432
2886236243216
1443127429664
2542639057440
1511846906400
2611375311392
1786725926160
2886237553936
1443144008976
2542655636752
1718021915920
2817533543696
2886236177680
1443143943440
2886254069024
1443128476960
2542640104736
1718006383904
2817518011680
1786725860640
2886237488416
1443145254176
1443144272416
1511847692560
1443144993040
2542656620816
2611376097552
1786742376720
2886254004496
1718022899984
1718022965520
2817534593296
1511864535312
2611376163088
1786742442256
2886254070032
1443128281360
2542639909136
1718006188304
2817517816080
1443128215824
2542639843600
1443127428368
2542639056144
1511846905104
2611358532880
1786741589264
2886253217040
1511847758096
2611359385872
1786725665040
2886237292816
1718021916960
2817533544736
1786741393696
2886253021472
1443127429408
2542639057184
1443144009232
1443128477200
2542640104976
1718006384144
2817518011920
1511847953936
2611359581712
1786725860880
2886237488656
1443128542736
2542640170512
1443127166240
2542638794016
1718005073184
2817516700960
1786724549920
2886236177696
1443143943456
2542655571232
2542655900192
1443144008992
2542655636768
1718021915936
2817533543712
1786741392672
2886253020448
1443127231776
2542638859552
1718022179344
1786725927184
1718006449680
1511848019472
2611359647248
2542656947728
1443128215056
1718023226896
2817534854672
2817534527760
1511864469776
2542656947744
1718022900000
2817534527776
1511864469792
1443144271376
2542655899152
1511847758112
1443145058592
2542656686368
1718022965536
2817534593312
1511864535328
2611376163104
1786742442272
2886254070048
1718005335328
2817516963104
1786724812064
2886236439840
1443144205600
2542655833376
1443128478224
2542640106000
1718006385168
2817518012944
1786725861904
2886237489680
1443145255440
2542656883216
1443127232032
2542638859808
1718005138976
2817516766752
1511846708768
2611358336544
1786724615712
2886236243488
1443144009248
2542655637024
1786742704656
2886254332432
1443128543760
2542640171536
1718006450704
2817518078480
1786725927440
2886237555216
2817533740576
1786742704672
2886254332448
2817533544992
1786741393952
2886253021728
2542655571216
1718021850384
2817533478160
1786741327120
2886252954896
1443127231760
2542638859536
2886237488400
2611376096784
2542656881952
1443128542496
2542640170272
1718006449440
2817518077216
1786725926176
2886237553952
1443145319712
1443145319696
2542656947472
2817533479440
1786741328400
2886252956176
1443127233040
2542638860816
1718005139984
2817516702240
1786724551200
2886236178976
1443143944736
2542655572512
1718005138720
2817516766496
1786724615456
1443145320976
2542656948752
