1443394553104
1443394881824
2542906509600
1718272788768
2817784416544
1512114358560
2611625986336
1786992265504
2886503893280
1443663317280
2543174945056
1443394619936
2542906247712
1718272526880
2817784154656
1512114096672
2611625724448
1786992003616
2886503631392
1443663055392
2543174683168
2817784416800
1512114358816
2611625986592
1786992265760
2886503893536
1443663317536
2543174945312
1718541224480
2818052852256
1443411395872
2542923023648
1718289302816
2817800930592
1787008779552
2886520407328
1443679831328
2543191459104
1512114358800
2611625986576
1786992265744
2886503893520
1443663317520
2543174945296
1718541224464
2818052852240
1512382794256
2611894422032
1787277214992
2886788842768
2611642500368
1787008779536
2886520407312
2611910935824
1787277477152
2886789104928
1512399243792
2611910871568
1443680094496
2543191722272
1718558001440
2818069629216
1512399571232
2611911199008
1787277478176
2886789105952
1512114029840
2817784087824
1786991936784
2886503564560
1443662988560
2543174616336
1718540895504
2818052523280
1512130807056
2611642434832
2886772328992
2542923024928
1718289304096
2817800931872
1787008780832
2886520408608
2886520669728
1786992002320
2886503630096
1443663054096
1787260437776
2886772065552
1443411395856
2542923023632
1718289302800
1443394816544
2542906444320
1718272723488
2817784351264
1512114293280
2611625921056
1786992200224
2886503828000
1443663252000
2543174879776
1718289500704
2817801128480
1512131070496
2611642698272
1787008977440
2543191394576
1718557673744
2818069301520
1512399243536
2611910871312
1787277150480
2886788778256
1718289565968
2817801193744
1512131135760
1443411593744
2542923221520
1718289500688
2817801128464
1512131070480
2611642698256
1787008977424
2886520605200
1443394554144
2542906181920
1718272461088
2817784088864
1512114030880
2818069301536
1512399243552
2611910871328
1787277150496
2886788778272
1718541223440
2818052851216
1512382793232
2611894421008
1787260700176
2886772327952
1718541158688
2818052786464
1512382728480
2611894356256
1787260635424
2886772263200
1443394882080
2542906509856
1718272789024
2817801128224
1512131070240
2611642698016
1787008977184
2886520604960
1718541158672
2818052786448
1512382728464
2611894356240
2886520342048
2543174878480
1718541157648
2818052785424
1512131134736
2611642762512
1787260634384
2886772262160
1443663250704
2542923220240
1718289499408
2817801127184
1512131069200
2611642696976
2886520604944
1443679766032
2543191393808
1718557672976
2818069300752
1512399242768
2611910870544
1787277149712
2886788777488
1443411330576
2542922958352
1786991936800
2886503564576
1443662988576
2611625985312
1786992264480
2886503892256
1443680093456
2543191721232
1718558000400
2818069628176
1787277477136
2886789104912
1718541223184
2818052850960
1512131069456
2611642697232
1787008976400
2886520604176
1443680028176
2543191655952
1718557935120
2818069562896
1512399504912
2611911132688
1443394618896
2542906246672
1718272525840
2817784153616
1512114095632
2611625723408
1786992002576
2886503630352
1443663054352
2543174682128
1443394554384
2542906182160
1718272461328
2817784089104
1786991938064
2886503565840
1512114292000
2611625919776
1786992198944
2886503826720
1443663250720
2543174878496
1718541157664
1443394554400
2542906182176
1718272461344
2817784089120
1786991938080
2886503565856
1718272722192
2817784349968
1786992198928
2886503826704
2543174616352
2543191721488
1718558000656
2818069628432
1512399570448
2611911198224
1787277477392
2886789105168
1786992264464
2886503892240
1443411659296
2886772066848
2542923287072
1718289566240
1443680028960
2543191656736
1718557935904
2818069563680
1512399505696
2611911133472
1787277412640
2886789040416
1443411659280
2542923287056
1718289566224
2817801194000
1512131136016
2611642763792
1787009042960
2886520670736
1443680094736
2543191722512
1443394618656
2542906246432
1718272525600
2817784153376
1512114095392
2886788842784
1718540961056
2818052588832
1512382530848
2611894158624
1787260701200
2886772328976
1718289238544
2817800866320
1512130808336
2611642436112
1787008715280
2886520343056
1443679767056
2543191394832
1787277411856
2886789039632
1787260634640
2886772262416
1443411592720
2542923220496
1512114292240
2611625920016
1786992199184
2886503826960
1443662988832
2543174616608
1718540895776
2818052523552
1512382465568
1443394553360
2542906181136
1718272460304
2817784088080
1787277478432
2886789106208
1718557739552
2818069367328
1787260701216
1443411397152
2611910937120
1787277216288
2886788844064
1718289565200
2817801192976
1512131134992
2611642762768
1787009041936
2886520669712
1443680093712
1787008976160
2886520603936
1443411592480
2542923220256
2818052785440
1787260634400
2886772262176
1443680028944
2543191656720
2886772327712
1443411330592
2542922958368
1718289237536
2817800865312
1512130807328
2611642435104
1787008714272
2817784088096
1786991937056
2886503564832
1512131134752
2611642762528
1787009041696
1443680093472
2543191721248
1718558000416
2818069628192
1443394618912
2542906246688
1718272525856
2817784153632
1512114095648
2611625723424
1786992002592
2886503630368
1443663054368
2543174682144
1512382531104
1443680027936
2543191655712
1718557934880
2818069562656
1512399504672
2611911132448
1787277411616
1443662989600
2543174617376
1718540896544
2818052524320
1512382466336
2611894094112
1787260373280
2886772001056
1718557935136
2818069562912
1512399504928
2611911132704
1787277411872
2886789039648
1787009042704
2886520670480
1443394881056
2542906508832
1512114357792
2611642435088
1787008714256
2886520342032
1443663316240
2543174944016
1512382792976
2611894420752
1787260699920
2886772327696
1443394880784
2542906508560
1718272787728
2817784415504
2611625723168
1786992002336
2886503630112
1786991937808
2886503565584
1443679766800
1718272461072
2817784088848
1718289564960
2817801192736
1512130873616
2611642501392
1787008780560
2886520408336
2542923024656
1718289303824
2817800931600
1718272526608
1512114096400
2611625724176
1512382531856
2611894159632
1512382466320
2611894094096
1443411659024
2542923286800
2542923286816
1718289565984
2817801193760
1512131135776
2611642763552
1787277216032
1512382531872
2611894159648
1787260438816
2886772066592
1443394815504
2542906443280
1443662988816
2543174616592
1718540895760
1443411396128
2542923023904
1718289303072
2817800930848
1512130872864
2611642500640
1443411592736
2542923220512
1443411658272
2542923286048
1718289565216
2817801192992
1512131135008
2611642762784
1443679831584
1718272723216
2817784350992
2611625920784
1786992199952
2886503827728
1443663251728
2543174879504
1787008780576
2886520408352
2611642763536
1443411658256
2542923286032
1443411397136
2542923024912
1718289304080
2817800931856
1787008780816
2886520408592
1443394619920
2542906247696
1787277215264
2886788843040
2611894093344
1787260372512
2886772000288
1443679765792
2543191393568
1718540962080
2818052589856
1512114293264
2611625921040
1786992200208
2886503827984
1443663251984
2543174879760
1718541158928
2818052786704
1787260635664
2886772263440
1443394816528
2542906444304
1718272723472
2817784351248
1443411396880
1718558001680
2818069629456
1787277478416
2886789106192
1443663251744
2543174879520
2542906180880
1718557672720
2818069300496
2543191459088
1512399308048
1443394618640
2542906246416
1512114095376
2611625723152
1718541158944
2818052786720
1787260635680
2886772263456
1718557936160
2818069563936
1718289500432
2817801128208
1512131070224
2611642698000
1787008977168
1443679831312
1718272722208
2817784349984
1512114357536
1718272787744
2817784415520
1443680094752
2543191722528
1718558001696
2818069629472
1443394553120
2542906180896
1718272460064
2817784087840
