1460574422288
1478039767584
2577551395360
1752917674528
2852429302304
1821620438544
2921132066320
2920880145696
1460859700512
2560371328288
1735737607456
2835249235232
1529579177248
2629090805024
1804457084192
2903968711968
1478039569696
1529579375120
2629091002896
1804457282064
2903968909840
2834980735248
1529310677264
2628822305040
1804188584208
1546490546448
1821368453392
2920880081168
1752632526368
2852144154144
1546474096160
2645985723936
1821352003104
2920863630880
1460843185696
2560354813472
1735721092640
2835232720416
1478039570720
2577551198496
1752917477664
2852429105440
1752649238816
2852160866592
1546490808608
2646002436384
1821368715552
2920880343328
1546490545424
2646002173200
1821368452368
2920880080144
1752632198416
2852143826192
1529562334480
2629073962256
1804440241424
2903951869200
1460859635984
1529579112720
2629090740496
1804457019664
2903968647440
1478039505168
2577551132944
1752917412112
1752632198672
2852143826448
1546473768464
1478039504160
1821368452384
2921148777760
1546758980896
2645985396240
1821351675408
2920863303184
1529294161184
2628805788960
1804172068128
1752917740048
1529562335760
2577265920528
1752632199696
2852143827472
1546473769488
2645985397264
1821351676432
2920863304208
1460842859024
2560354486800
1804440308256
2903951936032
1478022793760
2577534421536
1752900700704
2852412328480
1460859898144
2560371525920
1735737805088
2835249432864
1529579374880
2629091002656
1804457281824
2903968909600
1478039767328
1460843185424
2560354813200
1735721092368
1752917412384
2852429040160
2646270675488
1752649238048
2852160865824
1546490807840
2646002435616
1821368714784
2920880342560
2629090740752
2903968647696
2628805855760
1804172134928
1546490612240
1752649042448
1821368519184
1478022793744
2577534421520
1752900700688
2852412328464
1546742270480
1546490545696
2646002173472
1821368452640
2920880080416
1546490610976
1821368517920
1821620373008
1460591461904
2560103089680
1735469368848
1804188845584
2629074224656
1477771331088
2577282958864
1752649238032
2852160865808
1546473768208
2645985395984
1821351675152
2920863302928
1460574489120
2560086116896
1735452396064
2834964023840
1529293965856
2628805593632
1804171872800
2903683500576
1477754358304
2577265986080
2920880343584
1460591527456
2560103155232
1735469434400
2834981062176
1529311004192
2628822631968
1804188911136
2903700538912
1477771396640
2577283024416
2852144153888
1477754619168
1546474095904
1752632526112
1821352002848
2920863630624
1460843185440
2560354813216
1735721092384
2835232720160
1529562334752
2629073962528
1804440241696
2921148582432
1460859897376
2560371525152
1735737804320
2835249432096
1529579374112
2629091001888
1804457281056
2903968908832
1478039766560
2577551394336
2577551197472
1752917476640
2852429104416
1546759046432
2646270674208
1821636953376
2921148581152
2920880146960
2646002240016
2852160670224
1460591266320
2560102894096
1460842857744
1735469173264
2577282763280
2577551198736
1478022792736
1529579112976
1460859636240
2560371264016
1735737543184
1804457019920
1460591200784
2560102828560
1735469107728
2834980735504
1529310677520
1821368518944
2920880146720
2835232393488
1529562335504
2629073963280
1804440242448
2903951870224
1478022727952
2577534355728
1804171806992
1460842858768
2560354486544
1460574684704
2560086312480
1735452591648
2834964219424
1529294161440
2628805789216
1804172068384
2903683696160
1477754553888
2577266181664
1546759308576
2646270936352
1821637215520
2921148843296
1752649304608
2852160932384
1546490874400
2646002502176
1821368781344
2560354747680
1735721026848
2835232654624
1529562596640
2629074224416
1804440503584
2903952131360
1478022989088
2646254093600
2852412523808
1546758982160
1821636889104
1460574685712
2560086313488
1735452592656
2834964220432
1529294162448
2628805790224
1804172069392
1752649042464
2852160670240
2921148582416
1460859701776
2560371329552
1735737608720
2835249236496
1529579178512
2629090806288
1804457085456
2903968713232
1478039570960
1752632264976
2852143892752
1546473834768
2645985462544
1821351741712
2920863369488
1752917739040
2852429366816
1752917476624
2852429104400
1546490610960
2646002238736
1804457084176
2903968711952
1821636953360
2921148581136
1460591265040
2560102892816
2921131803936
2646002238752
1460591265056
2560102892832
1735469172000
2834980799776
1529310741792
2628822369568
1804188648736
2903700276512
1460591527200
2560103154976
1735469434144
2834981061920
1529311003936
2628822631712
1804188910880
2903700538656
1477771396384
2577283024160
2852412524048
1546759243296
2646270871072
1821637150240
2921148778016
2920880342288
1460859963936
2560371591712
1735737870880
2835249498656
1529579440672
2629091068448
2560354748944
1735721028112
2835232655888
1529562597904
2629074225680
1804440504848
1752900897296
1821620374032
1460842924304
2560354552080
1735720831248
2835232459024
1529562401040
2629074028816
1804440307984
2903951935760
1478022793488
2577534421264
2852143891984
1546473834000
2645985461776
1821351740944
2920863368720
1460591461648
2560103089424
1735469368592
2834980996368
1529310938384
2628822566160
1804188845328
2903700473104
1477771330832
1752649041424
2852160669200
1546490611216
2646002238992
1821368518160
2920880145936
1529562662416
2629074290192
1804440569360
2903952197136
1804457282080
2903968909856
1460574422560
2560086050336
1735452329504
2834963957280
1529293899296
2628805527072
1804171806240
2903683434016
1477754291744
2577265919520
2921148516624
2646002174224
2903700211984
1477771069712
2577282697488
1752648976656
2852160604432
1460591200528
2560102828304
1735469107472
1529294161424
2628805789200
1804172068368
2903683696144
1460574423568
2560086051344
1735452330512
2834963958288
1529293900304
2628805528080
1804171807248
2903683435024
1477754292752
2835232393744
1735721093664
1477754553872
2577266181648
1752632460816
2852144088592
1821351937552
1821620110864
2921131738640
1529310938640
1546742466064
2628822566416
1529562663200
2629074290976
1804440570144
2903952197920
1478023055648
2577534683424
1752632198688
2852143826464
1546473768480
2645985396256
1821351675424
2920863303200
1460842858016
2560354485792
1735720764960
2835232392736
1478023055632
2577534683408
1752900962576
2852412590352
1735720830480
2835232458256
1529562400272
2629074028048
1804440307216
2903951934992
1460859897104
2560371524880
1735737804048
2835249431824
1529579373840
2629091001616
1804457280784
2903968908560
1478039766288
2577551394064
1752632461840
2852144089616
1546474031632
2645985659408
1821351938576
2903683697168
1477754554896
2577266182672
1460843121168
1546742467088
1478039569952
2577551197728
1752917476896
2852429104672
1546759308816
2646270936592
1821637215760
2921148843536
2903968712992
1821637215776
2646254094864
2577551395344
1752917674512
2852429302288
1546759244304
2646270872080
1821637151248
2921148779024
2852412525072
2921132001808
1478039833120
2577551460896
1752917740064
2852429367840
1546758981152
2646270608928
1821636888096
2921148515872
1529562662432
2629074290208
1804440569376
2903952197152
1478023054880
2577534682656
1546473768224
2645985396000
1821351675168
2920863302944
1529562335776
2629073963552
1804440242720
2903951870496
1478022728224
2577534356000
1752900635168
2852412262944
1546742204960
2646253832736
1546759244320
2646270872096
1821637151264
2921148779040
1752648976672
2852160604448
1546490546464
2646002174240
1821368453408
2920880081184
2920863565328
1546474030608
2560086050064
1735452329232
1529293899024
2834963957008
1804171805968
2903683433744
1477754291472
2577265919248
2560354485520
1546742203664
1546759309600
1460574685728
2560086313504
1735452592672
2834964220448
1529294162464
2628805790240
1804172069408
2903683697184
1477754554912
2577266182688
1804457347344
2903968975120
1752649304336
2852160932112
1546490874128
2646002501904
1821368781072
2920880408848
1529562597648
2629074225424
1804440504592
2903952132368
1752900699680
2920880343568
2646002436624
1821368715792
1529310939664
2628822567440
1804188846608
2903700474384
1477771332112
2577282959888
1752649239056
1460574423328
2560086051104
1735452330272
2834963958048
1529293900064
1460859636000
1752900700432
2852412328208
2560371263776
1735737542944
1460591527440
2560103155216
1735469434384
2834981062160
1529311004176
2628822631952
1804188911120
2903700538896
1477771396624
1546759047456
2646270675232
1821636954400
2921148582176
1460574685456
2560086313232
1735452592400
2834964220176
1529294162192
2628805789968
1804172069136
2903683696912
1477754554640
2577266182416
1752648975904
1460859700496
2560371328272
1735737607440
2835249235216
2646270674192
1460574487824
2560086115600
1735452394768
2834964022544
1529293964560
2560354814496
1752649237776
1752632460560
2852144088336
1477754553616
2645985658128
1821351937296
2920863565072
1460843119888
2560354747664
1735721026832
1821637216544
1478039570976
2577551198752
1752917477920
2852429105696
1477771134240
2920863368480
1821620176160
2577282762016
1752649041184
1460842923296
2560354551072
1735720830240
2835232458016
1529562400032
1546759309840
1821637216784
1821620111904
2921131739680
1478039569936
2577551197712
1752917476880
2852429104656
1546759046672
2646270674448
1821636953616
2921148581392
1460574488080
1478022990352
2577534618128
2852160604688
1477771135504
2920880081424
1460574751248
2560086379024
1735452658192
2834964285968
1529294227984
1460574423584
2560086051360
1735452330528
2834963958304
1529293900320
2628805528096
1804171807264
2903683435040
1477754292768
2577265920544
2577282958608
2852160865552
2852160603424
1546490545440
1804171805984
1752917411104
1821636887840
2903968974352
1804440241440
2903951869216
2921131738400
1460842857760
1478039832080
2577551459856
1752917739024
2560086377744
2852429366800
1804457347616
1546758982176
1460859635232
2560371263008
1735737542176
2835249169952
1529579111968
2629090739744
1804457018912
2903968646688
2903683433760
1460574422304
2560086050080
1735452329248
2834963957024
1529293899040
2628805526816
1477754291488
2577265919264
1752632198432
2835232721440
2920880409120
2921132000544
1460842858000
2560354485776
1735720764944
2835232392720
1529562334736
2629073962512
1804440241680
2903951869456
1478022727184
2577534354960
1821352003088
2920863630864
1460843185680
2560354813456
1735721092624
2835232720400
2577283024400
1752649303568
2852160931344
1546490873360
2903683695904
2920880342304
2646270870816
2577534616864
1752900896032
1546742465824
1460574684448
2560086312224
1735452591392
2834964219168
2835232720144
1529562662160
2629074289936
1804440569104
2903952196880
1478023054608
2577534682384
1752900961552
2852412589328
1546742531344
2921148843552
1752649238800
2852160866576
1546490808592
2646002436368
1821368715536
2920880343312
1752917674256
2852429302032
1546759244048
2646270871824
1735720831504
2921131805200
2646253831456
1821620110624
1529562596880
1804440503824
2834964022816
1529293964832
2628805592608
1804171871776
2903683499552
1477754357280
2577265985056
1752632264224
2852143892000
1546473834016
1821620438560
1460591200800
2560102828576
1735469107744
2834980735520
1529310677536
2628822305312
1804188584480
2903700212256
1477771069984
2577282697760
2577534355744
1752900634912
2852412262688
1546742204704
2646253832480
1821620111648
2921131739424
2646254159120
1821620438288
2921132066064
1460859701792
2560371329568
1735737608736
2835249236512
1529579178528
2629090806304
1804457085472
2903968713248
1735720765968
2629073963536
1804440242704
2903951870480
1478022728208
2577534355984
1752900635152
2852412262928
1546742204944
2646253832720
1460574750240
2560086378016
1735452657184
2834964284960
1529294226976
2628805854752
1804172133920
2903683761696
1477754619424
2577266247200
1752900962592
2852412590368
2646270937376
1546490612256
2646002240032
1821368519200
2920880146976
1735469106448
2834980734224
1529310676240
2628822304016
1804188583184
2903700210960
1477771068688
2577282696464
1752648975632
2852160603408
1478039504400
2577551132176
1752917411344
2852429039120
1546758981136
2646270608912
1821636888080
2921148515856
2646002173456
1460859635216
1546759308832
2646270936608
1460842923536
2560354551312
1529562597920
2646253831440
1821620110608
2921131738384
1735720764688
2835232392464
1478022726928
2577534354704
1752900633872
2852412261648
2628805526800
1477754292496
2577265920272
1752632199440
2852143827216
1546473769232
2645985397008
2852429039888
1546758981904
2646270609680
1821636888848
1821620373792
2921132001568
2834980801040
1529310743056
2628822370832
1804188650000
2903700277776
1752917477904
2852429105680
1546759047696
2646270675472
1821636954640
1529562401056
2629074028832
1804440308000
2903951935776
1478022793504
2577534421280
1752900700448
2852412328224
1546742270240
2646253898016
2921132000784
1460574488848
2560086116624
1735452395792
2834964023568
1529293965584
2628805593360
1804171872528
2903683500304
1477754358032
2577265985808
1804188845344
2903700473120
1477771330848
2577282958624
1752649237792
2852160865568
1546490807584
2921148844320
1478022990368
2577534618144
1752900897312
2852412525088
1460859634960
2560371262736
1735737541904
2835249169680
1529579111696
2629090739472
1804457018640
2903968646416
1460591200544
2560102828320
1735469107488
2834980735264
1529310677280
2628822305056
1804188584224
2903700212000
1477771069728
2577282697504
1752632461584
2852144089360
1546474031376
2645985659152
1821351938320
2920863566096
1460843120912
2560354748688
1735721027856
2835232655632
2903968975392
1478023054864
2577534682640
1752900961808
2852412589584
1546742531600
2646254159376
1752632526352
2852144154128
1546474096144
2645985723920
1460842923552
2560354551328
1735720830496
2835232458272
1529562400288
2629074028064
1460859897120
2560371524896
1735737804064
2835249431840
1529579373856
2629091001632
1804457280800
2903968908576
1478039766304
1821637149984
1546758981920
2646253898256
1821620177424
1735452396048
2834964023824
1529293965840
2628805593616
1804171872784
2903683500560
1460842924560
2560354552336
1460574488096
2560086115872
1735452395040
2920863303968
1460842858784
2560354486560
1735720765728
2835232393504
1529562335520
2629073963296
1804440242464
2903951870240
1478022727968
2834980800784
1529310742800
2628822370576
1804188649744
2903700277520
1477771135248
1752632461856
2852144089632
1546474031648
2645985659424
1821351938592
2920863566368
1460843121184
2560354748960
1735721028128
2835232655904
1478022792720
2577534420496
1752900699664
2852412327440
1460591199504
2560102827280
1478039504144
2577551131920
1752917411088
2852429038864
1546758980880
2646270608656
1821636887824
2921148515600
1546759046688
2646270674464
1752917673232
2852429301008
2577282763024
1752649042192
2852160669968
1546490611984
2646002239760
1821368518928
2920880146704
1460591266064
2560102893840
1735469173008
1752649304352
1821636888864
2852160932128
1546490874144
2646002501920
1821368781088
2920880408864
1460591528464
2560103156240
1735469435408
2834981063184
1529311005200
2628822632976
2920880409104
2646270937616
2903683762704
1477754620432
2921132066336
1460574685472
2560086313248
1735452592416
2834964220192
1529294162208
2628805789984
1804172069152
2903683696928
1477754554656
2577266182432
1460859701520
2560371329296
1735737608464
2835249236240
1529579178256
2629090806032
1804457085200
2903968712976
1478039570704
2577551198480
1460843120144
2560354747920
1735721027088
2835232654864
2645985658384
2903952131600
2646254093840
1478022989328
2577534617104
1752900896272
2577282762256
1752632265248
2852143893024
1546473835040
2645985462816
1821351741984
2920863369760
1460842924576
2560354552352
1735720831520
2835232459296
2577266248208
1752632527376
2852144155152
1546474097168
2645985724944
1821352004112
2920863631888
1460843186704
2560354814480
1735721093648
2921148581408
1752900962848
1460859963680
2560371591456
1735737870624
2835249498400
1529579440416
2629091068192
1804457347360
2903968975136
1478039832864
2577551460640
1821620373776
2921132001552
1752649303584
2852160931360
1546490873376
2646002501152
1821368780320
2920880408096
2577265984784
1752632263952
2852143891728
1546473833744
2645985461520
1821351740688
2920863368464
1460842923280
2560354551056
1735720830224
1460591462944
2560103090720
1735469369888
2834980997664
1529310939680
2628822567456
1804188846624
2903700474400
1477771332128
2577282959904
1460859700752
2560371328528
1735737607696
2835249235472
1529579177488
2629090805264
2903968712208
1477754357008
1546742270224
2646253898000
1752632461600
2852144089376
1546474031392
2645985659168
1821351938336
2920863566112
1460843120928
2560354748704
1735721027872
2835232655648
1460574751264
2577534420512
1546759047712
1460859962912
2560371590688
1735737869856
2835249497632
1529579439648
2629091067424
1804457346592
2903968974368
1478039832096
2577551459872
1478039767312
2577551395088
2852144153872
1546474095888
2645985723664
1821352002832
2920863630608
1460591527184
2560103154960
1735469434128
2834981061904
1529311003920
1546490807824
2646002435600
1821368714768
2920880342544
2834980996624
1460859897360
2560371525136
1735737804304
2835249432080
1529579374096
1821620438304
2921132066080
1752900699408
2852412327184
1546742269200
2646253896976
1821620176144
2921131803920
1821368714512
2835232654608
1821620372752
2921132000528
1529562596624
2629074224400
1804440503568
2903952131344
1478022989072
2577534616848
1752900896016
1821620111888
2921131739664
2852429367824
2921148844560
1477771397648
2577283025424
1752649304592
2852160932368
1546490874384
2646002502160
1804188912144
2903700539920
1821636953632
2629074027808
1804440306976
2903951934752
2852160668960
1460574487840
2560086115616
1735452394784
2834964022560
1529293964576
2628805592352
2852412327456
1546474096912
2645985724688
1821352003856
2920863631632
1460843186448
2560354814224
1460574750992
2560086378768
1735452657936
2834964285712
2646270609696
1752900961824
2852412589600
1529562662176
2629074289952
1804440569120
2903952196896
1478023054624
2577534682400
1752900961568
2852412589344
1546742531360
2646254159136
2903951869472
1478022727200
2577534354976
1752900634144
2852412261920
1546742203936
2646253831712
1821620110880
2921131738656
1460591199760
2560102827536
1735469106704
2834980734480
1821620373024
2921132000800
1460591462688
2560103090464
1735469369632
2834980997408
1529310939424
2628822567200
1804188846368
2903700474144
1477771331872
2577282959648
1529562401312
2629074029088
1546759309856
2577266246944
2645985723680
1735452656928
2834964284704
1529294226720
2628805854496
1804172133664
2903683761440
1460574749984
2560086377760
2921148516640
2629074225696
1804440504864
2903952132640
2835232721424
1529562663440
2629074291216
1804440570384
2903952198160
1478023055888
2577534683664
1752900962832
2852412590608
1546742532624
1546490807568
2646002435344
2560086115856
1735452395024
2834964022800
1529293964816
2628805592592
1804171871760
2903683499536
1477754357264
2577265985040
1752632264208
1752649303312
2852160931088
1804188910864
2903700538640
1821637216800
2920880080160
1460591199520
2560102827296
1735469106464
2834980734240
1529310676256
2628822304032
1804188583200
2852412590624
1460591528208
2560103155984
1735469435152
2834981062928
1529311004944
2628822632720
1804188911888
2903700539664
1477771397392
2577283025168
1546473835024
2645985462800
1821351741968
2920863369744
1546742532384
2646254160160
1821620439328
2921132067104
1460591199776
2560102827552
1735469106720
2834980734496
1529310676512
2628822304288
1804188583456
2903700211232
1477771068960
2577282696736
2852160603664
2577282696720
1477771068944
1752648975888
2560354485536
1735720764704
2835232392480
1529562334496
2629073962272
1478022726944
2577534354720
1752900633888
2852412261664
1546742203680
1478023055904
2577534683680
1460591266336
2560102894112
1735469173280
2834980801056
1529310743072
2628822370848
1804188650016
2903700277792
1477771135520
2577282763296
2835249497360
1529579439376
2629091067152
1804457346320
2903968974096
1478039831824
2577551459600
1752917738768
2852429366544
1546759308560
2852160866832
2629090739488
1804457018656
2903968646432
2577551131936
2646270608672
2921148515616
2852429038880
1752632264992
2852143892768
1546473834784
2645985462560
1821351741728
2920863369504
1460842924320
2560354552096
1735720831264
2835232459040
1752917477648
2852429105424
1546759047440
2646270675216
1821636954384
2921148582160
2628822305296
1804188584464
2903700212240
1477771069968
1478022990096
2577534617872
1752900897040
2852412524816
1546742466832
2646254094608
2560371263760
1735737542928
2835249170704
2903683434768
1546742467104
2646254094880
1821620374048
2921132001824
2628805527840
1804171807008
2903683434784
1477754292512
2577265920288
1752632199456
2852143827232
1546473769248
2645985397024
1821351676192
1804457084432
1460591265296
2560102893072
1735469172240
2834980800016
1529310742032
2628822369808
1804188648976
2903700276752
1477771134480
1752649239072
2852160866848
1546490808864
2646002436640
1821368715808
2835232458000
1529562400016
2629074027792
1804440306960
2903951934736
1478022792464
2577534420240
2628805592336
1804171871504
2903683499280
2903700277536
1477771135264
2577282763040
1752649042208
2852160669984
1546490612000
2646002239776
1752917739792
2852429367568
1546759309584
2646270937360
1821637216528
2921148844304
1477754620176
2577266247952
1752632527120
2852144154896
1821351676176
2920863303952
1460574423312
2560086051088
1735452330256
2834963958032
1529293900048
2628805527824
1821620177184
2921131804960
2646002173216
2903700210976
1477771068704
2577282696480
1752648975648
1460859634976
2560371262752
1735737541920
2835249169696
1529579111712
1546742269456
2646253897232
1821620176400
2921131804176
1477754358048
2577265985824
1546759243024
2646270870800
1821637149968
2921148777744
1460859898400
2560371526176
1735737805344
2835249433120
1529579375136
2629091002912
2646270937632
1460859701536
2560371329312
1735737608480
2835249236256
1529579178272
2629090806048
1804457085216
1460591266080
2560102893856
1735469173024
2834980800800
1529310742816
2646254160400
1821620439568
2921132067344
2628822370592
1804188649760
1735720765712
1752900634896
2577282697744
1752648976912
2852412262672
1546742204688
2646253832464
1821620111632
2921131739408
2577551395104
1752917674272
2852429302048
1752649041440
2852160669216
1546490611232
2646002239008
1821368518176
2920880145952
1460574422544
2560086050320
1735452329488
2834963957264
1529293899280
2628805527056
1804171806224
2903683434000
1477754291728
2577265919504
2835249170720
2920863368736
1752632460832
2852144088608
1546474030624
2645985658400
1821351937568
2920863565344
1460843120160
2560354747936
1735721027104
2835232654880
2646002435360
1821368714528
2560371262992
1735737542160
2835249169936
1460574751008
2560086378784
1735452657952
2834964285728
1529294227744
2628805855520
1804172134688
2903683762464
1477754620192
2577266247968
1529562597664
2629074225440
1804440504608
2903952132384
1478022990112
2577534617888
1752900897056
2852412524832
1546742466848
2646254094624
2560086379040
1735452658208
2834964285984
1529294228000
2628805855776
1804172134944
2903683762720
1477754620448
2577266248224
1460859898384
2560371526160
1735737805328
2835249433104
2921148844576
1735469171984
2852160668944
1821368517904
2920880145680
2834980799760
1529310741776
2628822369552
1804188648720
2903700276496
1477771134224
1460859700768
2560371328544
1735737607712
2835249235488
1529579177504
2629090805280
1804457084448
2903968712224
1546473833760
2645985461536
1821351740704
1752900634128
2852412261904
1546742203920
2646253831696
1460574750224
2560086378000
1735452657168
2834964284944
1529294226960
2628805854736
1804172133904
2903683761680
1477754619408
2577266247184
1529562596896
2629074224672
1804440503840
2903952131616
1478022989344
2577534617120
1752900896288
2852412524064
1546742466080
2646254093856
2577534420256
2852412327200
1460574489104
2560086116880
1477754358288
2577265986064
1752632265232
2852143893008
1460591462672
2560103090448
1735469369616
2834980997392
1529310939408
2628822567184
1804188846352
2903700474128
1477771331856
2577282959632
1478039505184
2577551132960
1752917412128
2852429039904
1460591461920
2560103089696
1735469368864
2834980996640
1529310938656
2628822566432
1804188845600
2903700473376
1477771331104
2577282958880
1477754553632
2577266181408
1752632460576
2852144088352
1546474030368
2645985658144
1821351937312
2920863565088
1821620372768
1460843119904
1821636889120
1460591528480
2560103156256
1735469435424
2834981063200
1529311005216
2628822632992
1804188912160
2903700539936
1477771397664
2577283025440
1478039767568
1752632527392
2852144155168
1546474097184
2645985724960
1821352004128
2920863631904
1752632527136
2852144154912
1546474096928
2645985724704
1821352003872
2920863631648
1460843186464
2560354814240
1735721093408
2835232721184
2835249170960
1546742531616
2646254159392
2646270609936
2903952132624
1546490546704
1460591462928
2560103090704
1735469369872
2834980997648
2852429040144
2921148516880
2920863566352
2852160603680
2835232459280
1529562401296
2629074029072
1804440308240
2903951936016
1821637150992
2921148778768
1460859898128
2560371525904
1735737805072
2835249432848
1529579374864
2629091002640
1804457281808
2903968909584
1804440307232
2903951935008
1529310676496
2628822304272
1804188583440
2903700211216
2903700473360
1752632199712
2852143827488
1546473769504
2645985397280
1821351676448
2920863304224
1460842859040
2560354486816
1735720765984
2835232393760
2577282762000
1752649041168
2646002501136
1821368780304
2920880408080
1460859962896
2560371590672
1735737869840
2835249497616
1529579439632
2629091067408
1804457346576
1529562663456
2629074291232
1804440570400
2903952198176
1460843186720
1735452656912
2834964284688
1529294226704
2628805854480
1804172133648
2903683761424
1477754619152
2577266246928
1752632526096
1460574749968
1752649303328
2852160931104
1546490873120
2646002500896
1821368780064
2920880407840
2629091001872
1804457281040
2903968908816
1478039766544
2577551394320
1752917673488
2852429301264
1546759243280
1460574684432
2560086312208
1735452591376
2834964219152
1529294161168
2628805788944
1804172068112
2903683695888
1546474030352
2577266181392
1460591461664
2560103089440
1735469368608
2577551394080
1752917673248
2852429301024
1546759243040
2834980996384
1529310938400
2628822566176
2645985461792
1821351740960
1478039569680
2577551197456
1529579177232
2629090805008
1546759046416
1752917738784
2852429366560
1460591528224
2560103156000
1735469435168
2834981062944
1529311004960
2628822632736
1804188911904
2903700539680
1477771397408
2577283025184
1478039505424
2577551133200
1752917412368
1546742269472
2646253897248
1821620176416
2921131804192
1460859962656
2560371590432
1735737869600
2835249497376
1529579439392
2629091067168
1804457346336
2903968974112
1478039831840
2577551459616
2920880080400
1546490545680
1821368452624
1821368781328
2852412523792
1546742465808
2646254093584
1752648976928
2852160604704
1546490546720
2646002174496
1821368453664
2920880081440
1546742532640
2646254160416
1821620439584
2921132067360
2646270609952
1546490808848
1821368780048
2920880407824
1477771396368
2628822631696
2577283024144
1546490873104
2646002500880
1460859962640
2560371590416
1735737869584
1752917673504
2852429301280
1460859963664
2560371591440
1735737870608
2835249498384
1529579440400
2629091068176
1821620177168
2921131804944
1478039832848
2577551460624
1460574488864
2560086116640
1735452395808
2834964023584
1529293965600
2628805593376
1804171872544
2903683500320
1460859963920
2560371591696
1735737870864
2835249498640
1529579440656
2629091068432
1804457347600
2903968975376
1478039833104
2577551460880
1529294227728
2628805855504
1804172134672
2903683762448
1460859636256
2560371264032
1735737543200
2835249170976
1529579112992
2629090740768
1804457019936
2903968647712
1478039505440
2577551133216
1460591265312
2560102893088
1735469172256
2834980800032
1529310742048
2628822369824
1804188648992
2903700276768
1477771134496
2577282762272
2921148516896
1804171871520
2903683499296
1477754357024
1478022792480
1546742269216
1752900699424
2646253896992
2577265984800
1752632263968
2852143891744
1460574684688
2560086312464
1735452591632
2834964219408
2646270936336
1821637215504
2921148843280
1546742532368
2646254160144
1821620439312
2921132067088
1735721093392
2835232721168
1529562663184
2629074290960
1804440570128
2903952197904
1752917739808
2852429367584
1546742270496
2646253898272
1821620177440
2921131805216
1821636954656
1821368453648
2646002174480
1546759244064
2646270871840
1821637151008
2921148778784
1478039504416
2577551132192
1752917411360
2852429039136
2646270871056
1821637150224
2921148778000
1529579112736
2629090740512
1804457019680
2903968647456
2852143826208
1529579111952
2629090739728
1804457018896
2903968646672
