1460575469840
2291472901
2291476997
2291472902
2291476998
2291472905
2291477001
2291472906
2291477002
2291538437
2291542533
1146521682
1146505313
1146521697
1146505314
1146521698
1146755333
1146759429
1147226514
1147226530
1147242897
2241923416
2241923480
2258651476
2258651492
2258651480
2258651496
2241419328
2241484864
2241423424
2241488960
2292288162
1168247396
1168247460
1168247400
1168247464
2288077458
2288077474
1214523973
1214523977
1214523974
1214523978
1168132772
1167742992
1163503680
1167747088
1150622214
1150626310
1213733510
1213733514
1213737605
1213737609
1213737606
1213737610
1146759690
1146432006
1146242385
1146242401
1217669769
1168149140
1213810786
2288093538
1213614161
1213630545
1213614162
1213630546
1213614177
1214351953
1213630561
1213614178
1150372193
1150372178
1150372194
1150372434
1150372450
1150388817
2292353617
2292353633
2292353618
2292353634
2291538438
2291542534
1218611537
1218611553
1218611538
1218611554
2291538441
2291542537
2291538442
2291542538
2292353682
1214519625
1214519622
1214519626
1217668425
1217668422
1217668426
1217664389
1217664393
1217664390
1217664394
1217668485
1217668489
1217668486
1163954852
1151502674
1151502690
1151486545
1151486561
1151486546
1151486562
1151502929
1151502945
1151502930
1151502946
1151502994
1150953993
1150949898
1150953994
1217730058
1217734154
1217795589
1217799685
1217795590
1217799686
1163221024
1163237408
1163225120
1163241504
1167415328
1167431712
1217668490
1217665417
1217665414
1217665418
1217669509
1217669513
1217669510
1217669514
1217664325
1217664329
1214782085
1214782089
2287278597
2287282693
2287278598
2287282694
2287278601
2287282697
2287278602
2287282698
1146755334
1146759430
1146755337
1146759433
1146755338
1146759434
2292336977
2292336993
2292336978
2292336994
2292353361
2292353377
2292353362
2292353378
2292337233
2292337249
1168148836
1168148824
1168148840
1163483168
1163499552
1163487264
1163503648
1167677472
1167693856
1167681568
1217669450
1217665413
1146259794
1146243665
1146243681
1146243409
1146243425
1146243410
1146243426
1146260049
1146260066
1218714181
1218714185
1218714182
1218714186
1218718277
1218718281
1218718278
1218718282
1218718345
1218718346
1168247140
1168247204
2287606022
2287610118
2287606025
2287610121
2287606026
2287610122
1213471366
1213471370
1213475461
1213475465
1213475462
1213475466
1213470277
1213470281
1213470278
1213470282
1147242913
1147242898
1147242914
1147226770
1147226786
1147243153
1147243169
1147243154
1147243170
1147226513
1184926100
1184926116
1184926104
1184926120
1150437970
1150437986
1218611793
1218611809
1218611794
1218611810
2258196496
2258212880
2258200592
2258216976
2241923668
2241923732
2241923672
2241923736
2258651732
2258651748
1163954840
2236962848
2236979232
2236966944
2236983328
1163954584
1163954600
1168148884
1147226450
1147226466
1168148900
1168148888
1168148904
1163499648
1163565088
1167693952
1167759488
1167698048
1167763584
1184471168
1184536608
2288077201
2288077217
2288077202
2288077218
2288093585
2288093601
2288093586
2288093602
2288077457
2288077473
2292353697
2241890984
1150388625
1150388641
1150388626
1150388642
1150372497
1150372513
1150372498
1150372514
1150388881
1150388897
1213536778
1213540874
1213602309
1213606405
1213602310
1213606406
1213602313
1213606409
1213602314
1213606410
1213798661
1213802757
1150438034
1150438050
1150454417
1150436754
1150436770
1150453137
1150453153
1150453138
1150453154
1150454418
1213565009
1213548626
1213565010
1213548641
1213810769
1213827153
1213810785
1213810770
1150949894
1150953990
1150949897
1150699665
1150716049
1150699666
1150716050
1150699681
2292353698
2241419296
2241435680
2241423392
2241439776
1217808465
1217824849
1217808466
1147226721
1217824850
1217808481
1217824865
1217808482
1217824866
1218070609
1218058502
1218062598
1218058505
1218062601
1218058506
1218062602
1217664646
1217665670
1217665674
1217669765
1163569168
1167763472
1168132504
1168132520
1214650889
1214654985
1214650890
1214654986
1214585349
1214589445
1214585350
1214589446
1214585353
1214589449
2258668180
2258668196
2258668184
2258668200
2291550354
2291566738
2291550369
2291566753
1214335313
1214335329
1214335314
1214335330
1214351697
1214351713
1214351698
1214351714
1214335569
1214335585
2291538181
1217664581
1217664585
1217664582
1217664586
1217668677
1217668681
1217668678
1217668682
1217664645
1217664649
1184475264
1184540704
1184909976
1218546321
1151486353
1151486369
1151486354
1151486370
1151502737
1151502753
1151502738
1151502754
1146242705
1146242721
1146242706
1146242722
1146259089
1146259105
1146259090
1146259106
1217664650
1163237504
1163302944
1163241600
1163307040
1167480864
1167497248
1167484960
1167501344
1163954580
1163954596
2241989268
2241989208
2241989272
1151503009
1151486626
1151503010
1151486625
1151486610
1150716065
1150699682
1150716066
1150949893
1150953989
2292337041
2292337057
2291538182
2292337042
1217669766
1217669770
1217665605
1217665609
1217665606
1217665610
1217669701
1217669705
1217669702
1217669706
1146260114
1146260130
1146242449
1146242465
1146242450
1146242466
1146258833
1146258849
1146258834
1146258850
1218546322
1146243473
1146243489
1146243474
1146243490
1146259857
1146259873
1146259858
1146259874
1146243729
1146243745
2241890900
2241890916
2241890904
2241890920
1163954856
2258651736
2236979328
2237044768
2236983424
2237048864
2241222688
2241239072
2241226784
2241243168
1150388833
1150388818
1150388834
1150371153
1150371169
1150371154
1150371170
1150387537
1150387553
1150387538
1146194257
1146194273
1146193489
1146193505
1146193490
1146193506
1146177873
1146177889
1146177874
1146177890
2288142993
2288143009
2288142994
2288143010
1214351777
1214351762
1214351778
1214335633
1213876322
1214352017
1214335634
1214352018
1213876305
1213892689
1214786118
1214786122
2258212928
2258278416
2258217024
2258282512
2241923684
2241923748
2241923688
2241923752
2258651796
2258651812
1184926356
1184926372
1218021521
1218005138
1218021522
1218005153
1218021537
1218005154
1218021538
1184926360
1150953737
1150949642
1150953738
1150387554
1150371409
1150371425
1150371410
1150371426
1150387793
1150387809
1150387794
1150387810
2288093841
2288093857
2288093842
2288093858
2237696404
2237696420
2237696408
2237696424
1213536517
1213540613
1213536518
1213540614
1213536521
1213540617
1213536522
1213540618
1213602053
1213606149
2292271762
2292271778
2241890648
2241890664
1168247380
1168247444
1168247384
1168247448
1150691845
1150687750
1150691846
1150687753
1150691849
1150687754
1150691850
1150622217
1150626313
1150622218
1147308706
1146505361
1146521745
1146505362
1147292049
1147292065
1147292050
1147292066
1147308433
1147308449
1184909988
1218595153
1218595169
1214335570
1163221008
1163237392
1163225104
1163241488
1167415312
1214351954
1168132708
1168132452
1168132440
1150454097
1150372177
1150454098
1150388561
1150388577
1150388562
1150388578
1150372433
1150372449
1214523717
1213798917
1213803013
1213798918
1213803014
1213798921
1213803017
1213798922
1213803018
1213864453
1213868549
1150621957
1150626053
1150621958
1150626054
1150621961
1150626057
1150621962
1150626058
1150687493
1150691589
1213876306
1213892690
1213876321
1213892705
1213892706
1146176865
1146176850
1146193249
1146176866
1146193233
1146193234
1146193250
1146177105
1146177121
1146177106
1214401170
1214401186
1217930822
1217930826
1217926789
1217930886
1217930890
1217926793
1217926790
1217926794
1217930885
1217930889
2237224992
2291542277
1217731082
1217735178
1217796613
1218845193
1217927561
1217931658
1217931657
1217927494
1218845190
1218845194
1184909992
1184909908
1184909924
1184909912
1184909928
1218546337
2288077410
2288093794
2287282437
2287278342
2287282438
2287278345
2287282441
2287278346
2287282442
2241874520
1218529873
1214786181
1214786185
1214786182
1214786186
1214782021
1214782025
1214782022
1214782026
1214786117
1214786121
1214335649
1214352033
2291550289
2291566673
2291550290
2291566674
2291550305
2291566689
2291550306
2291566690
2291800325
2291804421
1168247128
2287606282
2287610378
2236979264
2237044752
2236983360
2237048848
2241874328
2241874344
2237241408
2237306896
2237245504
2237310992
2291542278
1218529937
1218529953
1218529938
1218529954
1163938200
1163938216
1218546338
2291800581
2291804677
1218529874
2291800582
2291804678
1150454353
1150454369
1150454354
1150454370
2258651752
1217730821
1217734917
1217730822
1217734918
1217730825
1217734921
1217730826
1217734922
1217796357
1217800453
1147242833
1147242849
1147242834
1168149144
2241157248
2241222784
1146194578
1146194594
1146177953
1146177938
1146178193
1146178209
1146177937
1146194321
1146194337
1146194577
1146432005
1146427910
1146493445
1146497541
1146493446
1146497542
1146493449
1146493450
1146497546
1146497545
1147242850
1147226706
1147226722
1146427653
1146431749
1146427654
1146431750
1146427657
1146431753
1146427658
1218976389
1218976393
1218980485
1217993221
1217997317
1217993222
1217997318
1217993225
1217997321
1217993226
1213470085
1213470089
1213736521
1213732421
1213732425
1213732422
1213732426
1213736517
1213736518
1213736522
1213732485
1213732489
2287344133
2287348229
2287344134
2287348230
2287344137
2287348233
2287344138
2287348234
1218718085
1218718089
1218718086
1218713925
1218713929
1218713926
1218713930
1218718021
1218718025
1218718022
1213474182
1213474186
1213470021
1213470025
1213470022
1213470026
1213474117
1213474121
1217664326
1217664330
1217668421
1217665349
1217665353
1217665350
1217665354
1217669445
1217669449
1217669446
1213474373
1213474377
1213474374
1213474378
1213470341
1213470345
1213470342
1213470346
1213474437
1213474441
1147291986
1147292002
1147308641
1147308626
1147308642
1151486609
1217824914
1217808545
1217824929
1217808546
1217824930
1218070673
1218087057
1218070674
1218087058
1218070689
2287355985
2287372369
2287355986
2287372370
2287356001
2287372385
2287356002
2287372386
2287606021
2287610117
1184213120
1184278560
1150371217
1150371233
1150371218
1150371234
1150387601
1150387617
1150387602
1150387618
1150371473
1150371489
1146505297
1146521681
1146505298
1146177186
1213602054
1213606150
1213602057
1213606153
1213602058
1213606154
1150454434
1150437793
1150437778
1150437794
1150454161
1150454177
1150454162
1150454178
1150438033
1150438049
1214352034
1168132760
1163938472
1167759376
1168132776
1214335377
1214335393
1214335378
1214335394
1214351761
1213630562
1168132756
2288077393
1163938452
1163938468
1163938456
1214335650
2288077409
1163499584
1163565072
2288142673
2288142689
2288142674
2288142690
2288159057
2288159073
2288159058
2288159074
2288142929
2288142945
1163954836
1218058762
1213471045
1213471049
1213471046
1213471050
1213475206
1213475210
1213475141
1213475145
1213475142
1213475146
2241890708
2241890724
2241890712
2241890728
2288159121
2288159137
2288159122
2288159138
1218595217
1218595233
1218595218
1218595234
1218611601
1218611617
1218611602
1218611618
1218595473
1218595489
1150372242
1150372258
1217927817
1217927814
1217927818
1217931909
1217931913
1217931910
1217931914
1218976394
1218980490
1217930825
1151421010
1151421026
1213864454
1213868550
1213864457
1213868553
1213864458
1213868554
1214782086
1214782090
2237680036
2237680024
2237680040
2241874324
2241874340
2241222672
2241239056
2241226768
2241243152
2237680020
1218529889
2292337058
1217796358
1217800454
1217796361
1217800457
1217796362
1217800458
1218713989
1218713993
1218713990
1218713994
1168149156
2237241472
2237306912
2237245568
1167431808
1167497344
1167435904
1167501440
1184209024
1184274464
2258668116
2258668132
1213471109
1213471113
1213471110
1213471114
1213475205
1213475209
1213470086
1213470090
1213474181
1213474185
1184471104
1184536592
1184475200
1184540688
1168181860
1168181924
1218005074
1218021458
1217808529
1217824913
1217808530
1184471072
1184458784
1184475168
1168181608
1168181672
1184909716
1184909732
1184909720
1184909736
1167693888
1167759424
1167697984
1167763520
1218529890
1167697952
1163954772
1163954788
1163954776
1163954792
1168149076
1168149092
1168149080
1168149096
1168149160
2241173632
2241239168
2241177728
2241243264
2257950848
2258016288
2257954944
2258020384
2241988964
1217734150
1217730057
1217734153
2288159377
2288159393
2288159378
2288159394
1146258786
1146242641
1146242657
1146242642
1146242658
1146259025
1146259041
1146259026
1146259042
1146260050
1217992965
1217997061
1217992966
1217997062
1217992969
1217997065
1217992970
1217997066
1218058501
2292337297
2292337313
2292337298
2292337314
1146755594
1146759689
1218980426
2288142930
2288142946
1217931593
1217927498
1217927493
1217927497
1217931594
1217665669
1217665673
1214523782
1214523786
1214523722
1214519685
1150453074
1150453090
1150436689
1150436705
1150436690
1150436706
1150453073
1150453089
1214585354
1214589450
1213605385
1213601290
1213605386
1213733189
1213733193
1213733190
1213733194
1213737349
1213737353
1213737350
1184926292
1184926308
1184926296
1184926312
2287610373
2287606278
2287610374
2287606281
2287610377
1213614225
1213630609
1213614226
1213630610
1213614241
1213630625
1213614242
1213630626
1213876369
1213892753
1218714245
1218714249
1218714250
1218718341
1218714246
1218718342
1213474438
1213474442
2291550370
2291566754
1147308434
1147308450
1147292305
1147292321
1147308690
1147292306
1147292322
1147308689
1147308705
1217742929
1168181588
1168181652
1168181592
1168181656
1184909652
1184909668
1184909656
1184909672
1167677504
1167743040
2292271697
2292271713
2292271698
2292271714
1168132456
1163483152
1163499536
1163487248
1163503632
1167677456
1167693840
1167681552
1168132712
1167697936
1146243730
1146243746
2241989028
2241988968
2241989032
2258667924
2258667940
2258667928
2258667944
2241435776
1218718026
1214417553
1214417569
1214417554
1214417570
1151420817
1151420833
1151420818
1151420834
1151437201
1151437217
1151437202
1151437218
1151421073
1218062597
1213474118
1213474122
2288142737
2288142753
2288142738
2288142754
1213471301
1213471305
1213471302
1213471306
1213475397
1213475401
1213475398
1213475402
1213471365
1213471369
2237311008
1150687494
1150691590
1150687497
1150691593
1150687498
1150691594
1167419424
1167435808
1163954516
1163954532
1163954520
1163954536
1168148820
2241157184
2241222720
2241161280
2241226816
2257934352
2257950736
2257938448
2257954832
2241923412
2241923476
1218595474
1218595490
1214401106
1214401122
1150626314
1150687749
1151486289
1151486305
1151486290
1151486306
1151502673
1151502689
1150622213
1150626309
1146242386
1146242402
1146258769
1146258785
1146258770
1146259793
1146259809
1146260065
1146243666
1146243682
2291476746
1168132500
1168132516
2291800585
2291804681
2291800586
2291804682
1213810834
1213827218
1213810849
1213827233
1213810850
1213827234
1218070690
1151420753
1151420769
1151420754
1151420770
1151437137
1151437153
1151437138
1151437154
1151421009
1151421025
1146177122
1213827169
1213827154
1213548625
1214351969
1213827170
1213565025
1213548642
1213565026
1214335586
1214351970
1217668741
1217668745
1217668742
1217668746
2291550353
2291566737
1146521746
1146505377
1146521761
1146505378
1146521762
1146755589
1146759685
1146755590
1146759686
1146755593
1218718090
2292271441
2292271457
2292271442
2292271458
2292287825
2292287841
2292287826
2292287842
2237679960
2237679976
2241874260
2241874276
2241874264
2241874280
2241923432
2241923496
2258651540
2258651556
2258651544
2258651560
2241435712
2241501248
2241439808
2241505344
1214400849
1214400865
1214400850
1214400866
1214417233
1214417249
1214417234
1214417250
1214401105
1214401121
1217926725
1217926729
1217926726
1217926730
1217930821
1146194258
1146194274
1146178129
1146178145
1146178130
1146178146
1146194513
1146194529
1146194514
1146194530
2241157152
2241173536
2241161248
2241177632
2237696340
2237696356
2237696344
2237696360
2241890644
2241890660
2291538185
2291542281
2291538186
2291542282
1151502993
2237241360
2237229072
1184926376
1213733445
1213733449
1213733446
1213733450
1213737541
1213737545
1213737542
1213737546
1213733509
1213733513
1146259810
1147291985
1147292001
1146427913
1146432009
1146427914
1146432010
1213601286
1213605382
1213601289
1147308369
1147308385
1147308370
1147308386
1147292241
1147292257
1147292242
1147292258
1147308625
1146427909
2237245456
2241419280
2241435664
2241423376
2241439760
2237680212
2241874532
2241874536
2237224976
1167415360
1167480896
1167419456
1167484992
1184192528
1184208912
1184196624
1184213008
1217927749
1217927753
1217927750
1217927754
1217931845
1217931849
1217931846
1217931850
1217927813
1163503744
1163569184
1167743008
1167759392
1167747104
1167763488
1167431744
1167497280
1167435840
1167501376
1184208960
1184274448
1184213056
1184278544
1168181604
1168181668
1217927562
1217931590
1217931589
1217927558
1217931654
1217927557
1217931653
1217730053
1217734149
1217730054
2241874584
2241874600
2258668136
2287356049
2287372433
2287356050
2287372434
2287356065
2287372449
2287356066
2287372450
2287606277
1151437393
1151437409
1151437394
1151437410
2292353425
2292353441
2292353426
2292353442
1218087073
2241173568
2241239104
2241177664
2241243200
2257950784
2258016272
2257954880
2258020368
2241923428
2241923492
2291472645
2291476741
2291472646
2291476742
2291472649
2291476745
2291472650
1150436945
1150436961
1150436946
1150436962
1150453329
1150453345
1150453330
1150453346
2236962832
2236979216
2236966928
2236983312
2241157136
2241173520
2241161232
2241177616
2237679956
2237679972
2237680228
2237680216
2237680232
1218005089
1218021473
1218005090
1218021474
1150715986
1150699617
1150716001
1150699618
1150716002
1150949637
1150953733
1150949638
1150953734
1150949641
2258667860
2258667876
2258667864
2258667880
1218087074
2237696660
1150437713
1150437729
1150437714
1150437730
1150454113
1150454114
1214523721
1214523718
1150437969
1150437985
1214519689
1214519686
1214519690
1214523781
1214523785
1214519621
1168181864
1168181928
2291800326
2291804422
2291800329
2291804425
2291800330
2291804426
1218779653
1218783749
1218779654
1218783750
1218779657
1218783753
1218779658
1218783754
1218845189
1218849285
1213876370
1213892754
1213876385
1213892769
1213876386
1213892770
1146193314
1146193298
1146193553
1146193569
1146177170
1146193554
1146193570
1213737354
1213535749
1213539845
1213535750
1213539846
1213535753
1213539849
1213535754
1213539850
1213601285
2292353681
2241419392
2241484928
2241423488
2241489024
2258196512
2237696664
2258212896
2258200608
2258216992
2241989204
2288159313
2288159329
2288159314
2288159330
2292271505
2292271521
2292271506
2292271522
2292287889
2292287905
2292287890
2292287906
2292271761
2292271777
2288077394
2287343877
2287347973
2287343878
2287347974
2287343881
2287347977
2287343882
2287347978
2288093777
1168247192
1184926036
1214400913
1214400929
1214400914
1214400930
1214417297
1214417313
1214417298
1214417314
1214401169
1214401185
1146178194
1146178210
1146194322
1146194338
2292337234
2292337250
1218595154
1218595170
2292288081
2292288097
2292288082
2292288098
2241484816
2241501200
2241488912
2241505296
2237680276
2237680292
2237680280
2237680296
2241874580
2241874596
1217800709
1217796614
1217800710
1217796617
1217800713
1217796618
1217800714
1146260113
1146260129
1217759313
1217742930
1217759314
1217742945
1217759329
1217742946
1217759330
1218005073
1218021457
1217795593
1217799689
1217795594
1217799690
1217731077
1217735173
1217731078
1217735174
1217731081
1217735177
1213536773
1213540869
1213536774
1213540870
1213536777
1213540873
1214650885
1214654981
1214650886
1214654982
1167415424
1167480960
1167419520
1167485056
1184192544
1184208928
1184196640
1184213024
1168247124
1168247188
1218611857
1218611873
1218611858
1218611874
1214519941
1214519945
1217742993
1217759377
1217742994
1217759378
1217743009
1217759393
1147226529
1217743010
1217759394
1218005137
1218849289
1218849286
1218849290
1214417489
1213605381
1214417505
1214417490
1214417506
1218529617
1218529633
1218529618
1218529634
1218546001
1218546017
1218546002
1218546018
1167431696
1167419408
1167435792
1163938132
1163938148
1163938136
1163938152
1168132436
1167681600
1167747136
1184454672
1184471056
1184458768
1184475152
1168181844
1168181908
1168181848
1168181912
2292288145
1168247144
1168247208
1150436753
1150436769
1150437009
1150437025
1150437010
1150437026
1213798662
1213802758
1213798665
1213802761
1213798666
1213802762
1213864197
1213868293
1213864198
1213868294
2237696676
1218595409
1218595425
1218595410
1218595426
1150388882
1150388898
1150371474
1150371490
1150387857
1150387873
1150387858
1150387874
1150372241
1150372257
1213737285
1213737289
1213737286
1213737290
1213733253
1213733257
1213733254
1213733258
2258668120
1218546257
1218546273
1218546258
1218546274
1163938388
1163938404
1163938392
1163938408
1168132692
1168132696
2292288146
1150437777
1150454433
1214519942
1214519946
1214524037
1214524041
1214524038
1214524042
1214519877
1214519881
1214519878
1214519882
2237696680
2241484832
2241501216
2241488928
2241505312
1147226769
1147226785
2241501312
2241439872
2241505408
2258212992
2258278432
2258217088
2258282528
2241989220
2241989284
2241989224
1213548689
1213565073
1213548690
1213565074
1213548705
1213565089
1213548706
1213565090
1213810833
1213827217
2237241376
2237229088
2237245472
1150453393
1150453409
1150453394
1150453410
2258651800
2258651816
1146431754
1146493189
1146497285
1146493190
1146497286
1146493193
1146497289
1146493194
1146497290
1213864201
1213868297
1213864202
1213868298
1151421089
1151421074
1151421090
1151437457
1151437473
1151437458
1151437474
1150699601
1150715985
1150699602
2241161344
2241226880
2257934368
2257950752
2257938464
2257954848
2241988948
2241989012
2241988952
2241989016
1146194593
1146177954
1146177169
1146177185
1146176913
1146176929
1146176914
1146176930
1146193297
1146193313
2241989288
1184926052
1184926040
1184926056
2287278341
1217997322
1218058757
1218062853
1218062858
1218058758
1147243089
1147226705
1218062854
1218058761
1218062857
1147243105
1147243090
1147243106
1147226449
1147226465
2241890964
2241890980
2241890968
1218086993
1218070610
1218086994
1218070625
1218087009
1218070626
1218087010
2241874516
1167677568
1167743104
2292288161
1167681664
1167747200
1184454688
2288093793
2288093778
2288077137
2288077153
2288077138
2288077154
2288093521
2288093537
2288093522
2237696596
2237696612
2237696600
2237696616
1218976390
1218980486
1218980489
1218976325
1218976329
1218976326
1218976330
1218980421
1218980425
1218980422
1213732486
1213732490
1213736581
1213736585
1213736582
1213736586
1218529681
1218529697
1218529682
1218529698
1218546065
1218546081
1218546066
1218546082
1163237440
1163302928
1163241536
1163307024
1167480848
1167497232
1167484944
1167501328
1163938196
1163938212
1184909972
