1218611865
1218611881
1218611866
1218611882
2241419394
2241484930
2241173570
2241239106
2241177666
2241243202
2257950786
2258016274
2257954882
2258020370
2241923430
2241923494
2237696421
2237696409
2237696425
2241890709
2241890725
2241890713
2241890729
2237241473
2237306913
2237245569
1218078802
1146243674
1167681554
1167697938
1163938390
1163938406
1163938394
1163938410
1168132694
1168132710
1168132698
1168132714
2258651797
2258651813
2258651801
2258651817
1214417497
1214417513
1214417498
1214417514
2291837025
2292271513
2292271529
2291570949
2292271514
2292271530
2292287897
2292287913
2292287898
2287294626
2287299082
2287360517
2287364613
2287360518
2287364614
2287360521
2287364617
2287360522
2287364618
2258020386
2241988966
1150388889
1151502933
1151502949
1151502934
1151502950
1218714005
1218714009
1218714006
1218714010
1218718101
1218718105
1218718102
1218718106
1213470102
1213470106
1213474197
1213474201
1213474198
1213474202
1213470037
1213470041
1213470038
2291509394
1146771617
1146776073
1146771618
1146776074
1146776069
1146771602
1146776070
1147308453
1147308438
1147308454
1146259030
1146259046
1184909978
1214400921
1214400937
1214400922
1214400938
1214417305
1214417321
1218546329
1168247142
1168247206
1168247146
1168247210
1146177945
1146177961
1146177946
1146177962
1146194329
1146194345
1146194330
1146194346
1217767506
1218611626
1163954854
1218074769
1218091153
1213900897
1218074770
1218091154
1218074785
1218091169
1218074786
1218091170
2241989221
2241989285
2241989225
2241989289
1218595417
1218595433
1218595418
1218595434
1218877961
1218882057
1218877962
1218882058
1218546265
1151437414
1150703881
1150638178
1150642442
1151437142
1150703878
1150703882
1150703877
1150707973
1151437157
1167693953
1167759489
1167698049
1167763585
1151502681
1151502697
1151502682
1151502698
2241923669
2241923733
2241923673
2241923737
1168148886
1218009249
1146193253
1146194534
1146194277
1146194262
1146194278
1146178133
1146178149
1146178134
1146178150
1146194517
2291837026
1150642321
1150658705
1150642322
1217926806
1214523797
1214523801
1214523798
1214523802
1213552901
1213556997
1213552902
1213556998
1146194582
1146177894
2288142677
2288142693
2288142678
2288142694
2288159061
2288159077
1217763849
1217767945
1217763850
1217767946
1217829381
1213471061
1213471065
1213471062
1213471066
1213475157
1213475161
1213475158
1213475162
2291571209
2291575305
2291571210
1146259050
1146242393
1146242409
1146242394
1146242410
1146258777
1146258793
1146258778
1146258794
1146242649
1217751121
1218546330
1150387797
1150387813
1150387798
1218529962
1163938137
1163938153
1168132437
1168132453
1168132441
1168132457
1163483153
1163499537
1163487249
1163503633
1218714026
1163954858
2241890714
1218595221
1218595237
1213900898
1218595430
1218595222
1218595238
1218611605
1151486618
1218611621
1218611606
2291554826
1217751201
1150388646
1150372501
1150372517
1150372502
1150372518
1150388885
1150388901
1150388886
1150388902
2241989017
2241484834
2241501218
2241488930
2241505314
2291554385
2291570769
2291554386
2291570770
2291554401
2291570785
2291554402
2291570786
2291816529
2291820805
2241874537
2241874581
1168247385
1214351961
2237696601
2237696617
1213556817
1213573201
1213556818
2236979265
2237044753
2236983361
2237048849
2241222673
2241239057
2241226769
2241243153
2237680021
2237680037
1184926058
1217833058
1217751122
2291558545
2291574929
2291558546
2291574930
2291558561
2291574945
2291558562
2291574946
2291820689
2291837073
1218812421
1218816517
1218812422
1218816518
1218812425
1218816521
1218812426
1218816522
1213634054
1213634058
1213572613
1213568518
1213572614
1213568521
1213572617
1213638153
1213638150
1213638154
1150436697
1150436713
1150436698
1150436714
1150453081
1150453097
2291509345
2237311009
2241484833
2241501217
2241488929
2241505313
2237696661
2237696677
2237696665
2237696681
2241890965
2241923434
2241923498
2258651542
2258651558
2258651546
2258651562
2241435714
2241501250
2241439810
2241505346
1167693889
1167759425
1167697985
1167763521
1184471105
1184536593
1184475201
1184540689
1168181861
1168181925
1167415426
1167480962
1167419522
1150453402
1150453418
1167485058
1184192546
1184208930
1184196642
1184213026
1150437017
1150437033
1150437018
1150437034
1150453401
1150453417
1213835526
1213831433
1213835529
1213831434
1213835530
1213896965
1213884498
1150388906
1213900882
1218877958
1168247397
1168247461
1168247401
1168247465
2241157154
2241173538
2241161250
1217931925
1217931929
1217931926
1217931930
1151502937
1151502953
1151502938
1151502954
2288077477
2288077462
2288077478
1146443857
1146448133
1146443858
1146448134
1146443873
1146448137
1146443874
1146448138
1147242854
1147243093
1146529890
2241874585
1214351962
1218095185
1150454166
1150454182
1218009605
1218013701
1218009606
1213737365
1213737369
1218013702
1218009609
1218013705
1218009610
1218013706
1217931942
2241989222
2241989286
2241989226
2241989290
1213733226
1213737317
1213737321
1213737318
1213737322
1213733285
1213733289
1213733286
1213733290
1213737381
2291509346
1146526217
1147308378
1147292250
1146526214
1147292249
1146526218
1213733525
1213733529
1213733526
1213733530
1213737621
1213737625
1213737622
2241989030
2241923670
2241923734
2241923674
2241923738
1218013345
1218029729
1218013346
1218029730
1150437785
1150437801
1150437786
1150437802
1150454169
1150454185
1214519909
1214519913
1214519910
1214519914
1214524005
1214524009
1214524006
1214524010
1214519973
1214519977
2241890966
2292353621
1217668501
1217664342
1217664346
1217668437
1217668441
1217668502
1217665429
1217665433
1217665430
1217665434
1146464338
1218074886
1218078982
1218074889
1218078985
1218074890
1218078986
2258668202
2241989210
1218095186
1167743010
1218611541
1218611557
1218611542
1218611558
1167759394
1167747106
1167763490
2287360081
2287376465
2287360082
2287376466
2287360097
2287376481
2287360098
2287376482
2287622225
2287626501
1184213121
1184278561
2241874518
2241874534
2241874522
2241874538
2291575045
1217828358
1217832454
1217828361
1217832457
1217828362
1217832458
1217927525
1217927529
1217927526
1217927530
1218078865
1184909994
2241435778
1218546345
2292353369
2292353385
2292353370
2292353386
2241501314
2241439874
2241505410
2258212994
2241988949
2241989013
2287364241
2287380625
2287364242
2287380626
2287364257
2287380641
2287364258
2287380642
2287626385
2287642769
1217931605
1217931609
1217931606
1217931610
1217927573
1217927577
1217927574
1217927578
1217931669
1217931673
2241890726
2291558921
1163503649
1167677473
1167693857
1167681569
1167697953
1163954773
1163954789
1163954777
1163954793
1168149077
2237696598
2237696614
2237696602
2237696618
1147308645
1147308630
1147308646
1214524053
1214524057
1214523993
1214523990
1214523994
1214519702
1214519706
1168149142
1184926105
1163221009
1163237393
1163225105
1163241489
1167415313
1167431697
1167419409
1167435793
1163938133
1163938149
1218611797
2291492945
2291509329
2291492946
1218714197
1218714201
1218714198
1218714202
1218718293
1218718297
1218718294
1218718298
1146447969
1146464353
1146447970
1146464354
1213470294
1213470298
1213474389
1213474393
1213474390
1213474394
1168247445
1168149081
2237679962
2237679978
2241874262
2241874278
1150454421
1150454437
1150454422
1150454438
2241874266
2241874282
1147292053
1147292069
1147292054
1147292070
1147308437
1147292309
1147292325
1147292310
1147292326
1147308693
1214335637
1214335653
1214335638
1214335654
2291575046
1217767505
1218078866
1150437974
2287622289
2287626757
2287622290
2287626758
1214782102
1214782106
1214786197
1214786201
1214786198
1214786202
1213880838
1213884934
1213880841
1213884937
1218529882
1218546346
1168247398
1168247462
1168247402
1168247466
1217931941
1217931945
1150638161
1150642437
1151437141
1151421013
1151421029
1151421014
1151421030
1151437397
1151437413
1151437398
1218611813
2288077466
2288077482
2241890730
2291558922
1151486634
1168247194
1213815305
1213819401
1213815306
1213819402
1184926038
2287315041
2287298658
2287315042
2287376645
2287380741
2287376646
2287380742
2287376649
2287380745
2287376650
1150454170
1150454186
1218714261
1218714265
1218714262
1218714266
1217664662
1217664666
1217668757
1151421077
1151421093
1151421078
1217669529
1218713941
1218713945
1218713942
1217816837
1217816838
1217816842
1218718042
1217747210
1213737385
1213737382
1218718118
2288142741
2288142757
2288142742
2288142758
1213470357
1213470361
1213470358
1146525957
1146530053
1146525958
1146530054
1218025993
1218030089
1218025994
1218030090
1218091525
1213471385
1213471382
1213471386
1213475477
1147226713
1147226729
1147226714
1147226730
1147243097
1147243113
1150437973
1150437989
2241874597
1168247449
1213471125
1213471129
1213471126
1213471130
1213475221
1213475225
1213475222
1213475226
1213470101
1213470105
1146259817
1146259802
1150438042
1217812625
1217829009
1217812626
1217829010
1217812641
1217829025
1217812642
1217829026
1150707977
1150638162
1150642438
1150638177
1150642441
1150707974
1150707978
1217763845
1217767941
1217763846
1217767942
1218713946
1218718037
1218718041
1218718038
1151437221
1150371493
1150371478
1150371494
1150387861
1150387877
1213475478
1184213057
1184278545
1168181605
1168181669
1168181609
1168181673
1184909717
1184909733
1184909721
1184909737
2292353625
2292353641
2292353626
1213737386
1213568517
1213568522
1213572618
1213634053
1213638149
1213634057
1213733221
1213733225
1213733222
1184278562
1217668506
1217751306
1217665365
1217665369
1217665366
1217665370
1217669461
1217669465
1217669462
1217816841
1163221025
1163237409
1163225121
1163241505
1167415329
1167431713
1167419425
1167435809
1163954517
1163954533
1167677570
2258212993
2258278433
2258217089
2258282529
1167743106
2288077145
2288077161
2288077146
2288077162
2288093529
2288093545
2288093530
2288093546
2288077401
2288077417
1163954521
1163954537
1168148821
1168148837
1168148825
1168148841
1163483169
1163499553
1163487265
2287364358
1218882054
2258667930
1213900962
2291488865
2291493129
2291488866
2291493130
2291554565
2291558661
2291554566
2291558662
2291554569
2291558665
1163954774
1163954790
1163954778
1163954794
1217669542
1217669546
1218976357
1218976361
1218976358
1218976362
1218980453
1218980457
1218980454
1218980458
1213732453
1213732457
1213732454
1213732458
1213736549
1213736553
1213736550
1213736554
1213732517
1213736614
2241989270
2241874601
1218529689
1218529705
1214351978
1218529690
1218529706
1218546073
1218546089
1218546074
1213814930
1213831314
1213814945
1213831329
1213814946
1213831330
1167501330
1163938198
1163938214
1163938202
2287298641
2287315025
2287298642
2287315026
2287298657
1168247190
1168247130
1151420774
1151437158
1151420757
1151420773
1151420758
1146193238
1146193254
1146177109
1146177125
1146177110
1146193237
1146177126
1146193493
1146193509
1146193494
1217931946
1218611862
1218078817
2291570950
1184926054
2241419393
2241484929
2241423489
2241489025
1218546026
1150454425
1150454441
1150454426
1150454442
1214335642
1214335658
2237680282
2292271445
2292271461
2292271446
2292271462
2292287829
2292287845
2292287830
2241874261
2241874277
2241874265
2241874281
1218611545
1213737642
1213737637
2241989274
1213552906
1213557002
1213618437
1213622533
1213618438
1213622534
1213618441
1214519637
1214519641
1214519638
1146260057
1150437717
1214400853
1214400869
1214400854
1214400870
1214417237
1214417253
1214417238
2236962849
2236979233
2236966945
2236983329
2241157153
1217926810
1217930901
1217930905
1217930902
1217930906
1146194533
1150658706
1150642337
1150658721
1150642338
1218095249
1168148885
1168148901
1168148889
1168148905
1218078818
1213618321
1213634705
1213618322
1213634706
1213618337
1213634721
1213618338
1213634722
1213880465
1213896849
1218714277
1218714281
1218714278
1218714282
1213569546
1213573642
1213635077
1214687753
1213639173
1213635078
1213639174
1213635081
1213639177
1213635082
1218529897
2291570953
2287642722
1150437977
1150437993
1150437978
1150437994
1184926117
2258668181
2258668197
2258668185
2258668201
1218611801
1218611817
1218611802
1218611818
1217747025
1217763409
1217747026
1217763410
1217747041
1146448389
1146443922
1146448390
1217763425
1217747042
1146178201
1146178217
1146178202
1146178218
1146194585
1146194601
1146194586
1214519974
1214519978
1214524069
1218718121
1168149158
1184926121
1163221010
1163237394
1163225106
1163241490
1167415314
2237224977
2237241361
2237229073
2237245457
2241419281
2241435665
2241423377
2241439761
2237680213
2237680229
1147226457
1147226473
1147226458
1147226474
1163938409
1168132693
1168132709
1168132697
1168132713
2258651733
2258651749
2258651737
2258651753
1150438057
1168149097
1150388890
2291820625
2291837009
2291820626
2291837010
2241177729
2241243265
2257950849
2258016289
2257954945
2258020385
2241988965
2241989029
2241988969
2241989033
1217927765
1217927769
1217927766
1217927770
1217931861
1217931865
1217931862
1217931866
1146242665
1217927829
1146509457
1146525841
1146509458
1146525842
1146509473
1146525857
1146509474
1146525858
1146771601
1147292006
1218095250
1163499649
1213475481
1150437990
1163565089
1163503745
1163569185
1167743009
1167759393
1167747105
1167763489
1184454674
1184471058
1184458770
1184475154
1168181846
1168181910
1168181850
1168181914
1184909910
1184909926
1218529898
2291570954
2258196497
1217751137
2241989205
2241989269
2241989209
1150387862
1150387878
1150387606
1150387622
1150371477
1150371221
1150371237
1150371222
1150371238
1150387605
1167415361
1167480897
1167419457
2258216978
1146792033
1146775650
1146792034
1146513489
1146529873
1146513490
1146529874
1146513505
1146529889
1146513506
1168149093
1167747201
1150371161
1150371177
1150371162
1150371178
1150387545
1150387561
1150387546
1150387562
1150371417
1150371433
2258667942
1218718122
1168149162
1163221026
1163237410
1218611814
1163225122
1163241506
1167415330
1167431714
1167419426
2241923482
2258651478
2258651494
2258651482
2258651498
1217669477
1217669481
1217669478
1217669482
1217665445
1217665449
1217665446
1217665450
1217669541
1217669545
2258667881
1150638225
1150642693
1150638226
1150642694
1150638241
1150642697
1150638242
1150642698
1150704133
1150708229
1150371482
1150371498
1150387865
2241423490
2241489026
1150372186
1150372202
1150388569
1150388585
1150388570
1150388586
1150372441
1150372457
1150372442
1150372458
1146259818
1146243417
1146243433
1146243418
1146243434
1146259801
1146243689
1146260073
1146243690
1146260074
1213901321
1213475482
1146259797
1146259813
1146259798
1146259814
1146243669
1146243685
1146242389
1146242405
1146242390
1146242406
2287626321
2287642705
2287626322
2287642706
2287626337
2287642721
2287626338
2288142997
2288143013
2288142998
2288143014
2257954849
2258200593
1217751138
1217664597
1217664601
1217664598
1217664602
1217668693
1217668697
1217668694
1217668698
1217664661
1217664665
1147226793
1151421081
1151421097
1151421082
1151421098
2241439778
2287622306
1146177178
1146509829
1146513925
1150703697
1150720081
1150703698
1150720082
1150703713
1150720097
1150703714
1150720098
1150965841
1150970117
1218095621
1218091526
1218095622
1213884513
2258667946
2241988954
1184926357
1184926373
1184926361
1184926377
2241419330
2241484866
2241423426
2241488962
2258196498
2258212882
2258200594
1213552721
1213569105
1213552722
1213569106
1213552737
1213569121
1213552738
1213569122
1213814865
1213831249
2288093845
2288093861
2288093846
2288093862
2241161345
2241226881
2257934369
2257950753
2257938465
1163237505
1163302945
1163241601
1163307041
1167480865
1167497249
1167484961
1167501345
1163954581
1163954597
2291554449
2291570833
1217664357
1217664361
1217664358
1217664362
1217668453
1217668457
1217668454
1217668458
1217664421
1217664425
1214351766
1214351782
2258668182
2258668198
2258668186
1167693954
1218095201
1167759490
1167698050
1167763586
1184471170
2288077209
2288077225
2288077210
2288077226
2288093593
2288093609
2288093594
2288093610
2288077465
2288077481
2241923429
2241923493
2241923433
2241923497
2258651541
2258651557
2258651545
2258651561
2241435713
1150437733
1150437718
1150437734
1150454101
1150454117
1150454102
1214519642
1214523733
1214523737
1214523734
1214523738
1214519701
1214519705
2287360161
2287376545
2287360162
2287376546
1217767570
2291816530
2291820806
2291816545
2291820809
2291816546
2291820810
1184536610
1184475266
1184540706
2292271765
2292271781
2292271766
2292271782
2258651734
2258651750
2258651738
2258651754
1213818961
1213835345
1213818962
1213835346
1213880466
1213896850
1213880481
1213896865
1213880482
1213896866
1168247381
2241173537
1218529685
1218529701
1218529686
1217931670
1217931674
1218529702
2241161249
2241177633
2237696341
1151420821
1151420837
1151420822
1151420838
1151437205
1151437206
1151437461
1151437462
1146193557
1146176917
1146176933
1146176918
1146176934
1146193301
1146193302
1146193318
2288077397
2288077413
2288077398
2288077414
2237680298
2292353642
1218611561
2258651802
1150454118
1213736601
1150707793
1150724177
1150707794
1150724178
1150707809
1150388905
1150724193
1150707810
1150724194
1150969937
2236979329
2237044769
2236983425
2237048865
2241222689
2241239073
2241226785
2241243169
2237696405
2241157250
2241222786
2241161346
2241226882
2257934370
2257950754
2257938466
2257954850
2241988950
2241989014
2236979266
2237044754
2236983362
2237048850
1147291989
1147292005
1147291990
1146194602
1146177194
1146193561
1146193577
1146193562
1146193578
1146509830
1146193322
1146177177
1146177193
1218013266
1167681666
1167747202
1146194261
1146194518
1146193510
1146177877
1146177893
1146177878
1146176853
1146176869
1146176870
1146176854
1213639178
2291575049
2258667861
2258667877
2292271509
2292271525
2292271510
2292271526
2292287893
2292287909
2292287894
2292287910
2237680025
2237680041
2241874325
2241874341
2241874329
2241874345
1213573202
1213556833
1213573217
1213556834
1214401174
1214401190
2241890902
2241890918
2241890906
2241890922
1168148890
1214400917
1214400933
1214400918
1214400934
1214417301
1214417317
1214417302
1214417318
1214401173
1214401189
1218009250
2236962850
2236979234
2236966946
2236983330
1150724242
1150707873
1150724257
1150707874
1150724258
1146194598
1146194597
1146194325
1146194341
1146177941
1146177942
1146177958
1146194581
1146178198
1146178214
1218611562
2241226770
2237696678
2292337253
1150970001
1150986385
1150970002
1150986386
2288143001
2288143017
2288143002
2288143018
1217811974
1217816070
1217811977
1217816073
1217811978
1217816074
1217927509
1217927513
1217927510
1217927514
2291816594
1168132757
1214352021
1218976405
1218976409
1218976406
1218976410
1214352037
1214352022
1214352038
1146530309
1146530310
2287360145
2287376529
2287360146
2287376530
1213470042
1213474133
1213474137
1213474134
1213474138
1213622537
1213618442
1213552905
1213557001
1213622538
2287622305
1214687754
1214618117
1214622213
1214618118
1214622214
1214618121
1214622217
1214618122
1214622218
1214687750
2291575050
2258212881
1184926358
1184926374
1184926362
1217767521
1184926378
2291820690
1218078882
2291837074
2237241409
2237306897
2237245505
2237310993
2241484817
1213471397
1214667270
1214671366
1213471401
1213471398
1213471402
1217812998
1217817094
1217813001
1217817097
1217813002
1217817098
1217668777
1217668774
1217668778
2288093849
2288093865
2288093850
2288093866
1218611546
2287626761
2241890969
2237680022
1217763426
1218009169
1218025553
1218009170
1218025554
1218009185
1218025569
1218009186
1218025570
2291488849
1218529941
1218529957
1218529942
1218529958
2291493125
2291488850
2291493126
1218718357
1218718361
1218718358
1218718362
1150436950
1150436966
1150453333
1150453349
1150453334
1150453350
1151486361
1151486377
1151486362
1146242713
1146242729
1146242714
1146242730
1146259097
1146259113
1146259098
1146259114
1218029649
1146525961
1146530057
1146525962
1146530058
1151486554
2291816593
2291821061
1167677457
1167693841
1167681553
1167697937
1163938389
1163938405
1163938393
1150454357
1150454373
1150454358
1150454374
2237679961
2237679977
1214335574
1214335590
1168132761
2292271769
2292271785
2292271770
1150371225
1150371241
1150371226
1150371242
1150387609
1150387625
1150387610
1150387626
1150371481
1150371497
1150436693
1150436709
1150436694
1150436710
1150453077
1150453093
1150453078
1150453094
1150436949
1150436965
1147243178
1147226521
1147226537
1147226522
1147226538
1147242905
1147242921
1147242906
1147242922
1147226777
1147242837
1147242853
1147242838
2241874517
1168247382
1168247446
1168247386
1168247450
2257950738
2257938450
1217931685
1217931689
1217931686
1217931690
2257954834
2241923414
2241923478
2241923418
2288077402
2288077418
2258216977
1217767522
2292337049
2292353686
2292337065
2292337050
2292337066
2292353433
2292353449
2292353434
2292353450
1167415425
1167480961
1167419521
1167485057
1184192545
1184208929
1150454122
1184196641
1218796037
1218800133
1218796038
1218800134
1218796041
1218800137
1218796042
1218800138
1213617669
1213621765
1213617670
1213621766
1213617673
1213621769
1213617674
1213621770
1214335321
1214335337
1214335322
2287626762
1214335338
2237680026
1218529621
1218529637
1218529622
1218529638
1218546005
1218546021
1218546006
1218546022
1218529877
1217746437
1217750533
1217746438
1217750534
1217746441
1217750537
1217746442
1217750538
1217811973
1217816069
2287360265
1146260137
1146243481
1146243497
1146243482
1146243498
1146259865
1146259881
1146259866
1146259882
1146243737
2241989018
1168149078
1168149094
1147308709
1147308694
1147308710
1168149082
1168149098
2236962833
2236979217
2236966929
2236983313
2241157137
2241173521
2241161233
2241177617
2237679957
2237679973
1150453397
1150453413
1150453398
1150453414
1213819145
1213880582
1213884678
1213815050
1213819146
1213880586
1213884682
1213880581
1213884677
1213880585
1217747461
1217751557
1217747462
1217751558
1217747465
1217751561
1217747466
1217751562
1217812997
1217817093
1217664678
1217664682
1217668773
2291574882
1217664613
1217664617
1217664614
1217664618
1217668709
1217668713
1217668710
1217668714
1217664677
1217664681
1214351958
1214401177
1214401193
1214401178
1214401194
1213737366
1213737370
1213552133
1213556229
1213552134
1213556230
1213552137
1213556233
1213552138
1213556234
2241874521
1184213025
1168247125
1168247189
1168247129
1168247193
1184926037
1184926053
1184926041
1184926057
1167677569
1151486613
1151486629
1151486614
1151486630
2258196513
2258212897
2258200609
2258216993
2258212930
2258278418
2258217026
2258282514
2241923686
2241923750
2241923690
2241923754
2258651798
2258651814
1213733205
1213733209
1213733206
1213733210
1213737301
1213737305
1213737302
1213737306
1213733269
1213733273
1168148902
2258667925
2258667941
1218025633
2258667929
2258667945
1163237506
1163302946
1163241602
1163307042
1163954602
1218529946
1163499650
1163565090
1163503746
1163569186
2287364362
2287376905
1146193317
1146193573
1146193558
1146193574
1146194326
1146194342
1146177173
1146177189
1146177174
1146177190
1184192530
1184208914
1184196626
1184213010
1168181590
1168181654
1218091273
1218095369
1218091274
1218095370
1213884514
1213553158
1213557254
1213470374
1213470378
1213474469
1213474473
1213474470
1213474474
1213474410
1213470373
1213470377
1213470309
1151502997
1151503013
1151502998
1151503014
1150965906
1150970374
1150965921
1150970377
1150965922
1150970378
1163938213
1168132777
1163569169
1167742993
1167759377
1167747089
1167763473
1163938453
1163938469
1163938457
1218595157
1218595173
1214523818
1213470053
1213470057
1213470118
1213470122
1213474213
1213474217
1213474214
1213474218
1213471081
1184475153
1168181845
1168181909
1168181849
1168181913
1184909909
1184909925
1184909913
1184909929
1150438041
1184209025
1184274465
1184475265
1218595477
1218595493
1218595478
1218595494
1168247141
1168247205
1168247145
1217762826
1217766922
1217828357
1217832453
1217833477
1217829382
1217833478
1217931621
1217931625
1217931622
2236962834
2236979218
2236966930
2236983314
2241157138
2241173522
2241161234
2241177618
2237679958
2237679974
2287381001
2287376906
2287381002
1218529961
1214401109
1214401125
1214401110
1163499586
1163565074
1163503682
1163569170
1163938454
1214401126
1163938470
1163938458
1163938474
1167742994
1151421094
1151437478
2258668138
2258667878
2258667882
2291571205
2241988953
2291575301
2291571206
2291575302
2291493009
2291493010
2258667865
1213475242
1213471078
1213475237
1213475241
1213475238
1151502745
1151502761
1151502746
1151502762
1146176873
1146176858
1146176874
1146193241
1146193257
1146193242
1146193258
1146177113
1147243098
1147243114
1146243753
1146243738
1146243754
1146260138
1214667274
1214667273
1213618694
1213622790
1213618697
1213622793
1213618698
1213622794
1213553157
1213557253
1214335594
1213622353
1213638737
1213622354
1213638738
1213622369
1213638753
1213622370
1213638754
1213884497
1150371418
1150371434
1150387801
1150387817
1150387802
1150387818
1213901061
1213896966
1213901062
1213896969
1213901065
1213896970
1213901066
1213831429
1213835525
1213831430
2292353622
2241890982
2292353637
2241890986
2292353638
1214335657
2291558918
2291488913
2291493381
2237696406
2237696422
2237696410
2237696426
2291488914
2291493382
2291488929
2241222690
2241239074
2241226786
1147226790
1147243157
1147243173
1147226517
1147226533
1147226518
1147226534
1147243158
1147243174
1147242901
2288142934
2288142950
2258651477
2258651493
2258651481
2258651497
2241419329
2241484865
2241423425
2241488961
2241157185
2241222721
2241161281
2241226817
2257934353
1217926757
1217926761
1217926758
1217926762
1217930853
1217930857
1217930854
1217930858
1217926821
1218980517
1147292314
1147292330
1147308697
1147308713
1147308698
1147308714
1147292057
1147292073
2241222674
2241874326
2241874342
2241874330
2241874346
2241484818
2241501202
2241488914
2241505298
2287364177
1146529954
1146775697
1146792081
1146775698
1146792082
1146775713
1150642257
1150658641
1150642258
1150658642
1150642273
1150658657
1150642274
1150658658
1150720261
1150724357
1146177114
1146177130
1146193497
1146193513
1146193498
1146193514
1217926825
1217926822
1217926826
1217930917
1217930921
1217930918
1217930922
1213470313
1213470310
1213470314
1213474405
1213474409
1213474406
2292337305
2292337321
2292337306
2292337322
2258217090
2291820705
2291837089
2291820706
2291837090
2258278434
2291558481
2291574865
2291558482
2291574866
2291558497
2291574881
2291558498
2287294609
2287299077
2287294610
2287299078
2287294625
2287299081
1147308633
1147308634
1147292009
1146530313
1146530314
1147308393
1147308394
1146260058
1146243673
1147291993
1213736598
1213732502
1213732506
1213737626
1213733461
1213733465
1213733462
1213733466
1213737557
1213737561
1218009349
1218013445
1218009350
1218013446
1218009353
1218013449
1218009354
1218013450
1218074885
1218078981
1146447953
1146464337
1146447954
1218025989
1218030085
1218025990
1218030086
1151420761
1151420777
1151420762
1151420778
1151437465
1151437481
1151437466
1151437482
1151421017
1151421033
1213736618
1213732521
1213732518
1213732522
1213736613
1213736617
1218029650
1218546281
1217816673
1217833057
1218546282
1218013281
1217816657
1217833041
1217816658
1217833042
1214400873
1214400858
1214400874
1214401113
1214401129
1214401114
1214401130
1213573281
1213556898
1213573282
1163954837
1163954853
1217669785
1217669782
1217669786
1151437401
1151437417
1151437402
1151437418
1217665381
1217665385
1217665382
1217665386
1146243733
1146243749
1146243734
1146243750
1146260117
1146260133
2241923753
2241173569
2241239105
2241177665
2241243201
2257950785
2258016273
2257954881
2258020369
2287380561
2287364178
2287380562
2287364193
2287380577
2287364194
2287380578
2241923417
2241923481
1213815045
1213819141
1213815046
1213819142
1213815049
1150438037
1150438053
1150438038
1150438054
1213897221
1213901317
1213897222
1213901318
1213897225
1217927846
1217927850
1218713958
1218713962
1218718053
1218718057
1218718054
1218718058
1218718117
1218595158
1218595174
1218714022
1163954842
1218595413
1218595429
1218595414
1163938473
1163499585
1163565073
1163503681
1213471082
1213475173
1213475177
1213475174
1213475178
1213471141
1213471145
1213471142
1213471146
1213471077
1218611609
1218611625
1146260121
1146260122
1146242457
1146242473
1146242458
1146242474
1146258841
1146258857
1146258842
1146258858
1147292265
1147292266
1146448017
1146464401
1146448018
1146464402
1146448033
1146464417
1146448034
1146464418
1168181862
1168181926
1168181866
1168181930
1167693890
1184909974
1168132762
1168132778
1184909914
1184909930
1184909990
1213819025
1213835409
1213819026
1213835410
1214417306
1214417322
1214400857
2241890921
1163954518
1163954534
1163954522
1163954538
1168148822
1168148838
1168148826
1168148842
1151486357
1151486373
1151486358
1151486374
1151502741
1151502757
1151502742
1151502758
1146260118
1146260134
1146243477
1146243493
1146243478
1146243494
1146259861
1146259877
1146259862
1146259878
1150371414
1150387814
1150387557
1167759426
1167697986
1167763522
1184471106
1184536594
1184475202
1184540690
1214417561
1214417577
1214417562
1214335381
1214335397
1214335382
1214335398
1214351765
1214351781
1214523753
1214523750
1214523754
1214519653
1214519657
1214519654
1214519658
1214523749
2291509409
1214417578
1167431698
1167419410
1167435794
1163938134
1163938150
1163938138
1163938154
1168132438
1168132454
1168132442
2241173634
2241239170
2241177730
2241243266
2257950850
2258016290
2257954946
2241988970
2241989034
2258667926
1150658722
1150720521
1150724617
1150720522
1213884681
1214524054
1214524058
1213470362
1213474453
1213474457
1213474454
1213474458
1213471317
1213471321
1146242650
1146242666
1146259033
1146259049
1146259034
2237680277
2237680293
2237680281
2237680297
2287360266
2288093542
2287360262
2241874533
2288077141
2288077157
1213818978
1213835362
1150454362
1150454378
1151486570
1151486617
1151486633
1150453082
1150453098
1150436953
1150436969
1150436954
1218095265
1217816722
1217833106
1184926102
1184926106
1217767585
1184926118
1217767586
1168247126
1184454690
1146526213
1213736597
1213736602
1213732437
1213732441
1213732438
1213732442
1213736533
1213736537
1213736534
1213736538
1184536609
1184540705
1217931626
1217927589
1217927593
1217927590
1217927594
2292271449
2292271465
2292271450
2292271466
2292287833
2292287849
2292287834
2292287850
2292271705
2292271721
2237680230
2237680218
2237680234
2237224978
2237241362
2237229074
2237245458
2241419282
2241435666
2241423378
1213880842
1213884938
1213815301
1213819397
1213815302
1213819398
1213880837
1213884933
1150371430
1150387542
1150387558
1150371413
1150371157
1150371173
1150371158
1150371174
1150387541
1150371429
1168149146
1218611798
1218611622
1218611861
1218611878
1218877957
1218882053
1217668438
1217668442
1217664341
1217664345
1217668505
1217664405
1217664409
1217664406
1217664410
1217669525
1168181865
1168181929
2241890985
2292288149
2292288165
2292288150
2292288166
2292271701
2292271717
2292271702
2292271718
2291554570
2288093785
2288093801
1218529893
1218529878
1218529894
2288093786
2288093802
1184926042
1218546261
1218546277
1213737577
1213737574
1213737578
1213733541
1214417254
1167759378
1167747090
1167763474
1168132758
1214417493
1214417509
1214417494
1214417510
1168132774
1150724618
1218013329
1218029713
1218013330
1218029714
1213553161
1213557257
1213553162
1213557258
1213618693
1213622789
1214601733
1214605829
1214601734
1214605830
1168181594
1168181658
1184909654
1184909670
1184909658
1184909674
1167415362
1167480898
1167419458
1167484994
1150965842
1150970118
1150965857
2288159125
2288159141
2288159126
2288159142
2288159381
2288159397
2288159382
2288159398
2288142933
2288142949
1146258773
1146258789
1146258774
1146258790
1218546325
1218546341
1218546326
1218546342
1168149141
1168149145
2291554450
2291570834
2291554465
2291570849
2291554466
1218714021
1218714025
1217829126
1217833222
1217829129
1217833225
1217829130
1217833226
1218713957
1218713961
1213556881
1213573265
1213556882
1213573266
1213556897
1213819041
1213835425
1213819042
1213835426
2237224993
2237241377
2237229089
2237245473
2241419297
2241435681
2241423393
2241439777
2237696597
2237696613
1150986321
1150969938
1150986322
1150969953
1150986337
1150969954
1150986338
1146513926
1146509833
1146513929
1146509834
1146513930
1146443921
1146176921
1146176937
1146176922
1146176938
2237224994
2237241378
2237229090
2237245474
2241419298
2241435682
2241423394
2292271706
2291492961
2291509330
1151503001
1151503017
1151503002
1151503018
2237680217
2237680233
2292336985
2292337001
2292336986
2292337002
2292337241
2292337257
2292337242
2292337258
1218075141
1218079237
1218075142
1218079238
1218075145
1217926741
1217926745
1217926742
1217926746
1217930837
2258668117
2258668133
2258668121
2258668137
2292337237
2292353702
2292337238
2292337301
2292337317
2292337302
1218861573
1218865669
1218861574
1218865670
1218861577
1218865673
1218861578
1218865674
2288077142
2288077158
2288093525
2288093541
2288093526
2288093781
2288093797
2288093782
2288093798
2287364361
1217669733
1217669737
1217669734
1217669738
1217669797
1217669801
1217669798
1217669802
1217665637
1217665641
1217665638
1217665642
1217665701
1217665705
1217665702
1217665706
1218091270
1218095366
1213733270
1213733274
2291554822
2292336981
2288159066
2288159082
2288142937
2288142953
2288142938
2288142954
2292336997
2292336982
2288159321
2288159337
2237044770
2236983426
2237048866
2291820641
2292271786
2237696666
2291820642
2292287914
2292288153
2292288154
1146194266
1146194282
1146178137
1146178153
1146178138
1146178154
1146194521
1146177129
1146177881
1146177897
1218714213
1218714217
1218714214
1218714218
1218718309
1218718313
1218718310
1218718314
1218718378
1214671369
1214671370
1214601737
1213475430
1213475434
1213475497
1213475493
1213475498
1214605833
1214601738
1213471334
1213471338
1213475429
1213471318
1213471322
1213475413
1213475417
1213475414
1213475418
1213471381
1213470293
1213470297
1214519893
1217747106
1217763490
1218009233
1218025617
1218009234
1167484993
1184192529
1184208913
1184196625
1184213009
1168181589
1168181653
1168181593
1168181657
1184909653
1150436970
1150453337
1150453353
1150453338
1150453354
1150720517
1150724613
1150720518
1150724614
1151486297
1213573218
1168132458
1163483154
1163499538
1163487250
1163503634
1167677458
1167693842
1213818977
1213835361
1217930841
1217930838
1217930842
1217926805
1217926809
1218976341
1218976345
1218976342
1218976346
1218980437
2287622226
2287626502
2287622241
2287626505
2287622242
2287626506
2241501201
2241488913
2241505297
2288077205
1213732501
1213732505
1214524073
1214524070
1214524074
1150436777
1150436762
1150436778
1150453145
1150453161
1150453146
1217816674
1184471074
1184458786
1184926294
1184926310
1184926298
1184475170
1217751185
1217767569
1217751186
1184926314
1167480850
1167497234
1167484946
1163237442
1163302930
1163241538
1163307026
1168132502
1168132518
1168132506
2292337318
2291570850
2241173633
2241239169
2291816609
2291821065
2291816610
2291821066
2291821062
2292353446
1147292246
1147292262
1147308629
1146260053
1146242645
1146242661
1146242646
1146242662
1146259029
1146259045
1150970121
1150965858
1150970122
2288159322
2288159338
1146775633
1146792017
1146775634
1146792018
1146775649
1147226778
1147226794
1147243161
1147243177
1147243162
2241989273
2291493385
2291488930
2291493386
2291554821
2291558917
2241243170
2241890710
2291554825
1213475494
1213471333
1213471337
1214519717
1214519721
1214519718
1214519722
1214523813
1214523817
1214523814
1167497282
1167435842
1167501378
1184208962
1184274450
1184213058
2241243154
2237241410
2237306898
2237245506
2237310994
2287380746
2237680038
2237680042
2237680278
2237680294
1150372185
1150372201
2257950737
2257938449
2257954833
2241923413
2241923477
1213552785
1213569169
1213552786
1213569170
1213552801
1213569185
1213552802
1213569186
1213814929
1213831313
1150453162
1150438058
1150970017
1150986401
1150970018
1150986402
1150707857
1150724241
1150707858
1150436761
1213900881
1214335385
1214335401
1214335386
1214335402
1214351769
1214351785
1214351770
1214351786
1214335641
1147242917
1147242902
1147242918
1147226773
1147226789
1147226774
2292336998
2292353365
2292353381
2292353366
2292353382
2237696682
2292337254
2237696662
2237241474
2237306914
2237245570
2237311010
2241890970
1146771538
1146775814
1146771553
1146775817
1146771554
1146775818
1146509393
1146525777
1146509394
1146792097
1146775714
1146792098
1146513553
1146529937
1146513554
1146529938
1146513569
1146529953
1146513570
1151437145
1151437161
1151437146
1151437162
1217669722
1217665685
1217665689
1217665686
1217665690
1217669781
1218595225
1218595241
1218595226
1218595242
1184926122
1218595481
1218595497
1218595482
1218595498
1167431810
1146177882
1146177898
1146194265
1146194281
1146194522
1146194538
1217927781
1217927785
1217927782
1217927786
1217931877
1217931881
1217931878
1217931882
1217927845
1217927849
1146242453
1146242469
1146242454
1146242470
1146258837
1146258853
1146258838
1146258854
1146242709
1146242725
1147292058
1147292074
1147308441
1147308457
1147308442
1147308458
1147292313
1147292329
2292288169
2292288170
2288159062
2288159078
2288159317
2241874582
2288159333
2288159318
2288159334
2241874598
2241874586
2241874602
1214605834
1214667269
1214671365
1213475433
1150720262
1150724358
1147242858
1184909973
1184909977
1214417557
1214417573
1214417558
1214417574
1184909989
1184909993
1167431745
1167497281
1214683657
1214683653
1214687749
1214683654
1214683658
1213569541
1213573637
1213569542
1213573638
1213569545
1218980521
1218980518
1218980522
1218025733
1218029829
1218025734
1218029830
1218025737
1218029833
1218025738
1218029834
1218091269
1218095365
1213733545
1213733542
1213737638
1213737641
1213733546
1213733477
1213733481
1213733478
1213733482
1213737573
2241177634
2237696342
2237696358
2237696346
2237696362
2241890646
2241890662
2241890650
2241890666
2236979330
1163954585
1163954601
1217664422
1217664426
1217668517
1217668521
1217668518
1217668522
1167497346
1167435906
1167501442
1184209026
1184274466
1184213122
2292271722
2292288089
2292288105
2292288090
2292288106
1214417258
2287315106
2287376901
2287380997
2287376902
2288142681
2288142697
2288142682
2288142698
2288159065
2288159081
1214519897
1214519894
1214519898
1214523989
1150437014
1150437030
1214786218
1214782053
1214782057
1214782054
1214782058
1214782122
2241439762
2237680214
2241890645
2241890661
2241890649
2241890665
1217812561
1217828945
1217812562
1217828946
1217812577
1217828961
1217812578
1217828962
1218074705
1218091089
1217763589
1217767685
1217763590
1217767686
1217763593
1217767689
1217763594
1217767690
1217829125
1217833221
1163938201
1163938217
1168132501
1168132517
1168132505
1168132521
1150372181
1150372197
1150372182
1150372198
1150388565
1150388581
1213470054
1213470058
1213474149
1213474153
1213474150
1213474154
1213470117
1213470121
1217816737
1217833121
1217816738
1217833122
1218095266
1218078881
1217816721
1217833105
1213897226
1213831685
1213835781
1213831686
1213835782
1213831689
1213835785
1213831690
1213835786
1213901322
1213618273
1213634657
1213618274
1213634658
1213880401
1213896785
1184278546
1168181606
1168181670
1168181610
1168181674
1184909718
1184909734
1184909722
1184909738
1167431746
2287380998
2288159386
2288159130
2288159146
2287315089
2287298706
2287315090
2287298721
2287315105
2287298722
1163483170
1163499554
1163487266
1163503650
1167677474
1167693858
1167681570
1213638921
1213634826
1213638922
1213573382
1213569289
1213573385
1213569290
1213573386
1213634821
1213638917
1150703761
1150720145
1150703762
1150720146
1150703777
1150720161
1150703778
1150720162
1150965905
1150970373
1214786149
1214786153
1214786150
1214786154
1214786217
1214786213
1214782118
1214786214
1214782117
1214782121
1146242710
1146242726
1146259093
1146259109
1146259094
1146259110
1150372437
1150372453
1150372438
1150372454
1150388821
1150388837
1150388822
1150388838
1150388566
1150388582
1213880402
1213896786
1213880417
1213896801
1213880418
1213896802
1213618257
1213634641
1213618258
1213634642
1150437721
1213634822
1213638918
1213634825
1213569285
1213573381
1213569286
1150437737
1150437722
1150437738
1150454105
1150454121
1150454106
2291493026
2291509410
1213638817
1213622434
1213638818
1213884561
1213900945
1213884562
1213900946
1213884577
1213900961
1213884578
1213622417
1213638801
1213622418
1213638802
1213622433
2288159402
2288159385
2288159401
2287626386
2287642770
2287626401
2287642785
2287626402
2287642786
2258651818
1218529626
1218546009
1218546025
1218546010
1218529642
2258282530
1151486313
1151486298
1151486314
1217927833
1146771537
1146775813
1146177957
1146178197
1146178213
1146509573
1146513669
1146509574
1146513670
1146509577
1168132773
1163237441
1163302929
1163241537
1163307025
1167480849
1167497233
1167484945
1167501329
1163938197
1214351705
1214351721
1214351706
1214351722
1214351977
2292353689
2292353705
2292353690
2292353706
1218091529
1218095625
1218091530
1218095626
1217762821
1217766917
1217762822
1217766918
1217762825
1217766921
2258667862
2258196514
2258212898
2258200610
2258216994
2291575306
2258667866
2258668118
2258668134
2258668122
1147226725
1147226710
1147226726
1218980441
1218980438
1218980442
1218980501
1218980505
1218980502
1218980506
1147308377
1147308649
1147308650
1213737558
1213737562
2288077221
2288077206
1168247209
1184926101
2288077222
2288093589
2288093605
2288093590
2288093606
2288077461
2288142745
2288142761
2288142746
2288142762
2288159129
2288159145
1214519957
1214519961
1214519958
1214519962
1147243110
1146525778
1146509409
1146525793
1146509410
1146525794
2287294545
2287298821
2287294546
2287298822
2287294561
2287298825
2287294562
2287298826
2287360261
2287364357
2291492962
1214782037
1214782041
1214782038
1214782042
1214786133
1214786137
1214786134
1214786138
1214782101
1214782105
1150437781
1150437797
1150437782
1150437798
1150454165
1150454181
1218079241
1218075146
1218079242
1150436757
1217751302
1217747209
1217751305
1167743105
1167681665
1218611877
2241157249
2241222785
2241890981
2241435777
2241501313
1218025634
2292353701
1218095202
1218078801
1217829385
1217833481
1217829386
1217833482
1150372245
1150372261
1150372246
1150372262
1150388629
1150388645
1150387621
1150388630
1151437222
1151437477
1167435841
1167501377
1184208961
1184274449
1217669466
1217669526
1217669530
1217812741
1217812745
1217812742
1217812746
1217747205
1217751301
1217747206
1218074706
1218091090
1218074721
1218091105
1218074722
1218091106
1218546069
1218546085
1218546070
1218546086
1168132522
2291558666
2241890901
2241890905
2292287846
2241890917
2292288085
2292288101
2292288086
2292288102
2237696357
1213573641
1218546262
1218546278
1147292010
1147291994
1146193305
1146193321
1146193306
1147242841
1147242857
1147242842
1146194537
1146176857
1214352025
1214352041
1214352026
1214352042
2241239058
2287298705
1163938218
1214335577
1214335593
1214335578
1218595161
1218595177
1218595162
2241439873
2241505409
1218595178
1217927830
1217927834
1151486553
1151486569
1146443937
1146448393
1146443938
1146448394
1147308373
1147308389
1147308374
1147308390
1147292245
1147292261
1163954841
1163954857
1168149157
1168149161
1167677506
1167743042
1167681602
1167747138
1184909669
1184909657
1184909673
1167677505
1167743041
1167681601
1167747137
1184454673
1184471057
1184458769
1218976421
1218976425
1218976422
1218976426
1151486378
1218718373
1218718377
1218718374
1150454361
1150454377
1167480866
1167497250
1167484962
1167501346
1163954582
1163954598
1217751202
1163954838
1218611610
2241989206
1151502693
1151502678
1151502694
1151486549
1151486565
1151486550
1151486566
1150372522
1150388633
1150388649
1150388634
1150388650
1151421018
1151421034
1150388825
1150388841
1150388826
1150388842
1150720265
1150724361
1150720266
1150724362
1146243413
1146243429
1146243414
1146243430
1146260069
1146260054
1146243670
1146243686
1146260070
1217668761
1217668758
1217668762
1217665621
1217665625
1217665622
1217665626
1217669717
1217669721
1217669718
1214335318
1214335334
1214351701
1214351717
1214351702
1214351718
1214335573
1214335589
1214351974
2292337045
2292337061
2292337046
2292337062
2292353429
2292353445
2292353430
2292353685
1214417241
1214417257
1214417242
2241501249
2241439809
2241505345
2258212929
2258278417
2258217025
2258282513
2241923685
2241923749
2241923689
1218013265
1218013282
1218029665
1218546266
1167697954
1218029666
1218529881
1218529641
1218529625
1167435810
2237696345
2237696361
1151420825
1151420841
1151420826
1151420842
1151437209
1151437225
1151437210
1151437226
1146513673
1146509578
1146513674
1147226453
1147226469
1147243094
1147226454
1147226470
1147243109
1147226709
1150708230
1150704137
1150708233
1150704138
1150708234
1151486293
1151486309
1151486294
1151486310
1151502677
1214351957
1214351973
1213814866
1213831250
1213814881
1213831265
1213814882
1213831266
1214335317
1214335333
2291509393
2291493025
1150387881
1150387866
1150387882
1150372249
1150372265
1150372250
1150372266
1150372505
1150372521
1150372506
1150436773
1150436758
1150436774
1150453141
1150453157
1150453142
1150453158
1150437013
1150437029
1150704134
2241157186
2241222722
2241161282
2241226818
2257934354
1184454689
1184471073
1184458785
1184475169
1217747089
1184471169
1167431809
1167497345
1167435905
1167501441
1184926293
1184926309
1184926297
1184926313
1218025618
1217763473
1217747090
1217763474
1217747105
1217763489
1168148906
1218546090
1218529945
1163954586
