86253044752
1478134020
1478134024
1478761056
1478765152
1478761120
1478765216
1410606752
1410696708
1410696712
1410762244
1410603616
1410607712
1410603680
1410607776
1410865760
1410869856
1436026369
1436026370
1452803585
1452803586
1410868896
1478068740
1478068744
1478134276
2484344160
2484348256
2484344224
2484348320
2484344416
2594703874
2552597000
1453853185
1453853186
2577926658
1410762248
1410865504
1410869600
1410865568
1410869664
1436027137
1436027138
2509768193
2509768194
2526545409
2526545410
2551810564
2551810568
2484439556
2484439560
2484685316
2484685320
2484701700
2484701704
2484767240
1478052100
1478052104
1478068484
1478068488
1410864720
1410868816
1410864736
1410868832
1410865744
2510817793
2510817794
2484767236
1410697736
1410943492
1410943496
1410959876
1410959880
2552765008
1410865824
1410869920
1410602336
1410606432
1410602400
1410606496
1410602592
1410606688
1410602656
1410869840
2484607328
2484611424
2484607392
2484611488
2484607584
2484611680
2484607648
2484611744
2551716192
2551720288
2551876100
1747458640
1747462736
1747458656
1747462752
1478052356
1478052360
2577926657
1477974368
1477978464
1477974432
1477978528
1477974624
2551810308
2551810312
2552502864
2552506960
2552502880
2552506976
2594703873
2551716256
2551720352
2509769217
2509769218
1478761040
1478765136
2484348512
2484344480
2484348576
1452804609
1452804610
1478855172
2484611664
2551716432
2551720528
2551716448
2551720544
2484607312
2484611408
2484607568
1478134280
1410763268
1410763272
1411025412
1411025416
2485656144
2485660240
2485656160
2485660256
2552580612
2552580616
2552769104
2552765024
2552769120
2552596996
1436027393
1436027394
1478855176
1478920708
1478920712
1437075969
1437075970
2484438532
2484438536
2484504068
2484504072
2484606560
2484610656
2505573889
2505573890
2551716176
2551720272
1431832065
1431832066
1479027296
1479023184
2509768962
2551876104
2526546177
2526546178
2552765088
2552769184
2526546433
2526546434
2551875844
1479027360
2505574913
2505574914
2484606544
2484610640
2821200464
2821204560
2821200480
2821204576
2551715408
2551719504
2551715424
2551719520
2551794180
2551794184
1431833090
2484606624
2484610720
2484505092
2484505096
2527595009
2552662532
2552662536
2527595010
1410680324
1410680328
1410606416
1410606672
1410602576
1477973584
1477978720
1477974688
1477978784
2506623489
2506623490
1431832833
1431832834
1410681348
1410681352
1410697732
1431833089
1432881665
1432881666
2551875848
1410865488
1410869584
1477974352
1477978448
1478838788
2484344400
2484348496
2484345424
2484349520
2484345440
2484349536
1411914336
1411918432
1411914400
1411918496
1479023264
1478838792
1479027280
2505574657
2505574658
1499990529
1499990530
1504184833
1504184834
2551793924
2551793928
2551715488
2551719584
2551716512
2551720608
2484344144
2484348240
2484422148
2484422152
1477977760
1410864800
2509768961
1520962049
1520962050
1479023200
1477973600
1477977696
1477973664
1477977680
2484345504
2484349600
2552502944
2552507040
2485656224
2485660320
2573732354
2573732353
2484423172
2484423176
2821200544
2821204640
1477974608
1477978704
1410603600
1410607696
1411914320
1411918416
1452804353
1452804354
1747458720
1747462816
