1443194274832
1718140405776
2817652033552
1511981975568
2611493603344
1786859882512
2886371510288
2542773012496
1443195324432
2542706952208
1786859816976
1443212101648
2542723729424
1718090008592
2817601636368
1443194275856
2542705903632
1443278161936
2542789789712
2817667696656
1511997638672
2611509266448
2886387173392
1443194275872
2542705903648
2817583810592
1511913752608
2611425380384
2886303287328
1718157116448
2817668744224
1511998686240
2611510314016
2886388220960
1443261449232
2542773077008
1443194341392
2542705969168
1718072248336
2817583876112
1511913818128
1511913817104
2611425444880
1786791724048
2886303351824
2611425445904
1718139552800
2817651180576
1511981122592
2611492750368
1786859029536
2886370657312
2817601897488
1511931839504
2611443467280
1786809746448
2886321374224
1443195585552
2542707213328
1718073492496
2817585120272
1511915062288
1718156331040
2817667958816
1511997900832
2611509528608
1786875807776
2886387435552
2817583810576
1511913752592
2611425380368
2886303287312
1443261384720
1718139291664
2817650919440
1511980861456
1443212101664
2542723729440
1718090008608
2817601636384
1511931578400
2611443206176
1786809485344
2886321113120
1443279210528
2542790838304
1443279537168
2542791164944
2817669071888
1511999013904
2611510641680
2886371771408
1786809811984
2886388548624
1511931578384
1786809485328
2886321113104
1443279210512
2542790838288
2817668745232
1511998687248
2611510315024
1718140404768
2817652032544
1511981974560
2611493602336
1786859881504
2886371509280
2542723008544
1718089287712
2817668809760
1511998751776
2611510379552
1786876658720
2886388286496
1443194603552
2542706231328
2817584138272
1511914080288
2611426493456
1786792772624
2886304400400
1443262497808
2542774125584
1718140404752
1443261384736
2542773012512
1718139619344
2817651247120
1511981189136
2611492816912
1786859096080
2886370723856
1718156331024
2817667958800
1511997900816
2611509528592
1786875807760
2886387435536
1511981188128
2611492815904
1786859095072
2886370722848
1443195323424
2542706951200
2817584858144
1511914800160
2611426427936
2886304334880
1443262432288
2542774060064
2611425642512
2886303549456
1443261646864
2542773274640
2886303613968
2817669072928
1511999014944
2611510642720
2886388549664
1443195388960
2542707016736
1718073295904
2817584923680
1511914865696
2611426493472
1786792772640
2886304400416
1443262497824
2542774125600
1443194603536
2542706231312
2817584138256
1511914080272
2611425708048
2886303614992
1443261712400
2542773340176
1718157378592
1443261711376
2542773339152
1718139618320
2542723728416
2817601635360
1511931577376
2611443205152
1786809484320
2886321112096
1443279209504
1443211315232
2542722943008
1718089222176
2817600849952
1511930791968
2611442419744
1786808698912
2886320326688
1443278424096
2542790051872
1443279209488
2542790837264
2817668744208
1511998686224
2611510314000
2886388220944
1511930857504
1443211315216
2542722942992
1718089222160
2817600849936
1511930791952
2611442419728
1786808698896
2886320326672
1443278424080
2542790051856
1718139618336
2817651246112
2817651246096
1511981188112
2611492815888
1786859095056
2886370722832
1718072509456
2817584137232
1511914079248
2611425707024
2817669006352
1511998948368
2611510576144
1786876855312
2886388483088
1443194341408
2542705969184
1443278226464
2542789854240
1718156133408
2817667761184
1511997703200
2611509330976
1786875610144
2886387237920
1443212167184
2542723794960
1718090074128
2817601701904
1511931643920
2611443271696
1786809550864
2886321178640
1443279276048
2542790903824
1443212167200
2542723794976
1718090074144
2817601701920
1511931643936
2611443271712
1786809550880
2886321178656
1443279276064
2542790903840
1718157183008
1443195651104
2542707278880
2817585185824
1511915127840
2611426755616
2886304662560
1443262759968
2542774387744
1443211314208
2542722941984
1718089221152
2817600848928
1511930790944
2611442418720
1786808697888
2886320325664
2542722941968
2817600848912
1511930790928
2886387434512
1718139553824
2817651181600
1511981123616
2611492751392
1786859030560
2886370658336
1511997966368
2611509594144
2886387501088
2611425708064
2886303615008
2611442485280
2817600915488
2886320392224
1443278489632
2542790117408
2817668024352
2611425379360
2886303286304
1443261383712
2542773011488
1718139290656
2817650918432
1511980860448
2611492488224
2817583809552
1786791658512
2886303286288
1443261383696
2542773011472
1511930528784
2611442156560
1718139290640
2817650918416
1443195586592
2817600652304
1511930594320
2611442222096
1786808501264
2886320129040
1443278226448
2542789854224
1718156133392
2817667761168
1511997703184
1718072248352
2817583876128
1511913818144
2542791165968
1786876921872
2611442418704
1786808697872
2886320325648
1443279275024
2542790902800
1718157181968
2817601700880
1511931642896
2886388221968
1443212166176
2542723793952
1718090073120
2817601700896
1511931642912
2611443270688
1786809549856
2886321177632
1443279275040
1443278488608
1443195389968
2542707017744
1718073296912
2817584924688
1511914866704
2611426494480
1786792773648
2886304401424
1443262498832
2542774126608
2611492488208
2886370395152
2542705902608
1511913751568
1443194536976
2542706164752
1718072443920
2817584071696
1443261645840
2542773273616
1443278161952
2542789789728
2817667696672
1511997638688
2611509266464
2886387173408
1786860078096
1443278488592
2542790116368
2817668023312
1511997965328
2611509593104
2886387500048
1443194602512
2542790116384
2817668023328
1511997965344
2611509593120
2886387500064
1786858767392
2886370395168
1718156067872
1718073559072
2817585186848
1511915128864
2611426756640
2886304663584
1443262760992
2542774388768
2817667695648
1511997637664
2611509265440
2886387172384
1443194274848
2542705902624
2817583809568
1511913751584
1511915128848
2817669007376
1511998949392
1443194340384
2542705968160
1718072247328
2817583875104
1511913817120
2611425444896
1786791724064
2886303351840
1443211117600
1718089024544
1718140667920
2817652295696
1511982237712
2611493865488
1786860144656
2886371772432
1443195652112
2542707279888
2817585186832
1443278160928
1443278160912
2542789788688
2817667695632
1511997637648
2611509265424
2886387172368
2817668745248
1511998687264
2611510315040
2886388221984
1443195324448
2542706952224
2817584859168
1511914801184
2542723991584
1718090270752
2817601898528
1511931840544
2611443468320
1786809747488
2611510577168
1786876856336
2886388484112
1443211118624
2542791100432
2817585185808
1511915127824
2611426755600
2817668810784
1511998752800
2611510380576
1786876659744
2886388287520
2542707017760
1718073296928
2817584924704
1511914866720
1443211379744
1718089286688
1443194602528
2542706230304
2817584137248
1511914079264
2611425707040
2886303613984
2611426428960
2611426691104
1786792970272
2886304598048
2886321375264
1443212363808
2542722745360
2611509330960
1786875610128
2542791165984
1718140667936
2817652295712
1511982237728
2611493865504
1786860144672
2886371772448
1443195652128
1443279538208
1511999014928
1443212429328
1718090336272
1443279538192
1718140339216
2817651966992
1511981909008
2611493536784
2611443205136
2886321112080
1786792707088
2886304334864
1443195323408
2542706951184
2817584858128
1511914800144
1443262432272
2542774060048
2886321177616
1786809549840
1443212166160
2542723793936
1718090073104
1511999013920
2611510641696
2886388548640
1786809812000
1443279537184
2542724056096
2817601963040
1511931905056
2611443532832
2611443532816
1718090335248
2817601963024
1511931905040
1443212428304
2542724056080
2611492489232
1786858768400
2886370396176
1718139291680
2817650919456
1511980861472
2611492489248
1786858768416
2886370396192
1786808764448
2817600653328
1511930595344
2611442223120
1786808502288
2886320130064
2542722746384
1443278489616
2542790117392
2817669072912
2886388549648
2817584859152
1511914801168
2611426428944
2886304335888
2886304662544
1443195651088
2542707278864
1443261712416
2611425642528
1786791921696
2886303549472
2542773274656
1718157181984
2817668024336
1511997966352
2611509594128
2886387501072
2611426756624
2886304663568
2886304335904
2886321439776
2542791164960
2817669071904
