1460373095440
1100548673
1100548737
1100614209
1100614273
1100548674
1100548738
1100614210
1100614274
1118341665
1117264134
1117005318
1100223749
1100223753
1100227849
1100223750
1100223754
1100227850
1117001226
1117293089
1117013265
1117013281
1117029665
1117013266
1117013282
1117029666
2190742789
2190742793
1117276689
1117276705
1118341666
2192054790
1096296714
1100486917
1100486921
1100491017
1100486918
1100486922
1100491018
1117013521
1117029905
1117013537
1117029921
1117013522
1117029906
1117013538
1117029922
2190743045
2190747141
2191010314
1096292618
1100224010
1096029701
1096029705
1096033797
1096033801
1096029702
1096029706
1096033798
1117264137
1117268233
1100228101
1100224009
1100228105
1100224006
1100228102
1100486149
1100486153
1100490249
1100351042
1100285570
1100351106
1117005322
1100228106
1117000965
1117000969
1117005065
1117000966
1117000970
1100487173
1100491269
1100491273
1100487174
1100487178
1100491270
1100491274
2190747146
1101535750
1101535754
1101535753
1101539849
1096292869
1096296965
1096292873
1096296969
1096292870
1096296966
2190748165
2190744073
2190748169
2190744070
2190748166
2190744074
2190748170
2190746889
2190742790
2190742794
2190746890
1117293073
1117276690
1100351041
1117264138
1100351105
1100285506
2192054793
1117264133
1117268234
2191006213
2191010309
2191006217
1100547649
1100547713
1100613249
1100547650
1100352066
1100286594
1100352130
1100548417
1100548481
1100614017
1100548418
1100548482
1117293074
1117264393
1117268489
1117264390
1117268486
1117264394
1117268490
1100224005
1117001221
1117001225
1117014562
1117030930
1117030946
1117293090
1100286529
1100286593
1100352065
1100352129
1100286530
1117006342
1117006346
1118325266
1118325281
1117275681
1117292065
1117275666
1117275682
1117292066
1118325282
1117014545
1117030929
1117014561
1117030945
1117014546
1117276706
1100229126
1100225034
1100229130
1096292874
1096296970
1100487177
1117005317
1117263370
1117267466
1117276450
1117292834
2191005189
2190743049
1117006345
1117002246
1117002250
1117005321
1117001222
1100225029
1100225033
1100229125
1100229129
1117276449
1117292833
1117276434
2191005957
2191005961
2191010313
2191006214
2191006218
2191010310
1100486154
1100490250
1096295945
1096291846
1096033802
1096291850
1096295946
1096291845
1100486150
1100285505
1100285569
1100225030
1117002245
1117006341
1096034821
1096034825
1096030726
1096030730
1096034822
1096034826
1096030725
1096030729
1096292613
1096292617
1097341446
1097341450
2191005193
2191009289
2191005190
2191005194
1117263365
1117263369
1117002249
1101535749
1117267465
1117263366
2191010057
2191005958
2191005962
2191010058
1117276433
1117264389
1100547714
1100613250
1117275665
2191009290
2190747145
2190743046
2190747142
2190743050
1100614018
1101662850
1118325265
1117005066
2190744069
2192054789
2192058890
2192058889
2192054794
1117268485
1101539850
1097341445
1097341449
1097345545
1096033546
1096029449
1096029450
1096291849
1096029446
1096033545
1101597249
1101597313
1101662849
1101597250
1101597314
1097345546
1096296713
1096292614
1118312965
1118312969
1118317065
1118312966
1118312970
1118317066
1100285249
1100285313
1100350849
1100285250
1100285314
1100350850
