365090112784
1212720800
1116232001
1116232002
1116232065
1116232066
1116248385
1116248386
1116248449
1116248450
2189973825
2189973826
1099503889
1099503890
1099503905
1099503906
1099569425
1099569426
1099569441
1099569442
1116293381
1116293382
1095002433
1099311393
1095017857
1095017858
1099306257
1099306258
1099306273
1099306274
1099310353
1099310354
1116231041
1116231042
1116235073
1116235074
1116235137
1116235138
1099506962
1099506977
1099506978
1095259522
1095263553
1095263554
1095263617
1095263618
1099502865
1099502866
2189977218
2189993537
2189993538
2189973889
2189973890
2189977921
2189977922
2189977985
2189977986
1116236353
1116236354
1116236417
1116236418
1116252737
1116252738
1116252801
1116252802
2189978177
2189978178
1095018049
1095018050
1095018113
1095018114
1099306513
1099306514
1099306529
1099306530
1099310609
1099310610
1099508241
1099508242
1099508257
1099508258
1099573777
1099573778
1099573793
1099573794
1116310021
1116310022
1099458178
1099474497
1099474498
1099474561
1099474562
1116247617
1116247618
1116247681
1116247682
1116251713
1095280258
1099568657
1099502881
1099502882
1099568401
1099568402
1099568417
1099568418
1116292357
1116292358
1116292361
1116292362
1116293385
1116293386
1116309765
1116309766
1116309769
1116309770
1099197058
1099213377
1099213378
1099213441
1099213442
1115986497
1115986498
1115986561
1115986562
1115990593
1099503121
1099503122
1099503137
1099503138
1099568658
1099568673
1099568674
1116292613
1099573538
1099311378
1099307281
1099307282
1099307297
1099307298
1099311377
1095264834
1095264897
1099195713
1099195714
1099195777
1099195778
1099212097
1099212098
1099212161
1099212162
1115985217
1115985218
1099453761
1099453762
1099453825
1099453826
1099457857
1099457858
1099457921
1099457922
1116230977
1116230978
1116252481
1116252482
1116252545
1116252546
1116232257
1116232258
1116232321
1116232322
1116248641
1116248642
1116248705
1116248706
2189974081
2189974082
1099307553
1099307554
1099311633
1099311634
1099311649
1099311650
1115990657
1099504145
1099504146
1099504161
1099504162
1099569681
1099569682
1099569697
1099569698
1116293637
1116293638
1099458881
1099458882
1099454017
1099454018
1099454081
1099454082
1099458113
1095263809
1095263810
1095263873
1095263874
1095002497
1095002498
1099241745
1099241746
1095264577
1095264578
1095264641
1095264642
1095280961
1095280962
1095281025
1095281026
1099458114
1099458177
1116231233
1116231234
1116231297
1115990594
1099245073
1099245074
1099245089
1099245090
1099310625
1099310626
1116046853
1116046854
1116374277
1116047877
1116047878
1116047881
1116047882
1116374278
1116374281
1116374282
1115968897
1115968898
1115972929
1115972930
1115972993
1115972994
1099192641
1099192642
1099192705
1099192706
1099459202
1099213121
1099213122
1099213185
1099213186
1115986241
1099506961
1099244817
1099244818
1099244833
1099244834
1099310369
1099310370
1116046597
1116046598
1115990338
1115990401
1115990402
1099195969
1099195970
1115970113
1115970114
1115989313
1115989314
1115989377
1115989378
1212720464
1095264898
1099454785
1099454786
1099454849
1099454850
1099458945
1099458946
1212720784
1216914832
1216914848
1216915088
1115990658
1095260545
1095260546
1099508001
1099508002
1095260481
1116046857
1116046858
2189973057
2189973058
2189973121
2189973122
2189977153
1099245841
1099245842
1099245857
1099245858
1116310025
1116310026
1116375557
1116375558
1116375561
1116375562
1216914784
1216915024
1216915040
1115973953
1115973954
1115974017
1115974018
1115990337
1212721488
1212721504
1212721744
1212721760
1216915792
1216915808
1216916048
1216916064
1115969090
1116113161
1115985474
1115985537
1115985538
1212704144
1115973185
1115973186
1115973249
1115973250
1115989569
1115989570
1115989633
1115989634
1212720528
1212720544
1094997314
1094997377
1095001410
1095001409
1095001473
1095001474
1099240721
1099240722
1099240737
1099240738
1095001729
1095001730
1099240977
1099240978
1099240993
1099240994
1095002689
1095002690
1095002753
1095002754
1099572514
1099572513
1099572497
1099572498
1099573522
1216915856
1216916112
1115974209
1115974210
1115974273
1115974274
1216915872
1216916128
1212721552
1212721568
1095281217
1095281218
1095281281
1095281282
1116031238
1116047622
1116046601
1116046602
1099241761
1099241762
1116030469
1116031497
1116031498
1094997378
1094997569
1094997570
1094997633
1115969154
1116236097
1116236098
1116236161
1116236162
1099455041
1212721808
1099191681
1099191682
1115968833
1115968834
1099196737
1099196738
1099196801
1099196802
1115969857
1115969858
1116308742
1116308745
1116308746
1116375301
1116375302
1116375305
1116375306
1116308741
1099196034
1115969089
1099192962
1099196993
1099196994
1099197057
1115969153
1099191873
1099191874
1099191937
1099191938
1099196033
1095280001
1095280002
1099573521
1099573537
1099572754
1099572769
1099572770
1095280193
1095280194
1095280257
2189976898
1099507217
1099507218
1099507233
1099507234
1099572753
1116308997
1116308998
1212721824
1099474241
1099474242
1099474305
1099474306
1116247361
1116247362
1116251458
1116251521
1116251522
1099475265
1116251714
1116251777
1116251778
1099212353
1099212354
1099212417
1099212418
1115985473
1099242001
1099242002
1099242017
1099242018
1099307537
1099307538
1116031493
1116031494
1116030470
1116030473
2189972801
2189972802
2189972865
2189972866
1212704160
1212704400
1212704416
1115969921
1115969922
1094998401
1094998338
1094998402
1094998337
1095002434
1212720480
1212720720
1212720736
1115986242
2189993602
1116235329
1116030474
1116047626
1116030214
1116031237
1116047621
1116030217
1116030218
1116031241
1116047625
1116031242
1116309001
1116309002
1116374533
1116374534
1116374537
1116374538
1212705424
1115970177
1115970178
1212705168
1212705440
1095019074
1095019137
1115986305
1115986306
1212705104
1212705120
1212705360
1212705376
1212705184
2189994305
2189994306
2189994369
2189994370
2189976961
2189976962
1116251457
1116235330
1116235393
1116235394
2189977154
2189977217
2189993601
1099507985
1099507986
1116231298
1099192897
1099192898
1099192961
1116247425
1116247426
2189993281
2189993282
2189993345
2189993346
1099246113
1099246114
1094998593
1094998594
1094998657
1094998658
1095260482
1095259457
1095259458
1095259521
1095259713
1095259714
1095259777
1095259778
1095260737
1095260738
1095260801
1095260802
1095264833
1099311394
1095018817
1095018818
1095018881
1095018882
1095001665
1095001666
1095019138
1095019073
1116293641
1116293642
1116292614
1116292617
1116292618
1095017793
1095017794
1095279937
1095279938
1099459137
1099459138
1099459201
1099475521
1099475522
1099475585
1099475586
2189974145
2189974146
2189978241
2189978242
1116113157
1116113158
1116113162
1099475266
1099475329
1099475330
1094997634
1099246097
1099246098
1116113413
1116113414
1116113417
1116113418
1099455042
1099455105
1099455106
1099191617
1099191618
1115985281
1115985282
1212704080
1212704096
1212704336
1212704352
1116030213
1116112389
1116112390
1116112393
1116112394
1116112133
1116112134
1116112137
1116112138
2189976897
2189994561
2189994562
2189994625
2189994626
1216914768
1216915104
