1189723833616
2379429840416
1189741659680
2289253287456
1258461136416
2357972764192
1206921528864
2306433156640
1275641005600
2375152633376
1194036626976
2293548254752
1189741659664
2289253287440
1258461136400
2357972764176
1206921528848
2306433156624
1275641005584
2375152633360
1194036626960
2293548254736
1189740611856
1275623180560
2375134808336
1194018801936
2293530429712
1262738278672
2362249906448
1211198671120
2310710298896
1279918147856
1262739326240
2362250954016
1211199718688
2310711346464
1279919195424
2379430823200
2310711346448
1279919195408
2379430823184
2357955986704
1206904751376
2306416379152
1275624228112
2375135855888
1194019849488
2293531477264
2362251020832
1211199785504
2310711413280
1262756103712
2362267731488
1211216496160
2310728123936
1279935972896
2379447600672
1189741726240
2289253354016
1258461202976
2357972830752
1206921595424
2306433223200
1275641072160
2375152699936
1194036693536
2293548321312
1189723900176
2289235527952
1258443376912
2357955004688
1206903769360
2306415397136
1275623246096
2375134873872
1194018867472
2293530495248
1189741726224
2289253354000
1258461202960
2357972830736
1206921595408
2306433223184
1275641072144
2375152699920
1194036693520
2293548321296
2357956053280
1206904817952
2306416445728
1275624294688
2375135922464
1194019916064
2293531543840
1262739392800
2362251020576
1211199785248
1275624294672
2375135922448
2306416379408
1275624228368
2375135856144
1194019849744
2293531477520
1194019916048
2293531543824
1262739326480
2362250954256
1211199718928
1262756103696
2362267731472
1211216496144
2310728123920
1279935972880
2379447600656
2306432174368
1275640023328
2375151651104
1194035644704
2293547272480
1262755121440
2362266749216
1211215513888
2310727141664
1279934990624
1189724947984
2289236575760
1258444424720
2357956052496
1275624293904
2375135921680
1194019915280
2379446552848
1279935973648
2379447601424
2310727076112
1194035579152
2293547206928
1262755055888
2362266683664
1189723834656
2289235462432
1258443311392
2357954939168
1206903703840
2306415331616
1275623180576
2375134808352
1194018801952
2293530429728
1189724882208
2289236509984
1258444358944
2357955986720
1206904751392
2306416379168
1275624228128
2375135855904
1194019849504
2293531477280
1211216496928
2310728124704
1279935973664
2379447601440
1189741725216
2289253352992
1258461201952
2357972829728
1206921594400
2306433222176
1275641071136
2375152698912
1194036692512
2293548320288
1262755121424
2362266749200
1211215513872
2310727141648
1279934990608
2379446618384
1189741725200
2289253352976
1258461201936
2357972829712
1206921594384
2306433222160
1275641071120
2375152698896
1194036692496
2293548320272
1189741660448
2289253288224
1189724947744
2289236575520
1258444424480
2357956052256
1206904816928
1206904816912
2306416444688
1275624293648
2375135921424
1275639956752
2375151584528
1194035578128
2293547205904
1189741660432
2289253288208
1258461137168
2357972764944
1206921529616
2306433157392
1275641006352
2375152634128
2306416444704
1275624293664
1194019915040
2293531542816
1262739391776
2379446618400
1189723900432
2289235528208
1258443377168
2357955004944
1206903769616
2306415397392
1275623246352
2375134874128
1194018867728
2293530495504
1211199719952
1211215513104
2310727140880
1279934989840
2379446617616
2310711347728
1279919196688
2379430824464
1262738277664
2362249905440
1211198670112
2310710297888
1279918146848
2379429774624
1189740610848
2289252238624
1258460087584
2357971715360
2375152698656
1206920481056
2306432108832
1275639957792
2375151585568
1194035579168
1262739326224
2362250954000
1211199718672
1189723834896
2289235462672
1258443311632
2357954939408
2375134808592
1194018802192
2293530429968
2310727076128
1279934925088
2379446552864
1189723900192
2289235527968
1189740676640
2289252304416
1206903704096
2306415331872
1275623180832
2375134808608
1194018802208
1275641070864
2375152698640
1189741659424
2289253287200
1258461136160
2357972763936
1275641005344
2375152633120
1262738344480
1211198736928
2310710364704
1279918213664
2379429841440
1258461136144
2357972763920
1279935972624
2379447600400
1189741659408
1262738344464
1194019915296
2293531543072
1262739392032
2362251019808
1211199784480
2379429775888
1189740612112
2289252239888
1258460088848
2357971716624
1262756170256
2362267798032
1211216562704
2310728190480
1279936039440
1211198671392
2310710299168
1279918148128
2379429775904
1189740612128
2289252239904
1258460088864
2357971716640
1206920481312
1194035579424
2293547207200
1262755056160
2362266683936
1211215448608
2310727076384
1279934925344
2379446553120
2293530494240
1279934925328
2375134873120
1194018866720
2379446618656
1189723900448
2289235528224
1258443377184
2357955004960
1206903769632
2306415397408
1275623246368
2375134874144
1194018867744
2289235461392
1258443310352
2306415330576
1206903702800
2357954938128
2375134807312
1194018800912
2293530428688
1262738277648
2362249905424
2362249970960
1194018866448
2293530494224
1262738343184
2375151650064
1194035643664
2293547271440
1279934989584
2379446617360
1189740676368
2306432108064
1279919196432
2379430824208
2310711347472
1211216496912
2310728124688
1189740677664
2289252305440
1258460154400
2357971782176
1194035644960
2293547272736
1262755121696
2362266749472
1211215514144
1279934990880
2289253353744
1206921595152
2306433222928
1275641071888
2375152699664
1262755055120
1194035578384
2362266682896
1258460087824
1262738277904
2362249905680
1279918147088
2379429774864
1275623245328
2375134873104
1194018866704
1262755120656
2362266748432
2362266682640
1275623179536
1189723899152
2289235526928
2362249970976
1211216495904
2310728123680
1279935972640
2379447600416
1189741724960
1258443310368
2357954938144
1194018800928
2293530428704
1206920480032
2306432107808
1275639956768
2375151584544
1194035578144
2293547205920
2293531478544
1262739327504
2362250955280
1211216497168
2310728124944
1279935973904
2379447601680
1206904752656
1275623245088
2375134872864
1194018866464
2357971780896
1206920545568
2306432173344
1275640022304
2375151650080
1262738343200
1189723899168
2289235526944
1258443375904
2357955003680
1262755120672
2375135856912
1194019850512
1211199785232
2310711413008
1279919261968
2379430889744
1206904817936
2306416445712
2379447667216
1189724949008
2289236576784
1258444425744
2357956053520
1194019916304
1206904752416
2306416380192
1275624229152
2375135856928
1194019850528
2293531478304
2310711347488
1279919196448
2379430824224
1206921529632
2310711413024
1279919261984
2379430889760
1206903769376
2306415397152
1275623246112
2375134873888
1194018867488
1258460153360
2357971781136
1206920545808
2306432173584
1194035643920
2293547271696
2293530494480
1262738343440
1194019849760
2293531477536
1262739326496
2362250954272
2293530494496
1262738343456
2362249971232
2310710363680
2293547271712
1262755054880
2362266682656
1258460087568
2357971715344
1189740610832
2289252238608
2306432107792
2310710298144
1279918147104
2379429774880
2379430890016
1189724949024
2362249971216
2379429840400
1279934924304
2379446552080
2293547206160
1211215447568
2310727075344
1194018801168
2293530428944
2293531544080
1262739393040
2362251020816
1211199785488
2310711413264
1279919262224
2379430890000
1206920546592
1258460153376
2357971781152
1194035643936
2306415396384
1275623245344
2362266748448
1275639957024
2375151584800
1194035578400
2293547206176
1262755055136
2362266682912
2293531478560
2362250955296
1211216497184
2310728124960
1279935973920
2379447601696
1206904752672
2289236576800
1258444425760
2357956053536
2293531544096
1262739393056
1279919262240
1189741660688
2289253288464
2357956052512
1189740676384
2289252304160
1258460153120
1262739327264
2362250955040
1211199719968
2310711347744
1279919196704
2379430824480
2289252304144
1258460153104
2357971780880
1206920545552
2306432173328
1275640022288
2289253287184
1189724882192
2289236509968
1258444358928
1262739327520
1189724947728
2289236575504
1258444424464
2357956052240
1189741724944
2289253352720
1258461201680
2357972829456
1206921594128
1206920481040
2306432108816
1275639957776
2375151585552
1279934925072
1211215448336
1206920546576
2306432174352
1275640023312
2375151651088
1262756169232
2362267797008
2293531543056
1262739392016
2362251019792
1206903703824
2306415331600
1206904752400
2306416380176
1275624229136
1189741725984
2289253353760
1258461202720
1206921595168
2306433222944
1275641071904
2375152699680
1262756169248
2362267797024
1279936038432
2379447666208
1211215448592
2310727076368
2379446553104
2306433157408
1275641006368
2375152634144
1258443375888
2357955003664
1211215512848
2310727140624
1211215514128
2310727141904
1279934990864
2379446618640
2289253352736
1258461201696
2357972829472
1189723833632
2289235461408
1262738278688
2362249906464
1194018801184
2293530428960
1262738277920
2362249905696
1211198736912
2310710364688
1279918213648
2379429841424
1211198671376
2310710299152
1279918148112
1194019850784
1211216562720
2310728190496
1279936039456
2379447667232
2310727141920
