292126197056
309307115904
584185022848
292194355584
567072262528
309374224768
584252131712
292127508096
567005415040
309307377280
584185284224
292194616960
567072523904
309374486144
584252393088
584252392768
292126459200
567004366144
309306328384
584184235328
292193568064
292126460544
567004367488
309306329728
584184236672
292193569408
567071476352
309373438592
584251345536
292127509120
567005416064
584185022016
292127245888
567005152832
309307115072
292193306176
567071213120
309373175360
584251082304
292126197312
292194354752
292193568128
567071475072
309373437312
584251344256
292127507840
567005414784
309307377024
584185283968
567071475008
309373437248
584251344192
292127507776
567005414720
309307376960
584185283904
292194616640
567072523584
309374485824
567071475264
309373437504
584251344448
292126197376
567004104320
309306066560
584183973504
292193306240
567071213184
309373175424
584251082368
292127245952
567005152896
309307115840
584185022784
292194355520
567072262464
309374224704
584252131648
292126460224
567004367168
309306329408
584184236352
292127508032
567005414976
309307377216
584185284160
292194616896
567072523840
309374486080
584252393024
309307115136
584185022080
292194354816
567072261760
309374224000
292193569088
567071476032
309373438272
584251345216
292127508800
567005415744
309307377984
584185284928
292194617664
567072524608
292126198400
567004105344
309306067584
584183974528
292193307264
567071214208
309373176448
584251083392
292127246976
567005153920
309307116096
584185023040
292194355776
567072262720
309374224960
584252131904
584252130944
292126460288
567004367232
309306329472
584184236416
292193569152
567071476096
309373438336
567004104000
584183973184
309306066240
567071212864
292193305920
309373175104
584251082048
292127245632
567005152576
309307114816
584185021824
292194354560
567072261504
309374223744
584252130688
584184235584
584251345280
292127508864
567005415808
309307378048
584185284992
292194617728
567072524672
309374486912
584252393856
292126197120
292126198336
567004105280
309306067520
584183974464
292193307200
567071214144
309373176384
584251083328
292127246912
567005153856
292193569344
567071476288
309373438528
584251345472
567004104064
309306066304
584183973248
292193305984
567071212928
309373175168
584251082112
292127245696
567005152640
309307114880
292127509056
567005416000
292126198144
567004105088
309306067328
584183974272
292193307008
567071213952
309373176192
584251083136
292127246720
567005153664
309307378240
584185285184
292194617920
567072524864
309374487104
584252394048
292126460480
567004367424
309306329664
584184236608
292193568320
567072261696
567004104256
309306066496
584183973440
309374223936
584252130880
292126459456
567004366400
309306328640
292126459264
567004366208
309306328448
584184235392
292194616704
567072523648
309374485888
584252392832
584185021760
292194354496
567072261440
309374223680
584252130624
309307116160
584185023104
292194355840
567072262784
309374225024
584252131968
309307378304
584185285248
292194617984
567072524928
292126198080
567004105024
309306067264
584183974208
292193306944
567071213888
309373176128
584251083072
292127246656
567005153600
292126459520
567004366464
309306328704
584184235648
292193568384
567071475328
309373437568
584251344512
309374486848
584252393792
309374487168
584252394112
