1396218070288
1400782587424
2500294215200
1675660494368
2775172122144
1396236224800
2495747852576
1671114131744
2770625759520
1413416093984
2512927721760
1688294000928
2787805628704
1400531192096
2500042819872
2775255156000
1418045490464
2517557118240
1692923397408
2792435025184
2513262150944
1688628430112
2788140057888
1396570653984
2496082281760
1418029828384
2517541456160
1692907735328
2792419363104
1396486506768
2495998134544
1671364413712
2770876041488
1675659381008
2775171008784
1413666375952
2513178003728
1688544282896
2788055910672
1417761392160
2517273019936
1692639299104
2792150926880
1417776859680
2517288487456
1692654766624
2792166394400
2500294478352
2495999511056
1671365790224
2770877418000
1413667752464
2513179380240
1688545659408
2788057287184
1675660757520
2775172385296
2495998133520
1671364412688
2770876040464
1400781474336
2500293102112
1675659381280
2775171009056
1671449610784
2770961238560
1413465310480
2512976938256
1688343217424
2787854845200
1396504594976
2496016222752
1417760279072
2517271906848
1692638186016
2792149813792
1671382501920
2770894129696
1413684464160
2513196091936
1400866671120
2500378298896
1675744578064
2775256205840
1418046540304
2517558168080
1692924447248
2792436075024
1396571703824
2496083331600
1400580213024
2500091840800
1675458119968
2774969747744
1417777842464
2517289470240
1692655749408
2792167377184
1413750588704
2513262216480
1688628495648
2788140123424
1413734795552
2513246423328
1688612702496
2788124330272
1413481826848
2512993454624
1688359733792
2787871361568
2500311189008
1675677468176
2775189095952
1417979430416
2517491058192
1692857337360
2792368965136
1400799561232
1396504593936
2496016221712
1396302022176
2495813649952
1671179929120
1396286229024
2495797856800
1671164135968
2513195829792
2792435091984
2787788851728
1400514415120
2500026042896
1675392322064
2774903949840
1417694284304
2517205912080
1692572191248
2792083819024
1400782850320
2500294478096
1675660757264
2775172385040
1413398005264
2512909633040
1688275912208
2787787539984
1396218399264
2495730027040
1671096306208
2770607933984
1400513366560
2500024994336
1675391993376
2774903621152
1396285507856
2495797135632
1671163414800
2770675042576
1675459102224
2774970730000
1417761064464
2517272692240
1692638971408
2792150599184
1417693170192
2517204797968
1396218333712
2495729961488
1671096240656
2770607868432
1413398202896
2512909830672
1688276109840
2787787737616
1675677533728
2770625431056
2775189161504
1396504594720
2496016222496
1671382501664
2770894129440
1413684463904
2513196091680
1688562370848
2788073998624
1400799562016
2500311189792
1671449610512
2770961238288
1413751572752
2513263200528
1688629479696
2788141107472
2517558167824
1692924446992
2792436074768
1400866670864
1418028516896
2517540144672
1692906423840
2792418051616
1688545397280
2788057025056
1675744314912
2775255942688
1675676420640
2775188048416
1417962718496
2517474346272
1692840625440
2792352253216
1417978186016
2517489813792
1396504593680
2496016221456
1671382500624
1413481891104
2512993518880
1688359798048
2770894128400
1413684462864
2513196090640
1688562369808
1396286228768
1413734599184
2513246226960
1688612506128
2788124133904
1675475159328
2774986787104
2517272693280
1418045294864
2517556922640
1692923201808
2792434829584
1413481891088
2512993518864
1688359798032
2787871425808
2500360537360
1675726816528
2775238444304
1418028778768
2517540406544
1692906685712
1418029499680
2517541127456
1413683152160
2513194779936
1688561059104
2788072686880
1400799560992
2500311188768
1675677467936
2775189095712
1692654765584
2792166393360
1417761065488
2517272693264
1692638972432
2792150600208
1413684266272
2513195894048
1688562173216
2788073800992
1396553942560
2496065570336
1671431849504
2770943477280
1413733811744
2513245439520
1688611718688
2788123346464
1400848909856
2500360537632
1413415832080
2512927459856
1688293739024
1671097025824
2770608653600
1413398988064
1417693955360
2517205583136
1692571862304
2792083490080
2774903620896
1396219118880
2495730746656
1692840363552
2792351991328
2500092822800
1675459101968
2774970729744
1417761064208
2517272691984
1396286227728
2495797855504
1671164134672
2770675762448
1413466096912
1675391207696
2774902835472
1396218333456
2495729961232
1671096240400
2770607868176
1688293739040
2787805366816
1400530930208
2500042557984
1675408837152
2774920464928
1417710799392
2517222427168
1692588706336
1400513103136
2500024730912
2517289536016
1692655815184
2792167442960
1675475946000
2774987573776
1417777908240
1413683153184
2513194780960
1688561060128
2788072687904
2500025976336
1675392255504
2774903883280
1417694217744
2517205845520
1692572124688
2792083752464
1396487816720
2495999444496
1671365723664
1413415044624
2512926672400
2787788786192
1413666376224
2513178004000
1688544283168
1396218070560
2495729698336
1671095977504
2770607605280
1413397939744
2512909567520
1688275846688
2787787474464
1400513037856
2500024665632
1418028452368
2517540080144
1692906359312
2792417987088
1396553615888
2496065243664
1675458118928
2774969746704
1413415831056
2512927458832
1688293738000
2787805365776
1400530929168
2500042556944
1675408836112
2774920463888
1417710798352
2517222426128
1413750262032
2513261889808
1688628168976
2788139796752
1675407984144
2774919611920
1417709946384
1400798512656
2500310140432
1675676419600
2775188047376
1417978381840
2517490009616
1692856288784
1418045556256
2517557184032
1692923463200
2792435090976
1418029763104
2517541390880
1692907670048
2792419297824
1688611456544
2788123084320
1688562436640
2788074064416
2500293101072
1396486506000
2495998133776
1671364412944
2770876040720
1675659380240
2775171008016
1417961342480
2517472970256
1692839249424
1675727604000
1671096304912
2770607932688
2775239231776
1400581260832
2500092888608
1675459167776
2774970795552
1671431588384
2770943216160
1396553942304
2496065570080
1671431849248
2770943477024
1413733811488
2513245439264
1688611718432
2788123346208
1417961409040
2517473036816
1692839315984
2792350943760
1675408836896
2774920464672
1417710996000
2517222623776
1692588902944
2792100530720
1413482940688
2512994568464
1688360847632
2787872475408
1400598038800
2500109666576
1675475945744
2774987573520
1417777907984
2517289535760
1400580147744
2500091775520
1675458054688
2774969682464
2775171008800
2792350877984
1396235109920
2495746737696
1671113016864
2770624644640
1400530077216
2500041704992
1418028452112
2517540079888
1692906359056
1413733484816
2513245112592
1688611391760
1396553615632
2496065243408
2788123019536
1413667752480
2513179380256
1688545659424
2788057287200
1400782850592
2500294478368
1688293737744
2792100332816
2787805365520
1400530928912
2500042556688
1675408835856
2774920463632
1417710798096
2517222425872
1692588705040
2770944198944
1692840298768
1671381518608
2770893146384
2495797856528
1671164135696
2770675763472
1413466097936
2512977725712
1692839577872
2792351205648
1396218071328
2495729699104
1671095978272
2770607606048
1413397940512
2512909568288
1688275847456
2787787475232
2792083490320
1396571703840
2496083331616
1417961342224
2517472970000
1692839249168
2792350876944
1396486505744
1400782849552
2500294477328
2788072753680
1417978186256
1675660756496
2775172384272
2774986458400
1688359733776
2787871361552
1417962719760
2517474347536
1692840626704
2792352254480
1675409033744
2774920661520
1417710995984
2517222623760
1692588902928
1400799561248
2500311189024
1417979233824
1396571702800
2496083330576
1671449609744
2770961237520
2513263199760
1688629478928
2788141106704
1400866670096
2500378297872
1675744643360
2775256271136
1400580147728
2500091775504
1675458054672
2774969682448
1692637923856
2792149551632
1396218071568
1400865425952
2500377053728
2770624644384
1675476207136
2774987834912
1396487883040
2495999510816
1671365789984
2770877417760
1413667752224
2513179380000
1688545659168
2788057286944
1400782850336
2495747786256
1671114065424
2770625693200
1417710994960
2517222622736
1413483136528
2512994764304
1418046342672
2517557970448
1396554991888
2496066619664
1417962653216
2517474280992
1692840560160
2792352187936
1417978120736
2517489748512
1692856027680
2792367655456
1688344070688
2787855698464
1396286228000
2495797855776
1671164134944
2770675762720
1413466097184
2512977724960
1688344004128
2787855631904
1400581195296
2500092823072
1396302218512
2495813846288
1671180125456
2770691753232
2792149813776
2512976939536
1688343218704
2787854846480
1396285442576
2495797070352
1671163349520
2770674977296
1413465311760
1400580409872
1675392059920
1675475094048
2774986721824
1396571703584
2496083331360
1671449610528
2770961238304
1413751572768
2513263200544
1688629479712
2788141107488
1400866670880
2500378298656
1417776859424
2517288487200
1692654766368
2792166394144
1418029762064
2517541389840
1692907669008
2792419296784
1413683218704
2513194846480
1688561125648
2788072753424
1675660756240
2775172384016
1396487882000
2495999509776
1671365788944
2770877416720
1413667751184
2513179378960
1675390945824
2774902573600
1417692908064
2517204535840
1692570815008
2792082442784
1675391272464
2774902900240
1671096239632
2770607867408
1413398201872
2512909829648
1400513299984
2500024927760
1675391206928
2774902834704
1396504593696
2496016221472
1671382500640
2770894128416
1417760278816
2517271906592
1692638185760
2792149813536
1396236158496
2495747786272
1671114065440
1396571702544
2496083330320
1671449609488
2770961237264
2770674713872
1396285179152
2495796806928
1671163086096
1396503349520
2496014977296
1692924512800
1675660757536
2770624448016
2775172385312
1413481826592
2512993454368
1688359733536
2787871361312
2792150598944
1396286227744
2495797855520
1671164134688
2770675762464
2512977724704
1688344003872
2787855631648
1413465311504
2512976939280
1688343218448
2787854846224
1396303071776
2495814699552
1671180978720
2770692606496
1413482940960
2512994568736
1688360847904
2787872475680
1400598039072
2500109666848
2517271644704
1675743331872
2775254959648
1671382305312
2770893933088
1418045294096
2517556921872
1692923201040
2792434828816
1675474896400
2774986524176
1417776858640
2517288486416
1400865424912
2500377052688
1396553615904
2496065243680
1671431522848
2770943150624
1413733485088
2513245112864
1688611392032
2788123019808
1400848583200
2500360210976
1417692906784
2517204534560
1396218070304
2495729698080
1671095977248
2770607605024
1413483203104
2512994830880
1688361110048
2787872737824
1400513299728
2500024927504
2770625496608
1413415831072
2512927458848
1413481892128
2512993519904
1400799626528
2500311254304
1675677533472
2775189161248
2770944199184
1400849631760
2500361259536
1675727538704
2775239166480
1418029500944
2517541128720
1692907407888
2792419035664
2775172057616
2500109665808
1675475944976
2774987572752
1417777907216
1396303070736
2495814698512
1671180977680
2770692605456
1688292952592
2787804580368
1692587919888
1417710012944
2517221640720
2792099547664
1675726751264
2775238379040
2770877352480
1688545397024
2788057024800
1400848582160
1396553614864
2496065242640
1400798513440
2500310141216
1675676420384
2775188048160
1400597973520
2500109601296
2770944461328
1688612505872
2788124133648
1396234913312
2495746541088
1671112820256
2770624448032
1413414782496
2512926410272
1688292689440
2787804317216
1400529880608
2500041508384
1396303071520
2495814699296
1671180978464
2770692606240
1413482940704
2512994568480
1688360847648
2787872475424
1400598038816
2500109666592
1413398268432
1400597186064
2500108813840
1417776858384
2517288486160
1692654765328
2792166393104
2517272693008
2792150599952
1396553615648
2496065243424
1671431522592
2770943150368
1413733484832
2513245112608
1688611391776
2788123019552
1400848582944
2500360210720
1417693168928
2517204796704
1692571075872
2792082703648
1400849959456
2500361587232
1418028780064
1400530928928
2500042556704
1675408835872
1417710798112
2517222425888
1692588705056
2792100332832
2787855697184
2770877089040
1413667423504
2513179051280
1688545330448
2788056958224
2792150598928
1400581195024
1417777906960
1692655813904
2517289534736
2792167441680
1413415045392
2512926673168
1688292952336
2787804580112
2792436140576
1675744578080
2775256205856
2513178002720
1688544281888
2788055909664
1400781473056
2500293100832
1418046343456
2517557971232
1396553614608
2788123018512
2770943149328
1675726488848
2496065242384
1671431521552
2512926344480
1688292623648
2787804251424
1692655814176
2792167441952
1396487882272
2495999510048
1671365789216
2770877416992
2513179379232
1688545658400
2517556922896
1692923202064
2792434829840
1396570458640
2496082086416
1671448365584
2770959993360
1675727865360
1675676224016
2775187851792
1675660428832
2775172056608
1418045556000
2517557183776
1692923462944
2792435090720
1418029762848
2517541390624
1692907669792
2792419297568
2500310992400
1675677271568
2775188899344
1417979233808
2517490861584
1692857140752
1692655028752
2792166656528
1396571702816
2496083330592
1671449609760
2770961237536
1688629478944
2788141106720
1400866670112
2500378297888
1417761326624
2517272954400
1692639233568
2792150861344
1417776794144
2517288421920
1688545330464
2788056958240
1400849630496
2500361258272
1692906621200
2792418248976
1400580409616
2500092037392
1675458316560
2774969944336
1396487555600
2495999183376
1671365462544
2770877090320
1413667424784
2513179052560
2788056959504
1400782522896
2500294150672
1396285442592
2495797070368
1671163349536
2770674977312
1400580409888
2500092037664
1400580147488
2500091775264
1675458054432
2774969682208
1396503284240
2496014912016
1671381191184
1417778104592
2517289732368
1692656011536
2792167639312
1396503349536
2496014977312
1671381256480
1396487882016
2495999509792
1671365788960
2770877416736
1413482154512
2512993782288
1688360061456
2787871689232
1396570720784
2496082348560
1671448627728
2770960255504
1413750589968
2513262217744
1400865425680
2500377053456
1688628234512
1671448365328
2770959993104
1413750523168
1688359995920
2787871623696
1417962457632
2517474085408
1692840364576
2792351992352
1417693169952
2517204797728
1692571076896
2792082704672
1675676419344
2775188047120
1396285441552
2495797069328
1671163348496
2770674976272
1396571702560
2496083330336
1671449609504
2770961237280
1400782522640
2500294150416
1675660429584
2788056959248
2517473297952
1692839577120
2792351204896
1675677468192
2775189095968
1396235176480
2495746804256
1671113083424
2770624711200
1400530143776
2500041771552
2517222427152
1692588706320
2792100334096
1396285442336
2495797070112
1671163349280
2770674977056
1413465311520
2512976939296
1688343218464
2787854846240
1400580409632
2500092037408
1692906358304
2792417986080
1413667424800
2513179052576
1688545331744
2788056959520
1675476206880
2774987834656
2775256204816
1396302284048
2495813911824
1671180190992
2770676025888
2792435877136
1417978120480
2517489748256
1692856027424
2792367655200
1688344070432
2787855698208
1688628233744
2788139861520
1396218332448
2495729960224
1671096239392
2770607867168
1413398201632
2512909829408
1688276108576
2787787736352
1400513299744
1400782784784
2500294412560
1675660691728
2775172319504
1417962653968
2517474281744
2788057221392
1688612702480
2788124330256
1692840560912
1396285441296
2495797069072
1675392059664
2774903687440
1396303070752
2495814698528
1671180977696
2770692605472
1688360846880
2787872474656
1400598038048
1675408050720
2774919678496
1675475093792
2774986721568
1400597252624
2500108880400
1675475159568
2774986787344
1417777121808
1396302285328
2495813913104
1671180192272
2770691820048
2517288749584
2770876106016
1692656077328
1692923136272
1418029761808
2517541389584
1692907668752
1418045229328
2517556857104
1688562435344
2788074063120
1417776793104
2517288420880
1692654700048
2792166327824
2513195828512
1688562107680
2788073735456
1396553614880
2496065242656
1671431521824
2770943149600
1688611391008
2788123018784
1400848582176
1413733746192
2513245373968
1688611653136
2788123280912
1688293673488
2787805301264
1417979496992
2517491124768
1692857403936
2792369031712
1671097289232
2770608917008
1396235175200
2495746802976
1671113082144
2770624709920
2787804579104
1413683415312
2513195043088
1688561322256
2788072950032
1417979496976
1692857403920
2517491124752
2792369031696
1688361110032
1396571769360
2496083397136
1671449676304
2517558233616
1692924512784
2792436140560
1418046278176
2787804513808
2517557905952
1692924185120
2792435812896
1692906687008
2792418314784
2775172385056
1417709750800
2517221378576
1417962456592
2517474084368
1692840363536
2792351991312
1396303070496
2495814698272
1671180977440
2770692605216
1675408050464
2774919678240
1396302285072
2495813912848
1671180192016
2770691819792
1413482154256
2512993782032
1688360061200
2787871688976
1400597252368
2500108880144
1418046605600
2517558233376
1400865424672
2500377052448
1675743331616
2775254959392
1400849631520
2500361259296
1675727538464
1400581522960
2500093150736
1675459429904
2774971057680
2770943478288
1675459102240
2774970730016
1396553614624
2496065242400
1671431521568
2770943149344
1396236225056
2495747852832
1671114132000
2770625759776
1413416094240
2512927722016
1688294001184
2787805628960
1417961343504
2517472971280
1692839250448
2792350878224
1413751573008
1671364479248
2770876107024
1413666441488
2513178069264
1688544348432
2788055976208
1400781539600
2500293167376
1675659446544
2775171074320
1671097288976
1400514349328
2500092037648
1675458316816
2774969944592
1400531191056
2500042818832
1675409098000
2774920725776
1400799626512
1417979495696
2517491123472
1692857402640
1417760082192
2517271709968
1692637989136
2792149616912
2788056958480
1396487555616
2495999183392
1671365462560
1675743331856
2775254959632
1396554664464
2496066292240
2788124068368
1671432571408
1400597973264
2500109601040
1396570719504
2496082347280
1671448626448
2770960254224
1396554926352
2496066554128
1671432833296
2770944461072
1396570391840
2792367654160
1413466162448
2512977790224
1688344069392
2787855697168
1413398268176
2512909895952
1688276175120
2787787802896
1417761131040
2517272758816
1692639037984
2792150665760
1675391011104
2774902638880
1417692973344
2517204601120
1692570880288
2792082508064
1396486572320
2495998200096
1671364479264
2770876107040
1675475092752
2774986720528
1400597185808
2500108813584
1400782521872
2500294149648
1675660428816
2775172056592
1692840298000
2770877089296
1396236159248
2495747787024
1671114066192
2770625693968
1400781538848
2500293166624
1675659445792
2775171073568
1396236223776
2495747851552
1671114130720
2770625758496
1418028779808
1688342956304
2787854584080
2517540407584
1692906686752
2792418314528
1692857402896
2792369030672
1417979168288
2517490796064
1417760343584
2517271971360
1396285441568
2495797069344
1671163348512
2770674976288
1688343217696
2787854845472
1400580408864
2500092036640
1400848647696
2500360275472
1675726554640
2775238182416
2517557185056
1671365528080
2770877155856
1675476141600
2774987769376
1396487555360
2495999183136
1418046277136
2770893931808
1413481891360
2512993519136
1400782849296
2500294477072
1400529880592
2500041508368
1675407787536
2774919415312
1671364740624
2770876368400
1417761326368
2517272954144
1692639233312
1400782521616
2500294149392
1675660428560
1413684463120
2513196090896
1688562370064
2788073997840
1413667490064
2513179117840
1400781736208
2500293363984
1396504398352
2496016026128
1671382305296
2770893933072
1413684267536
2513195895312
1688562174480
2788073802256
2775188900368
1671382304016
2770893931792
2495796872480
1671163151648
2770943149584
2500310993440
1675677272608
2775188900384
1413483201808
2512994829584
1688361108752
2787872736528
1413482874144
2512994501920
1688360781088
2787872408864
1417778170400
1692656077344
2792167705120
1692840561184
2792352188960
1400530863376
2500042491152
1396302285344
2495813913120
1671180192288
2770691820064
1413482154528
2512993782304
1688360061472
2787871689248
1400597252640
2500108880416
1396487816464
2495999444240
1671365723408
2770877351184
1396503283984
2496014911760
1671381190928
2770892818704
2792082442768
2500310205984
1675676485152
2775188112928
1413482088720
2512993716496
1688359995664
2787871623440
1417962457376
2517205648928
1692571928096
2792083555872
1400514152736
2500025780512
1400530142752
2500041770528
1675408049696
2774919677472
1675459430688
2774971058464
1400597251600
2500108879376
1413466360336
2512977988112
1396286491152
2495798118928
1671164398096
2770676025872
2774970993168
1400581458448
1675743266336
2775254894112
2787787474192
1413397939472
2512909567248
1396504398096
2496016025872
1671382305040
2770893932816
1413684267280
2513195895056
1688562174224
2788073802000
1692654701088
2792166328864
2770624383504
1413414717968
2512926345744
2512910878224
1688277157392
2787788785168
1413667424544
2513179052320
1688545331488
2788056959264
1396302285088
2495813912864
1671180192032
2770691819808
1413482154272
2512993782048
1688360061216
2787871688992
1400597252384
2500108880160
1413399315984
2512910943760
1688277222928
2787788850704
2770676025632
1413750326544
1413734533392
2513246161168
1688612440336
2774919677216
1400597251344
2500108879120
1675475158288
2774986786064
1671096043792
2770607671568
1692654699792
2792166327568
1688628233760
2788139861536
1400865424928
2500377052704
1671432571424
1418028714528
2517540342304
1692906621472
2792418249248
2792434763296
1692587591952
2792099219728
1417711061520
1675458119200
2774969746976
1417777841696
1396487554592
2495999182368
1671365461536
2770877089312
1413667423776
2513179051552
1688545330720
2788056958496
1400782521888
2500294149664
1400849630736
2500361258512
1675727537680
2775239165456
1413750262304
2513261890080
1671364676112
1413666638352
1688544545296
2775187786256
1692923202080
1396554664224
2496066292000
1671432571168
1417692907024
2517204534800
1692570813968
2792082441744
1692638972448
2792150600224
2495747852560
1413416093968
2512927721744
2517541389856
1418045229600
2517556857376
1396487554336
2495999182112
1671365461280
2770877089056
1413734532368
2513246160144
1688612439312
2788124067088
2775239165200
1688544545040
2788056172816
1675659643152
2775171270928
1396504398368
1417962392096
2517474019872
1692840299040
2792351926816
2496016026144
1413751376400
2513263004176
1688629283344
2788140911120
1675743594784
1396286489872
2770691492112
2775255222560
1413666375184
2513178002960
1400781473296
1675475158560
2774986786336
1417761130784
2517272758560
1692839511584
2792351139360
1413465115168
2512976742944
1688343022112
2787854649888
1396504397328
2496016025104
1671382304272
2770893932048
1413684266512
2513195894288
1688562173456
2788073801232
1396571768096
2496083395872
1671449675040
2770961302816
1396302284320
2495813912096
1671180191264
2770691819040
1400597251616
2500108879392
1396487620880
2495999248656
1671365527824
2770877155600
1413666375200
2513178002976
1688544282144
1400781473312
2500293101088
1400513104400
2500024732176
1675391011344
2774902639120
1417692973584
2517204601360
1692570880528
2792082508304
1413684267296
2513195895072
1688562174240
2788073802016
1400799365408
2500310993184
1400866474256
2500378102032
1675744381200
2775256008976
1396571506960
2496083134736
1413466097952
2512977725728
1688344004896
2787855632672
1692906621216
2792418248992
1675407723040
2774919350816
1417709685280
2500025976352
1675392255520
2774903883296
1396301957648
2495813585424
1671164397072
2770676024848
1400581457424
2500093085200
1675459364368
2792434829856
2788073997584
1396504397072
2496016024848
1417979431456
2517491059232
1692857338400
2792368966176
1675677272352
2775188900128
1400529815056
2500041442832
1675407722000
2774919349776
1671112754704
2770624382480
1400530929184
2500042556960
1675408836128
2774920463904
1396302284064
2495813911840
1671180191008
2770691818784
1396286490912
2495798118688
1671164397856
1688611457568
2788123085344
1396218136848
2495729764624
2775172319520
1400581195280
2500092823056
1400598038032
2517288421648
2495798117648
1671164396816
2770676024592
1413466359056
2512977986832
1688344266000
2787855893776
1675409099296
2774920727072
1417711061536
2517222689312
1675743266080
2775254893856
2787872737808
2774970992144
1671432570400
2770944198176
1400849630752
2500361258528
1413666638368
2513178266144
1688544545312
2788056173088
1400781736480
2500293364256
1675726752272
1418028714512
2517540342288
1692906621456
2792418249232
1400531126544
1417709683984
2517221311760
1400529814800
2500041442576
1692587590928
1671097026080
1675744642592
2775256270368
1413414783248
2512926411024
1688292690192
2787804317968
1688612506144
2788124133920
1413398202640
2512909830416
1417761065504
1413483202832
2512994830608
1688361109776
2787872737552
1400598300944
2500109928720
1417693170208
1692571077152
2792082704928
1396554663200
2496066290976
1671432570144
2770944197920
1418028714272
2517540342048
2788123281680
1413733746960
1396571507232
2496083135008
1671449414176
2770961041952
1400866474528
2500378102304
1692638184992
2792149812768
1396236223760
2495747851536
1671114130704
2770625758480
1413667686944
2513179314720
1413750262048
2513261889824
1688628168992
2788139796768
1396504397344
1688360060432
2787871688208
1688359799072
2787871426848
2496016025120
1400866473488
2500378101264
1675744380432
2775256008208
2496083133968
1671449413136
2770961040912
2500310206992
1418045556240
2517557184016
1692923463184
2792435090960
1688292951568
2787804579344
1417961409056
2517473036832
1692839316000
2792350943776
1675726751008
2775238378784
1396553876768
1688629545504
2788141173280
1418029763088
2517541390864
1692907670032
2792419297808
2500091841040
1675458120208
2774969747984
1417760082448
2517271710224
1692637989392
2792149617168
1396285245968
2495796873744
1396571506976
2496083134752
1671449413920
2770961041696
1413751376160
2513263003936
1688629283104
2788140910880
1400866474272
2500378102048
2792418052624
2517289732640
1413667489312
2513179117088
1688545396256
2788057024032
1396286490144
2495798117920
1413466359328
2512977987104
1688344266272
2787855894048
1400581457440
2500093085216
1675677271328
2775188899104
1396504397088
2496016024864
1671449412880
2770961040656
2792367982864
1692856355088
1675407722016
2774919349792
1417709684256
2517221312032
1396301956624
2495813584400
1671179863568
2770691491344
1413481825808
2512993453584
1688359732752
2787871360528
1400596923920
2500108551696
1396301957392
2495813585168
1671179864336
1396570392848
2496082020624
1413465114912
2512976742688
1688343021856
2787854649632
1396285245712
2495796873488
1671163152656
2770674780432
1413465114896
2512976742672
1688343021840
2787854649616
1400580213008
2500091840784
1396301957408
2495813585184
1671179864352
2495798117664
1671164396832
2770676024608
1692924249632
2792435877408
1417978448416
2517490076192
1692856355360
1671431588368
2770943216144
1396234848544
1413414717728
2512926345504
1688292624672
2787804252448
1400529815840
2500041443616
1675476207120
2774987834896
1400866735632
2500378363408
1675744642576
2775256270352
1418029762080
1396234847520
2495746475296
1671112754464
2770624382240
1396301956368
2495813584144
1400781801760
2500293429536
1675659708704
2775171336480
1396303332880
2495814960656
1671181239824
2770692867600
1688361109008
2787872736784
1400598300176
2500109927952
1417961408016
2517473035792
1688629544464
2788141172240
2517540341264
1396553877008
2496065504784
2517204601376
1692570880544
2792082508320
1396486572576
2495998200352
1671364479520
2770876107296
1400799299088
2500310926864
1675677206032
2775188833808
2770892884256
1396235897360
2495747525136
1671113804304
2770625432080
1413415766544
2512927394320
1675458053664
2774969681440
2517289731600
1692656010768
2792167638544
1413483202848
2512994830624
1688361109792
2787872737568
1400598300960
2500109928736
2513262152208
1688628431376
2788140059152
1400580211984
2500091839760
1400848647440
1396218135824
2495729763600
1671096042768
2770607670544
2770691556880
1688562108688
2788073736464
1413733746976
2513245374752
1688611653920
2788123281696
1417979234832
2517490862608
1688629282336
2788140910112
1400866473504
2500378101280
1417760082464
2517271710240
1692637989408
2792149617184
1675391010080
2774902637856
1417692972320
2517204600096
1692570879264
2792082507040
1400781538592
2500293166368
1675659445536
1418045557264
2517557185040
1396235897104
2495747524880
1400866735392
2500378363168
1675744642336
2775256270112
2513179118096
1692840364560
2792351992336
2788057025040
1396286294544
2495797922320
1671164201488
2770675829264
1413466163728
2512977791504
1413415766304
2512927394080
1688293673248
2787805301024
1400530864416
2500042492192
2770944461344
1417978119712
1396285245984
2495796873760
1671163152928
1675475093024
2774986720800
1417761392912
1413465377296
2512977005072
1396219185696
2495730813472
1671097092640
2770608720416
1688343021072
1400580212240
2500091840016
1692587657744
1417979430160
2517491057936
1692857337104
2792368964880
2496083133728
2770961040672
1400782587152
2500294214928
1675660494096
2775172121872
1417962456336
2517474084112
1396219184400
1396301956640
2495813584416
1671179863584
1413481825824
2512993453600
1688359732768
2787871360544
1400596923936
2500108551712
1396503348496
2496014976272
1671381255440
2770892883216
1400782849568
2500294477344
2512977987856
1688344267024
1396503610640
2496015238416
1671381517584
2770893145360
1413683479824
2513195107600
1396285245728
2495796873504
1671163152672
1417777121824
2517288749600
1692655028768
2792166656544
1418046540320
2517558168096
1675727537696
2775239165472
1692839315744
2792350943520
2774970009872
1396553943312
2496065571088
1671431850256
2770943478032
1413733812496
2513245440272
1396285244688
2495796872464
1671163151632
2770674779408
1418028517648
2517540145424
1692906424592
2792418052368
1413667489056
2495813584160
1671179863328
2770691491104
2787871360288
1396303332896
2495814960672
1400598300192
2500109927968
1675676419360
2775188047136
1675475879440
2774987507216
1413399054864
2512910682640
1688276961808
2787788589584
1400514152976
2500025780752
2770944460304
1417709750544
2517221378320
1692587657488
2792099285264
1417694283024
2517205910800
1692572189968
2792083817744
1688544610576
2788056238352
1400865621264
2500377249040
1675743528208
2775255155984
1675408771616
2774920399392
1675475880464
2774987508240
1417777842704
2517289470480
1692655749648
2792167377424
1396303006224
2495814634000
1671180913168
2770692540944
1418028779040
2517540406816
1692906685984
2792418313760
2792100334112
1692588639760
2792100267536
1400530863632
2500042491408
1675408770576
1671113803280
1675744577056
2775256204832
1413414717712
2512926345488
1688292624656
2787804252432
1396303332640
2495814960416
1671181239584
2770692867360
1417694218784
2517205846560
1692572125728
2792083753504
1688612440608
2788124068384
1413399054608
2512910682384
1688276961552
2787788589328
1400514152720
2500025780496
1418029761824
2517541389600
1692907668768
1692923136288
2792434764064
1675408771360
2774920399136
1417710733600
2517222361376
1692654700064
1675475880208
2774987507984
1417777842448
2517289470224
1396303005968
2495814633744
1671180912912
2770692540688
1671431587104
2770943214880
1671163152912
2770674780688
1413751637264
2513263265040
1688629544208
2788141171984
1417710994720
2517222622496
1413734795792
2513246423568
1688612702736
1396235896080
2495747523856
1671113803024
2770625430800
1675458053408
2774969681184
2770624447776
1671381190160
2770892817936
1413750524176
2513262151952
1688628431120
2788140058896
1413482087952
2512993715728
1688359994896
1396219447584
2495731075360
1671097354528
2770608982304
1400514414880
2500026042656
2495813649680
1671179928848
2770691556624
1400581522976
2500093150752
1675459429920
2774971057696
1417961343520
2517472971296
1692839250464
2792350878240
2792367983136
1671163348240
2770674976016
1400865359120
2500376986896
1396487554320
2495999182096
1671365461264
1400849893648
2500361521424
1675727800592
2775239428368
2774920398112
2770944461088
1413466162464
1688344069408
2512977790240
2787854648608
2517557119520
1688342956320
2787854584096
1688344070672
2787855698448
2774970796560
1417761131024
2517272758800
1692639037968
2792150665744
1400848647712
2500360275488
1675726554656
2775238182432
1396303006240
2495814634016
1671180913184
2770692540960
1396219184656
2495730812432
1400514151952
2774903686672
2517557119504
1692923398672
2792435026448
1413684529424
2513196157200
1692907669024
2792419296800
1692923136544
2792434764320
1417710732832
2517222360608
1396303005200
2495814632976
1400597972496
2500109600272
1400596989456
2500108617232
1671382304032
1675392059680
2774903687456
1400581261584
2500092889360
1675459168528
2774970796304
1396235175440
2495746803216
1671113082384
1413482875168
2512994502944
1688360782112
2787872409888
2495730812176
1671097091344
2770608719120
1671448299792
2770959927568
1396554925328
2496066553104
1400580408848
2500092036624
1675458315792
2774969943568
1675390944800
2774902572576
1417692907040
2517204534816
1396235896096
2495747523872
1671113803040
1417761130016
2517272757792
1671180911888
2770692539664
1413733550624
2513245178400
1418028778784
2517540406560
1692906685728
2792418313504
1400849892880
2500361520656
1675727799824
2775239427600
1396554925584
2496066553360
1671432832528
1413734533408
2513246161184
1688612440352
2788124068128
2500309878288
1675676157456
1396554926368
2496066554144
1671432833312
2787805628688
1396503348512
2496014976288
1671381255456
2770892883232
1396285244704
1396571505952
1400799364640
2500310992416
1675677271584
2775188899360
1413482875152
2512994502928
1671432832272
2770944460048
2770961304080
1413751638544
2513263266320
1688629545488
2788141173264
1400866736656
2500378364432
1675744643600
2775256271376
1418046605840
1692840363296
2792351991072
2792083556880
1417694022160
2517205649936
1692571929104
1417777056288
2517288684064
1692654963232
2792166591008
1396286294560
2495797922336
1671164201504
2770675829280
1400581522720
2500093150496
1675459429664
1675392058912
2774903686688
1396286293520
2495797921296
1417693235728
2517204863504
1692571142672
1688545658128
2788057285904
1413751638288
2513263266064
1688629545232
2788141173008
1413414782480
2512926410256
1688292689424
2787804317200
1396303005216
2495814632992
1671180912160
2770692539936
1400597972512
2500109600288
1675407985184
2774919612960
1417777056272
2517288684048
1692654963216
2792166590992
1396302219792
2495813847568
1671180126736
2770691754512
1396504659216
2496016286992
1413466163488
2512977791264
1418029500960
2517541128736
1413684267552
2513195895328
1688562174496
2788073802272
1400798250272
2500309878048
1675676157216
2775187784992
1396301956384
1417979169296
2513245177360
1688611456528
2788123084304
1400799364624
1396219184416
2495730812192
1396286293264
2495797921040
1400513103392
2500024731168
1396303004960
2495814632736
2788124330512
1396570393120
2496082020896
1671448300064
1396554925600
2496066553376
1671432832544
2770944460320
1413734794784
2513246422560
1688612701728
2788124329504
1400849892896
2500361520672
2500024927520
1396303004944
2495814632720
1400798250528
2500309878304
1400865359376
2500376987152
1675743266320
2775254894096
1396235175184
1413733550352
2513245178128
1688611457296
2788123085072
1417962391072
2517474018848
1692840298016
2792351925792
1413667489296
2513179117072
2774986459680
1400799298848
2500310926624
1675677205792
1396554925344
2496066553120
1671432832288
2770944460064
1396571769376
2496083397152
1692857075984
1671381189920
2770892817696
1396570391824
2496082019600
1671448298768
2770959926544
1675743266064
2775254893840
1396571768336
2496083396112
1671449675280
2770961303056
1413751637520
2513263265296
1675476142352
2774987770128
2792082770448
1671448560928
2770960188704
1417761393184
1692639300128
2792150927904
2517490797072
1413684202000
1396286293536
2495797921312
1400580475408
2500092103184
1675458382352
2774970010128
1692857141776
2792368769552
1396571769120
2496083396896
1671449676064
2770961303840
1413751638304
2513263266080
1688629545248
2788141173024
1400866736416
2500378364192
1417979430432
2517491058208
1692857337376
2792368965152
1396302219808
2495813847584
1671180126752
2770691754528
1413482088992
2512993716768
1688359995936
2787871623712
2770877090336
1400513038608
2500024666384
1675390945552
2774902573328
1417692907792
2517204535568
1417961343248
2517472971024
1692839250192
2792350877968
1417692907808
2517204535584
1692570814752
2792082442528
1417709946400
2517221574176
1675475093008
2774986720784
1688361044240
2787872672016
1675677206800
2775188834576
1396286293280
2495797921056
1671164200224
2770675828000
1396302219552
2495813847328
1671180126496
2770691754272
1413482088736
2512993716512
1688359995680
2787871623456
1400597186848
2500108814624
2500092101920
1675458381088
1396285506848
2495797134624
1671163413792
2770675041568
1396487883280
1400581523984
2500093151760
1675459430928
2774971058704
1417761393168
1396236159264
2495747787040
1671114066208
2770625693984
1413416028448
2512927656224
1688293935392
2787805563168
1400531126560
2500042754336
2792099480864
1396570392096
2496082019872
1688628168224
2788139796000
1400865359392
2500376987168
2770608982560
1400514415136
2500026042912
1396236159504
2495747787280
1671449610768
2770961238544
1417776859408
2517288487184
1688629283088
2788140910864
1417760279056
2517271906832
1692638186000
1692924447264
2792436075040
1413734795536
1396553680144
2496065307920
1671431587088
2770943214864
1671164200208
2770675827984
1671095978528
2770607606304
1396234914080
2495746541856
1671112821024
2770624448800
1413414783264
2512926411040
1688292690208
2787804317984
2496082019616
1671448298784
2770959926560
1400866735648
2500378363424
1400580474400
2500092102176
1396504332832
2496015960608
1417709749776
2517221377552
1692587656720
2792099284496
1671382500880
2770894128656
1417979234848
2517490862624
1692857141792
2792368769568
1396302218784
2770691753504
1671180911904
2770692539680
2495729699344
1671095978512
2770607606288
1688275847696
2787787475472
1413684201760
1413751310608
2513262938384
1688629217552
2788140845328
1413415831840
2512927459616
1688293738784
2787805366560
1417761392928
2517273020704
1692639299872
2792150927648
1396504331536
2496015959312
1671382238480
2770893866256
1692923135520
2495729698064
1671095977232
2770943215136
1400848909584
1413397940496
2512909568272
1688275847440
2787787475216
1671095978256
1417778104848
2517289732624
1692656011792
2792167639568
1418046605856
2517558233632
1396553680160
2496065307936
1396234914320
2495746542096
1671112821264
2770624449040
1675475879456
2774987507232
1692587657504
2792099285280
1418029566480
2517541194256
1692907473424
2792419101200
1417761391888
2517273019664
1692639298832
2792150926608
1675390944784
2774902572560
2770893866528
2513179117856
1413734598928
2513246226704
1692655027744
2792166655520
1413750523408
2513262151184
1688628430352
2788140058128
1400513300000
2500024927776
1396218070544
2495729698320
1671095977488
2770607605264
1400513037840
2500024665616
1396504331552
2496015959328
1671382238496
2770893866272
1417961671200
2517473298976
1692839578144
2792351205920
1396285441312
2495797069088
1671163348256
2770674976032
2513246423312
2770607605008
2774920398352
1400598234640
2500109862416
1675476141584
2774987769360
1417778103824
1396286556432
2495798184208
1671164463376
2770676091152
1413483137312
2512994765088
1688361044256
2787872672032
1418046604832
2517558232608
1692924511776
2792436139552
1396234914064
2495746541840
1671112821008
2770624448784
1396303267088
2495814894864
1671181174032
2770692801808
1675458315808
2774969943584
1671449676320
2770961304096
1413465049376
2512976677152
1675391272480
2774902900256
1675407788576
2774919416352
1417709750816
2517221378592
1396234913296
2495746541072
1671112820240
2792099285520
1413466425632
2512978053408
1688344332576
2787855960352
1400581523744
2500093151520
1413666375968
2513178003744
1688544282912
2788055910688
1675727799840
2775239427616
1417709750560
2517221378336
1396286555408
2495798183184
1671164462352
2770676090128
1396234914336
2495746542112
1671112821280
2770624449056
1400529881632
2500041509408
1396234913040
2495746540816
1671112819984
2770624447760
1417692908048
2517204535824
1692570814992
1413667424528
2513179052304
1688545331472
2770691818768
1675407787552
2774919415328
1671449412896
1396234913056
2495746540832
1671112820000
1417962392080
2517474019856
1692840299024
2792351926800
1692587657760
2792099285536
1675475158544
2774986786320
1396571768080
2496083395856
1671449675024
2770961302800
