2492996117
1420302890
1486395914
2492996121
2492996118
2551731749
2552519193
2552519194
2552523285
2552523286
2552523289
2552523290
2551731750
2551731753
2551731754
1419023877
1419027973
1419023878
1419027974
1419023882
1419027978
1419253285
1419253289
2488801813
2488801817
2488805909
2488805913
2488805673
2488801574
2484382249
2552781353
2552781354
2552785445
2552785446
2552785449
2552785450
2493032969
2493028874
2493032970
1410618921
1410618922
1410623013
1410623014
1410623017
1410623018
1419287045
1419291141
1419287046
1419291142
2488804902
2551736873
2551736874
2493028869
2493032965
2493028873
2493028870
2493032966
2552539433
1478007337
1478007338
1478011429
1478011430
1478011433
1478011434
2494044693
2494044697
2494048789
2494048793
2494044694
1478793749
1478793750
1478793753
1478793754
1478797845
1478797846
1478797849
1478797850
1478011178
2484628005
2484628006
2484628009
2484628010
1487411749
1487411753
1487411750
1487411754
1478007082
1478793769
1478793770
1478797861
1478797862
1478797865
1478797866
1410881066
1410885157
1410885158
1410885161
1410885162
2821220890
2560137734
2552535333
2552535334
2552535337
2552535338
2552539434
2552535589
2552535590
2484640297
2484640298
1478793765
1478793766
1479055909
1479055910
1411947046
2552781349
1415063830
1415063834
1415059989
1415059993
1410623001
1410623002
1415059733
1415059737
1415059734
1415059738
2484622889
2484622890
2484626981
2492995866
2492999958
2492999962
1483217429
1483217433
1483221525
1483221529
1411930665
1411934761
1411930661
1483217430
1483217434
1483221526
1411930662
1411934758
1410898453
1411934746
1477994021
2484360729
2484360730
2484364821
2484364822
2484364825
2484364826
2484360725
2484360726
1486400006
2551736613
2551736614
2551736617
2551736618
1415058965
2485672485
2485672486
2485672489
1410901546
2485672490
2556959270
2556959274
2556963365
2556963369
2556963366
2556963370
1482975750
1482971658
1482975754
1410882085
1410882086
1478777125
1478777126
1478781221
1478781222
1478777129
1478777130
1478781225
1478781226
2488834565
2488838661
2488834569
2484640037
2484640038
2484640041
2484644389
2484644390
2555943434
2555947530
2484644393
2488800790
2488800794
2488804885
2488804889
2488804886
2488804890
1414829573
1414833669
1414829574
1410881049
1410881050
1410885145
1410885146
1410882069
1410882070
1410882073
1410882074
1410886165
1410886166
1411947050
2488801557
2488801561
2552518949
2552518950
2552518953
2552518954
2552523045
2552523046
2552523049
2552523050
1420302870
1420302874
1420306965
1420306969
1420306966
1420306970
1486395909
1486400005
1486395910
1419254053
1419254057
2488801578
2488805670
2488805674
2488801814
2488801818
2488805910
2488805914
2494048790
2494048794
1747474985
1747474986
1747479077
1747479078
1747479081
1747479082
1477994025
1477994026
1477990949
1477990950
1477990953
1477989925
1477989926
1477989929
1477989930
1486400010
2552535593
2552535594
2551732773
2551732774
2551732777
2551732778
2551736869
2551736870
2492765701
2492769797
2492765702
2492769798
2492765706
2492769802
2492995877
2492995881
1477989913
1477989914
1477994009
2484365865
2484365866
2484378137
2484378138
2484382229
2484382230
2484382233
2484382234
2551735850
1410898457
1410898458
1410881833
1410902549
1410902550
1410902553
1410902554
1410885930
1410885926
1410881829
1410898217
1410898218
1410902313
1410902314
2484382246
2561153557
2561153561
2561153558
2561153562
2561157653
2561157657
2561157654
2561157658
2488576518
1420306981
2488572425
2488576521
2488572426
2488576522
1419253286
1419253290
1419257381
1419257385
1419257382
1419257386
1419024902
1419028998
1419024906
1419029002
2556729865
2556733961
2556729866
2556733962
2488800810
2552519205
2552519206
2492999209
2492999206
2484378154
1479039525
1479039526
1479039529
1479039530
1479043621
1415064090
1410902570
2551732757
2551732758
2551736853
2551736854
2551732761
2551732762
2551736857
2551736858
2821220901
2821220902
2821220905
2821220906
2560924165
2560928261
2560924166
2560928262
1419274761
1419270662
1419274758
1419270666
1419274762
2551749145
2551749146
2551753237
2551753238
2551753241
2551753242
2551752997
2551752998
2551748905
2551748906
2551748901
2551748902
2551753001
2551753002
2551749157
2551749158
2484382250
2484623909
2484623910
2484623913
2484623914
2821237289
2484643370
1420306982
2488834566
2488838662
2821233189
2821233190
2821233193
2821233194
1478777365
1478777366
1478777369
1478777370
1478781461
1478781462
1478781465
1478781466
1478777109
1478777110
1419254294
1419254298
2488818181
2484623653
2484623654
2484623657
2488804906
2484381226
1487182342
1410622757
2494044698
1483217445
1483217449
1483217446
1483217450
1483221546
1483221541
1482201605
1482205701
1482201606
1482205702
1483221545
2552797737
2552797738
2552801833
2552801834
1479039513
1479039514
1479043609
1479043610
2484640281
2484640282
2484644377
2484644378
1415076358
1415080454
1415076362
1415080458
1415063829
1415063833
2492995861
2492995865
2492995862
2484623897
2484623898
2484360469
2484360470
2484360473
2484360474
2484364569
2484364570
1478007061
1478007062
1478007065
1478007066
1478011157
1478011158
1478011161
1478011162
1478007317
1478007318
1419258149
1419258153
1419254054
1419254058
1419258150
1419258154
1478007077
2488801829
2488801833
2488805925
2488805929
2488801830
2484361753
2484361754
2484365845
2484365846
2484365849
2484365850
1410881813
1410881814
1410881817
1410881818
1410885913
1410885914
1410881834
1410885925
1410885929
2493012486
1487182346
2493016582
2493012489
2493016585
2493012490
2493016586
2484378149
2484378150
2484378153
1487182341
1487186437
1410635285
1410635286
1410635289
1410635290
1410639381
1487186438
2488838665
2488834570
2488838666
1411947049
2488801834
2488805926
2488805930
2551753254
1414829577
1414833673
1414833670
1414829578
1410898454
2489854506
2484644394
1415060005
1415060009
1415064101
1415064105
1415060006
1415060010
1415064102
1415064106
1410881065
2561153573
2561153577
2484381225
2561153574
2561153578
2484360485
2551752985
2551752986
2484360486
2484364581
2484364582
2484360489
2484360490
2484364585
2484364586
1482201609
1482205705
1482201610
1482205706
1487415829
1487415833
1487415830
1487415834
1410639402
1419270661
1419274757
1419270665
1420302869
1420302873
2551732517
2551732518
2551732521
2551732522
1410618917
1410618918
1419258134
1419258138
1415063065
1415063062
1415063066
1415059990
1415059994
1415064085
1415064089
1415064086
1411951145
1483221542
2492999205
2492999210
1410881830
1415059749
1415059753
1415063845
1415063849
1415059750
1415059754
1415063846
1415063850
1410619941
2484381205
2484381206
2484381209
2484381210
2484360741
2484360742
2484364837
2484364838
2484360745
2485676582
2488822278
2488818186
2488822282
2551735849
2488571397
2488575493
2488571401
2488575497
2488571398
2488575494
2484626986
2488571402
2488575498
2492995110
2492995114
2484644374
1478006309
1478006310
1478006313
1410886181
1411930666
1411934762
1478006314
1478010409
2484364841
2484364842
2484360746
2484627749
2484627750
2551748133
2551748134
2551748137
2551748138
1415076361
1415080457
1419257370
1419253269
1419254037
1419254041
1419258133
1419258137
1419254038
1419254042
1482992137
1482992138
1482988037
1482992133
2484643369
2555943430
2555947526
2552519209
2552519210
2552523301
2552523302
2552523305
2552523306
2484627753
2484627754
2552797734
2552539689
1410618905
1410618906
1410622997
1410622998
2552539690
2551736602
1414814213
1414818309
1414814214
1414818310
1414814218
1414818314
1416108565
1416108569
2485676581
2485676585
1410640406
1410640409
1410640410
2488822277
2488818185
2488822281
2488818182
2556713477
2556717573
2556713478
1410898469
1478797610
1420306985
1410640426
1419254310
1419254314
1419258405
1419258409
1419258406
1419258410
2552535577
2551753258
2484640293
2484640294
2484640042
2821237290
1478777385
1478777386
1478781481
1478781482
1479043622
1479043625
1479043626
2484622869
2484622870
2484622873
2484622874
2484627994
1410635050
1410635049
1410639145
1410639146
1410635301
1410635302
1478010410
1410635305
1410635306
1419253274
1419257366
1410886169
1411930650
1411930649
2561157669
2561157673
2561157670
2561157674
2560141834
1747491365
1747491366
1747491369
1747491370
1747495465
1747495466
1410886182
1410882089
1410882090
1410886185
1410886186
1411934757
1478777381
1478777382
1478781477
1478781478
1478007322
1478011417
1478011418
2484644373
2484644137
2484644138
1410902565
1410902566
1410898473
1410898474
1410902569
1414813189
1414817285
1414813190
1414817286
1414813194
1414817290
1415058969
1415058966
2493000234
2484623658
2484640277
2484640278
2484377109
2484377110
2484377113
1410636325
1410636326
1410640421
1410640422
1410636329
1410636330
1410640425
1410898470
1487411734
1487411738
2552539670
2552535578
2552539673
2552539674
2552539685
2552539686
2552781350
1414830601
1414834697
1414830602
1477989909
1477989910
1477994010
1477990933
1477990934
1414834698
1415092741
2492995109
2492995113
2484376873
2484376874
2484380969
2484380970
2484377125
2484377126
2484377129
2484377130
2552518938
2552518937
2552523033
2552523034
2484622885
2484622886
2484626982
2484626985
2552535573
2552535574
1477994789
1477994790
1477990697
1477990698
1477994793
1477994794
1410618901
1410618902
1410618650
1410618649
1410622745
1410622746
1410618645
1410618646
2556959269
2556959273
2551753257
2551753253
2484381221
2484381222
2551748885
2551748886
2551748889
2551748890
2551752981
2551752982
2551749141
2551749142
2492999973
2492999977
2492995878
2492995882
2492999974
2492999978
1419254309
1419254313
1478007333
1478007334
2484627993
2555927046
2555931142
2555927050
2555931146
1410886170
1482185222
1482189318
1482185226
1482189322
1414833674
1414830597
2484639273
2484639274
2551731733
2551731734
2551731737
2551731738
2551735833
2551735834
2556959253
2556959257
2556959254
2556959258
2556963349
2556963353
2556963350
2556963354
1410639397
1410639398
1410639401
1478011413
1478011414
1487411737
1487411733
1477990693
1477990694
2488800789
2488800793
1477994773
1477994774
1477990681
1477990682
1477994777
1477994778
1419253273
1419257365
1419257369
2489850406
2489850410
2489854502
2552539669
2492996122
2488804901
1415058981
1415058985
1415063077
1415063081
1415058982
1415058986
1415063078
2484623637
2484623638
2484623641
2484623642
2484627737
2484627738
2488805653
2488805657
2551732501
2551732502
2551732505
2551732506
2551736597
2551736598
2551736601
1411951146
1410897445
1410897446
1410897449
1410897450
1410901545
1419258389
1419258393
1419258390
1419258394
1478007321
1478797609
2488560134
2488556038
2488556042
2488560138
2555943429
2555947525
2555943433
2555947529
1419253270
2484382245
2492996134
2492996138
2493000229
2493000233
2493000230
2551752233
2485676586
2551752234
1477990677
1477990678
2484377114
2552797733
2489850389
2489850393
2489850390
2489850394
2489854485
2489854489
2489854486
2489854490
2488804905
2488800806
1477995030
1477995033
1477995034
1482971653
1482975749
1482971654
1483221530
1482988042
1482988038
1482992134
1482988041
2492995093
2492995097
2492995094
2492995098
2492999189
2492999193
2485688873
2485688874
2485692969
2485692970
1415063082
1477994022
1410881045
1410881046
2492770822
2551735845
2551735846
1419287050
1419291146
2488801573
2488801577
2488805669
1411930645
1411930646
1479039509
1479039510
2484623893
2484623894
1410636309
1410636310
1410640405
1410636313
1410636314
1419254293
1419254297
1414834693
1414830598
1414834694
2484627989
2492999190
2484627990
1478793509
1478793510
1478793513
1478793514
1419024901
1419028997
1419287049
1419291145
1477995045
1477995046
1477990954
1477995049
1477995050
1747474981
1747474982
2488555013
2488559109
2488555014
2488559110
2484626969
2484626970
2552518933
2552518934
1415063061
1415058970
2492999194
2493012485
2493016581
2493000213
2493000217
2493000214
2493000218
1487186442
1478007078
1478007081
1478011173
1478011174
1478011177
1477995029
1477990937
1477990938
2492999957
2492999961
1410619942
1410624037
1410624038
1410619945
1410619946
1410624041
1410624042
2492766725
2492770821
2492766726
2560137733
2488805658
2552519189
2552519190
2821216806
2821216809
2821216810
2821216805
1415076357
1415080453
1482185221
1482189317
2551749161
2551749162
2492996133
2492996137
2560924170
2560928266
2484378133
2484378134
1410639382
1410639385
1410639386
1410881061
1410881062
1747474966
1747474969
1747474970
1747474965
1747479065
1747479066
1416112666
1416112661
1416112665
1416108566
1416108570
1416112662
2488800805
2488800809
1415096837
1415092745
1415096841
1415092742
1415096838
1415092746
1415096842
1420302885
1420302889
1410619925
1410619926
1410624021
1410624022
1410619929
1410619930
1410624025
1410624026
2556729861
2556733957
2556729862
2556733958
2488801558
2488801562
2488805654
1487415845
1487415849
1487415846
1487415850
1420302886
1420306986
2821216789
2821216790
2821216793
2821216794
2821220889
1411934745
2484365861
2484365862
2560141830
2556717574
2556713482
2556717578
1478777113
1478777114
1478781209
1478781210
1479055913
1479055914
1479060009
1479060010
2555927045
2555931141
2560141829
2560137738
2488572421
2488576517
2488572422
1410898213
1410898214
1410635045
1410635046
2484639269
2484639270
2485688869
2485688870
2552781333
2552781334
2552781337
2552781338
2552785433
2552785434
2484361765
2484361766
2484361769
2484361770
2488556037
2488560133
1416108581
1416108585
1416108582
1416108586
1416112677
1416112681
1416112678
1416112682
2489850405
2489850409
2489854501
2489854505
2484361749
2484361750
2485672469
2485672470
2485672473
2485672474
2485676569
2485676570
2494044709
2494044713
2494048805
2494048809
2494044710
2494044714
2494048806
2494048810
1411947045
1410618666
1410622758
1410622761
1410622762
1410618661
1410618662
1410618665
2488555018
2488559114
2492766730
2492770826
2484376869
2484376870
