1460374144272
2242128518
2308445717
2308445721
2308449813
2308449817
2308445718
2308445722
2308449814
2308449818
2325222933
2325222937
2325244421
2325240329
2325244425
2325240326
1184406022
1184410118
1184406026
1184410122
2258131206
1234441749
1234441753
1167366405
1167370501
1167366409
1167370505
1167366406
1167370502
1167366410
1167370506
1184143621
2237930005
2237930009
2237934101
2237934105
2237147429
2237147433
2257852965
2257852969
2257857061
2257857065
2257852966
2257852970
2257857062
2241141001
2241145097
2241140998
2241145094
2241141002
2241145098
1167332630
1167332634
1167336726
1167336730
1184109845
1184109849
1184113946
1184113941
1184113945
1184109846
2258938374
2324961561
2241341722
2258114837
2258114841
2258118933
2242128198
2258118937
2258114838
2258114842
2258118934
2258118938
1252534822
1252534826
1234573833
1234577929
1234573830
1234577926
1234573834
1234577930
1251485221
1251485225
1251481126
1251481130
1251485222
1251485226
2242386453
2242386457
2242390549
2242390553
2242386454
2257885446
2257889542
2257885450
2257889546
2258917893
2258921989
2258917897
2258921993
2309237017
2309232918
2309232922
2309237014
2309237018
2326010133
2326010137
2326014229
2326014233
2326010134
1251219749
1168386374
1168386378
1251219753
1251223845
1251223849
2326014246
2326014250
1168398858
1168402950
1168402954
2308479237
2308483333
2308479241
2308483337
2304289290
2308577797
2308581893
2308577801
2308581897
2308577798
2308581894
2308577802
2308581898
1235491365
1235491369
1235495461
1235495465
1235491366
1235491370
1184147717
1184143625
1184147721
1184143622
1184147718
1184143626
1184147722
1185421861
1185421865
1185425957
1185425961
2308188742
2258901270
2324964645
2258938378
1168386634
1164192281
1164188182
1164188186
1164192278
1164192282
1168382533
1168382537
1234512134
1235491146
2324964885
2324964889
2324960790
1164454422
1164454426
1168644677
1251224089
1234442773
1234442777
1234446869
1234446873
1234442774
1234442778
1234446870
1234446874
1251224085
1234511369
1234507270
1234511366
1234507274
1234511370
2237143334
2237143338
2237147430
2237147434
2241337733
2241337737
2237930006
2237930010
2237934102
2237934106
2242124357
2242124361
2242128453
2242128457
2242124358
2242124362
2241074505
2241078597
2241078601
2241074502
2241074506
2241078598
2241078602
2236881173
2236881177
2236885269
2258901285
2258901289
2258905381
2258905385
2258905638
1235757701
1235757705
1235753606
1235753610
1235757702
1235757706
2308184598
2308184602
2308188694
2308188698
2309237125
2309237129
2309233030
2309233034
2309237126
2309237130
2258151685
2258147593
2258151689
2258147590
1168386346
1230543109
1230547205
1230543113
1230547209
1230543110
1230547206
1230543114
1230547210
1234835717
1234839813
2237962757
2237966853
2237962761
2308184357
2308184361
2308188453
2308445770
2308449862
2308449866
2241092105
2241096201
2241092102
2241096198
2241092106
2241096202
2257869317
2308314629
1184143878
1184147974
1184143882
1184147978
1184109850
1184113942
1184131334
1184127242
1184131338
1230247450
1167350021
1167354117
1167350025
1230251542
1230251546
1234441797
1234441801
1234445893
1234445897
2237143317
2237143321
2237147413
2258905622
2242124054
1234737669
1234741765
1234737673
1234741769
1167365637
1167369733
1167365641
1167369737
1167365638
1167369734
1167365642
1167369738
1184142853
1184146949
1252301318
1252305414
1252301322
1252305418
1185163813
1185163817
1185159718
1185159722
1185163814
1185163818
1251481113
1251485205
1251485209
1251481110
1251481114
1251485206
1251485210
1234703893
1234703897
1234707989
2258151690
2324994570
2241107461
2241111557
2241107465
2241111561
2241107462
2241111558
2241107466
2241111562
2257884677
2257888773
1234709061
1234709065
1234704966
1234704970
1234709062
1234709066
1185176069
1185180165
1185176073
1185180169
1185176070
1185180166
1185176074
2303993125
2303993129
2303989030
2303989034
2303993126
2303993130
2308188485
2308188489
2308184390
2308184394
2308188486
2308188490
1234446729
1234446730
1230248229
1230248233
1230252325
1230252329
1230252326
1230252330
1234442629
1234442630
1184110121
1184114213
1184114217
1184110118
1184110122
1184114214
1184114218
2324960806
2324960810
2324964902
2324964906
1184376357
2308462853
2308466949
2308462857
2308466953
2308462854
2308466950
2308462858
2308466954
2325240069
2242128150
2241206793
2241210889
2241206790
1235491349
1235491353
1235495445
1235495449
1235491350
1235491354
1167336838
1163138341
1163138345
1163142437
1163142441
1163138342
1163138346
1163142438
1163142442
1185192453
1185196549
1185192457
1185196553
2242386458
2242390550
2242390554
2259163669
2259163673
2259167765
2259167769
2259163670
2259163674
2259167766
1167333909
1167333913
1167338005
1167338009
1184115222
1184115226
2324961814
2242386502
2242386506
2242390598
2242390602
2324961818
2324965910
2324965914
2242128522
2326043145
2326047241
2326043142
2326047238
2326043146
2326047242
1234770437
1234774533
1185159462
1185159466
1185163558
1185163562
1168513545
1168517641
1168513542
1168517638
1168513546
1168517642
1234446633
1234442534
1234442538
1234446630
2308184342
2308184346
2308188438
2308188442
2309232933
2309232937
2309237029
2309237033
1251224105
2309232934
2309495334
2309495338
2241078917
2241078921
2241074822
2241074826
2241078918
2241078922
2309499430
2309499434
1230526725
1230530821
1230526729
1230530825
1230526726
1230530822
1230526730
1230530826
1234770181
1234774277
1234572809
1234576905
2237946373
2308184341
2308184345
2308188437
2242128202
2324961829
2324961833
2324965925
2324965929
1234770186
1234774282
2308188457
1234442790
1234442794
1234446886
1234446890
1230526982
1230531078
1251502598
1251502601
1251502602
1234721285
1234725381
1234721289
1234725385
1230526986
1251498501
1251502597
2242390661
2242390665
2242386566
2242386570
2242390662
2242390666
2308188713
2308249865
2308253961
2308249862
2308253958
2308249866
2308253962
1167338118
1235491141
1235491145
1167661577
1167665673
1167661574
1167665670
1167661578
1167665674
1167665418
1168386630
2304022789
2304026885
2304022793
2304026889
2304022790
2304026886
2236880149
1251252742
2236880153
2236884245
2236884249
2236880150
2236880154
2236884246
2236884250
2241074501
2308450582
1235495302
1231296809
1231296810
1231300905
1231300906
1235491210
1235495305
1235495306
1231296805
1231296806
1163401494
1163401498
1163405590
1163405594
1167595845
1167595849
1167599946
1167628549
1167632645
1167628553
1167632649
2237143589
2237143593
2237147685
2237147689
2237143590
2237143594
2308187461
2308187465
2308183366
2308183370
2308187462
2308187466
2308184358
1230248213
1230248217
1230252309
1230252313
1230248214
1230248218
1230252310
1230252314
1234442565
1234442569
1167332889
1167336981
1167336985
1167332886
1167332890
1167336982
1167336986
1184110101
1184110105
1184114197
2324960550
2241210886
2241206794
2241210890
2324960554
2324964646
2324964650
2308217349
2308221445
2308217353
1235524101
1235528197
1235524105
1235528201
1235524102
1235528198
1235524106
1235528202
1252301317
1252305413
2325223701
2325223705
2325227797
2325227801
2324977161
2324981257
2324977158
2324965654
2324981254
2324977162
2324981258
1168382346
1168382341
1168382345
1163176202
1168386441
1168386442
1167468806
1163143461
1163143465
1163139366
1234708757
1234708761
1234704662
1234704666
1234708758
1234704661
1234704773
1234704777
1234708869
1234708873
1184372261
2258147846
2258151942
2324998662
2258147850
2258151946
2257885701
2237143578
2237147670
2237147674
2241337925
2241337929
2241342021
2241342025
2241337926
2241337930
2241342022
1167336842
1251252489
1251256585
1251252486
1251256582
1251252490
1251256586
1167730950
1231300902
1167464714
1230247465
1230251557
1230251561
1230247462
1167464709
1167468805
1163143722
2241108486
2241112582
2241108490
2241112586
2236880165
1251252746
2236880169
2236884261
2236884265
2236880166
2236880170
2236884262
2236884266
2241074565
1167337770
1184110885
1184110889
1184114981
1184114985
1184110886
1184110890
1184114982
1184114986
2242189830
2242193926
2242189834
2242193930
2324961558
2324961562
2326272550
2326272554
2326276646
2326276650
2304256293
2304256297
2304252198
2304252202
2304256294
2304256298
2305038870
2305038874
2305042966
2305042970
2309233221
2309233225
2309237317
2309237321
2309233222
2309233226
1230281221
1230285317
1230281225
1230285321
1230281222
1230285318
1230281226
1230285322
1234573829
1234577925
2309232917
1184372265
2309232921
2309237013
2258905626
1230248230
1230248234
1235491205
1235491209
1234446726
1235491206
1234442633
1167726858
1230247466
1230251558
2242124058
2326026762
2259167770
1230267909
1230263817
1230267913
1230263814
1230267910
1230263818
1230267914
1234507269
1234511365
1234507273
2308479238
2308483334
2308479242
2308483338
2325256453
2325260549
2325256457
2325260553
2325256454
2324961573
2324961577
2324965669
2324965673
1167334026
1163139626
1163143718
1167338122
1167726854
1163138597
1163138601
1163142693
1163142697
1163138598
1167726853
1167730949
1167726857
2241074569
2241078661
2242140678
2242144774
2242140682
2242144778
2241078665
2241074566
2324998666
2257885705
2324982277
2324978185
2324982281
2324978182
2324982278
2324978186
2324982282
1234446634
1184377381
1184377385
1184373286
1184373290
1184377382
1184377386
1167399433
1167403529
1167399434
1234441493
1234441497
1234445589
1234445593
1234441494
1234441498
1167332745
1167336837
1167336841
1167332742
1167332746
2257856809
2257852710
2257852714
2257856806
2257856810
2259163685
2259163689
2259167781
2259167785
1251255814
1251251722
1251255818
2238192165
2238192169
2238196261
2238196265
2238192166
2238192170
2238196262
2238196266
2242386565
2242386569
2308184613
2308184617
2308188709
2304006405
2304010501
2304006409
2304010505
2304006406
2304010502
2304006410
2304010506
2308249861
2308253957
2241074570
2241078662
2241078666
2236881189
2236881193
2236885285
2236885289
2236881190
2236881194
1168644646
1235491142
1231300885
1231300889
1231296790
1231296794
1231300886
1231300890
1231296789
1231296793
1235495462
1235495466
1252268581
1252268585
1167612165
1167616261
1167612169
1167616265
1167612166
1167616262
1167612170
1167616266
1184389381
1184393477
1184376361
2237143573
2237143577
2237147669
2237147673
2237143574
1251220006
2242128154
1168644742
2324965657
2258901542
2258901546
2308200965
2308205061
2308200969
2308205065
2308200966
2308205062
2308200970
2308205066
2324978181
2237159941
2237164037
2237159945
2237164041
2237159942
2237164038
2237159946
2237164042
2241403397
2241407493
1252289034
1235507717
1235511813
1235507721
1235511817
1235507718
1235511814
1235507722
1235511818
1252284933
1163138581
1163138585
1167332934
1167332938
1167337030
1167337034
1251481878
1251481882
1251485974
1251485978
2242128166
2242128170
2241108229
2241112325
2241108233
2303989285
2303989289
2303993381
2303993385
2303989286
2303989290
2303993382
2303993386
2308183685
2308183689
2304023046
1168382245
1168382249
1168386341
1230248485
1230248489
1230252581
1230252585
1230248486
1230248490
1230252582
1230252586
1234442885
1234442889
2309495322
2309499414
2309499418
2326272533
2326272537
2326276629
2326276633
2326272534
2326272538
2326276630
2236880421
2236880425
2236884517
1167333653
1167333657
1167337749
1167337753
1167333654
1184110870
1184110874
1184114966
1184114970
1251219990
1251224086
1251219989
1168644681
1168648773
1168648777
1168644678
1168644682
1251224102
2325227045
2325227049
2325222950
1168648838
2308450694
2325222954
2325227046
2237929750
2237929754
2237933846
2237933850
2242124101
2242124105
2242128197
2242128201
2242124102
2242124106
1234704933
1234704937
1234709029
1234709033
1234704934
1234704938
1234709030
1234709034
1251482149
1251482153
1234512389
1234508297
1234512393
1234508294
1234512390
1234508298
1234512394
1167600265
1235622409
1235626505
1235622406
1235626502
1235622410
1235626506
1167628805
1167632901
1167628809
1167632905
2308446794
2308450886
2258917894
2308187781
2308187785
2308183686
2308183690
2308187782
2308187786
2241112329
2241108230
2241112326
2241108234
1251219750
1251219754
1251223846
1251223850
1167468809
1167468810
1252530713
1252534805
1252534809
1252530710
1252530714
1252534806
1252534810
1184372246
1184389385
1184393481
2241074453
1251256838
2241074457
2241078549
2241078553
2241074454
2241074458
2241078550
2308253190
2308249098
2308253194
2309233189
2309233193
1163138330
1163138329
1163142421
1163138326
1163142425
1163142422
1163142426
1167332677
1167332681
1167336773
2324965930
2308184362
2308446853
2308446857
2308450949
2308450953
2258934277
2258938373
2258934281
2258938377
1185421862
1185421866
1185425958
1185425962
1167366661
1167370757
1167366665
1234708101
1164450325
1164450329
1164454421
1164454425
1164450326
1164450330
1168448006
1168452102
1168448010
1168452106
2308184597
2308184601
2308188693
2309499525
2309499529
2309495430
2309495434
2309499526
2309499530
1168419338
1234446981
1234446985
1234442886
1234442890
1234446982
1234446986
1168386345
1168382246
1168382250
1168386342
1167349253
1167353349
1167349257
1167353353
1167349254
1167353350
1167349258
1167353354
1184126469
1184130565
2324965658
1234442634
1230247205
1230247209
1230251301
1230251305
1230247206
1230247210
1230251302
1230251306
1234441605
2236896773
2236900869
2236896777
1234704710
1234704714
1234708806
1234708810
1230510357
1230510361
1167595030
1167595034
1167599126
2308516357
2308512265
2308516361
2258901286
2258901290
2258905382
2258905386
2257889797
2325223702
1167332645
1167332649
1167336741
1167336745
1167332646
1167332650
1167336742
1167336746
1184109861
1184109865
2304284933
2304289029
1251256842
2304284937
1230531082
2304289033
2304284934
2304289030
2304284938
2304289034
2241074469
2242157061
1231297061
1231297065
1231301157
1231301161
1231297062
1231297066
1231301158
1231301162
1235491461
1235491465
1251255817
1251251718
1251502342
1251502346
1251498245
1251502341
1251498249
1251502345
2308188458
2308314630
2241091845
2241095941
2241091849
2303989274
2303993366
2303993370
2308183621
2308183625
2308187717
2308187721
2308183622
2308183626
2308187718
1184131337
1167333670
1167333674
1167337766
1168382229
1168382233
1168386325
1230252570
1168382234
1234446917
1234446921
1168386329
1168386330
1234442822
1234442826
1230248469
1230248473
2308479493
2308483589
2326030858
2308184614
2308184618
2308188710
2308188714
2308479497
2308483593
2308479494
2304256537
2304252438
2304252442
2304256534
2304256538
2308446789
2308446793
2308450885
2308450889
2308446790
1235753509
1235753513
1235757605
1235757609
1235753510
1235753514
1235757606
1235757610
1252530725
1252530729
2325227029
2325227033
2325222934
2325222938
2325227030
2325227034
1230251562
1234441861
1234441865
1234445957
1230247461
1234445961
1234441862
1234441866
1234445958
1234445962
1234704917
1234704921
1234709013
1251486229
1251482137
1251482138
1251486230
1234709017
1234704918
1234704922
2257889801
2325227050
2325227798
1167599242
2303990053
2303990057
2303994149
2303994153
2303990054
2303990058
2303994150
2303994154
2308184453
2308184457
2257856037
2257856041
2257851942
2257851946
2257856038
2257856042
2242157065
1167333925
1167333929
1167338021
1167338025
1167333926
1167333930
1167338022
1167338026
1184111141
1184111145
1163155717
1163159813
1163155721
1163159817
1163155718
1163159814
1163155722
1163159818
1167399174
1167403270
2303989029
2303989033
2241075734
2241075738
2241079830
2241079834
2257852949
2257852953
2257857045
2257857049
2257852950
2257852954
1167332901
1167332905
1167336997
1167337001
1167332902
1167332906
1167336998
1167337002
1184110117
1234835721
1234839817
1234835718
1234839814
1234835722
1234839818
1230543365
1230547461
1230543369
1230547465
1230543366
1230547462
1230543370
1230547466
1234835973
1234840069
2309233173
2309233177
1251220010
2309237269
2308446501
2308446505
1168644746
1168648742
2308446602
2308446597
2308446601
2308450693
2308450697
1185192454
1185196550
1185192458
1185196554
1251486245
1251486249
1251482150
1251482154
1251486246
1251486250
2308450586
1184127493
1184131589
1184127497
1184131593
1184127494
1184131590
1184127498
1184131594
1234708042
1230513689
1230509590
1230509594
1230513686
2237966857
2237962758
2237966854
2237962762
2237966858
2242255365
2242259461
2242255369
2242259465
2242255366
1167333770
1167337862
1167337866
2325228069
2325228073
2257855785
2257851686
2257851690
2257855782
2257855786
2241075493
2241075497
2241079589
2241079593
2241075494
1163138602
1163142694
1163142698
1167332997
1167333001
1167337093
1167337097
1167332998
1167333002
1167337094
2304268549
2304272645
2304268553
2304272649
2304268550
2304272646
2304268554
2304272650
2308512005
2308516101
2304268805
2304272901
2304268809
2304272905
2304268806
2304272902
2304268810
2304272906
2308512261
1235491397
1235491401
1235495493
1231297045
1231297049
1235491402
1235491398
1231301141
1231301145
1231297046
1230510373
1234441798
1234441802
1167354121
1167350022
1167354118
1167350026
1167354122
1184127237
1184131333
1184127241
1167595050
1251224106
1167599142
1167599146
2258118186
2324961830
1168648842
2308450698
2324961834
2324965926
2236881446
2236881450
2236885542
2236885546
2241075845
2241075849
2241079941
2241079945
2241075846
2241075850
1167399173
1167403269
1167399177
1167403273
1167399178
1167403274
1164187925
1164187929
1164192021
1164192025
2308463109
2308467205
2308463113
2308467209
2308463110
2308467206
2308463114
2308467210
2325240325
2237147417
2237143318
2237143322
2237147414
2237147418
2241337669
2241337673
2241341765
2241341769
2241337670
2257857046
2257857050
2324993542
2324997638
2324993546
2324997642
2241074725
2241074729
2241078821
2241078825
2241074726
2241074730
2241078822
2241078826
2257851941
2257851945
1235757641
1235753541
1235757642
2305038629
2305038633
2305042725
2305042729
2305038630
2305038634
2305042726
2305042730
2309233029
2309233033
2241370373
2241374469
2325240330
2241370377
2241374473
2241370374
2241374470
2241370378
2241374474
2258147589
2305042710
2305042714
2309232965
2309232969
2309237061
2309237065
2309232966
2309232970
2309237062
2309237066
1168382501
1168382505
1168386597
1168386601
1168382502
1168382506
1168386598
1168386602
1185159717
1185159721
2303990037
2303990041
2303994133
2303994137
2303990038
2303990042
2303994134
2303994138
2308184389
2308184393
2325227813
2257856021
2257856025
2257851926
2257851930
2257856022
2257856026
1167333910
1167333914
1167338006
1167338010
1184111125
1184111129
1184115221
1184115225
1184111126
1184111130
1234737670
2309265925
2309270021
2309265929
2309270025
2309265926
2309270022
2309265930
2309270026
2326043141
2326047237
2324994313
2324998409
2324994310
2324998406
2324994314
2324998410
2258905366
1167333961
1164188181
1164188185
1164192277
1167661321
1167665417
1167661318
1167665414
1167661322
1163417861
1163172101
1163176197
1163172105
1163176201
1163172102
1163176198
1163172106
1234770441
1234774537
1234770438
1234774534
1234770442
1234774538
1230526981
1230531077
1230526985
1230531081
2308446485
2308446489
2308450581
2308450585
2308446486
2308446490
1184372262
1184372266
1234704774
1234704778
1234708870
1234708874
1184376358
1184376362
1184373033
1184377125
1184377129
1184373030
1184373034
1184377126
1184377130
2258131209
2258135305
2325223706
1167468037
1167463945
1167468041
1167463942
1167468038
1167463946
1167468042
1163401509
1163401513
1163405605
1167730953
1167730954
1163434245
1163438341
1163434249
1163438345
1163434246
1163438342
1163434250
1163438346
2241075498
2241079590
2241079594
2257852709
2257852713
2257856805
2242161157
2257885702
2325223717
2325223721
2236885273
2236881174
2236881178
2236885270
2236885274
2241075525
2241075529
2241079621
2241079625
2241075526
1252272421
1252272425
1252268326
1252268330
1252272422
1252272426
1163142677
1163142681
1163138582
1163138586
1163142678
1163142682
1167332933
1167332937
1167337029
1167337033
2304023045
2304027141
2304023049
2304027145
2241468681
2241472777
2241468678
2241472774
2241468682
2241472778
1234441509
1234441513
1234445605
1234445609
1234441510
1234441514
1234445606
1234445610
1231329797
1231333893
1231329801
1231333897
1231329798
1231333894
1231329802
1231333898
1235622405
1235626501
1235495561
1234707993
1234703894
1234703898
1234707990
1234707994
1251481109
1163171333
1163175429
1163171337
1163175433
1163171334
1163175430
1163171338
1163175434
1167463941
1168644650
2258119205
2304009738
2308249093
2308253189
2308249097
2308253193
2308249094
2241141257
2241145353
2241141254
2241145350
2241141258
2241145354
2308183322
2308187414
2308187418
2324960533
1230514453
1230514457
1230510358
1230510362
1230514454
1230514458
1234704709
1234704713
1234708805
1234708809
1167336777
1167332678
1167332682
1167595029
1167599130
1184376342
1184372250
1184376345
1184372245
1184372249
1167595033
1167599125
1167599129
2324961574
2242259462
2242255370
2242259466
2324961578
2324965670
2324965674
2236913157
2236917253
2236913161
2236917257
2236913158
2236917254
2236913162
2236917258
2241205765
2241209861
2325227802
2309237285
2309237289
2309233190
2309233194
2309237286
2309237290
2326010405
2326010409
2326014501
2326014505
1163400741
1163400745
1163404837
1163404841
1163400742
1163400746
1163404838
1163139370
1163143462
1163143466
1167333765
1163139365
1163139369
1167333769
1167337861
1167337865
1167333766
1168382601
1168386693
2259163686
2242161161
2259163690
2259167782
2259167786
2257885706
2326026761
2326030857
2326026758
2236880405
1251218713
1251222805
1251222809
2236880409
2236884501
2236884505
2236880406
2236880410
2236884502
1251514885
1251518981
1164208645
1164204550
1164208646
1164204554
1164208650
1168448005
1168452101
1168448009
1168452105
2305038613
2305038617
2305042709
2305042713
2305038614
2305038618
2241353989
2241358085
2241353993
2241358089
2241353990
2241358086
2241353994
2241358090
2258131205
2258135301
2304256550
2242157062
1234441765
1234441769
1234445861
1234445865
1234441766
1234441770
1234445862
1234445866
1251218981
1251218985
1168386582
1168382485
1168382489
1168386581
1168386585
1168382486
1168386586
1167595814
1167595818
1167599910
1167599914
1184373029
1168648746
1251481893
2241205769
2241209865
2241205766
2241209862
2241205770
2241209866
1184115238
1184115242
2237143333
2237143337
1234708105
1234704006
1234704010
1234708102
1234708106
1167370761
1167366662
1167370758
1167366666
1167370762
2309249541
2309253637
2309249545
2309253641
2309249542
2309253638
2309249546
2309253642
2326026757
2326030853
2308183429
2308183433
2308187525
2308187529
2308183430
2308183434
2308187526
2308187530
1251518730
2308183333
2308183337
2238192149
2238192153
2238196245
2238196249
2238192150
2238192154
2238196246
2238196250
2242390597
2242390601
2241075477
2237146661
2241336970
2241341062
1234512133
1234508041
1235495237
1235495241
2241341066
1234445638
1234445642
1234441545
1234445637
1234445641
1167616518
1167612426
1167616522
1184389637
1184393733
1167612421
1167616517
1167612425
1167616521
1167612422
1235491098
1235495190
1235495194
2325260550
2325256458
2325260554
2324960809
2324964901
2324964905
2326010406
2326010410
2326014502
2326014506
1234458885
1234462981
1167332629
1167332633
1167336725
1167336729
1184127238
1185159445
1185159449
1185163541
1185163545
1185159446
1167333702
1167333706
1167337798
1163139349
1163139353
1163143445
2241108485
2241112581
2241108489
2308449925
2304251429
2304251433
2304255525
2304255529
2308449929
2308445830
2308445834
2308449926
2308449930
1168419337
1168415238
1168419334
1234709125
1234709129
1234705030
1234705034
1234709126
1234709130
1168415242
2257872393
2257868294
2257872390
2257868298
2257872394
2241091077
2241095173
2241091081
2241095177
1235495497
1234445894
1234445898
1235495494
1235495498
1230247445
1230247449
1230251541
1230251545
1230247446
1184373014
1184373018
1184377110
1184377114
1167595801
1167599893
1167599897
1167595798
1230280197
1230284293
1230280201
1230284297
1230280198
1230284294
1230280202
1230284298
1234572805
1234576901
2305038886
2305038890
2305042982
2305042986
2309233285
2309233289
2309237381
2309237385
2309233286
2309233290
2308183369
1185159701
1185159705
1185163797
1185163801
1185159702
1185159706
1185163798
1185163802
1168382490
1167332885
1167464969
1167469065
1167464966
1167469062
2242124053
2242124057
2242128149
2242128153
2258901269
2258901273
2258905365
2258905369
2303990294
2303990298
2303994390
2303994394
2308184645
2309499433
2326272549
1163154953
1163159049
1163154950
1163159046
1163154954
1163159050
1167398405
1167402501
1167402505
1184142857
1184146953
1184142854
1184146950
1184142858
1184146954
1167595813
1167595817
1167599909
1167599913
2325228057
2325223958
2325223962
2325228054
2325228058
2241075482
2241079574
2241079578
2257852693
2257852697
2257856789
2241095945
2241091846
2241095942
2241091850
2308581637
2308577545
2308581641
2308577542
2308581638
2308577546
2308581642
1230509605
1230509609
1230513701
1230513705
1230509606
1230509610
1230513702
1230513706
1234704005
1234704009
2257857066
2309495365
2309495369
2303990293
2303990297
2303994389
2303994393
2303989269
2303989273
2303993365
2303993369
2303989270
2309237318
1168382277
1168382281
1168386373
1168386377
1168382278
1168382282
1167596165
1167596169
1234441541
2304285189
2304289285
2304285193
2304289289
2304285190
2304289286
2304285194
1231559205
1231559209
1231563301
1231563305
1231559206
1231559210
1231563302
1231563306
1235753605
1235753609
2257869318
2257873414
2257869322
2308445765
2308445769
2308449861
2308314633
2308446598
2308449865
2308445766
2304022021
2304026117
2304252197
2304252201
2308315653
2308319749
1167595045
1167595049
1167599141
1167599145
1167595046
1167596069
1167596073
1167600165
1167600169
1167596070
2241074709
2241074713
2241078805
2241078809
2241074710
2241074714
2241078806
2241078810
2257851925
2257851929
2257889798
2257889802
2242157066
2257884681
2257888777
2257884678
2257888774
2257884682
2257888778
2241337637
2309237322
2305038869
2305038873
2305042965
2305042969
2258118185
2258114086
2241336869
2241336873
2241340965
1167596074
1167600166
1167600170
1184373285
1184373289
1163155974
1163160070
1163155978
1163160074
1167399429
1167403525
1251218710
1167399430
1167403526
1167403530
1251218714
1251222806
1251222810
2308446854
2308446858
2308450950
2308450954
2304251430
2304251434
2304255526
2304255530
2308445829
2308445833
2305301013
2305301017
2305305109
2305305113
1168386326
1185163546
1167398409
1163154949
1163159045
1167402502
1167398410
1167402506
1163155973
1163160069
1163155977
1163160073
1163438601
1163434502
1163438598
1163434506
1163438602
1167727109
1167731205
2242128421
2242128425
2242124326
2242124330
2242128422
2242128426
2258901541
2258901545
2258905637
2258905641
2258114090
2258118182
2241340969
2241336870
2241336874
2241340966
2241340970
2258114085
2258114089
2258118181
1234445590
1234445594
1251218709
1163404842
1167595141
1167595145
1167599237
1167599241
1167595142
1167595146
1167599238
2241075733
2241075737
2241079829
2241079833
2258118953
2258114854
2258114858
2258118950
2258118954
2242128405
2242128409
2242124310
2242124314
2242128406
2242128410
2258901525
2258901529
2258905621
2258905625
1234458889
1234462985
1234458886
1234462982
1167337750
1167337754
1184110869
1184110873
1184114965
1184114969
1231563289
1231559190
1231559194
1231563286
1231563290
1235753545
1235753546
1231559189
1231559193
1231563285
1163418117
1163422213
1163418121
1163422217
1163418118
1163422214
1163418122
1163422218
1167661573
1167665669
2325240073
2325244169
2325240070
2325244166
2325240074
2325244170
2241075481
2241079573
2241079577
2241075478
2237180165
2237176073
2237180169
2237176070
2237180166
2237176074
2237180170
2241468677
2241472773
1164188201
1164192293
1164192297
1164188198
1164188202
1164192294
1164192298
1164188197
1168382597
1168386697
1163400726
1163400730
1163404822
1163404826
1167595077
1167595081
1235495446
1235495450
1251224090
1234445849
1234441750
1234441754
1234445846
1252268565
1252268569
1252272661
2305071621
2305075717
2305071625
2305075721
2305071622
2305075718
2305071626
2305075722
2241370629
2241374725
2241370633
2241374729
2241370630
2241374726
2241370634
2241374730
2258147845
2258151945
2241337674
2241341766
2241341770
2236900873
2236896774
2236900870
2236896778
2236900874
2241140229
2241144325
1168644645
1168644649
1168648741
1168648745
1234458890
1234462986
1251236101
1251240197
1251236105
1251240201
1251236102
1251240198
1251236106
1251240202
2304252185
2304256277
2304256281
2304252182
2304252186
2237934118
2241336853
2241336857
2241340949
2241340953
2241336854
2241336858
2241340950
2241340954
2258114069
2258114073
1234704682
1234708774
1234708778
1251481897
1234475525
1234479621
1234475529
1234479625
1234475526
1234479622
1167596058
1167600150
1167600154
1184373269
1184373273
2324960537
2324964629
2324964633
2308183317
2308183321
2237946378
2237950474
2242189829
2242193925
2242189833
2242193929
1163143449
1167337802
1163139350
1163139354
2236885290
2241075589
2241075593
2241079685
2241079689
2241075590
2241112585
1167731210
1163434501
1163438597
1163434505
2242124309
2242124313
2241337641
2241341733
2241341737
2241337638
2241337642
2241341734
2241341738
2258114853
2258114857
2258118949
2241342026
2241403401
2241407497
2237142549
2237142553
2237146645
2237146649
2237142550
2237142554
2237146646
1167599173
1167599177
1167595078
1167595082
1167599174
1167599178
1163400725
1163400729
1163404821
1163404825
2236881430
2236881434
2236885526
1251514889
1234741766
1234737674
1234741770
1252534821
1252534825
1252530726
1252530730
1251518985
1251514886
2326010394
2326014486
2326014490
2308183573
2308183577
2308187669
2308187673
2308183574
2308183578
2308187670
2237159685
2237163781
2237159689
2237163785
2237159686
2237163782
2324997641
2325223718
2325223722
2325227814
2325227818
2308216325
2308220421
2308216329
2308220425
2308216326
2241091078
2241095174
2241091082
1168386629
1168386633
1168382534
1168382538
1163405609
1163401510
1163401514
1163405606
1163405610
1167595909
1167595913
1167600005
2305055237
2305059333
2305055241
2305059337
2305055238
2305059334
2305055242
2305059338
2309298693
2309302789
2241354246
2241358342
2241354250
2241358346
2258131461
2258135557
2258131465
2258135561
2258131462
2258135558
2308200710
2308204806
2308200714
2308204810
2324977925
2324982021
1185425942
1168644629
1168644633
1168648725
1168648729
1168644630
1168644634
1168648726
1168648730
1185421845
1235560965
1235556873
1235560969
1235556870
1235560966
1235556874
1235560970
1230264837
1230268933
1230264841
2237929765
2237929769
2237933861
2237933865
2237929766
2237929770
2237933862
2237933866
2242124165
2242124169
2305301014
2305301018
2305305110
2305305114
2241075530
2241079622
2241079626
2309495333
2309495337
2309499429
2325223974
2325223978
2325228070
2325228074
2308483590
2308479498
2308483594
1235491094
1234737413
1234741509
1234737417
2242161158
2242161162
1234741513
2304256554
1234737414
2304252453
2304252457
2258934278
2258934282
2304256549
2304256553
2304252454
2304252458
2237159690
2237163786
2241403141
2241407237
2241403145
2241407241
2241403142
2241407238
2241403146
2241407242
1185180170
1168398853
1168398854
1167350282
1167354378
1168398857
1168402949
1168402953
1184377109
1184377113
1234445845
1234445850
1251218965
1251218969
1251223061
1251223065
1251218966
1251218970
1251223062
1251223066
2241337621
2241337625
2241341717
2241337878
2241337882
2241341974
2241341978
2258115093
2258115097
1230510613
1230510617
1230514709
1230514713
1230510614
1230510618
1230514710
1230514714
1234704965
1234704969
2309233178
2309237270
2309237274
2326010389
2326010393
2326014485
2326014489
2326010390
1167600009
1167595910
1167595914
1167600006
1167600010
2236918278
2236914186
2236918282
2308187430
2241206789
2241210885
2308187429
2308187433
2308183338
2308187434
2324960549
2324960553
2324964649
1164220933
1164225029
1164220937
1164225033
1164220934
1164225030
1164220938
1164225034
1168513541
1168517637
2241140233
2241144329
2241140230
2308450630
2308450634
2308254213
2308250121
2308254217
2308250118
2308254214
2308250122
2308254218
2304252181
1184377370
1184373270
1184377365
1184377366
1167596053
1167596057
1167600149
1167600153
1167599941
1167596054
1167595846
1167595850
1167599945
1167599942
1163401493
1163401497
1163405589
1163405593
1251218725
1251218729
1251222821
1234475269
1234479365
1234475273
1234479369
1234475270
1234479366
1234475274
1234708037
1167354377
1167350278
1167354374
2308183589
2308183593
2308187685
2308187689
2308183590
2308183594
2258905642
2242128165
2242128169
2242124070
2241096197
2258921990
2258921994
2257873413
2257869321
2257873417
2241337622
2241337626
2241341718
2257868297
2309495366
2309495370
2309499462
2309499466
1234445701
1234445705
1234441606
1234441610
1234445702
1234445706
2237929749
2237929753
2237933845
2237933849
2309237382
2309237386
2305301029
2305301033
2305305125
2305305129
2305301030
2305301034
2305305126
2305305130
2309495429
2309495433
2308512262
2308516358
2308512266
2308516362
2309499461
2309499465
2304251414
2304251418
2304255510
2304255514
2309298697
2309302793
2309298694
2309302790
1251498246
1234721033
1234474501
1234478597
1234474505
1234478601
1234474502
1234478598
1234474506
1234478602
1251251717
2308450890
2304252437
2304252441
2304256533
1167464970
1167469066
1251222826
2236881445
2324965909
2324965913
2236881449
2236885541
2236885545
2258118165
2258118169
2258114070
2258114074
2258118166
2258118170
2241354245
2241358341
2241354249
2241358345
1185425941
1185425945
1185421846
1185421849
1185421850
1185425946
2308217093
2308221189
2308217097
2308221193
2308217094
2308221190
2308217098
2308221194
2324994309
2324998405
2308184649
2308188741
2308188745
2308184646
2308184650
1235491109
1235491113
1235495205
1235495209
1235491110
1235491114
1235495206
1235495210
1252268325
1252268329
2258119209
2241337893
2241337897
2241341989
2241341993
2241337894
2241337898
2241341990
2241341994
2258115109
2236897797
2236901893
2236897801
2236901897
2236897798
2236901894
2236897802
2236901898
2241141253
2241145349
2308187413
2308187417
2308183318
1164204553
1164208649
1164204549
1251219733
1251219737
1251223829
1251223833
1251219734
1251223830
1251219738
1251223834
1234442517
1234442521
2237176326
2237180422
2237176330
2237180426
2241468933
2241473029
1164454437
1164454441
2258119206
2258119210
2242124421
2242124425
1234573577
1234577673
1234573574
1234577670
1234573578
1234577674
1230280965
1230285061
1230280969
1230285065
2237146665
2237142566
2237142570
2237146662
2237146666
2241336965
2241336969
2241341061
2241341065
2241336966
1163401765
1163401769
1163405861
1163405865
1163401766
1163401770
2309298698
2309302794
1163405862
1163405866
2258131466
2258135562
1234441542
1234441546
1230247189
1230247193
1230251285
1230251289
1230247190
1230247194
1230251286
1230251290
2242128261
2242128265
2242124166
2242124170
2242128262
2242128266
1251235337
1251239433
1251235334
1251239430
1251235338
1251239434
1251236357
1251240453
1251236361
1252289029
1234475530
1234479626
1184389638
1184393734
1167595802
1167599894
1167599898
1184373013
1184373017
1167595797
1184373274
1184377369
1234458117
1234462213
1234458121
1234462217
1234458118
1234462214
1234458122
1234462218
1251235333
1251239429
2308446741
2308446745
2308450837
2308450841
2308446742
2308446746
2308450838
2308450842
2258917898
2241092101
2242128517
2242128521
2242124422
2242124426
2237930021
2237930025
2237934117
2237934121
2237930022
2237930026
2308318726
2304022025
2304026121
2304022022
2304026118
2304022026
2304026122
2308512006
2308516102
2308512010
2308516106
1184109866
1184113958
1184113962
2241079877
2241079881
2241075782
2241079878
2241075786
2241079882
2236881429
2236881433
2236885525
2236885529
2326272553
2326276645
2326276649
1163401750
1163401754
1163405846
1163405850
2242386469
2242386473
2242390565
2242390569
2242386470
2242386474
2242390566
2242390570
2324977929
2324982025
2324977926
2324982022
2324977930
2324982026
2308200709
2308204805
2308200713
2308204809
1234709014
1234709018
1251482133
1251486233
1251486234
1251498505
1251498502
1251498506
1234721286
1234725382
1252272405
1252272409
1252268310
1252268314
1252272406
1252272410
1235491093
1235491097
1235495189
1235495193
2258119189
2258119193
2258115094
2258115098
2258119190
2258119194
2241337877
2241337881
2241341973
2241341977
1168644741
2257855781
2308199941
2308204037
2308199945
2308204041
2308199942
2308204038
2308199946
2308204042
2324977157
2324981253
1234741510
1234737418
1234741514
1251514629
1251518725
1251514633
1251518729
1251514630
1251518726
1251514634
2258901526
2258901530
2241468937
2241473033
2241468934
2241473030
2241468938
2241473034
2237176325
2237180421
2237176329
2237180425
2308187686
2308187690
2324960805
1168644745
1168648837
1168648841
1234446885
1234446889
1251220005
1251220009
1251224101
1164450341
1164450345
1234442789
1234442793
1234463237
1234459145
1234508038
1234512137
1234508042
1234512138
1230264581
1230268677
1230264585
1230268681
1230264582
2237146650
2241336901
2241336905
2241340997
2241341001
2241336902
2241336906
2241340998
2241341002
1167600197
1167600201
1167596102
1163401749
1163401753
1163405845
1167596106
1167600198
1167600202
1163405849
1251236358
1234459142
1234463238
1251236362
1251240454
1251240457
1234459146
1234463242
1251240458
1234459141
2325244422
2309495317
2309495321
2309499413
2309499417
2309495318
2326276634
2325223957
2325223961
2325228053
2242128454
2242128458
2241337734
2241341721
1234703909
1234703913
1234708005
1234708009
1234703910
1234703914
1234708006
1234708010
1251481125
1251481129
1163417866
1163421962
1167661317
1167665413
1235495238
1235495242
1230268678
1230264586
1230268682
1234508037
2308187674
2324960789
2324960793
1168648774
1168648778
1251219993
1251219994
2308188746
2303989013
2303989017
2303993109
2303993113
2303989014
2303989018
2303993110
2303993114
2308183365
2308188454
2241075781
2304251413
2304251417
2304255509
2304255513
2257873418
1251518982
1251514890
1251518986
1168415241
1251252741
1251256837
1251252745
1251256841
1234704677
1234704681
1234708773
1234708777
1234704678
2308450854
2308450858
2325223973
2325223977
2325227817
2308216330
2308220426
2324993541
2324997637
2324993545
2237934122
2308220422
1252272665
1252268566
1251485993
1252268570
1252272662
1252272666
1167596101
1167596105
1234770185
1234774281
1234572806
1234576902
1234572810
1234576906
1234770182
1234774278
2237950469
2237946377
2237950473
2237946374
2237950470
2308188441
2324961557
2324965653
2241144326
2241140234
2241144330
1164450342
1164450346
1164454438
1164454442
1234721290
1234725386
1167338057
1167333958
1167333962
1167338054
1167338058
1163421957
1163417865
1163421961
1163417862
1163421958
2304026890
2308315397
2308319493
2308315401
2308319497
2308315398
2242386501
2242386505
2241407498
2304006661
2304010757
2304006665
2304010761
2304006662
2304010758
2304006666
1184405769
1184409861
1184409865
2237147686
2237147690
2241337989
2241337993
2241342085
2241342089
2241337990
2241337994
2241342086
2241342090
2257868293
2257872389
1234446661
1234446665
1234442566
1234442570
1234446662
1234446666
1184114201
1184110102
1184110106
1184114198
1184114202
2308221449
2308217350
2308221446
2308217354
2308221450
2324994565
2324998661
2324994569
2324998665
2324994566
1252305417
1252301321
1164192042
1167464710
1167332741
1234704665
1234708762
1251481877
1251481881
1251485973
1251485977
1167464713
1234446725
1168382342
1164187941
1164187945
1164192037
1164192041
1164187942
1164187946
1168386437
2241078566
2241078570
2257851685
2257851689
2303990309
2303990313
2303994405
2303994409
2303990310
2303990314
2303994406
2303994410
2308184709
2308184713
1167333669
1167333673
1167337765
1167337769
2326010138
2326014230
2326014234
1168386438
1164192038
1230280966
1230285062
1230280970
1230285066
1234573573
1234577669
1235495557
1163139621
1230263813
1163139625
1163143717
1163143721
1163139622
1167334021
1167334025
1167338117
1167338121
1167334022
1168386698
2236913925
2236918021
2236913929
2236918025
2236913926
2236918022
2236913930
2236918026
2241206533
2241210629
1234463241
2241075594
2241079686
2241079690
2241206537
2241210633
2241206534
2241210630
2241206538
2241210634
2236885286
1184389382
1184393478
1184389386
1184393482
2324960794
2241403398
2241407494
2241403402
2324964886
1252284937
1252289033
1252284934
1252289030
1252284938
2241112330
1185159461
1185159465
1185163557
1185163561
2236885530
2241078554
2257851669
2257851673
2257855765
2257855769
2257851670
2257851674
2257855766
2241079942
2241079946
2236884521
2236880422
2236880426
2236884518
2236884522
2241074821
2241074825
2237176069
1167333658
2308445733
2308445737
2308449829
2308449833
2308445734
2308445738
2308449830
2308449834
2325222949
2325222953
1230268937
1230264838
1230268934
1230264842
1230268938
1234508293
1167628806
1167632902
1167628810
1167632906
1184126473
1184130569
1184126470
1184130566
1184126474
1184130570
1184393738
1184389642
1184389641
1184393737
2257856793
2257852694
2257852698
2257856790
2257856794
2324964890
2258901274
2325244426
2258905370
2325244165
1167336774
1167336778
1184143877
1184147973
1184143881
1184147977
1231313413
1231317509
1231313417
1231317513
1231313414
1231317510
1231313418
1231317514
1235556869
1167398406
2308188697
2324961813
2324961817
1235495301
1231300901
1234441609
2304010762
2308250117
2304256278
2304256282
2308446533
2308446537
2308450629
2308450633
2308446534
2308446538
2257855770
1251481894
1251481898
1251485990
1251485994
1251485989
1184405765
1252272677
1252272681
1168415237
1168419333
2308577541
2242124069
2242124073
2258151941
2258147849
2308446757
2308446761
2308450853
2308450857
2308446758
2308446762
1251255813
1251251721
1234725129
1251498250
1234721029
1234725125
1234721030
1234725126
1234721034
1234725130
2308318730
2241095946
2257869061
2257873157
2308187722
2257869065
2257873161
2257869062
2257873158
2257869066
2257873162
1184113957
1184113961
1184109862
1185159450
1185163542
1168382230
1234442821
1234442825
1230252565
1230252569
1230248470
1230248474
1230252566
1234446918
1234446922
2325256709
2325260805
2325256713
2325260809
2325256710
2325260806
2325256714
2325260810
2242140677
2242144773
2242140681
2242144777
1235491462
1235491466
1235495558
1235495562
1252268309
1252268313
1251482134
1184111142
1184111146
2241095178
2308319494
2308315402
2308319498
2308188549
2308188553
2308184454
2308184458
2308188550
2308188554
2304022794
1167628550
1167632646
1167628554
1167632650
1184405766
1184409862
1184405770
1184409866
1184115237
1184115241
1234835977
1234840073
1234835974
1234840070
1234835978
1234840074
2308450597
2308450601
2308446502
2308446506
2308450598
2308450602
2309237273
2309233174
1167350277
1167354373
1167350281
1230509589
1230509593
1230513685
1234708041
1234703942
1234703946
1234708038
1230513690
1234703941
1234703945
2242124074
2257885445
2257889541
2257885449
2257889545
2241074473
2241078565
2241078569
2241074470
2241074474
1167337098
2308512009
2308516105
2308318725
2308318729
2308314634
2308188805
2308188809
2308184710
2308184714
2308188806
2308188810
2305038885
2305038889
2305042981
2305042985
1231297050
1231301142
1230510377
1230514469
1230514473
1230510374
1230510378
1230514470
1231301146
1230514474
1163143446
1163143450
1167333701
1167333705
1167337797
1167337801
1164187926
1164187930
1164192022
1164192026
1235753493
1235753497
1235757589
1235757593
1235753494
1235753498
1235757590
1235757594
1252530709
2241075749
2241075753
2241079845
2241079849
2241075750
2241075754
2241079846
2241079850
2242124325
2242124329
1235753542
1235757637
1235757638
2258151686
2258147594
1163139605
1163139609
1163143701
1163143705
1163139606
1163139610
1163143702
1163143706
1167333957
1167338053
1163172357
1163176453
1163172361
1163176457
1163172358
1163176454
1163172362
1163176458
1167464965
1167469061
2236897541
2236901637
2236897545
2236901641
2236897542
2236901638
2236897546
2236901642
2241140997
2241145093
2308315657
2308319753
2304027142
2304023050
2304027146
2308315654
2308319750
2308315658
2308319754
1234479370
1251252485
1251256581
1234442533
1234442537
1234446629
1251222825
1251218726
1251218730
1251222822
1184406021
1184410117
1184406025
1184410121
1230510629
1230510633
1230514725
1230514729
1230510630
1230510634
1230514726
1230514730
1234705029
1234705033
2258115113
2304005637
2304009733
2304005641
2304009737
2304005638
2304009734
2304005642
2258115110
2258115114
2324960534
2324960538
2324964630
2324964634
1184376341
1184376346
2309364229
2309368325
2309364233
2309368329
2309364230
2309368326
2309364234
2309368330
2237142565
2237142569
1167600261
1167596166
1167596170
1167600262
1167600266
1167727113
1167731209
1167727110
1167731206
1167727114
1168382598
1168382602
1168386694
2236884506
2241074757
2241074761
2241078853
2241078857
2241074758
2241074762
2241078854
2241078858
2241075785
1234446613
1234446617
1234442518
1234442522
1234446614
1234446618
2258131210
2258135302
2258135306
1251218986
1251223078
1251223082
1251223077
1251223081
1251218982
1252268582
1252268586
1252272678
1252272682
2241341829
2241341833
2241341830
2241337738
2241341834
2236914181
2236918277
2236914185
2236918281
2236914182
2326030854
2309232938
2309237030
2309237034
2326010149
2326010153
2326014245
2326014249
2326010150
2326010154
2308183334
