1464869389584
1486629767456
2586141395232
1761507674400
2861019302176
2912542131488
1551054277152
2650565904928
1825932184096
2925443811872
1756944008720
2856455636496
1825663485456
2925175113232
1482317760032
2564398122256
1739764401424
2839276029200
1469433120272
2568944748048
1744311027216
2843822654992
1538152597008
2637664224784
1813030503952
2912542131728
1486612989456
2586124617232
1486629766672
2586141394448
1761507673616
2861019301392
1555348915488
2843839170848
2925443811616
2861019040288
1469432792608
2568944420384
1744310699552
2843822327328
1538152269344
2637663897120
1813030176288
2912541804064
1486612661792
2586124289568
1464886232352
2839544400144
2564397860128
1739764139296
2839275767072
1808483616032
2907995243808
1482066101536
1555080807712
2654592435488
1829958714656
2929470342432
1555332205088
2654843832864
1830210112032
2929738712352
2929721739808
1757195602464
2856707230240
1551037434384
1555080481296
2654592109072
1829958388240
2929470016016
2650549062160
1825915341328
2925426969104
1555349178656
2654860806432
1830227085600
2929738713376
1533857629472
1812778518800
1469181135120
2568692762896
1744059042064
2843570669840
1537900611856
2637412239632
2633369257248
1808735536416
1825663747616
2650549061904
2856707492112
2925426968848
1551037434128
1757195864336
1825915341072
1533857368352
1486629439008
2586141066784
1761507345952
2861018973728
1555349177872
2654860805648
1830227084816
2929738712592
1464886494752
2564398122528
1739764401696
2839276029472
1533605971488
2637680675104
1813046954272
2912558582048
2633117599264
1808483878432
2908263942688
1825915078944
2929453499664
2654575592720
2907978663440
2650280625680
2856439055888
2633100756496
2925158532624
1464869651984
2564381279760
1739747558928
2839259186704
1533589128720
2585872959008
1761239238176
2860750865952
2912290474272
1465154668048
2564666295824
1740032574992
2839544202768
1533874144784
2633385772560
1808752051728
2908263679504
2581560952080
1756927231248
2856438859024
2650280428816
1550768801040
1825646707984
2925158335760
1757195666976
1756927493664
1550769063456
2650280691232
1469164684832
2568676312608
1744042591776
2843554219552
1469164423712
2568676051488
1538169374240
1744042330656
2843553958432
1537883900448
2568693025056
1744059304224
2843570932000
2637412501792
1812778780960
2912290408736
1486361266464
2585872894240
1555080742432
2654592370208
1829958649376
2564381017360
1739747296528
2839258924304
1808466773264
2907978401040
1761490568464
1469449569552
2568961197328
2568961198352
1744327477520
2843839105296
1538169047312
2637680675088
1813046954256
2912558582032
2929738451216
1486629439760
2586141067536
2568675984912
1744042264080
2843553891856
1537900611104
2637412238880
2650548864288
1808735275296
1812778518048
2912290145824
1465154930208
1469449569808
2568961197584
1744327476752
2843839104528
1538169046544
2637680674320
1813046953488
2912558581264
2929738450448
2907978401056
1482049258784
2581560886560
2856439121184
1550769063200
2650280690976
1825646970144
2564649715216
1757195863568
1825915340304
2633369191952
1482317956624
2839527622160
2908247098896
2581829584400
2650549061136
1761222134288
2860733762064
1829941611024
2929453238800
1465137890576
2564649518352
1740015797520
1551037236496
2650548864272
2839527425296
1757195666704
2856707294480
1808735274256
2908246902032
1482317761040
2581829388816
1757195667984
2856707295760
1486629505312
1761507412256
2861019040032
2929738778896
2633368995360
1813047281184
2654860544544
1744310766112
1469449832736
2568961460512
1744327739680
2843839367456
1538169309472
2637680937248
1813047216416
2912558844192
1486629701920
1486629504528
2586141132304
1761507411472
2861019039248
1469181396512
2568693024288
1744059303456
2843570931232
1537900873248
2637412501024
1812778780192
2912290407968
1486361265696
2585872893472
1551037498656
1555080545568
2654592173344
1829958452512
2929470080288
2650549126432
1825915405600
2925427033376
1464869456400
2564381084176
1739747363344
2839258991120
1533588933136
2633100560912
1808466840080
2907978467856
1482049325584
2581560953360
1550785774864
2650297402640
1825663681808
2861002197520
2925426771232
2568692827424
1744059106592
2843570734368
1537900676384
2637412304160
1812778583328
2912290211104
1486361068832
2585872696608
1551037172240
2650548800016
1825915079184
2925426706960
1482049521168
2581561148944
1808467035664
2654844028432
1533857564176
1808483812880
2907995440656
1486344488464
2585856116240
1469164356880
2568675984656
2860733760784
1555063702800
1537883833616
2637395461392
1812761740560
2912273368336
1756927494672
2856439122448
1550769064464
2650280692240
1825646971408
1464869456416
2564381084192
1739747363360
2839258991136
1533588933152
2633100560928
1808466840096
1555080808736
2654592436512
1829958715680
2929470343456
1486361069088
2585872696864
1761238976032
2860750603808
1555080807952
2654592435728
1829958714896
2929470342672
2912290212128
2908246902304
2929738451488
2586141067808
1761507346976
2861018974752
2839527425568
2907978728736
1555349178896
2654860806672
1830227085840
2929738713616
1482049586464
1812778583568
2912290211344
2581561214240
1756927493408
1537883833888
2637395461664
1812761740832
1538169373984
2637681001760
1813047280928
2912558908704
1469449831968
2568961459744
1744327738912
2843839366688
1538169308704
2637680936480
1813047215648
2912558843424
2568676246816
1744042525984
2843554153760
1537884095776
2637395723552
1812762002720
2912273630496
1486344488224
2585856116000
1761222395168
1486361332256
1761490830624
2861002458400
1551037433376
1555080480288
2654592108064
1829958387232
2929470015008
2650549061152
1825915340320
2925426968096
1469449635104
2568961262880
1744327542048
2843839169824
1538169111840
2637680739616
1813047018784
2912558646560
1486629504288
2586141132064
1469181200912
2568692828688
1744059107856
2843570735632
1537900677648
2637663896848
2912541803792
1555332138256
2654843766032
1830210045200
1469432792336
2568944420112
1830227084832
1465138154000
2564649781776
1740016060944
2839527688720
1533857630736
2633369258512
1808735537680
2908247165456
1482318023184
2581829650960
1551054013984
2568961525280
1744327804448
2843839432224
1740015733280
2839527361056
2633368930848
1808735210016
2908246837792
1482317695520
2581829323296
1482066037264
2581577665040
1538152270096
1813030177040
1533588867344
2633100495120
1464886494480
1464869652000
1482049521184
2581561148960
1469433054736
2568944682512
2907995178272
1482066036000
2581577663776
1756943942944
2856455570720
1550785512736
1469433054496
2568944682272
1744310961440
2843822589216
1538152531232
2637664159008
1813030438176
2912542065952
1486612923680
2586124551456
1537884097040
2637395724816
1486344489488
2585856117264
1761222396432
2860734024208
1555063966224
1538169113104
2637680740880
1813047020048
2912558647824
2912273434896
2654575397136
2860733827344
2929453304080
1825663419664
2925175047440
1550785512720
2650297140496
1464886233360
1486629505552
2586141133328
1761507412496
2861019040272
1486344553744
2585856181520
1761222460688
2860734088464
1555064030480
1464869389600
2564381017376
1739747296544
1761222199568
2839258924320
1808466773280
1808735536672
1830227085856
1829958453536
2929470081312
2637681002016
2650297403664
1825663682832
2925175310608
2908263941392
2633386034448
2581846426896
1465154929936
2564666557712
1740032836880
1464886494496
2564398122272
1739764401440
1551037498896
2654592173584
1829958452752
2929470080528
2650549126672
1825915405840
2925427033616
1555349243168
2654860870944
1830227150112
1465154602272
2564666230048
1740032509216
2839544136992
1533874079008
2633385706784
1808751985952
2581846361376
1757212640544
2856724268320
1756943944208
2856455571984
1550785514000
2650297141776
1825663420944
2925175048720
1469164685600
2568676313376
1555348916752
2654860544528
1830226823696
2929738451472
2908246902288
1469433055760
2568944683536
1538152532496
1486612924944
2586124552720
1555063703824
2654575331600
1829941610768
2929453238544
1812761807392
1482318023200
1486361070112
2585872697888
1761238977056
2860750604832
2581829650976
1757195930144
2856707557920
1829958715920
2929470343696
2929721739536
2654843832592
1555332400400
2654844028176
1551037171232
2650548799008
1825915078176
2925426705952
1830210308384
1812761806352
2912273434128
1761239172368
2860750800144
1829958649104
2929470276880
1538169375008
2637681002784
1813047281952
1486344553760
1757195601424
2925426968080
1739747296800
2839258924576
1533588866592
2633100494368
1808466773536
2907978401312
1482049259040
2581560886816
1808483813920
2907995441696
1756944206368
2856455834144
1739764074768
2839275702544
2650297141520
1482334472464
2581846100240
1757212379408
2856724007184
1551053949200
2650565576976
1825931856144
1464869390864
2564381018640
1808466774544
2907978402320
1482049260048
2839544138256
1469432793616
2568944421392
1744310700560
2843822328336
2633117533472
1808483812640
2907995440416
1537884096016
2637395723792
1812762002960
2912273630736
1482049259024
1482334733840
2581846361616
1740015732240
2839527360016
1533857302032
1756927165984
2856438793760
1825646642720
2925158270496
1469164357152
2568675984928
1744042264096
2843553891872
1555332204048
2654843831824
1830210110992
2929721738768
1469449831696
2568961459472
1744327738640
2843839366416
1555332401680
2654844029456
1830210308624
2929721936400
1465138088464
2564649716240
1808735472144
2908247099920
1808467036448
2907978664224
1482066299408
2581577927184
1757212641808
2856724269584
1829941873168
2929453500944
1744059304464
1812778781200
1486361266704
2585872894480
2908263680288
2925443549472
2564649780496
1482066101792
2581577729568
1538152597024
2637664224800
1813030503968
2912542131744
1555332466208
2654844093984
2925158271520
1469164358176
2568675985952
1744042265120
2843553892896
1537883834912
2637395462688
1812761741856
1464869390880
2564381018656
1469181462800
2568693090576
1744059369744
2929470015776
1482317957408
2581829585184
1757195864352
2856707492128
1825915341088
1551037434144
2650549061920
2925426968864
1550785774880
2564666296592
1482334537248
1813030176016
1486612661520
2586124289296
1830226822416
2929738450192
1482334471440
1464886494736
1739764401680
2839276029456
2860734088720
2925426969120
1486629702176
1812762004000
2912273631776
1469433055776
2568944683552
1744310962720
2843822590496
1538152532512
1486612924960
2843839432976
1538169374992
1813047281936
2912558909712
2564666231056
1740032510224
2839544138000
1533874080016
2633385707792
1808751986960
2908263614736
1469449570576
1744327739920
2843839367696
1551054211600
2650565839376
1825932118544
2861002459424
1551054014752
1482066102560
2581577730336
1756944009504
1825931921696
1482334734624
2581846362400
2654860544288
2929738451232
1486629439776
2586141067552
1761507346720
1761239238160
2860750865936
1465138088208
1533857564944
1808735471888
1761222396176
2860734023952
1829941872912
2929453500688
1469181134368
1533605971216
2633117598992
1808483878160
2907995505936
1808752313616
2925443810576
1464886232336
1469181396240
2568693024016
1464869651728
2564381279504
1739747558672
2839259186448
1533589128464
2633100756240
1808467035408
2907978663184
1482317759776
2581829387552
1757195666720
2856707294496
2839275964688
2564398057744
2585856117280
2860734024224
1739764336912
1465137890592
2564649518368
1740015797536
1533857367328
2633368995104
1464869455136
2564381082912
1739747362080
1739747297824
2839258925600
1808466774560
2907978402336
1761490569760
2861002197536
1469164422672
2568676050448
1744042329616
1464869455376
2564381083152
1469181199888
1761238977040
1537883834896
2637395462672
1486344227344
2585855855120
2650297403936
1825663683104
2925175310880
1465154865696
2564666493472
1740032772640
2839544400416
1533874342432
2633385970208
1825663419680
2925175047456
1469432792352
2568944420128
1744310699296
2843822327072
1538152269088
2637663896864
2929738450208
2564381346336
2839259253280
1533589195296
2633100823072
1808467102240
2581560886800
1756927165968
2856438793744
2912273368592
1825646642704
2925158270480
2912541804048
2568693089808
1744059368976
2843570996752
1537900938768
2637412566544
1812778845712
2912290473488
1486361331216
2585872958992
1469449897488
1464869651744
2564381279520
1739747558688
2839259186464
1533589128480
2633100756256
1808467035424
1830210307360
2929721935136
1551054210336
1482066299152
2581577926928
1756944206096
2856455833872
1550785775888
1464886429968
1465154865424
2564666493200
1740032772368
1486344292880
2585855920656
2568675985936
1555080545824
2654592173600
2839258990112
1482049324576
2581560952352
1756927231520
2856438859296
1813047019040
2907995179552
2856455572000
2654592109088
2929470016032
2843554155040
1829941873184
2929453500960
1486344489504
1761222396448
1757212443920
2856724071696
1825931920656
1464869717536
2564381345312
1739747624480
2839259252256
1533589194272
2633100822048
1808467101216
2907978728992
2839527687712
1740032509456
1464886167056
2839544137232
1808483879440
2907995507216
1533874079248
1469181134352
2568692762128
1744059041296
1482049259792
1756943943952
2856455571728
1739764140560
2839275768336
1808483617296
2907995245072
1465154669072
2564666296848
1555332204832
2654843832608
2929721739552
2568676050464
1744042329632
2843553957408
1756927232272
2856438860048
1486361265440
2585872893216
1761239172384
2860750800160
1555080742176
2654592369952
1825932184080
1551053949472
1825931856416
2925158271264
1482066037024
1825931856160
2925443483936
1533874342160
2633385969936
1808752249104
2908263876880
1756927428880
2856439056656
1550768998672
2650280626448
1825646905616
1551037236752
2650548864528
1825915143696
2925426771472
1555349243408
2654860871184
1469181462032
1813030241824
2912541869600
1469449831712
2568961459488
1538169308448
2637680936224
1830227084576
2860750604816
1465137891856
2564649519632
1740015798800
2839527426576
1555348982288
2654860610064
1464886233616
2564397861392
2581846427168
1756944008736
2856455636512
1825663485472
2650565641760
1829958714912
2929470342688
2650548799776
1757212379424
2856724007200
2925426706720
1757195929872
2856707557648
2908247165200
2925427034384
2586124552736
1761490831904
2861002459680
1756927429152
2856439056928
1550768998944
2650280626720
1825646905888
2925158533664
1744042527264
1482317695264
2581829323040
1757195602208
2856707229984
1551037172000
1464886166800
2568692828432
1550785579280
2650297207056
2908263680272
1744327543056
2843839170832
1555349244432
2654860872208
1830227151376
2929738779152
1465154931216
2564666558992
1740032838160
2839544465936
2856439121168
2637680740624
1813047019792
2912558647568
1469164619280
2568676247056
1744042526224
2843554154000
1757195929104
2586141133344
1469449636384
2568961264160
1538169113120
1829958453792
2929470081568
1757195601440
2856707229216
1482049587728
2581561215504
1744042592784
1537884162576
2637395790352
1812762069520
1744310766096
2843822393872
2564397860112
1739764139280
2839275767056
1756944008464
2856455636240
1550785578256
2650297206032
1825663485200
2925175112976
2586141329952
2861019236896
2581846362656
2637680739856
1813047019024
2912558646800
2856439122464
1825646971424
2925158599200
2856455833888
1550785775904
2650297403680
1464886429984
2564398057760
1739764336928
2925443483920
1469181396496
2568693024272
1744059303440
2843570931216
1469449897504
2650565903632
1808752248336
2650565838352
1482066298384
2581577926160
1465138087184
2564649714960
1740015994128
2839527621904
1808735470864
2908247098640
1465154865440
1808752314896
2908263942672
1739764402704
2839276030480
1533605972496
2633117600272
2839258989856
1533588931872
2633100559648
1808466838816
1482049324320
2581560952096
1756927231264
2856438859040
1482318022928
2581829650704
1465138152720
1486344555024
2585856182800
1555064031760
2654575659536
1486344227360
2585855855136
1761222134304
2860733762080
1829941611040
2929453238816
1551054211360
2650565839136
1482049325600
2581560953376
1550768802336
2650280430112
1808483813664
1482066299168
2581577926944
1756944206112
1740032837152
2839544464928
2564666557728
1740032836896
2839544464672
2839276029216
1533605971232
2633117599008
1537900874000
2637412501776
2912542132752
1486612990480
2586124618256
1555332467216
2654844094992
2843570669072
1812778517792
2912290145568
2856455899680
1739764402720
2839276030496
1465154930960
1740032837904
2839544465680
1533874407696
2581846427920
1469449898256
2568961526032
1825646709008
2856707556624
2925175047712
1739764074016
2839275701792
2908246836512
1555348982304
2654860610080
1830226889248
1761507412512
1813047280912
2912558581024
1550768802080
2650280429856
1537883900192
1465154931232
1555063769360
1757195667728
2856707295504
1825915144464
2925426772240
1469181200656
2650280692000
1825646971168
1756927166736
2856438794512
1825646643472
2843570669856
1812778518816
1739764335888
2839275963664
2564666559008
2568692827664
1537900676624
2637412304400
1469449635344
2568961263120
1744327542288
2843839170064
1538169112080
1555080743456
1486361266720
1761239173648
2860750801424
2564381082896
1808467101968
2907978729744
1551037499664
1825915406608
2650549127440
1740016060688
1830210308640
2929721936416
1537883899424
2637395527200
1812761806368
2912273434144
2908263875856
1740032771344
2839544399120
1533874341136
2633385968912
1808752248080
2856455637280
1482334538016
2581846165792
1757212444960
2856724072736
1550785579296
1555349178912
2654860806688
1744327739936
2843839367712
2912558844448
2929738713632
1761507609120
2568961263904
1744327543072
2650297207072
1825663486240
2925175114016
2564666558752
1469449898272
1550785841440
1469433055520
2568944683296
1486344555040
1761222461984
1808483616016
2907995243792
2581577729296
1761238911504
2860750539280
1469449635360
2568961263136
2843839170080
1538169112096
2637680739872
1469432792592
2568944420368
1757212707088
2856724334864
2650565904656
2925443811600
1551054276880
1825932183824
2568692762144
1465138087200
2564649714976
1740015994144
2839527621920
1808735470880
2908247098656
1808467100944
2907978728720
2929470343712
1555349244448
2654860872224
1830227151392
2929738779168
1829941938720
2637395790368
2925158598944
1482049587488
2581561215264
1756927494432
2856439122208
1550769064224
1830210112016
2929721739792
1761490635280
2861002263056
1464869717264
2564381345040
1739747624208
2839259251984
1533589194000
2633100821776
2912290145808
2585872894496
1829958387216
2925175376160
1739764073744
2839275701520
1533605643536
2633117271312
1808483550480
2907995178256
1555080481312
1486361004576
2585872632352
1761238911520
2860750539296
1829958388256
2925443810848
1761222461728
2650565642528
1486629767696
2586141395472
2654592371232
1465154864416
2564666492192
1533874341152
2633385968928
2908263875872
1808752051488
2908263679264
1829958453776
2929470081552
2585872697872
1486629767712
2586141395488
1486361070096
1465154929952
1808752313632
2908263941408
