2526550609
2526550610
2526554705
2526554706
2572782085
2572782086
2572782089
2572782090
2572847621
2572847622
2572847625
2572847626
2577025541
2577025542
2551814756
2551818852
2551814760
2551818856
2551814744
2551818840
2551818836
2551798356
2551802452
2551798360
2552863396
2552863400
2552867492
2552867496
2484442712
2484446808
1410684516
1410684520
1410688612
1410688616
1410705044
1410705048
1410688676
1410688680
1410700952
2551814820
2551818916
2551814824
2551818920
2526710277
2526710281
2526710278
2526710282
1478142568
1478138532
1478138536
1478142628
1478142632
1478072932
1478072936
1478077028
1478077032
1478072996
1410684504
1410688596
2484508260
2484508264
2484512356
2484512360
2552863336
2552867432
1410701908
1410706004
1410701912
1410706008
2552601188
2552601192
2484509348
2484513444
2484509352
2484513448
2552605284
2552605288
2552601252
2552601256
1479187112
1479191208
1479121572
1479125668
1479121576
1479125672
1479187108
1479121508
1479121512
2509773201
2509777297
2509773202
2509777298
1410967204
1410963112
1452886537
1452886538
1410967208
1436125705
1436125706
2551814564
2551814568
2551818660
2551818664
2577930833
2577934929
2577930834
2577934930
2485738148
2485738152
2485742244
2485742248
2484775528
1453857377
1453861473
1453857378
1453861474
2526549601
2526553697
2526549602
2526553698
1478924884
1478924888
1478924900
1478924904
1478928980
1478928984
1478928996
1478929000
1478859348
1478859352
2505673221
2505673225
2505673222
2484705636
2484705640
2551798104
2551802200
1520970337
1520970338
1478076068
1478076072
1478071972
1478071976
1478137508
1478137512
1478072980
1478072984
1478077076
1478077080
1478073000
1478077092
1478077096
1435911685
1435911686
1435911690
2509772385
2509776481
2509772386
2509776482
2509772449
2509776545
2484512340
2484512344
1436035665
1436031570
1436035666
1410947496
1410951592
1410963876
1410967972
1410963880
1410967976
1452807778
1410700900
1410704996
1410700904
1410705000
1410766436
1410770532
1410766440
1410770536
2594708049
1436035409
1436035410
2594708050
2594712145
2594712146
2552584804
2552584808
2552588900
2552588904
2552584868
2552584872
2552588964
2552588968
2552601236
2552601240
1479109220
1479109224
1479105188
1479105192
1479109284
1479109288
1479121556
1479121560
1479125656
2552600996
2552605092
2552601000
2552605096
2509777569
2509777570
2577041925
2551884372
2551884376
2509933061
2509933062
1478842964
1478842968
1478847060
2509851142
2509851146
1478847064
1478842980
1478842984
1478847076
1478847080
2509851141
2509851145
2484689252
2484689256
2484693348
2551884136
2551817896
2510822034
2510826130
1503300105
1503300106
1436109317
1436109321
1436109318
1436109322
1478859364
1478863460
2484705704
2484709796
2552601172
2552601176
2552605268
2552605272
2505579089
2484446820
2552605332
2552605336
1436191242
2484426340
2484426344
2484430420
2484430424
2484430436
2484430440
2484426324
2484426328
2484442724
2484442728
1410951524
1410951528
1410947428
1410947432
1410947412
1410947416
1410951512
1410700884
1410704980
1410700888
1410704984
1410766420
2509933065
2509933066
2526644741
2526644742
2526644745
2526644746
2505410053
2505410057
1504020998
1504021002
1504086533
1504086534
1504086537
1504086538
1520863754
2505578145
2505578146
2505582241
2505582242
1410950820
1410946728
1410950824
1410963108
1410964052
1410964056
1410968148
1436174853
1436174857
2484442788
2484442792
2484446884
2484426084
2484430180
2484426088
2484430184
2484442516
2484442520
2484446616
2484426148
2484430244
1411028648
1410963044
1410963048
1410967144
1431837026
1431841122
1436174854
1436174858
1452886533
1452886534
1478059684
1478059688
1411996260
1411996264
1412000356
1412000360
1478056612
1478060708
1431837090
1431841186
1436031393
1478056616
1478060712
1478056356
2577930913
2577935009
2577930914
2577935010
2485820068
2485820072
2485824168
1410766424
1410770516
1410770520
1431836242
1431840338
2551798180
2551802276
2551798184
2551802280
2552600936
2552605032
2552584788
2552588888
1452808609
1452808610
1452812705
1452812706
2527603298
2509916681
2509916682
2552666532
2552666536
2552670632
1504070150
1504070154
2552666792
1436035746
2484446888
2505578849
2505582945
2505578850
2505582946
2505578913
2505583009
1410946724
1410946660
1410946664
2551880292
2551880296
1431931401
1431931402
1436125701
1436125702
2484693608
1478060648
1410968228
1410968232
1410947492
2484426152
2484430248
2552863332
1410684500
2821364392
1410964116
1410968212
1436191237
1436191238
1452902921
1478142548
1478142552
1452902922
1478142564
1452968457
1452968458
1478138452
1478138456
2484693588
1478859176
1478863272
1478924708
1478924712
1478928808
1435862533
1435862534
2552666708
2552666712
2527599201
1479105124
1479105128
2821298840
2821302936
1410770596
1410766504
1410770600
1410700644
1410700648
1410704744
1410700708
1410700712
2505582930
2573736610
2573740706
2551798372
2551798376
2551802468
2551802472
2551798436
2551798440
2551802532
2551802536
2551814804
1478842724
1478846820
1478842728
1478846824
1478859412
1478863508
1478859416
1478863512
2484771428
2484771432
2484775524
2526549665
2526549666
2526553761
2526553762
2551880040
2484693352
2484705684
2484705688
2484709784
2484689316
2484693412
1431837265
1431841361
1431837266
1431841362
1410767464
1410771560
1410701924
1410706020
1410701928
1410706024
1410767460
1410771556
1410771624
1410701988
1452807777
2509773474
2552846948
2552846952
2552851044
2552851048
2552847012
2552847016
2552851108
2552851112
2552863380
2552863384
1478141608
1431996933
1431996934
1431931397
1478077012
1478077016
1478056532
1478056536
1478060628
1478060632
1478056548
1478056552
2509773458
2509777554
2577041929
2484442536
2484446632
2484508068
2484508072
2484512168
2484446824
1431836322
1431840418
1410700948
1410684580
1410684584
2552584792
2552588884
2484509284
2484513380
2484509288
2484513384
2552584548
2552588644
2552584552
2552588648
1479105108
1479105112
1479109208
1478142308
1410946648
1410946644
1431931398
2551884388
2551884392
2526549585
2526553681
2526549586
2526553682
2484689236
2484689240
2484693336
2484709736
2526550626
1410767444
1410771540
1410767448
1410771544
2577762821
2577762822
2577762826
2577828357
2577828358
2577828361
2577828362
2510826081
2510826082
1503283718
1503283722
1431996938
1436191241
1499105797
1499105801
1499105798
1499105802
2484704868
2484704872
2484708968
2484704932
2484704936
2484709028
2484709032
2526448138
2484442468
2484442472
2484692580
2484426068
2484426072
2484430168
2594708065
2594712161
2594708066
2594712162
2484775588
2509916677
2509916678
2526628357
2526628358
1410964068
1410968164
1410964072
1410767524
1499892233
1499892230
1499892234
1499826693
1499826697
1499826694
1452968454
1452968453
2484689576
2484693672
2484709992
2505583265
2505583266
2552600984
1410950756
2551814548
2551818644
2551814552
2551818648
1412012644
1412012648
1412016744
1478847140
1478847144
2505411077
2505411081
2505411078
2505411082
2509654533
2509654534
2509654538
2505476613
2505476617
2573568517
2573568518
2573568521
2573568522
2573634053
2573634054
2573634057
2573634058
2577811973
2577811974
1431837345
1431841441
2484688484
2484688488
2484692584
2484688548
2484688552
2484692644
2484692648
2484704916
2484704920
2552666788
2509867525
2509867526
2509867529
2509867530
2552670884
1410689620
1410689624
1410685540
1410685544
1410689636
1410689640
1410963816
1410967912
1499826698
1504020997
1411996328
2484442708
1410950744
1410950760
2505410054
2505410058
2821368488
2551814740
2551814808
2551818900
1503234565
1503234566
1452811873
2484513364
2484513368
2577930849
2577934945
2577930850
2577934946
2485754532
2485754536
2485758628
2485758632
1453861457
1453861458
1520966241
1520966242
2573740705
2552867480
2484705956
2484710052
2484705960
2484710056
2484705896
2484705876
2484705880
2484705892
2594712225
1411033688
1410701972
1410706068
1410701976
1410706072
1410771620
1410767528
1410701992
2484443748
2484447844
2484443752
2484447848
2484443812
2484447908
2484442772
2484446868
2484442776
2484446872
1436030561
1436030562
1436034657
2551802456
1504189025
1504193121
1504189026
1504193122
1520863749
1503300101
1503300102
2526550689
2526550690
2526554785
2526554786
1478056296
1478060392
1478924964
1478924968
1478929060
1478929064
1410706084
1410706088
1410685604
2551884132
2484771240
2552670804
2552670808
2484443732
2484447828
2484443736
2484447832
2484509268
2484509272
2526554722
2484443816
2484447912
2573736546
2573740642
1432885841
1432889937
1432885842
1437084258
2509772450
2509776546
2551880024
2551884120
1503283717
1410964132
1410964136
2484446804
1410964120
1410968216
1410685524
1436034705
1436034706
2577811978
1453861538
1437080226
1437084322
1453857441
1453861537
1453857442
1437080161
1437084257
1437080162
2505582929
1499998818
1436030625
1436034721
1436030626
1436034722
2484709016
2552605080
2594708129
2594708130
2594712226
1431996937
1411028644
1411032744
2505656837
2505656841
2505656838
2505656842
1478138196
1478142292
1478138200
1478142296
1520970401
1520970402
1504189090
1504193186
1520966306
1747622564
1747622568
1747626664
2551880356
2551880360
2551884452
2551884456
1431652870
1431652874
2551818904
1452808801
1452808802
2573552133
2573552134
2573552138
1437080145
1437084241
1437080146
1437084242
1453857361
1453857362
1437080209
1437084305
2484705940
1410688600
2484705944
2484710036
2484710040
1478863464
2484689320
2484693416
2484688468
2484688472
2484692568
2576976389
2576976390
2576976394
2577041926
2577041930
1410766500
1431841121
1431837089
1431841185
1436031377
1436031378
1436035473
1436035474
1410963092
1410963096
1499994722
1499998817
1452811874
1499040261
1499040265
1499040262
1499040266
1504189009
1504189010
1452808545
1452812641
1452808546
1452812642
2505578081
2505578082
2505582177
2505582178
1411029604
1410968168
1411029668
1411029672
1411033700
1411033704
1411033764
1411033768
1478072724
1478072728
1499994705
1499998801
1499994706
1499998802
2551801432
2551797332
1436034658
1478072660
1478076756
1478072664
1478076760
1452807761
1452811857
1452807762
1452811858
2551880100
2551884196
2551880104
2551884200
2509653510
2509653514
2509669893
2509669894
2509669897
2509669898
1431841378
1431837281
1431841377
2526550353
2526550354
2526554449
2526554450
2572765701
2572765702
2572765706
2552846932
2552846936
2552851032
2552666724
2552670820
2552666728
2552670824
2526550625
2526554721
2509773473
2484427364
2484431460
2484427368
2484431464
2484443796
2484447892
2484443800
2484447896
2484427428
2484431524
1478846884
1478842792
1478846888
1436031586
1436035681
1436035682
1503234570
1410951848
1478072916
1478072920
1431734789
1431734793
1431734790
1431734794
2484709988
1431837346
1431841442
1478859428
1478859432
1410963860
1410963864
1437080225
1437084321
2484508328
1432889938
2505578834
2527599202
2527603297
1504193105
1504193106
2484427348
1436031313
1436031314
2510821985
2510821986
2510822049
2510826145
1410947668
1410947672
1410951764
1410951768
1431836258
1431840353
1431840354
1452808785
1452812881
1452808786
1452812882
2552933032
2509772433
2509772434
2505738757
2505738761
2505738758
2505738762
1432890017
1432885922
1499994786
1411029608
2551797416
2551801512
1478863524
1478863528
1410684260
1410684264
1452811938
1478072740
1478076836
1432885857
1432885858
1432889953
1432889954
1432885921
1432890018
1478863268
1435862538
1435928069
1435928070
1410967192
2505673226
2484427432
2484431528
2510821969
2510826065
2510821970
2510826066
2527599185
2527603281
2527599186
2527603282
2510822033
2510826129
1478071956
1478071960
1478076056
2821298852
2484709976
1410951844
1410947748
1410947752
1410968152
1411029588
1411033684
1431668233
1431668234
2577025546
2484771492
2484771496
2484775592
1435928073
1435928074
1520077317
1520077318
2505578914
2505583010
2551880036
1411029592
2551813796
2551813800
1410963812
1411029412
1411029416
1411033512
1478859160
2484689508
2484689512
2484693604
1410704808
2484427352
2484431444
2484431448
1410947684
1410947688
1410951780
1410951784
1410967960
1520966305
1504189089
2577930898
1436034642
2577934994
1410688356
1410688360
2506627746
2506631842
2484709800
2526550369
2526554465
2526550370
2526554466
1437080210
1437084306
2821282388
2821282392
2821286488
2506627681
2506631777
2506627682
2506631778
2506627745
2506631841
2484508244
2484508248
1452705285
1452705286
1452705290
1478138216
1478142312
1504189073
1504189074
1504193169
1504193170
1504193185
1436035489
1499994721
1436031394
1436035490
2552670888
2526447109
2821302948
1431733765
1431733769
1431733766
1431733770
1431668230
2526628361
2526628362
2506627665
2506631761
2506627666
2506631762
2484709972
1431668229
1410951588
1499892229
1412012692
1412012696
2593819141
2593819142
2593819146
2484771412
2484771416
2484705700
1478859156
1431651845
1431651846
1431651850
1410700964
1410705060
1410700968
1410705064
2821282472
2821286568
2552605348
2552605352
2484771236
1520966225
1520970321
1520966226
1520970322
2551879332
2484508324
2484512420
2484512424
2484689492
2484689496
2484693592
2573740641
1499023877
1499023878
1499023882
2551814500
2551814504
2551818596
2551818600
2551797412
2551801508
1520863750
2594605574
1504070149
2526550433
2526550434
2526554529
2526554530
2821298856
2821302952
1412016804
1412016808
1412012708
1436031329
1436035425
1436031330
1436035426
2573736545
2573736609
2577930897
2509773457
2509777553
2484689572
2484693668
2505475590
2505475594
1431836257
1436030609
1436030610
1431836321
1431840417
1436030545
1436034641
1436030546
1478055524
1478055528
1478059620
1452808529
1452812625
1452808530
1452812626
2509772369
2509776465
2509772370
2594605573
2505475589
2505475593
2509653509
1499998881
1499998882
1747540644
1747544740
1747540648
2505393669
2505393670
2505393674
1431836241
1431840337
1499994785
1747557016
1747561112
2526447110
2526447114
2509773153
2509773154
2509777249
2509777250
2484426408
2484430504
2577934993
2484775336
1478138468
1478138472
1431837025
2551879336
1431837282
2484775508
2484775512
2509604357
2509604358
2509604362
2509773137
2509773138
2821282404
2821286500
2821282408
2821286504
1436035745
1478072676
1478076772
1478072680
1478076776
1478138212
2485758568
2505579170
1478859368
2573736529
2573736530
2573740625
2573740626
1478076820
1436031569
1436031585
2509776529
2509776530
1431915013
1431915014
1431915017
1431915018
2551880276
2551880280
2509777233
2509777234
2527599265
2527603361
2527599266
2527603362
2509777313
2509777314
2551814488
2509773410
2551818584
1478863444
1478863448
1431837009
1431841105
1431837010
1431841106
1478859172
2505583202
2509776466
2551798116
2551802212
2551798120
2551802216
1452811937
1478071908
1478071912
1478076008
1435929093
1435929094
1435929097
1435929098
1478056360
1478060452
1478060456
1478060644
1478138276
1478138280
1478142372
1478142376
2484770468
2484770472
2484774568
2485754468
2485754472
2551817892
2509773217
2509773218
1478059624
1478055588
1478055592
1478076824
1478072744
1478076840
1478056292
1478060388
2552584536
2552588632
1747540580
1747540584
1747544676
1747544680
2552600932
2551884116
1412012712
1412078248
2505394694
2505394698
1436031633
1436035729
1436031634
1436035730
2551797348
2551797352
2551801444
2551801448
2551813780
2551813784
1410685528
1412016792
1452902917
1452902918
1412000420
1412000424
2552928932
2485742184
2551814484
2551818580
2552584612
2552588708
2552584616
2552588712
1411996248
1412000344
1410689700
1410685608
1410689704
2484442532
2484446628
2505578833
1478056280
1478060372
1478060376
1452808866
1452812962
1411996324
2485738084
2485738088
2485742180
2509777505
2509777506
2552928936
1411996244
1747556964
1747556968
1747561064
1747557028
1747557032
1747561124
1747561128
1452807841
1452807842
1747544744
1435912710
1435912714
2551880020
1452812897
1452812898
2510822050
2510826146
2551813732
2551813736
1452808865
1520077322
2594605578
2505578065
2505578066
2505582161
1478056276
2551798100
2551802196
2485754516
2485754520
2485758616
1478842788
2509773393
2509773394
2509777489
2509777490
2509773409
2485738068
2485738072
2485742168
2821298788
2821298792
2505582162
1478055508
1478055512
1478059608
1747557012
1452812961
1436031649
1436031650
2821282468
2821286564
2821298836
2551883432
1410700696
1410704792
1747540564
2505583185
2505579090
2552600980
1431669253
1431669254
1431669257
1431669258
1478863256
2551817880
2551817832
1478859108
1478859112
1478863208
1479125608
1478842708
1478842712
1478846808
2484446568
2505476614
2505476618
2551797336
2505579169
2505579105
2505583201
2505579106
1410704804
1410766244
1410766248
1410770344
1412082344
1412078244
1410684244
1410684248
1410688344
2505583186
1410700692
1410684324
1410684328
1410688420
1410688424
2552584532
1435863557
1435863558
1435863562
2509670921
2509670922
1478843044
1478843048
2484426404
2484430500
2821364388
1452706310
1452706314
2526448134
2821302888
2509670918
2526448133
1499810309
1499810310
1499810314
1435912709
1452706309
2509670917
2509605381
2509605382
2509605386
1431652869
2505394693
1747540568
1747544664
