1464937547024
2925294586400
1465021695504
2564533323280
1739899602448
2839411230224
1533741172240
2633252800016
1808619079184
2908130706960
1464955701536
2564467329312
1739833608480
2839345236256
1533675178272
1538287798560
2633186806048
1465290130720
2564801758496
1740168037664
2839679665440
1534009607456
2633521235232
1808887514400
2908399142176
1482469999904
2581981627680
2843640203536
1486749305120
1482185574672
2581697202448
1757063481616
2856575109392
2856590902544
1550905051408
2650416679184
1825782958352
2925294586128
1550920844560
1830010815776
2929522443552
1486680819984
2586192447760
1761558726928
2861070354704
1469500950800
2569012578576
1744378857744
2843890485520
1538220427536
2637732055312
1761643726112
2861155353888
2650617219360
1486480868896
2585992496672
1761358775840
2654660266272
2860870403616
1555200345632
2654711973408
1830078252576
2929589880352
1486496336416
1482453289504
2581964917280
1757331196448
2856842824224
1551172766240
1550905115936
2650416743712
2650684394016
1826050673184
2925562300960
1465207360016
2564718987792
1740085266960
2839596894736
1533926836752
2633438464528
1808804743696
2912409946640
2908316371472
1482387229200
2929790880272
1538287536672
2637799164448
2633437086992
1808803366160
2908314993936
1469569173008
2569080800784
1744447079952
2843958707728
1538288649744
2637800277520
1813166556688
2912678184464
1469501278736
2569012906512
1744379906576
2843891534352
1482454272544
1469500951072
2569012578848
1744378858016
2843890485792
1538220427808
2637732055584
1813098334752
2912609962528
1740169087520
2839680715296
1808888564256
2908400192032
1825782170896
2650415891728
2925293798672
1550904263952
1486430538016
2585942165792
1761308444960
2860820072736
1555150014752
2654661642528
1830027921696
1486698908176
2586210535952
1761576815120
2861088442896
1555418384912
2654930012688
1830296291856
2929807919632
2929606657312
1813115111712
2912626739488
1757348759840
2856860387616
1551190329632
2650701957408
1826068236576
2925579864352
1465224071712
2564735699488
1486479755808
2585991383584
1761357662752
2860869290528
1555199232544
1555468519712
2654710860320
1830077139488
2929588767264
1761291602464
1757331917344
2856843545120
2860803230240
1465291180560
2564802808336
1740169087504
2839680715280
1808888564240
2908400192016
1482471049744
2581982677520
1537969096992
2637480724768
1482202416672
2581714044448
1757080323616
1469299689760
2568811317536
1744177596704
2843689224480
1538019166496
2637530794272
1812897073440
2912408701216
2843974436112
1830363399696
2929875027472
1812831210000
2912342837776
1469568059920
2569079687696
1537969882640
2637481510416
1812847789584
2912359417360
1744445966864
2843957594640
1538287536656
2637799164432
1808804742672
2908316370448
1465222826512
2564734454288
1740100733456
2839612361232
1533942303248
2633453931024
1808820210192
2908331837968
2925495191840
2654913235232
1761375553808
2860887181584
1555217123600
2654728751376
1830095030544
2929606658320
1486497319200
2586008946976
1761375226144
2860886853920
1555216795936
2654728423712
1830094702880
2929606330656
1482470065440
2581981693216
1757347972384
2856859600160
1551189542176
2650701169952
1826067449120
2925579076896
1482454272288
1761358711072
2860870338848
2654996138272
1825783220768
1825799013920
1761357728032
1757079538192
2856591165968
1550921107984
2650432735760
1825799014928
2925310642704
1812846675488
2912358303264
1744463792672
2843975420448
1482185836064
2581697463840
1757063743008
2856575370784
1469502261520
2569013889296
1744380168464
2843891796240
1538221738256
2637733366032
1813099645200
2912611272976
1465224070672
2564735698448
1740101977616
2839613605392
1533943547408
2633455175184
1465021498912
2564533126688
1739899405856
1465005705760
1555217057312
2654728685088
1533725182496
2633236810272
1469517727008
2569029354784
1744395633952
2843907261728
1538237203744
2637748831520
1813115110688
2912626738464
1830296357392
2929807985168
2912342836752
1469249292816
2568760920592
1744127199760
2843638827536
1537968769552
2637480397328
1812846676496
2912358304272
1808603153696
2908114781472
2860802247200
2856842562080
1825782237728
1740152047120
2839663674896
1533993616912
2633505244688
1808871523856
2908383151632
1826001062432
1830362088992
1761291404560
2860803032336
1464937875984
2564449503760
1739815782928
2839327410704
1808535259664
2908046887440
1482117745168
2581629372944
2925494929680
1482385918224
2581897546000
1757263825168
2856775452944
1486496531744
2586008159520
1761374438688
2860886066464
1555216008480
2654727636256
1830093915424
2856525039904
1550854981920
2650366609696
1825732888864
2925244516640
1555401672976
2654913300752
1830279579920
2929791207696
1469502327056
2569013954832
1744380234000
2843891861776
1538221803792
2637733431568
1830077205024
2929588832800
1757062695456
2856574323232
1464937876000
2564449503776
1739815782944
2839327410720
1533657352736
2633168980512
1808535259680
2908046887456
1482117745184
2581629372960
1555132909856
2654644537632
1469584835856
2569096463632
1744462742800
2843974370576
1538304312592
2637815940368
2586277447968
1555150015008
2654661642784
1551190329888
2650701957664
1756996372000
2856507999776
1550837941792
2650349569568
2633236089104
2908113996048
1465004984592
2564516612368
1739882891536
2839394519312
1739883611664
2839395239440
1533725181456
2633236809232
1808603088400
2908114716176
1482185573904
2581697201680
1830077924880
2654711645712
2843623164432
1812830161424
2912341789200
1486412646928
2585924274704
1761290553872
2860802181648
1555132123664
2654643751440
1808803695136
1469519103520
1464955373072
2564467000848
1739833280016
2569030731296
1744397010464
2843908638240
1538238580256
2637750208032
1813116487200
1469517793808
2569029421584
1465224071456
2564735699232
1740101978400
2839613606176
1533943548192
2633455175968
1808821455136
1465291180304
2564802808080
1740169087248
2839680715024
1534010657040
2633522284816
1808888563984
2908400191760
1551190526224
2650702154000
1812846741792
2912358369568
2908315322656
1830279514400
1486747993632
2586259621408
1761625900576
2861137528352
1555467470368
1830345377312
2929857005088
1761575504416
2861087132192
1482386967072
2581898594848
1757264874016
2856776501792
1551106443808
1538237531424
2637749159200
2650618071584
2929521658128
1482454337056
2581965964832
2585941117472
1813115111952
2912626739728
1469586212368
2569097840144
1744464119312
2843975747088
1538305689104
2637817316880
1813183596048
2912695223824
1469585884704
2569097512480
1744463791648
2843975419424
1538305361440
2637816989216
1813183268384
2912694896160
1486413760032
1486429227552
1537969097232
2637480725008
1486682195232
2925227476240
2581630092560
1756996371728
2856507999504
2586193823008
1761560102176
2861071729952
1555401671968
2654913299744
1486413761040
2585925388816
1761291667984
2860803295760
1830011144720
2929522772496
1486698906896
2586210534672
1761576813840
2861088441616
2839613605136
1533943547152
2633455174928
1808821454096
2908333081872
1482403939600
1465021498656
2564533126432
1739899405600
2856793539872
1482454075920
2581965703696
1757331982864
2856843610640
1551173552656
2650685180432
1826051459600
2925563087376
1830296357152
1830094702112
1538238318880
1486429226528
2585940854304
1482386179616
2581897807392
1757264086560
2856775714336
1551105656352
2650617284128
1825983563296
2925495191072
1813166753040
2912678380816
1537968769568
2637480397344
1469316729120
2568828356896
2843706263840
1538036205856
2637547833632
2912425740576
2569096727056
1538304576016
2637816203792
1761358711312
2860870339088
2581965900320
1538036205840
2637547833616
2861154306320
1555484248336
2654995876112
1830362155280
1469300673040
2568812300816
1555417400592
2654929028368
1830295307536
2929806935312
1538237269264
2581712995600
2650432472336
2908130510096
1486748976416
2586260604192
1464937547040
2564449174816
1739815453984
2839327081760
1808534930720
2908046558496
1482117416224
2581629044000
1486496335376
2586007963152
1761374242320
2860885870096
1830093719056
2929605346832
1486480542224
2585992170000
1825983300896
2925494928672
1482403743008
2581915370784
1757281649952
2856793277728
1757331195408
2856842823184
1551172765200
2650684392976
1826050672144
2925562299920
1756996371744
2856507999520
1550837941536
2650349569312
1761374176800
2860885804576
1482452960800
1469300671760
2568812299536
1538035878176
2637547505952
1756995586320
2856507214096
1550837156112
2650348783888
1825715063056
2925226690832
1469502064928
2569013692704
1555418449440
2654930077216
1739833346592
2839344974368
1533674916384
2633186544160
1808552823328
2908064451104
1482135308832
2839612622096
1465022548496
2564534176272
1482202417680
2581714045456
1826068433440
1486748190992
2586259818768
1761626097936
2861137725712
1555467667728
1555150013712
2654661641488
2586277448208
1757348758800
2856860386576
1551190328592
2650701956368
1826068235536
2925579863312
2650634062096
2856792492304
1486430209312
2585941837088
1761308116256
2860819744032
1555149686048
1555199231504
2654710859280
1830077138448
2929588766224
1826051721504
2925563349280
1482387162400
2581898790176
1757265069344
2856776697120
1551106639136
2650618266912
1825984546080
2925496173856
1482402629920
2581914257696
1740101715472
1757079471632
2856591099408
2585941837328
2908047869456
1739815454240
2839327082016
1533657024032
2633168651808
1808534930976
2908046558752
1757331981856
2856843609632
1761291666976
1761307134496
1465273092624
2564784720400
1740150999568
2839662627344
1808870476304
1469299688720
2908382104080
1555485558048
2654997185824
1464938662160
2564450289936
1739816569104
2839328196880
1533658138896
2633169766672
1808536045840
2908047673616
1486682130976
2586193758752
1812846742032
2912358369808
1757013214736
2856524842512
1550854784528
2650366412304
1825732691472
2925244319248
1469250405904
2568762033680
1744128312848
2843639940624
2925293865504
2925512690208
1538220426512
2637732054288
2929873716768
1830295046688
1555217123856
2654728751632
1486429423888
1761307330832
2860818958608
1830026807568
1555148900624
1555216794896
2654728422672
1830094701840
2929606329616
2856843805968
1482454271248
1482469738768
2581981366544
1757347645712
2856859273488
1551173747984
1551189215504
2650700843280
1465290130960
2564801758736
1740168037904
2839679665680
1534009607696
1555417335312
2654928963088
1830295242256
2929806870032
1826000274960
1813183596832
2912695224608
1761374243104
2860885870880
1825783285280
2925293603104
1486765032992
1550920779280
2650432407056
1825798686224
2925310314000
2912342574624
1812913850656
1744395962912
2843907590688
1757281913376
2856793541152
2925513017888
1469500950032
2569012577808
1486680819216
2654728423968
1551173749280
2650685377056
1469569173792
2569080801568
1538288650528
2637800278304
1813166557472
2912678185248
2908315322912
2929874766368
1469300737568
2568812365344
1744178644512
2843690272288
1538020214304
2637531842080
1812898121248
2568744471072
2564784785952
1740151065120
2839662692896
1808870541856
2908382169632
1465273419040
2564785046816
1740151325984
2839662953760
1533992895776
2633504523552
1808870802720
2908382430496
1482453288224
2581964916000
1482135504144
2581647131920
1757013411088
2856525038864
1550854980880
2650366608656
1486680885776
2586192513552
1761558792720
2861070420496
1555400362512
2654911990288
1830278269456
2929789897232
1826001324320
2925512952096
2843974699296
2929791142176
1757349022224
2856860650000
1551190592016
2650702219792
1826068498960
2925580126736
1761558989088
1757013215520
2856524843296
1550854785312
2650366413088
1825732692256
1757062759968
2856574387744
1465022548240
2564534176016
1739900455184
2839412082960
1533742024976
2633253652752
1808619931920
2908131559696
1482202417424
2581714045200
1555467733536
2654979361312
1533724132624
2633235760400
1469250406688
1486496270880
2586007898656
1469518776848
2569030404624
1744396683792
2843908311568
1538238253584
2637749881360
1813116160528
2912627788304
1469299952144
2568811579920
1744177859088
1761560103440
2861071731216
2585925387808
1825983498784
2585940855328
1830011078176
1469299624480
2568811252256
1538019101216
2637530728992
1812897008160
2912408635936
1830026545696
1538035878416
2637547506192
1465205983520
2564717611296
1486766015776
2586277643552
1464954586656
2564466214432
1739832493600
2839344121376
1533674063392
2633185691168
1551172438288
2650684066064
1826050345232
1744445966608
2843957594384
1830363202848
2925244515872
1482386966032
2581898593808
1757264872976
2856776500752
1825984349712
2925495977488
1761575831840
1744178842144
1469317515536
2568829143312
1744195422480
2843707050256
1464955438352
2564467066128
1739833345296
2839344973072
1533674915088
2633186542864
1808552822032
1482135307536
2581646935312
2843639153952
1537969095968
2637480723744
1812847002912
2912358630688
1813099383312
2912611011088
1830345574944
1826000341536
2633237136912
1808603416080
2908115043856
1469569173776
2569080801552
1486681868560
2586193496336
1555401607440
2654913235216
1830279514384
1808803432720
2908315060496
2633186543888
1555216861456
2654728489232
1482117417248
2581629045024
2585925060112
2860802967056
1555400295696
2654911923472
1830278202640
2929789830416
1486680818960
2586192446736
2861070353680
1761558725904
1533925459216
1551105329680
2650616957456
1555199297824
1830026872352
1761643989536
2861155617312
2650415695136
2912425739536
1469316728080
2568828355856
1744194635024
2843706262800
1538036204816
2637547832592
1812914111760
1465207358992
2564718986768
1740085265936
2839596893712
1533926835728
2633438463504
1555417336352
2654928964128
1469316400416
2568828028192
1744194307360
2843705935136
1538035877152
2637547504928
1812913784096
2912425411872
1761374243344
2860885871120
2925580061216
1555400557840
1830278464784
2654912185616
1486681081104
2586192708880
1757062498576
2856574126352
2929589815584
1813098595616
2912610223392
1464937548304
2564449176080
1739815455248
2839327083024
1808534931984
2908046559760
1482117417488
2581629045264
1740101977632
2839613605408
1533943547424
2633455175200
1808821454368
2908333082144
1486698710560
1813183269408
1761290553888
2860802181664
1482471048720
2581982676496
1538020149536
2637531777312
1555418188320
2654929816096
1469586213152
1465022482704
2564534110480
1739900389648
2839412017424
1533741959440
2633253587216
1808619866384
2908131494160
2569097840928
1482184854048
1825714801168
2925226428944
1744110422544
2843622050320
1537951992336
2637463620112
2929806674464
1469317776928
2568829404704
1740168104480
2839679732256
1465207359776
2564718987552
1740085266720
2839596894496
1533926836512
2633438464288
1808804743456
2908316371232
1808553018896
2908064646672
1482135504400
2581647132176
1486765819408
2586277447184
2856843872528
1826051721488
1761627212048
2861138839824
1825782172192
2925293799968
1486682129952
2912425478432
2929790944544
2586193757728
1761560036896
2861071664672
2843974371872
1482185640480
2581697268256
1757063547424
2856575175200
1550905117216
2650416744992
2925294651936
1465005704736
2564517332512
1739883611680
2839395239456
1533725181472
2633236809248
1482185573920
2581697201696
2633235761696
1469502063904
2569013691680
1744379970848
2843891598624
1538221540640
2637733168416
1813099447584
2912611075360
2586193823264
1830295308816
2929806936592
1465004919312
2564516547088
1739882826256
2839394454032
1533724396048
2633236023824
2860820006416
1808602302992
2908113930768
1482184788496
1744111536656
1538237270544
2637748898320
1740083955232
1533925525024
2633437152800
1808803431968
2908315059744
1465291180320
2564802808096
1740169087264
2839680715040
1534010657056
2633522284832
1808888564000
2908400191776
1482471049504
2581982677280
1830078252320
2929589880096
1486496336160
2586007963936
1486749238800
2586260866576
1761627145744
2861138773520
1555468715536
2654980343312
1830346622480
2929858250256
1757331196192
2856842823968
2856792230160
1465207358736
2861070616864
1757281912336
2856793540112
1551123482128
2650635109904
1826001389072
2925513016848
1830294981152
2929806608928
1757281584672
2856793212448
1826001061408
1538220755216
2637732382992
2912610289936
2925512689184
1555148966432
1551173813792
2650685441568
2654660594208
1469500950816
2569012578592
1813098334496
2912609962272
1756995324448
2856506952224
1550836894240
2650348522016
1825714801184
2925226428960
1469232515616
2568744143392
1761626884624
2861138512400
1464937809424
1739815716368
2839327344144
1808535193104
2929522705952
2929538173472
2908131755552
1486479755552
2585991383328
1555199232288
2654710860064
1465291179280
2564802807056
1740169086224
2839680714000
1808888562960
2908400190736
1486430471696
2585942099472
1761308378640
1482202416416
2581714044192
1550921893152
2650433520928
1825799800096
2861087459616
2925579798032
1757280799248
2856792427024
1551122369040
2650633996816
1826000275984
2861070616096
1744445965584
2843957593360
1469568059664
2569079687440
1469250405648
1812847789328
2912359417104
1813099710992
1740100733200
2839612360976
2564718986512
1740085265680
2839596893456
1533926835472
2633438463248
1808804742416
2908316370192
2586007963168
1830078188048
2929589815824
2843689158160
1538019100176
2912408634896
1533926507808
2633438135584
1808804414752
2908316042528
2929857202720
2925511969312
2929539548704
1469502327328
1538221804064
2637733431840
2912611338784
1538020149776
1538035942928
1482201630992
2581713258768
1757063742752
2856575370528
1550905312544
2650416940320
1825783219488
2925294847264
1482201303328
2581712931104
2861137724704
1465005704480
2564517332256
1739883611424
2839395239200
1808603088160
2908114715936
2654710925600
1830093653536
2929605281312
1744194374176
2843706001952
1469299886352
2568811514128
1744177793296
2843689421072
1538019363088
2637530990864
1812897270032
2912408897808
2585991383312
1469249292560
2568760920336
1744127199504
2843638827280
1465022548512
2564534176288
1739900455456
2839412083232
1808820471056
1533993616656
2633505244432
1808871523600
2908383151376
1744447343120
2843958970896
1469584901664
2569096529440
1744462808608
2843974436384
1538304378400
2637816006176
1813182285344
2912693913120
1757347710480
1826067187216
2925578814992
1465289934352
2564801562128
1740167841296
1534009411088
2633521038864
1808887318032
1469568059936
2569079687712
1486747929120
2586259556896
1830345312800
1551172438560
2650684066336
2929856940576
2925561972000
1465205982496
2564717610272
1740083889440
1465273091360
2564784719136
1740150998304
2839662626080
1555400295712
2654911923488
1550837155088
2650348782864
1825715062032
2925226689808
1482117678352
2581629306128
1469250405920
2568762033696
1744128312864
2843639940640
1537969882656
2637481510432
1812847789600
2912359417376
2581646935584
1550854784544
1757331917328
2856843545104
1744111471120
1537953040912
2637464668688
2925294586384
1744178579984
2843690207760
1830010817040
2929522444816
1744195421712
1538036991504
1812914898448
2912426526224
1825799800336
2925311428112
1555216860688
2654728488464
1555148966416
2654660594192
2925243533840
1830026873360
2929538501136
1486429489680
2585941117456
1537969818144
2637481445920
1469500950048
2569012577824
1744378856992
2843890484768
1538220426784
2637732054560
1813098333728
2637799163408
1482118530592
2581630158368
1550838007328
1469586212112
2569097839888
1744464119056
2843975746832
1538305688848
2637817316624
1813183595792
2912695223568
2637480658464
1465289868832
2564801496608
2585925388560
2860803295504
1555215812128
2654727439904
2650633799200
1465222825504
2564734453280
1808887318048
1761575568928
2861087196704
1555417073168
2654928700944
2843707050272
1812914899232
2912426527008
1825799801120
2925311428896
1482202417440
2581714045216
1757080324384
2856591952160
2929589553696
1555200018976
2654711646752
1465207032352
2564718660128
1740084939296
1551106378272
2650618006048
1830010817056
2929522444832
1464955636240
2564467264016
1739833543184
2839345170960
1808553019920
2908064647696
1826050345248
2925561973024
1744445966624
2843957594400
1813165443360
2912677071136
1757330868512
2856842496288
1551172438304
2650684066080
1551173814816
2650685442592
2569081063968
1538288912928
2637800540704
1486749305376
1486748256800
1744128312608
2843639940384
1537969882400
2637481510176
1812847789344
2912359417120
1486430274848
2585941902624
1465207031056
2839596565776
2564718658832
1740084938000
1533926507792
2633438135568
1808804414736
2908316042512
1482386900240
2581898528016
2908131558672
2654660593936
1830026873104
2568761248016
1555148966160
1757332179216
2856843806992
2839595517216
1533925459232
2633437087008
1808803366176
2908314993952
1469500949792
2569012577568
1744378856736
2843890484512
1538220426528
1465273091344
2564784719120
1740150998288
2839662626064
1808870475024
2908382102800
2925243204896
1469568058640
1482134193440
2581645821216
2912626805280
1482387228192
2581898855968
1757265135136
2856776762912
1551106704928
2650618332704
2925496239648
1761642678800
2861154306576
1830362155536
2929873783312
1469569435152
2569081062928
1538288911888
2912678446608
1469584902672
2569096530448
1757332243984
2856843871760
1482185836832
2581697464608
2633185429024
2908398880016
1830346623264
2929858251040
1744396748304
2843908376080
1538238318096
2637749945872
1813116225040
2912627852816
1465223874064
2564735501840
1744464053792
2843975681568
1538305623584
2637817251360
1826068432416
2925580060192
1469501998368
2569013626144
1465004919056
2564516546832
1739882826000
2839394453776
1757331130640
2856842758416
1538220689680
2637732317456
1813098596624
2912610224400
1555401345552
2654912973328
1761559775760
2861071403536
1830279252496
1551106378256
2650618006032
1538221476368
2637733104144
1486681868816
2843622377760
1740151064864
2839662692640
1533992634656
2633504262432
1808870541600
2908382169376
1757012166176
2856523793952
1482134456864
2581646084640
2633170027808
1469299886624
2568811514400
1538019363360
2637530991136
1812897270304
2912408898080
1464954390816
2564466018592
1739832297760
2839343925536
1533673867552
2633185495328
1808551774496
2908063402272
1533658400032
1744380232992
2843891860768
1538221802784
1830363203104
2929874830880
1482470852128
2581982479904
1757348759072
2856860386848
1551190328864
1826068235808
2654727703056
1830093982224
2929605610000
1761575832080
1465021762064
2564533389840
1739899669008
2839411296784
1533741238800
2633252866576
2908398946576
1739882826016
2839394453792
1533724395808
2633236023584
1808602302752
2908113930528
1757331130656
2856842758432
1469232776736
2568744404512
1744110683680
2843622311456
1537952253472
2637463881248
1812830160416
2912341788192
1808535193120
2908046820896
1739882825232
2839394453008
1533724395024
2633236022800
1808602301968
2908113929744
1469299885584
2568811513360
1826000078096
2925511705872
1740152310048
2581629044240
1756995323408
2856506951184
1825714800144
1830362417696
2929874045472
2912358631968
1465021762080
2564533389856
1739899669024
2839411296800
1533741238816
2633252866592
1469299886368
2568811514144
1744177793312
2843689421088
1538019363104
2637530990880
1812897270048
2912408897824
1482184788256
2581696416032
2581630420512
2908399207696
1465290196240
2564801824016
1465021760784
2564533388560
1739899667728
2839411295504
1533741237520
2633252865296
2908114979360
1555485295888
2654996923664
1830363202832
2929874830608
2856575174944
1825731578400
2925243206176
1761307067936
2856507213088
1825715062048
2925226689824
1465005967632
2564517595408
2925563283728
1812831209744
2912342837520
2564786030864
1740152310032
2633505507600
1744447277328
2908131558944
1744195421728
2843707049504
1761307396640
2860819024416
1825731906080
1808619145744
2908130773520
1482201631248
2581713259024
1469316729360
2568828357136
1744194636304
2843706264080
1538036206096
2637547833872
1555468715280
2654980343056
1830346622224
1482469739024
2633504196128
1808870475296
2581964588576
1469568058912
2569079686688
1482135243280
2581646871056
1739832559120
1482134521360
1761291602448
2860803230224
1830011079184
2929522706960
1812847003152
2839344186656
1533674128672
2633185756448
1808552035616
2908063663392
1465223087392
2564734715168
1740100994336
1551122368784
2650633996560
1826000275728
2925511903504
1464955701776
2564467329552
1808553085456
2908064713232
1486766082576
2586277710352
1761643989520
2861155617296
1808871786784
1464938858784
2564450486560
1739816765728
1533658335520
2633169963296
1808551773456
2908063401232
1812846742048
2912358369824
2839412081952
1808619930912
2908131558688
1830094767392
1739899668752
2839411296528
1533741238544
2633252866320
1808619145488
2908130773264
1469316729104
2568828356880
2912693912864
1813166491936
2912678119712
1534009410832
2633521038608
1808870475040
2908382102816
1486747927840
2586259555616
1761625834784
2861137462560
1464955701792
2564467329568
1739833608736
2839345236512
1486497647136
2586009274912
1761375554080
2860887181856
1555217123872
2839595583760
1533925525776
2633437153552
2925562038544
1482453027088
2581964654864
2654710663440
2929588570384
1464937613584
2564449241360
2564450486544
1739816765712
2839328393488
1808536242448
2637799229712
2929875092752
1482202678544
2581714306320
1757080585488
1464954325536
2564465953312
1739832232480
2839343860256
1808551709216
2908063336992
2839596567072
1533926509088
2633438136864
1482469803536
2581981431312
1555484247568
2929873782288
1486748977680
2586260605456
2843958643216
1813166492176
2912678119952
1465274141200
1740168103184
2839679730960
1808887579920
1825716177424
2925227805200
1808887252256
2908398880032
2929588570400
1756995389728
2856507017504
1550836959520
2650348587296
1469232580896
2568744208672
1813099382288
2912611010064
1808803693840
2908315321616
1469317776672
2568829404448
1744195683616
2843707311392
1538037253408
1812915160352
2912426788128
1464955700512
2564467328288
1739833607456
1469584902432
2569096530208
1538304379168
2637816006944
1813182286112
2912693913888
1756996700704
2856508328480
1740084939040
2839596566816
1808804415776
2908316043552
2929606395168
2581965637904
1757331917072
1465289934096
2564801561872
1551173486864
2650685114640
1465274140944
2564785768720
2929605543184
1469249357328
2568760985104
1744127264272
2843638892048
1808803694096
2908315321872
1761374177568
2860885805344
1830093654304
2929605282080
1761559841040
2861071468816
1551173552400
2650685180176
1826051459344
2925563087120
1555132975376
2654644603152
1533725247760
2633236875536
1826001127952
2925512755728
1486698711568
2586210339344
1744396749344
2843908377120
1482202350880
2581713978656
1757012363552
2856523991328
1482134456608
2581646084384
1825731840288
2654728751648
1808619145760
2581713259040
1757079538208
2856591165984
1825799014944
2925310642720
1486496598560
2586008226336
2654980147488
1825984350496
2925495978272
1830346426656
1550905116960
2929858054432
1757331982624
2856843610400
1551173552416
2650685180192
1825799013904
2925310641680
2564517595664
2856506950928
2856793278736
1538238318864
2637749946640
1761290291744
2860801919520
1830009768480
2929521396256
1812831012112
2912342639888
1486429162000
2585940789776
1761307068944
2860818696720
1830026545680
2929538173456
1464954325520
2568745453072
1537953302032
1761626162448
2861137790224
1830345311520
2929856939296
1551106378016
2650618005792
1757264808224
2856776436000
1825984284960
2925495912736
1465021761824
2564533389600
1739899668768
2839411296544
1533741238560
1482201631008
2581713258784
1757079537952
2856591165728
1550921107744
2650349897232
1825716176400
2925227804176
1757012167184
2856523794960
1550853736976
2581630420496
1482134260240
2581645888016
1482118792720
1756995388960
2856507016736
2908130772256
1826051393808
1486764771872
1808619144464
2908130772240
1482185836816
2581697464592
1550905313552
2650416941328
1825783220496
1555468454432
2654980082208
1482454010400
2581965638176
1761626884640
2908063336720
1550853671184
2650365298960
1825731578128
2925243205904
1739832232208
1469584836896
1486430538256
2585942166032
1469300935184
2568812562960
1757012362512
1555148900896
2581965899296
1761558989328
2861070617104
1830278466064
2929790093840
1744111797536
2843623425312
1486681933072
2586193560848
2839612556576
1482135504416
2633521038624
1808887317792
2908398945568
1826051393824
2925563021600
2843958642976
1482454010144
2581965637920
1757331917088
2856525105424
1550855047440
2650366675216
1825732954384
1482135570704
2581647198480
1757265069328
1739832232224
1533673802016
2633185429792
1808551708960
1465207031072
2564718658848
1740084938016
2839596565792
1761626883344
2861138511120
1555468453136
2654980080912
1465274139920
2564785767696
1830296095264
2929807723040
1482403744288
2581915372064
1757281651232
2856793279008
1551123221024
2650634848800
1482470853136
2581982480912
1757348760080
2856860387856
1551190329872
2650701957648
1826068236816
2925579864592
1482117416464
2925226427920
1761558725920
1825781975584
1465291244832
2564802872608
1740169151776
2839680779552
1808888628512
2908400256288
1482118793504
2581630421280
1756996700448
2856508328224
1550838270240
2650349898016
1825716177184
2637547832864
1812914112032
2912425739808
2633237072416
1739899668000
2839411295776
1808619144736
2908130772512
1739883874848
2654711908896
1808603351584
1744110421536
2843622049312
1537951991328
1808887515424
2908399143200
2564449241616
1739815520784
2839327148560
1808534997520
2908046625296
1533658138128
2633169765904
2650634848544
1482403744032
2581915371808
1757281650976
1551123220768
1482185902352
2581697530128
1757063809296
2856575437072
1469585950992
2569097578768
1482470852880
2581982480656
1757348759824
2856860387600
1551190329616
1482185574688
2581697202464
1550905051424
2637480461584
2843638891792
2912358368528
1469249357072
1486429162016
2585940789792
1555148638752
1740084217104
2839595844880
1533925786896
2912409945616
1469316401680
2568828029456
1739883873808
2839395501584
2633237071376
1808603350544
2908114978320
1469300934160
1808551708176
1825731577360
2925243205136
1469249291792
2568760919568
1537968768528
2637480396304
1465021760800
2564533388576
1739899667744
1550905313568
2650416941344
2839411295520
1533741237536
2633252865312
1808619144480
1465005967648
2564517595424
2839327148304
1533657090320
2633168718096
2912678118928
1469501998608
2569013626384
1744379905552
2843891533328
1538221475344
2637733103120
1469249292832
2568760920608
1482385918240
2581897546016
1465021434128
2564533061904
1533740910864
2633252538640
1533725443344
2633237071120
1813166754064
2912678381840
2637800473888
1830027921952
2929539549728
1808553085472
2908064713248
2585942166048
1808602368528
1761375554064
2860887181840
1533742287376
2633253915152
1465022810640
2564534438416
2637532038672
1813166491168
2912678118944
1482184590864
2581696218640
2564717873696
1808803629600
2908315257376
1830278466080
1469501213216
1808870738448
2908382366224
1744128510224
2633185428752
1808551707920
2908063335696
1464954324240
1744379905568
2843891533344
1538221475360
2637733103136
1813099382304
2912611010080
2908315257360
1465223021856
2564734649632
1740100928800
1533741958672
2633253586448
2839344122384
1533674064400
2633185692176
1808551971344
1757012166928
2856523794704
2908063599120
2839412345104
1533742287120
2633253914896
1808620194064
2908131821840
1482202679568
2581714307344
1808602303008
2908113930784
1465274139936
2564785767712
1740152046880
2839663674656
1533993616672
2633505244448
1808871523616
2908383151392
1825983498528
2925495126304
1813098596640
2912610224416
2586192709920
1465290983968
2564802611744
1469585951264
2569097579040
1744463858208
1464937809168
2564449436944
2925578750240
1482454271264
2581965899040
1465206244624
2564717872400
1740084151568
2839595779344
1808803628304
2908315256080
2839613408800
1808821257760
2908332885536
2861087459856
1826000341520
2925511969296
1486697925136
2586209552912
1744127526416
2843639154192
1482135504160
2650702219808
1826068498976
2925580126752
1486413695504
2585925323280
1465004722704
2564516350480
1739882629648
2912694962464
1825799996688
2925311624464
2929606593056
1550920780320
2650432408096
1469316401696
1538035878432
2637547506208
1744178841120
2843690468896
1740168889616
1555133236752
2839680517392
1761291666960
1538288847392
2637800475168
1533725444640
2586260867616
1482201302544
2581712930320
1757079209488
2856590837264
1830093653520
2929605281296
1469316400656
2568828028432
1744194307600
2843705935376
1808821455376
2908333083152
2654995810576
1812829964576
2912341592352
1550904068368
2650415696144
1825781975312
2925293603088
1808602106128
2908113733904
1482184591632
2581696219408
2839394257168
1555149687056
2929806936608
2586209552928
2564449240336
1739815519504
2908047672592
1757330934288
2856842562064
1826050411024
2925562038800
1465021695264
2564533323040
1739899602208
2839411229984
1533741172000
2633252799776
1808619078944
2908130706720
1825798687008
2925310314784
2839410967824
1533740909840
2633252537616
1808618816784
1465022809616
2564534437392
2843707311632
1482471114256
2581982742032
1761558988320
1538220688928
1482385918496
2581897546272
1757263825440
2856775453216
1551105395232
2650617023008
1825983302176
2925494929952
2650366347792
1825732626960
2925244254736
2633170029072
1808536308240
2908047936016
1808888628768
2908400256544
1469586212384
2569097840160
1744464119328
2843975747104
1538305689120
2637817316896
1813183596064
2650432735520
1825799014688
2925310642464
1482470001168
2581981628944
1808870540560
2908382168336
1533992633616
1465273156880
2564784784656
2839662691600
1469317450000
2568829077776
1744195356944
2843706984720
1550854719760
2650366347536
1825732626704
2860819745040
1808553084176
2908064711952
1808536307216
2908047934992
2650415695120
1555418188304
2654929816080
2912694961696
1482402957856
2581914585632
1486697925152
1555417401888
2654929029664
1830076942880
2929588570656
1830295308832
2564717675808
1740083954976
2839595582752
1533925524768
2633437152544
1808803431712
2908315059488
1486765034000
1744128248080
2843639875856
1812847724816
1761308117264
1537969817872
2637481445648
2912359352592
1469586212128
2569097839904
1744464119072
1538305688864
2637817316640
1740085004816
2839596632592
1533926574608
2633438202384
1469300738576
2568812366352
1744178645520
1757348694304
2856860322080
1551190264096
2650701891872
1826068171040
2925579798816
2633454913824
1808821192992
2908332820768
2564786031136
1550904068640
2650415696416
1486479559200
2585991186976
1761357466144
2860869093920
2654710663712
2860870404368
1469232580128
1486681934368
2586193562144
1555401411104
2654913038880
1486480607776
2585992235552
1761358514720
1830077991456
2929589619232
1482454075936
2564516349456
1533724198416
1465290982688
2564802610464
1740168889632
2839680517408
1534010459424
1757347973392
2856859601168
2925579077904
1551189543184
2650701170960
1482185639184
2581697266960
1744194307616
2843705935392
1538035877408
2637547505184
1533942564112
1465223087376
1550904068384
2650415696160
1465004722464
2564516350240
1555216075296
2654727703072
1813165508880
2912677136656
1744178644256
2843690272032
1538020214048
2637531841824
1812898120992
1830346425632
2929858053408
1757063546144
2856775715088
1550904330512
1533724198160
2633235825936
1537970144784
2912359679504
1465021433120
2564533060896
1739899340064
2839410967840
1533740909856
2633252537632
1808618816800
2908130444576
1486413498896
2585925126672
1761291405840
2860803033616
1555132975632
1465289869840
2564801497616
1740167776784
2654660331792
2925495191824
1826051458320
2925563086096
1825782237472
2925293865248
2860869355808
1756995651872
2925226427936
1465022482960
2564534110736
1739900389904
2839412017680
2650433456656
1486497319440
2586008947216
2839412344096
1808620193056
2908131820832
1756996438288
2856508066064
2861138773280
1555468715296
1830346622240
2929858250016
1757013149984
1550854719776
2650366347552
1825732626720
2925244254496
2912678447376
1757265135888
2581898856720
2925496240400
2856776763664
1551106705680
1757080258832
1550921828624
2650433456400
1825799735568
1482202351888
2581713979664
1740151063840
2839662691616
1808870540576
2908382168352
1761627146768
2861138774544
1830346623504
2929858251280
1486749239824
2586260867600
1464955372816
2564467000592
2633185494304
1808551773472
2908063401248
1830294981136
1533992897056
2654912252432
2843908573712
1538238515728
2637750143504
1813116422672
2912628050448
1533674849552
2633186477328
1808552756496
2908064384272
2843958905104
1826051655952
2650685376784
2637816988960
1533993879840
1465004721440
1808887253536
1744194569504
1538036139296
2637547767072
2564467263776
1551123155216
2650634782992
1826001062160
2925512689936
2925293865232
1555132975648
2925294651920
1761358514704
1538287601184
2633253586192
1465022482976
2564534110752
1739900389920
2839412017696
1533741959712
2633253587488
1469233628688
2568745256464
1744111535632
2843623163408
1465206310432
2564717938208
1826001389840
1469317449232
2568829077008
1538036925968
2637548553744
2839662954000
1533992896016
2633504523792
2564450551056
1825715915040
2925227542816
1744177792528
1825715915024
2925227542800
1469568058896
1464938661136
2564450288912
1533658137872
2633505506576
1808871785744
2908383413520
1465274402064
2564786029840
1469232776720
2568744404496
1744110683664
2637463881232
1812830160400
1465274403360
1465022481680
2564534109456
1808888629776
2654929750544
1830296029712
2929807657488
2856508327456
1465004918304
2564516546080
1739882825248
2839394453024
1830026611216
2929538238992
2581645887008
2856843544864
2856590838032
2843640137232
2564534174992
2908383414560
1486429226272
2585940854048
1761307133216
2860818760992
1830026609952
2929538237728
1486766082336
2586277710112
2654928701968
1740152309008
1830363466256
2929875094032
1465291246096
2564802873872
1740169153040
2839680780816
1812914112016
2912425739792
1813183333904
2929522510352
1469569369616
2569080997392
1744447276560
1486764706336
2586276334112
1813166753312
2912678381088
1826051655200
2925563282976
1744128509456
1744464120080
2843975747856
1813183596816
2912695224592
1486766082320
1757012166160
2856523793936
1825731642896
2925243270672
2633253586464
1808619865632
2908131493408
1469317449248
2568829077024
2843706983968
1825783023904
2925294651680
1826001127968
2925512755744
2908400256272
1538287601168
2637799228944
1813165508112
1826067121440
2925578749216
1538304312608
1744463792656
2843975420432
1538305362448
2912694897168
1756995651856
1825715128592
2925226756368
1757330933280
2856842561056
2564718725408
1761375226384
2860886854160
1830094703120
2929606330896
2633437153824
1808803432992
1808619079952
1486747994640
2586259622416
1761625901584
2861137529360
1830345378320
2929857006096
1744111798544
2564785834256
1826050410016
1740084217120
1808534932000
2908046559776
1486765754912
2586277382688
1555485231648
2654996859424
2569030404640
1830362090016
2929873717792
1555484183072
2654995810848
2908398881312
1465289869856
1465273419024
2564785046800
1533992895760
2839613342992
1533943285008
2633454912784
1808821191952
2908332819728
1555485493792
2654997121568
2912693847568
1464954324256
2564465952032
1739832231200
2839343858976
1808551707936
2908063335712
1469569370400
1538288847136
2637800474912
1486749042192
2586260669968
1482403677472
1482201565456
2581713193232
1757079472400
2856591100176
2650432669968
1825798949136
2650685375776
1482453027104
2581964654880
1757349022240
2856860650016
1551190592032
2908063599136
2929807657232
2856523794720
1550853736736
2650365364512
1482134260000
2581645887776
1757012166944
2856508327200
2586277709328
1469569173024
2569080800800
1744447079968
2843958707744
1813166556704
2912678184480
1469502064160
1555199298064
2654710925840
2650432669984
2650634783248
1826001062416
1486698646032
2586210273808
1555418122768
1464937547280
2564449175056
2925580126496
1555216009760
2654727637536
1761626163744
2861137791520
1830345640480
1757264808208
1465004983568
2564516611344
1533724460304
1469316662800
2568828290576
2912358630928
2568760919584
1555217058064
1813183531280
1757281585424
2856793213200
2856507279648
1550837221664
2650348849440
2581713193248
1757079472416
2856591100192
1550921042208
1465273158176
1486747994656
2586259622432
1761625901600
2861137529376
1830345378336
2929857006112
2654979360032
1486682196496
2586193824272
1761358776848
1482403940640
2581915568416
1757012165904
1550853735696
1825731642640
2581645886736
2929538239008
1551189214752
2585924274720
1555132123680
2654643751456
1830346689056
2929858316832
1825731643664
2569079752992
2925579864336
1825781910032
1464938596896
2564450224672
2925511706912
1469249358112
1465289868576
2564801496352
2839680779808
1757349021216
1465274467616
2564786095392
1740152374560
2839664002336
1808871851296
2908383479072
2856860648992
2843689485856
1538019427872
2637531055648
2654996859408
1830363138576
2929874766352
1813183268368
1761576618512
2912694896144
1482403744016
2581915371792
1757281650960
1551123220752
2650634848528
1757063547168
2839412016416
1486412384784
2585924012560
1761290291728
2860801919504
1830009768464
2929521396240
1551123155232
1813183269136
1482470787344
2650701891856
1826068171024
2839327081744
1808534930704
2908046558480
2564449174800
1739815453968
1739900652064
2839412279840
1739815454992
1533657024784
2633168652560
1464954391056
2564466018832
1739832298000
2839343925776
1808551774736
2908063402512
2929858250000
1486749238544
2586260866320
1826067121696
2925578749472
1465273156896
2564784784672
1830026611232
2860801985056
2564801497632
1740167776800
2839679404576
1761643661856
2861155289632
1830363138592
1537951991312
2637463619088
1812829898256
2912341526032
2843975419408
1744463791632
1469299951136
2568811578912
1533993683216
1486412384800
2585924012576
1464937548320
2564449176096
1739815455264
2839327083040
2637732316704
1482470787360
2581982415136
2843689420304
2637530990096
1812897269264
2912408897040
1808534930960
2908046558736
1469232514576
2568744142352
1744110421520
2843622049296
2637463619872
1812829899040
2856506951968
1825714800928
2925226428704
1469232515360
1812897007888
2912408635664
2586009209376
1486766082592
2586277710368
2585940855312
1761307134480
2860818762256
2908130773536
1469317711376
2568829339152
2568744143136
1744110422304
2581965703712
2925243271440
1533658400016
2633170027792
1464938923280
1469316466208
2568828093984
1808536306960
1469299885600
2568811513376
1486479493664
2654660332064
1465274402080
2564786029856
1740152309024
2839663936800
1808871785760
1469249619472
2568761247248
1465291246112
2564802873888
1808888629792
2908400257568
1486766017040
2586277644816
1761643923984
2861155551760
1812831274512
2637480462880
1757012167200
1744127265312
2843638893088
1486429227536
2637800474144
2569080997408
1744447276576
2843958904352
1538288846368
1533673866512
2633185494288
1538037188112
2637548815888
1464954389776
2564466017552
1825731643680
2925243271456
2586260933152
2908383413536
1486681082400
2586192710176
1482454271504
2581965899280
2568760985872
1469249358096
1464954389792
2564466017568
1739832296736
2586193496592
1465291244816
2564802872592
1740169151760
2839680779536
1808888628496
1830363400720
2929875028496
1830363466272
2929875094048
1555468716576
2654980344352
1830346623520
2929858251296
1486749239840
