1117832610896
1136086223008
2235597850784
1117899720864
1135079588960
2234591216736
1118973461600
2218485089376
1136153592976
2235665220752
2235664958560
1117832873056
2217344500832
1135079590048
2234591217824
1118973462688
2218485090464
1136153331872
2235664959648
1117899981920
2217411609696
1135079851104
2234591478880
2234591217744
1118973462608
1136153331792
2235664959568
1117832611920
2217344239696
1135012481104
1117832611936
2217344239712
1135012481120
2234524108896
1118906353760
1135079851168
2234591478944
1118973723808
2218485351584
1136153592992
2235665220768
2218485090384
2218418242640
1136086484048
2235598111824
1117899981904
2217411609680
1135079851088
2234591478864
1118973723728
2218485351504
1117832610912
2217344238688
1118906352736
2218417980512
2218417981536
1136086222944
2235597850720
1135079589984
1118973462672
2218485090448
1136153331856
2235664959632
1117832610960
2217344238736
1135012480144
2234524107920
1118906352784
2218417980560
1117899983008
2217411610784
1135079852192
1136153594016
1118906352800
2218417980576
1136086221984
2235597849760
1135079589024
2235665221728
2218485351568
1117832873104
1136086221968
2235597849744
1118906614928
2218418242704
1135079851152
2234591478928
1118973723792
1117832611984
2217344239760
1135012481168
2234524108944
1136086222992
2235597850768
1135079852176
2234591479952
2234591216800
1118973461664
2218485089440
1117899981984
2217411609760
2235665221792
1117832612000
2217344239776
1136153594000
2235665221776
1117899982992
2217411610768
2234591216720
2217344238672
1117899719760
2217411347536
1135079588944
1135012743248
2234524108880
2234591217760
1135079852128
2234591479904
1135079852112
2234591479888
