1116759917888
1133940836736
2233452464512
1116828076416
2216339704192
1134007945600
2233519573376
1116761228928
2216272856704
1133941098112
2233452725888
1116828337792
2216339965568
1134008206976
2233519834752
2233519834432
1116760180032
2216271807808
1133940049216
2233451676992
1116827288896
1116760181376
2216271809152
1133940050560
2233451678336
1116827290240
2216338918016
1134007159424
2233518787200
1116761229952
2216272857728
2233452463680
1116760966720
2216272594496
1133940835904
1116827027008
2216338654784
1134006896192
2233518523968
1116759918144
1116828075584
1116827288960
2216338916736
1134007158144
2233518785920
1116761228672
2216272856448
1133941097856
2233452725632
2216338916672
1134007158080
2233518785856
1116761228608
2216272856384
1133941097792
2233452725568
1134008206656
2216338916928
1134007158336
2233518786112
1116759918208
2216271545984
1133939787392
2233451415168
1116827027072
2216338654848
1134006896256
2233518524032
1116760966784
2233451416192
1116828338496
2216339966272
2216271546688
1116827027776
2216338655552
1116760967488
2216272595264
1134008207680
2233519835456
2233519572608
1116760180352
2216271808128
1116827028096
1134006897280
2233518525056
1133941099136
2233452726912
1134008208000
2233519835776
1134006897216
2233518524992
1116760967744
2216272595520
1133940836672
1116828076352
2216339704128
2233451678016
1134007159104
2233518786880
1116761229632
2216272857408
1133941098816
2233452726592
2216271808896
1133940050304
2233451678080
1116827289984
2216338917760
1134007159168
1116759917952
2216271545728
1133939787136
1116828076608
2216339704384
1134007945792
2233519573568
1116759919168
2216271546944
1133939788352
2233451416128
1116827290176
2216338917952
2233451414912
1134006896000
2233518523776
1116760966528
2216272594304
1116828075392
2216339703168
1116761229888
2216272857664
1133941099072
2233452726848
1134008207936
2233519835712
1134008206720
2233519834496
2216271545664
2233451414848
1133939787072
1134006895936
2233518523712
1116759919232
2216271547008
