1100922225744
1100923536480
2200435164256
1101997278304
2201508906080
1101191971936
2200703599712
1102265713760
2201777341536
1100990645344
2200502273120
1102064387232
2201576015008
1101259080864
2200770708640
1102332822688
2201844450464
1101257771088
2200769398864
1102063077456
2201574705232
1102331512912
2201843140688
1100923275344
2200434903120
1101997017168
2201508644944
1100922226784
2200433854560
1101995968608
2201507596384
1101190662240
2200702290016
1102264404064
2201776031840
1100989335648
2200500963424
1101258819728
2200770447504
1102332561552
2201844189328
1100990384272
2200502012048
1102064126096
2201575753872
2201777080464
1101997279376
2201508907152
2200435165328
1101191710864
2200703338640
1102265452688
1102063077520
1100922226848
2200433854624
1101995968672
2201507596448
1101190662304
2200702290080
1102264404128
2201776031904
1100989335712
2200500963488
2201507858528
1102064387168
2201576014944
1101259080800
2200770708576
1102332822624
2201844450400
1100922487952
2200434115728
1101996229776
2201507857552
1101190923408
2200702551184
1102264665232
2201776293008
1100989596816
2200501224592
2200770708560
1100990646416
2200502274192
1102064388240
2201576016016
1100923537552
1101259081872
1101190661200
2200702288976
1102264403024
2201776030800
1100989334608
2200500962384
1102063076432
2201574704208
1101257770064
2200769397840
1101191972944
2200703600720
1102265714768
2201777342544
1101259081808
2200770709584
1102332823632
2201844451408
1101191710800
2200703338576
1101191710880
2200703338656
1102265452704
2201777080480
1100990384288
2200502012064
1102064126112
2201575753888
1101258819744
2200770447520
1102265452624
2201777080400
1100990384208
2200502011984
1102064126032
2201575753808
1102332561568
2201844189344
1100922487968
2200434115744
1101996229792
2201507857568
1101190923424
2200702551200
1102264665248
2201776293024
1100989596832
2200501224608
1102264665168
2201776292944
1100989596752
2200501224528
1102063338576
2201574966352
1101258032208
2200769659984
1102331774032
1100923537568
2200435165344
1101997279392
2201508907168
1100990646432
2200502274208
1100922225760
2200433853536
1101995967584
2201507595360
1100990646352
2200502274128
1102064388176
2201576015952
1102332560544
2201844188320
1102063339680
2201574967456
1102331775136
2201843402912
1102265451664
2201777079440
1102063077536
2201574705312
2200703337568
1100989597792
2200501225568
1102063339616
2201574967392
1100923274384
2200434902160
1101997016208
2201508643984
1101191709840
1102063339600
2201574967376
1102063338656
2201574966432
1101258032288
2200769660064
2201574966368
1102063338592
2200703337552
1102265451600
2201777079376
1100990383184
2200502010960
1101258818640
2200770446416
1102332560464
1100922225824
2200433853600
1101995967648
2201507595424
1101190661280
2200702289056
1102264403104
2201776030880
2201843401808
1101191709856
2200703337632
1102265451680
2201777079456
1101258818720
2200770446496
1101191709776
2201844188240
1102332822608
2200500963408
1100989335632
1100922226768
2200433854544
1101995968592
2201507596368
1100923536544
2200435164320
1101997278368
2201508906144
2201844450384
1101997278288
2201508906064
1101259080784
1100989597856
2200501225632
1100989597776
2200501225552
1101259081888
2200770709664
1102332823712
2201844451488
2200770709648
1102332823696
2201844451472
2200433853520
2201507595344
1101995967568
