1392711566416
1667657631904
2767169259680
1684837501088
2784349128864
1392712877152
2492224504928
1667590784096
2767102411872
1409892746336
2509404374112
1684770653280
2784282281056
1393786618976
2493298246752
1685844396112
2785356023888
1393786619040
2493298246816
1668664525984
2768176153760
1685844395168
2785356022944
1392779986080
2492291613856
1392779986016
2492291613792
1667657892960
2767169520736
1409959855200
2509471482976
1684837762144
2784349389920
1668664525968
2768176153744
1410966488208
2510478115984
1685844395152
2785356022928
2509403064400
1684769343568
2784280971344
1393785309264
2493296937040
1668663216208
2768174843984
1685843085392
1409958806688
2509470434464
1684836713632
2784348341408
1392711567456
2492223195232
1409891436640
2509403064416
2784280971360
1393785309280
2493296937056
2785423132752
1392712616080
2492224243856
1667590523024
2767102150800
1409892485264
2509404113040
1684770392208
2784282019984
1393786357904
2493297985680
2785422870688
1409959594128
2509471221904
1684837501072
2784349128848
2767169258656
1392711567520
2492223195296
1667589474464
2767101102240
1684769343648
2784280971424
1393785309344
2493296937120
2509471482960
1684837762128
2784349389904
1392711829600
2492223457376
1667589736544
2767101364320
1409891698784
2509403326560
1684769605728
2784281233504
1393853465744
2493365093520
1668731372688
2768243000464
1411033334928
1392711828624
2492223456400
1409891697808
2509403325584
1393785570448
2493297198224
1409959855184
2785423131728
1392712877136
2492224504912
1667590784080
2767102411856
1684770653264
2784282281040
1392778937504
2784348342432
1392778938528
2492290566304
1667656845472
2767168473248
1685910456464
1392778938448
2492290566224
1392779987104
2492291614880
1667657894048
2767169521824
1684837763232
2784349391008
2767168472208
1409958806672
2509470434448
1684836713616
2784348341392
1393852417184
2493364044960
1668730324128
1392711566496
2768241951904
1685910193312
2785421821088
1685843084448
1393853728912
2493365356688
1411033598096
2510545225872
1410966489232
2510478117008
1685844396176
2785356023952
1667657894032
2509470172240
1684836451408
2784348079184
1393852417104
2493364044880
1668730324048
2768241951824
1685910193232
2509403326624
2784282019920
1393786357840
2493297985616
1409958807632
2509470435408
1684836714576
1685911504976
1392779724880
2492291352656
1667657631824
1393853466784
2493365094560
1668731373728
2768243001504
1685911242912
2767169259600
1684837501008
2784349128784
2785354975328
1393785571424
2493297199200
1668663478368
2768175106144
2510477067424
1685843346592
2785354974368
1393785570464
2493297198240
1668663477408
1393852679248
2493364307024
1668730586192
1685910455376
2785422083152
1392778937424
2492290565200
1393853466704
2493365094480
1685844396192
2785356023968
1393853728928
2493365356704
1668731635872
2768243263648
1685911505056
2785423132832
2492291352720
1667657631888
2767169259664
1410965178512
2510476806288
2767168211088
1668663478416
2493296936032
1684837763152
2784282018976
1393786356896
2493297984672
2768242215072
2785422084256
1685843347616
2785354975392
1392711829664
2492223457440
2493297985696
1668664264864
2768175892640
1685844134048
2785355761824
1684769605792
1668664264800
1410966227040
2510477854816
1685844133984
2785355761760
1668731373664
2768243001440
1668664263824
1392779723920
2492291351696
1667657630864
1667590521936
2767102149712
2784281233488
1393852679328
2493364307104
1668730586272
2768242214048
2493364307040
1393852417168
2493364044944
1668730324112
2768241951888
2492223194192
2767101101136
1667589473360
1409958544464
1392778675280
2492290303056
2767101363280
1409891697744
2510477853792
1409958545552
2509470173328
1684836452496
2784348080272
1393852418192
2493364045968
1668730325136
2768241952912
1411032287376
2510543915152
1393786356880
2493297984656
1392712615056
2492224242832
1393785308320
2493296936096
1393853727904
2493365355680
1409892747360
2509404375136
1685910455456
1393853465760
2493365093536
1684836714640
2784348342416
1392779723856
2492291351632
2784282018896
1684769604688
2784281232464
1392711828560
2492223456336
2768174844064
1685843085472
2785354713248
1392711566432
2492223194208
1684836452432
2784348080208
1393852418128
1409891436624
1684836452512
2784348080288
1392779986000
2492291613776
2492224242768
2493364045904
2784348342352
1684769605712
1668664263840
1684770391120
1392712614992
1685910194336
2785421822112
1684770654288
2784282282064
2784349390928
1684770392144
1685910456480
