1392980001872
1100220057
1100220058
1100220073
1100220074
1100482201
1100482202
1100482217
1100482218
2191001177
2191001178
2191001193
2191001194
1117260373
1117260374
1117260389
1117260390
1117346305
1117346306
1117350401
1117350402
1117362689
1117362690
1117366785
1117366786
1118308949
1118308950
1100483226
1100483241
1100483242
1100482905
1100482906
1100482921
1100482922
1100482969
1100221017
1100221018
1096287833
1096287834
1096287849
1117259353
1117259354
1117259369
1117259370
1100483157
1100483158
1100483221
1100483222
1100483161
1100483162
1100305921
1100305922
1100310017
1100310018
1096378882
1096395265
1096395266
1097337434
1097337433
1100569089
1100569090
1101531737
1101531738
1117103617
1117103618
1117259433
1100306946
1117259434
1100573185
1100573186
1100638721
1100638722
1100589569
1100589570
1100655105
1100655106
1101531802
1117432321
1101531818
1118309029
1118309030
2190830081
2190830082
2190846465
2190846466
2190912001
2190912002
1117260453
1117260454
1117260393
1117260394
1117260457
1117260458
1116998249
1116998250
1116998313
1116998314
1100219989
1100219990
1100219993
1100219994
1100220053
1100220054
1116997209
1116997210
1116997225
1116997226
1116997289
1116997290
2190739033
2190739034
1096288853
1096288854
1096288857
1096288858
1096288873
1096288874
2191092225
2191092226
2191108609
2191108610
2191174145
1117260133
1117260134
1117260197
1117260198
1117260117
1117260118
2191001941
2191001942
1118308953
1118308954
1118308969
2190829057
2190829058
2190845441
2190845442
2190910977
2190910978
1100376577
1117260121
2191174146
1117166081
1117166082
1117170177
1117170178
1100376578
1100391937
1100391938
1100371457
1100371458
1096025450
1096025430
1096025434
1096025433
1100483225
1117260377
1117165057
1117165058
1117169153
1117169154
1100482970
1096460801
1100372481
1100372482
1100482965
1100482966
1096288618
1096288617
1096288681
1096025706
1096025689
1096025690
1096025705
1096025685
1100220010
1117104641
1100482901
1100482902
1100482133
1100482134
1116998245
1116998246
1116996949
1116996950
1116996965
1116996966
1096025686
1096111617
1096111618
1096115713
1096115714
1096132097
1096132098
1116996969
1116996970
1096116737
1096116738
1096133121
1096133122
1096288937
1096288938
1117428225
1117428226
1117260137
1117260138
1117260201
2190740057
2190740058
2190740073
2190740074
2190740137
2190740138
1116997205
1116997206
1116997221
1116997222
2191001961
2191001962
1101531801
1101531753
1101531754
1101531817
1096378881
1117087233
1117087234
1117088257
1117088258
1117100545
1117100546
1117104642
1100483177
1100483178
1100221077
1100221078
1100221081
1100221082
1100221013
1100221014
2191001945
2191001946
1100375553
1100375554
1100326401
1100326402
1117099521
1117099522
1100634625
1100634626
2190739029
2190739030
2190739049
2190739050
1100482137
1100482138
1117083137
1117083138
2192050777
2192050778
2192050793
2192050794
2192050857
1116997285
1116997286
1100219733
1100219734
1100219797
1100219798
1100219737
1100219738
1096287829
1096287830
2191002025
2191002026
1101531798
1101531733
1101531734
1101531797
1100482153
1100482154
1100482986
2192050858
1100482985
1096025449
1100219801
1100219802
1100219753
1100219754
1100219817
1100219818
1100220009
1116996953
1116996954
1116997033
1116997034
2190738777
2190738778
1117432322
1117260202
2191001257
2191001258
1096025513
1096025514
1096287850
1118308965
1118308966
1118308970
1118309033
1118309034
1117260378
1100482197
1100482198
1116997029
1116997030
1100221033
1100221034
1100221097
1100221098
2191002282
1116998233
1116998234
1096025769
1096025770
2191002197
2191002198
2191002201
2191002202
2191002217
2191002218
2190738793
2190738794
2190738857
2190738858
1100311041
1100311042
1100327425
1100327426
1100392961
1100392962
1117084161
1117084162
1117259365
1117259366
1117259429
1100306945
1117260122
1096374785
1096374786
1096112641
1096112642
1116998309
1116998310
2190825985
2190825986
2191002281
1116998230
2191088129
2191088130
2190824961
2190824962
1096288597
1096288598
1096288601
1096288602
1096288682
1117259349
1117259350
1117259430
2190740053
2190740054
2190739113
2190739114
1116998229
2192050773
2192050774
1096287913
1096287914
1096026709
1096026710
1096026713
1096026714
1096026729
1096026730
2191001173
2191001174
1097337449
1097337450
1097337429
1097337430
1096197633
1096197634
1096198657
1096198658
1096460802
2190738773
2190738774
1096026793
1096026794
1097337514
1097337513
