1465927075152
1810598200912
2910109828688
2927289697872
1484180686416
2583692314192
1759058593360
2858570221136
1552900163152
2652411790928
2909036086880
1483106944608
1556389823888
2582618572384
1757984851552
1557195131552
2656706759328
2931584666272
1487671397024
2587183024800
1762549303968
2862060931744
2840585046624
1763621995936
2861792495968
2587181975968
2862059882912
1814894216800
2914405844576
2862060931488
2926485440848
1758254336336
2857765964112
1552095906128
2651607533904
1815161603744
2914673231520
2844612625824
1538942567840
2565438702992
1740804982160
2840316609936
2638454195616
2913332102560
1487402960288
1553169647008
2652681274784
2587181975184
2862059882128
1466195511712
2565707139488
1741073418656
2634426616224
1809792895392
1740806030928
2840317658704
1534647600720
1809525507664
1757985900112
2857497527888
2566513494416
1535721343376
2635232971152
1810599250320
2910110878096
1484181735824
2583693363600
1746443175248
2845954803024
2639526888800
2914404795744
2857497528992
1551827471008
2651339098784
2926217005728
1470223092384
1809793943136
2909305570912
2857765963168
1471564219808
2571075847584
1746442126752
2845953754528
1540283696544
1467270302304
1742148209248
2841659837024
1535989779040
1553169648224
2652681276000
2927559182944
1551826421328
2651338049104
2926215956048
1746173692560
2845685320336
1483107993232
1467001865872
1467270301328
1535989778064
1810867685008
2583961798288
1553169647248
1828047554192
1556121388688
2655633016464
1484449121872
2583960749648
1759327028816
2858838656592
2652680226464
2927290746528
1467000817312
2841390352032
1535720294048
2635231921824
1810598200992
2844612627040
1470491527776
2570003155552
1745369434720
2844881062496
2587183024736
1827779119712
2570808461920
1831268779424
1831000345232
1552095905360
2651607533136
1826973812304
2926485440080
1535988729232
1759328078224
2858839706000
1553169648016
2652681275792
1828047554960
2927559182736
1552095905424
2845686367888
2639527937680
2914405844624
1471565268624
2857764914848
2844611578528
2863133624976
2931853101712
1742148208208
2841659835984
2910379312720
2655902500432
2931584664928
1488475653472
2587987281248
2862865188192
2656706758224
1467000817232
1535720293968
2638721582672
2586913539664
1467001866656
2566513494432
1741879773600
2909305571744
2639526890128
1758253287776
2857764915552
2926217005408
1466196560224
2565708188000
2857496479328
1759058594208
2858570221984
2931584666192
2656976242064
1467270301072
1742148208016
1535989777808
2914404797072
2656706758240
2931853100640
2858570221152
2840586093904
1483107992912
1757985899856
1465928123728
1534647600464
2634159228240
1470222043808
1465927076496
2840316611216
1534646553232
2634158181008
2652411791008
2931853100368
2927290746192
2588256765264
2862865189456
1832073038416
1471295784288
2570807412064
2845685319008
2857496479120
1483376428432
2931585713552
1466196559440
1467001865808
1465927075424
2926485440160
1551826421392
2651338049168
2926215956112
1534647600784
2931853100704
2863134672544
1557464615568
2931854150288
1826704328288
1467270301264
1740804982096
1757984851280
2857496479056
1745099950416
2930510924112
1552900163168
2652411790944
2909305571680
1483376429408
2582888057184
1552095906144
2926485440864
2861791447440
2857764914512
2858571270560
2862865189536
1534646552208
2858839706016
2930510923424
2857496480096
1483375380832
1535989778832
2930510924192
1534646551888
2909036086608
2926215955792
1553169647264
1828047554208
1535989778080
1810867685024
1832342521248
2931854149024
1488745137504
1483376428368
1471295784592
1466196559184
1540284746400
1540283697488
2857764915536
1540015262368
2857496480416
1830999296592
1540015261344
2931853101728
1540283696800
1467270301088
1540284745376
2639796374176
2914674281120
2857496480080
2931854150304
