1122397062480
2223050853024
1140719094432
2240230722208
1128102626912
2227614254688
1145282496096
2244794123872
1144140597904
2243652225680
1140650673760
2240162301536
1127832881504
2227344509280
1145012750688
2244524378464
1140718044816
2240229672592
1127765771872
2227277399648
1128035517856
2227547145632
1145215387040
1127028623008
2226540250784
1144208492192
2243720119968
1126960728736
2226472356512
2223050852000
1123739502160
2223251129936
1140919371344
2240430999120
1128034469456
2227546097232
1145214338640
2244725966416
1122397324880
2221908952656
1123470805328
2222982433104
1140650674512
1123807398544
2223319026320
1140987267728
1123739502240
2223251130016
1140919371424
2240430999200
1144208755344
2243720383120
1123538175392
2223049803168
1122733918608
2222245546384
1139913787792
2239425415568
2244793075360
2243451685216
1139912477344
2239424105120
1128102626704
2227614254480
1145282495888
2244794123664
1127027837584
2226539465360
1144207706768
2243719334544
1122465220000
2221976847776
1139645089184
2239156716960
1143940056480
2243451684256
1123538961824
2223050589600
1140718830944
2240230458720
1140650936736
2240162564512
1127766034848
2227277662624
1144945904032
2222982432400
1140650673808
2240162301584
1127765771920
2227277399696
1144945641104
2244457268880
1122665498256
2222177126032
1139845367440
1122464434576
2221976062352
1139644303760
2239155931536
1126759401872
2226271029648
1143939271056
2243450898832
1123538176400
2223049804176
1123806611088
2223318238864
1140986480272
2240498108048
1126692031056
1128035519120
2227547146896
1145215388304
2244727016080
1127832880736
2227344508512
1145012749920
2244524377696
1123739240784
2223250868560
1140919109968
2240430737744
1143871899296
2243383527072
1123470804640
2222982432416
1140650673824
2240163351136
1140650673744
2240162301520
1122465219936
2221976847712
1139645089120
2239156716896
1143940056416
2243451684192
1126759400800
2226271028576
1143939269984
2243450897760
1140650936672
2240162564448
1139845630304
1123538176336
2223049804112
1127833143632
2227344771408
1145013012816
1123806611792
2223318239568
1140986480976
1127028623712
2226540251488
1144208492896
2243720120672
1139913787024
2239425414800
1122464172704
2221975800480
1143939009184
2243450636960
1123537914528
1145282234720
2244793862496
2222982694288
1140650935696
2240162563472
1127766033808
2227277661584
1123739501968
2223251129744
1140919371152
2240430998928
1123807397216
2223319024992
1140987266400
2240498894176
1140919372128
2240430999904
1122732608096
2222244235872
1145012749712
2244524377488
1122398111312
2221909739088
1139577980496
2239089608272
1123471066720
2222982694496
1140650935904
2240162563680
2226472094288
1144140335696
2243651963472
1145215124816
2244726752592
1140719093408
2240230721184
2223049542304
2240229411488
1128101316192
2227612943968
1122464172640
2221975800416
1139644041824
2239155669600
1126759139936
2226270767712
1143939009120
2243450636896
1123537914464
2223049542240
1128034207136
2227545834912
1123740289632
2223251917408
1140920158816
2240431786592
2244457530704
1122665760080
2222177387856
1139845629264
2226472355152
1144140596560
2243652224336
1123739501904
1127027836256
2226539464032
1144207705440
2243719333216
1140718044576
2240229672352
1127834191184
2227345818960
1145014060368
2244525688144
1122665498272
2222177126048
1122464171664
2240498108752
2221975799440
1139644040848
2239155668624
1143939008144
2243450635920
1127833142688
1123537913248
2223049541024
2227344770464
1122732607888
2222244235664
1139912477072
2239424104848
1123539225184
2223050852960
2221976849056
1128035517792
2227547145568
1145215386976
2244727014752
1127028622944
2226540250720
1144208492128
2243720119904
1126960728672
1145282234784
1126961513888
2226473141664
1144946952784
2244458580560
1145281185168
2244792812944
2226473405008
1127833929376
2227345557152
1145013798560
2244525426336
1123740289424
2223251917200
1140920158608
2240431786384
1126960465504
2226472093280
1123739240032
2223250867808
1140919371360
2240430999136
1123806349984
2223317977760
1140986219168
2240497846944
2240229410384
1126759138896
2226270766672
1126760449440
2226272077216
1140719094160
2240230721936
1127027837520
2226539465296
1144207706704
2243719334480
1144208491920
2243720119696
1144140597648
2243652225424
1128101578144
1139645351584
2239156979360
1123807660640
2223319288416
1140987529824
2240499157600
1122666808928
2222178436704
2243450635856
1140986218064
2240497845840
1145281185360
2244792813136
1144140334672
1127833143952
2227344771728
1140920420768
2240432048544
2223318238624
1128035519056
2227547146832
2226473142928
1144141384336
2243653012112
1128102364832
2227613992608
1145214339744
2244725967520
1126760449632
2226272077408
1127028884896
2226540512672
1123806349664
2223317977440
1127027575136
2226539202912
1144207444320
2243719072096
1122666808720
2222178436496
1139846677904
2243652224592
1127833142864
2227344770640
1145013012048
2244524639824
2223318238800
1140986480208
2240498107984
2226271028816
1123537913232
1127027574160
2226539201936
1144207443344
2243719071120
1122464171344
2221975799120
1143939007824
2243450635600
2223049540944
1145012749648
1123537913168
1123806348624
2223317976400
1123739239776
1140919108960
1122397062496
2221908690272
1139576931680
2239088559456
1143871898976
2243383526752
1123470804320
1122464171616
2221975799392
1139644040800
2239155668576
1126759138912
2226270766688
1123806348688
2223317976464
1140986217872
2240497845648
1143939007888
2243450635664
2221976847760
2221908690336
1139576931744
2239088559520
1143871899040
2243383526816
1144207443360
2243719071136
2221909739936
1139577981584
2239089609360
1126693079696
2226204707472
1143872948880
1123539223968
1123740289680
1123807659424
2223319287200
1140987528608
2240499156384
1123538175568
2223049803344
2222983480912
1123471853136
2240498894416
1140920419920
1122732607056
2239089870160
1144945641056
2244457268832
1122665498208
2222177125984
1139576931936
2239088559712
1139644302944
2239155930720
1123538175584
1140986480224
1139577981520
1122666547792
2222178175568
1139846416976
2221977109856
2239358044752
1122733917536
2222245545312
1139913786720
2239425414496
1123807659360
2223319287136
1140987528544
1140987528848
2240499156624
1122397062800
2221908690576
2226203657872
1143871899280
2243383527056
1123470804624
1140717782672
2240229410448
1122397062816
2221908690592
1127766034080
2227277661856
1144945903264
2244457531040
1122666546848
2222178174624
1139846416032
2239358043808
1139912739488
2239424367264
1123538176672
2223049804448
1140718045856
2240229673632
1144207706720
2243719334496
1140718045792
2240229673568
2244793075344
1145282233936
2244793861712
1139645089360
2239156717136
1126760187472
2226271815248
1143940056656
1122666546768
2222178174544
1144141384080
2243653011856
2226472355424
1144946690448
2244458318224
1122666547600
2222178175376
1139845629536
2239357257312
1127028886096
2226540513872
1144208755280
1126759401040
1127027836496
2226539464272
1128101578320
2227613206096
1122464433744
2221976061520
1139644302928
1139912477264
2239424105040
1144207444560
2243719072336
1140717783632
2240229411408
2244524378704
1123807659600
2223319287376
2221908690256
2239088559440
1139576931664
1145282496080
2244794123856
1139578242640
1122465482320
2221977110096
1139645351504
2239156979280
1139912477008
2223251917152
1140920420704
2240432048480
1122666546784
1128101579344
2227613207120
2239155931728
1143939271008
2243450898784
1140987529616
2240499157392
1140717783440
2240229411216
1140986218896
2240497846672
1127833930128
2227345557904
1140718045600
2240229673376
1122666547616
2222178175392
1139846416800
2239358044576
2222245546400
2243719072160
1123470804368
2221908952480
2227277661600
1145214338464
2244725966240
1143939270032
2243450897808
2244457269920
1144945642080
2244457269856
1139576932960
2239088560736
1126960465552
2226472093328
1144207443600
2243719071376
1127832880784
1140717783648
2240229411424
2244525427296
1140986219104
1140651984480
2240163612256
1123740550752
2223252178528
1122398373472
1145214338400
1128102364496
2227613992272
1139912738128
2239424365904
1127766821520
2227278449296
1144946690704
2244458318480
1128035256976
1123806348960
2223317976736
1140986218144
2240497845920
1143939008160
1144141646496
2243653274272
1144140597920
1122464434848
2221976062624
1122732606800
2222244234576
1144207443280
2243719071056
1122398374544
2221910002320
1126759402080
2226271029856
1143939271264
2243450899040
1145013013088
2244524640864
1128101579360
2227613207136
1128034469520
2227546097296
1145214338704
2244725966480
1128101578384
2227613206160
2222244234848
1127027574368
2226539202144
2222178437712
1122666809936
1122464433488
2221976061264
1123538175312
2223049803088
1122732868944
2222244496720
2240162301600
1127765771936
2227277399712
1144945641120
2244457268896
1123537913504
2244457268640
1128102627920
2227614255696
1145281185120
2244792812896
1122665497952
2222177125728
2226473403984
1144141645392
1123538963024
2223050590800
1143940057680
2243451685456
1144140596896
2243652224672
1139644303008
1122732606880
2222244234656
1123806348704
1128101315936
2227612943712
1122733918800
2222245546576
2239089871184
2226204969296
2244726753952
1139846417056
2239358044832
1140920158880
1123807397520
2223319025296
1143871900304
2243383528080
1123470805648
2222982433424
1128101317264
2227612945040
1128035255952
2227546883728
2226473142608
1139577194832
1122666808672
1144946952800
2244458580576
1127028886112
2226540513888
1144208755296
2243720383072
1140651984528
2240163612304
1140718045536
2240229673312
1139576932704
2239088560480
1126692030800
2226203658576
2243383527760
1144945641808
2244457269584
1126961514064
2226473141840
1144141383248
2226204706384
2239155930784
1127833142944
2239425414480
1122733917520
2222245545296
1139913786704
1140920157856
2240431785632
2239425152672
1123739503248
2223251131024
2244726753696
2240163350928
1122465221008
2221976848784
1126759401056
2226271028832
1122397063840
2221908691616
1145214077600
1140987528864
2240499156640
1144208754016
2243720381792
1145282495840
2244794123616
1122398373216
2221910000992
1145013013152
1145281448608
2244793076384
1123470804384
2222982432160
1144945642128
2221976062304
1139644303712
2239155931488
1123538175376
2223049803152
2244524639632
1123806610832
2223318238608
1122397063760
2221908691536
1122464433504
2221976061280
1122465221264
2221976849040
1145013799568
2244525427344
1145282497168
2244794124944
1122733918864
2222245546640
1140987529872
2240499157648
1127028885840
2226540513616
1143873210976
2243384838752
1122464433568
2221976061344
1123807660624
1144946952848
2244458580624
1144141384272
2243653012048
2243720383056
1126961515168
2226473142944
2244458318496
2244726752912
1126961776208
1139576932688
2239088560464
1145215126160
2244726753936
1122397063824
2221908691600
1123470805584
2222982433360
1123807660704
1140987529888
2223319288480
1144208755360
2243720383136
2227614255776
1144946952864
2244458580640
1139913787744
2239425415520
1122733917584
2222245545360
1123807659408
1143940057696
2243451685472
1140986218912
2240497846688
2222983742880
2227344770720
1123470805664
1144945642144
1143871900256
2243383528032
1145282497184
2244794124960
1122397062544
2221908690320
1140987529632
2240499157408
2223319288400
1127028885072
2226540512848
2222982432144
1127028885920
2226540513696
1127028885856
2226540513632
2223319287184
1143871900240
2243383528016
2244457269904
