275231606096
275501419088
550379326032
275315820896
550193727840
275584256352
550462163296
550446172560
275232721296
550110628240
275501156752
550379063696
275299830160
550177737104
275568265616
275518130848
275300091216
550177998160
275316868432
550194775376
275518195024
550396101968
550396037792
275232720544
550110627488
275501156000
550379062944
275299829408
550177736352
275568264864
550446171808
275249497760
550127404704
550378277520
275299043984
550176950928
275567479440
550445386384
275248712336
550126619280
275517147792
550395054736
275315821200
275517146528
550395053472
275231869344
550109776288
275500304800
550378211744
275298978208
550176885152
275567413664
550445320608
275231672736
550109579680
275500108192
550378015136
275568462224
550446369168
275518130784
550396037728
275517147472
550395054416
275315820880
275585239632
550463146576
550193727824
550378015392
275298781856
550176688800
275567217312
550445124256
275248450208
550126357152
275516885664
550394792608
275315559072
275517146464
550395053408
275300026704
275315558048
550193464992
275583993504
550461900448
275232982688
550110889632
275501418144
550379325088
275300091552
550177998496
275568527008
550446433952
275567216992
550445123936
275583994208
550461901152
275516884368
550394791312
275315557776
550193464720
275583993232
550461900176
275315557984
550193464928
275583993440
550461900384
275232982368
550110889312
275501417824
550379324768
275568526688
550446433632
275300091232
275585303904
275231935136
550109842080
275299764624
550177671568
275568200080
550446107024
275249432976
550127339920
275316541840
550194448784
275248384336
550126291280
275501352272
550379259216
275299763856
550177670800
275231934816
550109841760
275500370272
550378277216
275299043680
550176950624
275567479136
550445386080
275248712032
550126618976
275518130592
550109840784
275500369296
550378276240
550176949648
275567478160
550445385104
275585239440
550463146384
550109513040
275298714960
550377948496
275568461136
550446368080
275516818768
550394725712
550461834576
275315492176
550193399120
275316803984
550194710928
275232917904
550110824848
275300026768
550177933712
275516884384
550394791328
275315557792
550193464736
275299763552
550177670496
275568199008
550446105952
275249431904
550127338848
275232916832
550110823776
275584977568
550462884512
275232721552
550110628496
275501157008
550379063952
275299830416
550177737360
275249694096
550127601040
550379062928
275583993248
550461900192
275568200096
550446107040
275517868448
550395775392
275316541856
550194448800
275249760656
550127667600
275518196112
550396103056
275585042768
550462949712
275517933904
550395840848
275232721232
550110628176
275299830096
550177737040
275500108368
550378015312
275567217232
550445124176
275231935056
550109842000
275500370512
550378277456
275249432224
550127339168
275231868304
550109775248
275500303760
550378210704
275298977168
550176884112
275567412624
550445319568
275248645520
550126552464
275231933856
550109840800
275299042720
550176949664
550462883472
275299042976
550176949920
275567478432
550445385376
275231672928
550109579872
275298781792
550176688736
275567217248
550445124192
275232983696
550110890640
275501419152
550379326096
275300092560
550177999504
275568528016
550446434960
275516818848
550394725792
275583927712
550461834656
275232654752
550110561696
275501090208
275231869328
550109776272
275517934240
550395841184
275232917920
550110824864
275568462240
550446369184
275585043088
550462950032
275517867616
550395774560
275299042912
550176949856
275567478368
550445385312
275585304912
550463211856
275232983376
550110890320
275249760592
550127667536
275316869456
550194776400
275232721568
550110628512
550177670480
275517934176
550395841120
275316607568
550194514512
275585043024
550462949968
275248450192
550126357136
275585305232
550463212176
275568265552
550446172496
275585303888
550463210832
275249759568
550127666512
275232982352
275249497744
275584977312
550462884256
275517932896
550395839840
275585041760
550462948704
275232654688
550110561632
275501090144
550378997088
275501155728
550379062672
275231672992
550109579936
275500108448
275315819920
550193726864
275584255376
550462162320
275231671696
275231606176
550109513120
275298715040
550176621984
275248383392
550126290336
275232983712
550110890656
275300092576
550177999520
275568528032
550446434976
275231672720
550109579664
275501155664
275315820192
550193727136
275584255648
550462162592
550127338912
275517867424
550395774368
550446106192
275249432144
550127339088
275517867600
550395774544
275316541008
550194447952
275584976464
275316868688
550194775632
550378015376
275300092256
550177999200
275568527712
550446434656
275231606368
550109513296
275500041808
550377948752
275568526992
550446433936
275516819088
550394726032
275315492496
550193399440
275583927952
550461834896
275517933984
550395840928
275231606432
550109513376
275298715296
550176622240
275567150752
550445057696
275248383648
550126290592
275315820128
550193727072
275584255584
550462162528
275299829152
550177736096
275568264608
550446171552
275315493520
550193400464
275517933920
550395840864
275248449952
550126356896
275232917072
550110824016
275501352528
275300025936
550177932880
275568461392
550446368336
275300092496
550177999440
550109513312
275500041824
550377948768
275298715232
550176622176
275567150688
550127404368
275517932880
550445057632
275316804256
550194711200
275315819936
550193726880
275567479200
550445386144
275518195104
550396102048
275232982608
275315819872
550193726816
275249694368
550127601312
275232654992
550110561936
275231868560
550109775504
275500108112
275315492512
550193399456
275500108128
275518196384
550396103328
275583928720
550461835664
275501091216
275231607184
275518129760
275231607200
550109514144
275300025680
550177932624
275518196320
550396103264
550446106272
275249431888
275517933968
550395840912
550127338832
550126290320
275300092240
550177999184
275518130768
550396037712
275316804176
275248450128
550126357072
275516885584
275299830432
550177737376
275500370576
275231607456
550109514400
275298716320
550176623264
550395839824
275316606288
550194513232
275500369232
550378276176
275567478096
550127666768
275232720224
550110627168
275501155680
550379062624
275299829088
550177736032
275300092304
550177999248
275299829392
550177736336
275518196128
550396103072
275232721312
550110628256
275299830176
550177737120
550446172576
275585304976
550463211920
550127600992
550378014096
275248448912
550126355856
275231933840
275516819024
550394725968
550461834832
275231606352
275298780576
550176687520
275248448928
550126355872
275316541024
550194447968
275232983456
550110890400
275300092320
550177999264
275568527776
550446434720
275584190032
275231868496
550109775440
275500303952
550378210896
275298977360
550176884304
275517081168
550394988112
275516819040
550394725984
275583927904
550461834848
550109775184
275500303696
275517933152
550395840096
275298781840
550176688784
275500303968
550378210912
275298977376
550176884320
275248646496
550126553440
550177932960
275568461472
550446368416
275568264784
550446171728
275501090384
550378997328
275500107360
275567150480
550445057424
275231606112
550109513056
275231607376
550109514320
275500042832
550377949776
550394791568
275315558032
550193464976
275316803152
550194710096
275298780832
550176687776
275248449184
550126356128
275585305248
550463212192
275501090400
550378997344
550127339104
275315755600
550193662544
275585305184
550463212128
550396036704
275518195296
550396102240
550463211088
275500041552
275315558736
550193465680
275298978400
550176885344
275298977424
550176884368
275248645776
550126552720
275315754640
550193661584
275585304992
550463211936
550194709856
275517080912
550394987856
275315755680
550193662624
275585304928
550463211872
275298714976
550176621920
275315755616
275501091408
550378998352
275298978144
550176885088
550126619296
550193728144
275517081184
550394988128
275298977120
550176884064
275567412576
550445319520
550462096976
550194711120
275568462416
550446369360
275298977104
550176884048
275248712288
550126356880
275584976528
275568199312
550446106256
550378997072
275501090128
275231607440
550109514384
275500042896
550377949840
275298716304
550176623248
275568461456
550446368400
275231607120
550109514064
550194709840
275501090464
550378997408
550109514128
275517933136
550395840080
275585042000
550462948944
275316540768
275585304144
275316802912
275298978464
550176885408
275585304160
550463211104
275300091488
550177998432
275249433232
550177998176
275517934224
550395841168
275517934160
550395841104
550463210848
275298978448
550176885392
275501090192
550378997136
275315821216
550193728160
275585305168
550463212112
550378997152
275298978192
550176885136
