1482295684
1482295688
1486489889
1486489890
1415186820
1415186824
1419381124
1419381128
1416120968
2556758561
2556758562
2556824097
2556824098
2556987969
2556987970
2556988033
2556988034
2555980048
2556041488
2556045584
1415125568
1415129664
1415125376
1415129472
1419319680
1419323776
1482295620
1482295624
1482983812
1482983816
2488927876
2488927880
2493122180
2493122184
2556036740
2556036744
2560132737
2560132738
1416137345
1416137346
1483016737
1415087681
1415087682
1415087745
1415087746
1415088705
1415088706
1415088769
2556971585
2556758545
2556758546
2560236064
2560240160
2561182276
2561182280
2561182340
2561182344
2555938376
2555938436
2555938440
1415121544
1482234128
1482238224
1482299664
1482303760
1482234384
1482238480
1482299920
1482304016
1419319872
1419323968
2488600081
2488600082
2488665617
2488665618
2488813889
2488813890
2488813953
2488813954
2488863044
2488863048
1414862352
1414866448
1414927888
2488604176
2488608272
2488669712
2488673808
2488813124
2488813128
2488813188
2488813192
1482230305
1482230306
1482295841
1482295842
1415121284
1415121288
1419315588
1419315592
1482299712
1482303808
2488567105
2488567106
2488567169
2488567170
2488567361
2488567362
2488567425
2488567426
2488669760
2488673856
2556041760
2556045856
2556987972
2556987976
2556988036
2556988040
1482196545
1482196546
1482196609
1482196610
1482197569
1482197570
1482197633
1482197634
1482299968
1482304064
1483016721
1483016722
1483082257
1483082258
1415121476
1415121480
1419315780
1419315784
2488666760
2492860961
2492860962
2493057569
2493057570
2493123105
2493123106
1415187080
1482295940
1482295944
1419381380
1419381384
1486490145
1482230049
1482230050
1482295585
1482295586
1414862368
1414866464
1414927904
1414932000
1415088452
1415088456
1415088516
1415088520
1414863392
1414867488
2488567108
2488567112
2488567172
2488567176
2488567364
2488567368
2488567428
2488567432
2488604192
2488608288
2488829505
2488829506
2488829569
2488829570
2488830529
2488830530
2488830593
1415071364
1415071368
2492860946
2493057553
2493057554
2493123089
2493123090
1419118114
1419282753
1419380356
1419380360
1483082372
1483082376
1487276577
1487276578
1419385376
1419389472
1415187012
1415187016
1419381316
1419381320
1482295876
2488665476
2488665480
2492761473
2492761474
2492761665
2492761666
2492761729
2492761730
1482295569
1482295570
1415121220
1415121224
2555938433
2555938434
2557086340
2557086344
2561280644
2561280648
2825521796
2825521800
2829617793
2829617794
2560236048
2560240144
2561165892
2561165896
2561165956
2561165960
2555938369
2555938370
2555939393
2555939394
2555939457
2555939458
2556041792
2556045888
1414826628
2488862276
2488862280
2493056580
2493056584
1414826632
2555921985
2555921986
2555922049
2555922050
2556832384
2561022496
2561026592
2557024896
2557028992
2561219200
2561223296
2825423428
2825423432
2825423492
2825423496
2492865056
2492869152
2493061664
2493065760
2493127200
2493131296
2556041744
2556045840
2556971588
2556971592
2556971652
2556971656
2488863265
2488863266
2488928801
2488928802
1419315844
1419315848
2488670752
2488674848
2488867360
2488871456
2488932896
2488936992
2488601105
1482230289
1482230290
1482295825
1482295826
1419283073
1419283074
1419282754
1419282817
1419282818
1419283009
1419283010
2556823940
2556823944
2560133505
2560133506
1483086464
1483090560
1487280672
2557020804
2557020808
2561215108
2561215112
2825423425
2825423426
2825423489
2825423490
1419266433
1419266434
1419266625
1419266626
1419266689
1419266690
2493064832
2555939140
2555939144
2555939204
2555939208
1419324032
1483020832
1483024928
1483086368
1483090464
1414809153
1414809154
1414809217
1414809218
1414810177
1414810178
1414810241
1414810242
2488932992
2488937088
2493127296
2493131392
2556041856
2556045952
2557020740
2557020744
2561215044
2561215048
2825407041
2825407042
2825407105
2825407106
2492865040
2492869136
2493061648
2493065744
2493127184
2493131280
2488867456
2488871552
2493061760
2493065856
2555976224
2555980320
2488932880
2488936976
2488928900
2488928904
2493123204
2493123208
2556824196
2556824200
2561018401
2561018402
1483344516
1483344520
1487538820
1487538824
1416235652
1416235656
1415088449
1415088450
1415088513
1415088514
1415088770
1415191104
1415195200
1419385408
1419389504
1483086400
1483090496
1487280656
1487284752
1415128704
1419318912
1419323008
1414825284
1414825288
1482196548
1482196552
1482196612
1482196616
1419265665
1487424068
1487424072
1487424132
1487424136
2488928836
2488928840
2493123140
2493123144
2556824132
2556824136
2561018385
2561018386
1416174208
1416178304
1420368512
1420372608
1415072321
1415072322
1415072385
1415072386
1415072065
1415072066
1415072129
1415072130
1419281988
1419281992
1419282052
1419282056
1419283012
1419283016
1419283076
1419283080
2488932928
2488937024
2493127232
1482234400
1482238496
1482299936
1482304032
1414928928
1414933024
1415125536
1415129632
1415191072
1415195168
1415088712
2488867392
2488871488
2493061696
2493065792
1415088772
1415088776
2555976208
2555980304
2492859922
2493007425
2493007426
2493007489
2493007490
2488866432
2488870528
2493060736
2555938372
2488863364
2488863368
2493057668
2493057672
2493131328
2488863300
2488863304
2493057604
2493057608
2556824081
2556824082
1420364356
1420364360
2556037764
2556037768
2560231969
2560231970
2561182338
2488669728
2488673824
2488830276
2488830280
2488830340
2488830344
2488605216
2488609312
1482984068
1482984072
1482984008
2556037700
2556037704
2560231953
2560231954
1415071300
1415071304
2493057348
2493057352
2555971857
2555971858
2560133762
2492762754
1419282824
1419381266
1419266369
1419266370
1414825540
1414825544
1414825604
1414825608
1414826564
1414826568
1415088708
1420315201
1420315202
1420315265
1420315266
1482984001
1482984002
1482984065
1482984066
1482984004
1415087684
1415087688
1415087748
1415087752
1482230033
1482230034
2556037649
2556037650
2493024577
2493024578
2493024641
2493024642
2493024833
2493024834
2493024897
2493024898
1486391873
1486391874
1486391937
1486391938
1486391682
2556828288
2488568388
2488568392
2488568452
2488568456
2493008193
2493008194
2493008257
2493008258
2493008449
2493008450
2493008513
2493008514
1482197316
1482197320
1482197380
1482197384
1482197572
1482197576
1482197636
1482197640
2556762656
2556766752
2556828192
2556832288
2488552065
2488552066
1415072132
1415072136
1415072068
1415072072
1419281986
1419282049
1419282050
1414923652
1414923656
1419019649
1419019650
1419019841
1419019842
1419019905
2488829508
2488829512
2488829572
2488829576
2488830532
2488830536
2488830596
2488830600
2556041600
2556045696
2560235808
2560239904
1419315746
1419381281
1419381282
1420331585
1420331586
1420331650
1415120452
1415120456
1419314756
1419314760
1414858257
1414858258
1414923793
1482180161
1482180162
1482180225
1482967617
1482967618
1482967681
1482967682
1416120900
1416120904
1414808897
1414808961
1414931984
2560920194
1486498080
1419126304
1419282756
1419282760
1419282820
1414929024
1414933120
1419123232
1419127328
1419315729
1419315730
1419381265
1419019906
2556828176
2556832272
2555975952
2555923009
1415071361
1415071362
2489977476
2489977480
2494171780
2494171784
2560920129
2560920130
2560920193
2488830273
2488830274
2488830337
2488830338
2488830594
1482197377
1482197378
1482197313
1482197314
2556828224
2556832320
2561022480
2561026576
1414863376
1414867472
1414928912
1414933008
2492859937
2492859938
2493023809
2493023810
2493023873
2493023874
1414825348
1414825352
2489916032
2489920128
2494110336
2494114432
2488814145
2488814146
2488814209
2488814210
1486490129
1486490130
1414924868
1414924872
1419119121
1419119122
1482180929
1482181250
2556766736
1482983809
1482983810
1414825537
1414825538
1414825601
1414825602
1414826561
1414826562
1420331588
1420331592
1420331652
1420331656
1419319840
1419323936
2492864016
2492868112
2493007428
2493007432
2493007492
2493007496
2488600097
2488600098
2488665633
2488665634
2488669824
2488673920
2492864032
2492868128
2493024580
2493024584
2493024644
2493024648
2488670848
2488674944
1415125632
1415129728
1483283072
1483287168
1487477376
1487481472
1419319936
2488813892
2488813896
2488605200
2488609296
2488670736
2488674832
2488867344
2488871440
2489911940
2489911944
2494106244
2494106248
2488871296
2493061504
2493065600
2556037444
2556037448
2556725636
2556725640
2488666692
2488666696
2492860945
1419265666
1414923848
1419118097
1419118098
1419265601
1419265602
1414859281
1414859282
1414808898
1414808962
1419020865
1419020866
1483082116
1483082120
1486391681
1419020929
1419020930
2489911876
2489911880
2494106180
2556037508
2556037512
2560231713
2560231714
1487284768
1487440452
1487440456
1487440516
1487440520
1419385360
1419389456
1420315204
1420315208
1420315268
1420315272
1482180930
1482180993
1482180994
1482181185
1482181186
1482181249
1415072324
1415072328
1415072388
1415072392
1482299680
1482303776
2556725828
2556725832
2556725892
2556725896
1483246148
1483246152
1483246212
1483246216
1415186962
2488814148
2488814152
1487178305
1487178306
1487178369
1487178370
1416120964
2493024836
2493024840
2493024900
2493024904
1414858273
1414858274
1414923809
1414923810
1486490146
1487440449
1487440450
1487440513
1487440514
1415125520
1415129616
1415191056
1415195152
1483229764
1483229768
2492762689
2492762690
2492762753
1415071297
1415071298
1414923794
1416137284
1416137288
1416137348
1416137352
1414923844
1415124608
1487276561
1487276562
1487424065
1487424066
1487424129
1487424130
1414928000
1414932096
1419122208
2555922817
2555922818
2488550977
2488550978
2488551041
2488551042
2488552001
2488552002
2488814212
2488665668
2488665672
2492859921
1482180226
2555971873
2555971874
2556037409
2556037410
2556725825
2556725826
2556725889
2556725890
1482299776
1482303872
1486493984
2493023812
2493023816
2493023876
2493023880
1419314820
1419314824
1419265668
1419265672
1414825281
1414825282
1414825345
1414825346
2556037393
2556037394
1482295880
1483020816
1483024912
1483086352
1483090448
1482234144
1482238240
1483229828
1483229832
2560133697
2560133698
2560133761
2556709441
2556709442
2556709505
2556709506
2488814216
1414923908
1414923912
1419118113
1419281985
2493008260
2493008264
2493008452
2493008456
2493008516
2493008520
2488665732
2488665736
2555975968
2555980064
2555939396
2555939400
2555939460
2555939464
1483246145
1483246146
1483246209
1483246210
1486494224
1486498320
1414927936
1414932032
1419122192
1419126288
2488813956
2488813960
1414924932
1414924936
1419119137
1419119138
1419315745
1415187076
1419266372
1419266376
1419266436
1419266440
2494073409
2494073410
2494073473
2494073474
2488862340
2488862344
2493056644
2493056648
1414924817
1414924818
1419315524
1419315528
1416120897
1416120898
1416120961
1416120962
1483229761
1483229762
1483229825
1483229826
1415121425
1415121426
2494057025
2494057026
2494057089
2494057090
1483082308
1483082312
1419389568
2556971650
2488928785
2488928786
2488863249
2488601106
2488666641
2488666642
1420429956
1420429960
1415191168
1415195264
1419385472
2555939137
2555939138
2555939201
2555939202
2493008196
2493008200
2488670784
2488674880
1416170052
1416170056
1483278916
1483278920
1487473220
1487473224
2493122948
2493122952
2488666756
2555923010
2555923074
2555923073
2555922753
2555922754
1482300032
1482304128
1486494240
1486498336
1416170116
1416170120
1420364420
1420364424
1415121441
1415121442
1415186977
1415186978
1416137281
1416137282
2488863250
2555972113
2555972114
2488863108
2488863112
2489879105
2489879106
2489879169
2489879170
1483016738
1483082273
1483082274
2489879108
2489879112
2489879172
2489879176
1414826625
1414826626
1419266628
1419266632
1419266692
1419266696
1415186052
1415186056
1482294916
1482294920
1486390913
1486390914
2489862785
2489862786
2489862721
1419265604
1419265608
2556762640
2488550721
2488550722
2488550785
2488550786
1419319824
1419323920
2494073412
2494073416
2494073476
2494073480
2494057028
2494057032
2494057092
2494057096
2488568385
2488568386
2488568449
2488568450
2494106184
1415186961
2489862724
2489862728
2489862788
2489862792
1755875969
1755875970
1751779972
1751779976
1415120516
1415120520
2561182273
2561182274
2561182337
2488813121
2488813122
2488813185
2488813186
1751665217
1751665218
2561165889
2561165890
2561165953
2561165954
1751681604
1751681608
1751681668
1751681672
2488867200
2556971586
2489862722
2556971649
2556041504
2556045600
1414859297
1414859298
1414924833
1414924834
1415121540
1420331649
2488928644
2488928648
2555972129
2555972130
2556037665
2556037666
1483278980
1483278984
1487473284
1487473288
1751681601
1751681602
1751681665
1751681666
1751665281
1751665282
1414928960
1414933056
1419123216
1419127312
2556041536
2556045632
2556725633
2556725634
2493057412
2493057416
2488601121
2488601122
2488666657
2488666658
