1217947172
1217947176
1218599060
1218599076
1218615460
1217680932
1217685028
1217680936
1217685032
1217960212
1217960216
1217964308
1150376104
1150392488
1151424664
2240432266
1213748760
1213752856
1213749780
1213753876
1213749784
1213753880
2257160234
2235926602
2240170010
2235992090
2240186394
2240366666
2240432202
2257143834
2257160218
2236188746
2240432154
1150461096
1150445720
1150445736
1150462104
1150462120
1151494296
1166706758
1183483926
1162184841
1162250281
1166428201
1166444585
1162446985
1162512425
1166690345
1166706729
1166624902
1183402022
1162184838
1166428198
1162250278
1166444582
1217702420
1217702424
2240432265
2257160233
1150441636
1150458020
1151490212
1151506596
1166444586
1166624906
1166690442
1183402026
1183418410
1162446986
1166690346
1162512426
1166706730
1218537624
1217681944
1217686036
1213770020
1214343320
1214359704
1214343336
1214359720
2240120906
2240186442
2256963610
2240383050
2240448586
2257160266
2257225754
1166690437
1166706725
1218533524
1218549908
1218533540
1218549924
1146181800
1146198184
1147230360
1147246744
1147230376
1147246760
1214359700
1214343332
1214359716
2288146580
2288146596
2288162980
2240120901
2240186437
2256963605
2240383045
1166379146
1166444682
1217698068
1217698072
1217702164
1217702168
1217681700
1217685796
1217681704
1217685800
1218730276
1218734372
1213490708
1213490712
1166624837
1166690373
1183402005
1183418389
1217943060
1217943064
1217947160
1166379141
1166444677
1183221797
1166641285
1166706821
1183418501
1183483941
2240432262
1146251412
1146251428
1146267796
1146267812
1146247320
1146263704
1218746904
1218750996
1218751000
1146180692
1146180708
1146197092
1213487640
1213491732
1213491736
1146181716
1146198100
1146181732
1214535960
1217947940
1217943848
1217947944
1218746900
1217697300
1217697304
1217701396
1217701400
1217698324
1217698328
2240432261
2257160229
1162512406
1166706710
1214339224
1214355608
2236172309
2236188693
2240366613
2235926597
2235992085
2240170005
2240186389
2236188741
2236254229
2240432149
2292279384
2292279400
2292295784
1217697316
1217701412
1217697320
1217701416
1217960228
1217960232
1217964324
1217964328
1217698340
1217702436
1213749540
1213753636
1214339240
1214355624
2236172329
2236188713
2240366633
2240383017
2236172326
2240366630
2236188710
2240383014
2292275288
2292279396
2292291688
1217944100
1217948196
1217944104
1217948200
1218730516
1218734612
1218730520
1218734616
1217686040
1217680916
1217685012
1217680920
1217685016
1150379172
1150395556
1150441560
1150441576
1150457944
1150457960
1150380180
1150396564
1150440600
1150440616
2236188709
2240383013
2236172314
2240366618
1146184852
1146184868
1146201236
1146201252
1146185876
1146185892
1146202260
1146202276
1146247256
1146263640
1166379078
1166444617
1166444614
1183221782
1166641225
1166706761
1183418441
1183483929
1166641222
1183418438
1166641226
1166706762
1183418442
1183483930
1166690438
1183418406
1217959460
1217959464
1217963560
1217960484
1217960488
1217964580
1217964584
1162446870
1166641174
1214339160
1214343268
1214339176
1214355560
2235910166
2235926553
2235926550
1150379156
1150395540
2236188810
2240432170
2236254250
2240448554
2235926665
2235992105
2240170025
2240186409
2236188809
2236254249
2240432169
2240448553
2240366726
2257143846
1218746916
1218751012
1218746920
1218751016
2236188697
2240383001
1218992660
1218992664
1218996760
1217944084
1217948180
1217944088
1217948184
2235926666
2240170026
2235992106
2240186410
1213487380
1213487384
1213491476
1213491480
1150380184
1150396568
1150380200
1219009060
1219009064
1219013160
1150396584
2240170021
2235992101
2240186405
1217943828
1217943832
1217947924
1217947928
1214798356
1214798360
1214802456
1213748756
1213504036
1213508132
2292275304
2235926661
2240448533
2288081044
2288097428
2288081060
2288097444
2235910165
2235926549
2240120853
1213486628
1213490724
1213486632
1213490728
1213765908
1213765912
1213770004
1213770008
1213487652
1213491748
1162184842
1166428202
1162250282
1146247336
1146263720
1147295896
1147300004
1147295912
1147312296
1146180760
1146197144
1146180776
1146197160
1162168342
1162184729
1162184726
1166379030
1162430489
1162446873
1166624793
1166641177
1162430486
1166624790
2240120970
2240186506
2256963626
2240383114
2240448650
2257160330
2257225770
2292275284
2292275300
2292291684
1151441048
1151424680
1151441064
1150375064
1150391448
1150375080
1150391464
1150445652
1150445668
1150462036
1213486612
1213486616
1214408856
1214408872
1214425256
2236172310
2240366614
2236188694
2240382998
1214535972
1214540068
1214535976
1214540072
1213487400
1213491492
1213491496
1213503764
1213507860
1213503768
1213507864
2240120965
2240186501
2256963621
2240383109
2240448645
2257160325
2257225765
1213749800
1213753896
1214798372
1214802468
1214798376
1214802472
1213748772
1213752868
1213748776
1213752872
2257143850
1146180696
1146180712
1146184804
1146197096
1213770276
1213770280
1146185832
1146202216
1147234392
1147234408
1147250792
1213502756
1213502760
2236254246
2240448550
1162168346
1162184730
1166379034
1162430490
1162446874
1166624794
1166641178
1214404760
1214404776
1214408868
1214421160
2257160262
2240448582
2257225750
1214540056
1166641221
1166706757
1183418437
1183483925
2235926598
2240170006
2235992086
2240186390
2240366665
2240432201
2257143833
2257160217
2236188742
2240432150
1150444708
1151428696
1151428712
1151445096
1150457000
1150445716
1150445732
2236188805
2240432165
2236254245
2240448549
1213487656
1213491752
1151424600
1151424616
1151428708
1151441000
1166624905
1166690441
1183402025
1183418409
1162446982
1166690342
1162512422
1166706726
1218533528
1218549912
2240120902
2240186441
2240186438
2256963606
2240383049
2240448585
2257160265
1213487636
2292279448
2292279464
2292295832
2292295848
1166379142
1166444681
1166444678
1183221798
1166641289
1166706825
1183418505
1183483945
1166641286
1183418502
2292275352
2292275368
2292291736
2292291752
1213765928
1213770024
1214552612
1214552616
1214556708
1147250856
1213503784
1213507876
1213507880
1150375060
1150391444
1150375076
1150391460
2240170009
2240186393
1151490196
1150376084
1150376100
1150392468
1150392484
1213504020
1213504024
1214343256
1214343272
1162446981
1162512421
1166690341
1166428197
1162250277
1166641189
1218533460
1218533476
1217964312
1150376040
1150392424
1217680676
1217684772
1217680680
1162168358
1162184745
1162184742
1166379046
1162430505
1162446889
1166624809
1166641193
1162430502
1166624806
2240448649
2257225769
2240383002
1217681956
1217686052
1217681960
1217686056
1218730532
1218734628
1218730536
1218734632
1146181720
1146198104
1150380196
1150396580
1151428756
1162446886
1166641190
2240366730
1150444696
1150444712
1150376088
1162168362
1162184746
1166379050
1162430506
1162446890
1166624810
1166641194
1214536212
1146246292
1146246308
1146262692
1146247316
1146247332
1213766168
1213770264
2292275348
2292275364
2292291732
2292291748
2240366661
2240432197
2257143829
2257160213
1217943076
1217943080
1217960468
1217960472
1217964564
1217964568
2240366662
2257143830
2240432198
2257160214
1213765924
2240448646
2257225766
2235926662
2240170022
2235992102
2240186406
2240366729
2257143849
2236188806
2240432166
1218992676
1218996772
1218992680
1218996776
1162446917
2288085080
2288085096
1146251348
1146251364
1146267732
1146267748
1146181784
1146198168
1146246296
1146250404
1146246312
1146262696
1146181736
1146198120
1146185812
1146202196
1146185828
1146202212
1147230296
1147230312
1147234404
2257160230
1162184774
1166428182
1162250262
1166444566
1166624841
1166690377
1183402009
1183418393
1162446918
1166690326
2288101528
2288101544
2288080984
2288081000
2288085092
2288097384
1213749796
1213753892
2240120966
2240186505
2240186502
2256963622
2240383113
2257160329
2240383110
2257160326
2292279444
2292295828
2292279460
2292295844
1146251368
1146267752
2240366725
2257143845
2236254234
2240448538
1146180756
1146180772
1146197140
1146197156
2236254233
2240448537
1150445656
1150445672
1150462040
1150462056
2288101480
1183402021
1213508116
1213508120
2236254230
2240448534
1214536228
1214540324
1214536232
1214540328
1150441624
1150458008
1150441640
1150458024
1213502996
1213507092
1213503000
1213507096
1213749544
1213753640
1213486372
1213486376
1213490468
1213490472
1213487396
1162184777
1166428185
1162250265
1214540308
1214536216
1214540312
1166444569
1147246696
1150462052
1162168341
1162184725
1150375000
1150375016
1150379108
1150391400
1150376024
1150392408
1150380116
1150396500
2288085144
2288085160
1146185896
1146202280
1147234456
1147250840
1147234472
1213766180
1213766184
2236188745
2240432153
1162184778
1166428186
1162250266
1166444570
1166624842
1166690378
1183402010
1183418394
1162446922
1166690330
2292344984
2292345000
2292361384
2288081048
2288081064
2288097432
2288097448
2240120854
2236172313
2240366617
2292340888
2292340904
2292344996
2292357288
1146184792
1146184808
1146201192
1146185816
1146202200
1213766164
1213770260
2257225753
1147230308
1147246692
1146198116
1147230292
1151424660
1217698088
1217702184
2288085140
2288085156
2288101524
2288101540
1183221802
1146184856
1146184872
1146201240
1146201256
1146185880
1146202264
1146251352
1146267736
1146247268
1146263652
1146181796
1146198164
1146198180
1146247252
1146263636
1147230356
1147230372
1147246740
1214359656
1217680660
1217680664
1217684760
1218537640
1218554008
1218554024
2292340884
2292340900
2292357284
2236188698
1147234452
1147250836
1147234468
1147250852
2240383046
1166379029
1162430485
1162446869
1166624789
1166641173
1218533544
1218549928
1218734376
1218730280
1217684776
1162512410
1166706714
2257160261
2240448581
2257225749
1150392472
1166641290
1183418506
1166706826
1183483946
1151494312
1151510696
1162184773
1162250261
1166428181
1166444565
1162512405
1166690325
1166706709
1150462100
1150462116
1146181780
1166624838
1166690374
1183402006
1183418390
1162446921
1166690329
1162512409
1166706713
1214343316
1151490200
1151490216
1151494308
1151506600
1217681684
1217685780
1146251432
1146267816
1218537620
1218537636
1218554004
1218554020
1213503780
1214552356
1214552360
1214556456
1213506856
1150441556
1150457940
1150376036
1150392420
1151424596
1151424612
1151440996
1213486360
1213490456
1214535956
1213486356
1150379112
1150395496
1150380120
1150380136
1150396504
1150396520
1218549860
1162168357
1162184741
1166379045
1162430501
1162446885
1166624805
1214556712
1213503012
1213503016
1213507108
1213507112
1213504040
1213508136
1166706822
1183483942
1150374996
1150375012
1150391396
1150376020
1150392404
1147246756
1146247272
1146263656
1213749524
1213753620
1213749528
1213753624
2235910170
2235926554
2240120858
1151428760
1151428776
1151445144
1151445160
1150379160
1151428772
1151445140
1151445156
1150380132
1214552596
1214556692
1214552600
1214556696
1218533464
1218537572
1218533480
1218549864
2235910182
2235926569
2235926566
2240120870
2240382997
2288080980
2288080996
2288097380
1151441044
1151441060
1150441572
1150457956
1151424676
2235926601
2235992089
1183418405
1162184837
1166444581
1166624901
2288150680
2288150696
2288167080
1217943844
1214339156
1214339172
1214355556
2288146584
2288146600
2288150692
2288162984
1217697060
1217697064
1217701160
1217698084
1217702180
2240383018
1218746660
1218746664
1218750760
1217681688
1217685784
1218730260
1218730264
1218734360
1146250392
1146250408
1146266792
1146251416
1146267800
1217698344
1217702440
1183221786
1146263700
1146263716
1147295892
1147295908
1147312292
1217681940
2236172330
2236188714
2240366634
1214339220
1214355604
1214339236
1214355620
2240366629
2235910181
2235926565
2240120869
2236172325
1150379176
1150395544
1150395560
1150379096
1166379082
1166444618
1218603160
1218603176
1218619560
1218537560
1218537576
1218553960
2235910186
2235926570
2240120874
1214404772
1214421156
1214404756
1166379077
1166444613
1150396516
1218599064
1218599080
1218603172
1218615464
1147299992
1147300008
1147316392
1150440596
1150440612
1150456996
1150441620
1150458004
1183221781
1214814756
1214814760
1214818856
1213765156
1213765160
1213769256
