21828535376
1486440064
1486456448
1414874496
1414890880
1419068800
1419085184
1414923856
1414923872
1419118160
1419118176
2488863120
2488863136
2493057424
2493057440
2488863376
2488863392
2493057680
2493057696
1482295904
1482295968
2509785728
2526562944
2556791360
2556856896
2556791424
2556856960
2556775040
2556004672
2556823952
2556840512
2488862288
2488862352
2488878720
2488927888
2488863312
1436158480
1416235664
1416235680
1420429968
1420429984
2488632896
2488698432
2488632960
2488698496
2488863072
2488895872
2488928672
2488633920
2488699456
1431865920
1431865984
1436158496
1419068992
1419134528
1419069056
1419134592
1419315536
1431849344
2509834784
1431849536
2505607744
2509900304
2505607808
2509900320
2560182848
2560248384
2560182912
2560248448
2493122192
2488616576
2492810880
2492827264
2488895104
2493073024
2493089408
2505590400
2510850624
2527611520
2510850688
2527627904
2577959488
2594720384
2577959552
2594736768
2505591360
2509834768
2505591424
2555988544
2556054080
2555988608
2556054144
1482246720
1482263104
1486441024
1486457408
1419315552
1431849280
1436043584
1436059968
1482246464
1419085376
1414923936
2556070528
2510834240
2527611456
2510834304
2577943104
2594720320
2577943168
1414858336
1414858400
1415121296
1415121312
1419315600
1419315616
1415121248
1415154048
1415186848
1500007040
2509802112
2560969344
2560985728
2492810816
2492876352
2492876416
2493057360
2493073792
2493122960
2492811840
2492877376
1504217728
1432898176
1437092480
1420364384
1419348544
1419414080
1419348608
1420397184
1500023424
1420364448
1437108800
1482295696
1483033152
1483049536
1487227456
1487243840
1483098688
1483033216
1483098752
2561051264
2509785664
2509802048
2556774976
2560969280
2560985664
1500006976
1504201280
1504217664
1432898112
1437092416
1415154240
1415219776
1416170144
1416202880
1415154304
1415219840
1416170080
1415120480
1415120544
1415153280
1415186080
1414940288
1414956672
1419150976
1415186064
1419380368
1419380384
1419315792
1419315856
1419381328
1419381392
2560199232
2493090368
2488616512
2492827200
2488863056
2493057376
1520994944
2526562880
2488600160
2488600224
2488665696
2488665760
2488601184
2488601248
2488666720
2488666784
1414924880
1414924896
1419119184
1419150912
1415120528
1419314832
1419314848
1414940224
2505591104
2509785408
2505591168
2509801792
2555988288
2556774784
1419314768
1419314784
1482230096
1482230112
1482295632
1415121488
1415121504
1482230352
2556037456
2556037520
2555988352
2556053888
2556758608
1482262144
1482294944
1482230368
1482230432
1415136896
1419331200
1419347584
1431848576
1436042880
1431864960
1436059264
1482245760
2505590336
2509784640
2509801024
2555971920
2488616320
2488632704
2492810624
2492827008
2488665680
2492859984
2492860000
1419085440
1487309376
1487473248
1487473312
1487506048
1487538848
1487309440
2556070464
2488862304
2488862368
2488927904
2488863328
2488928864
2488928928
2488896064
2488961600
1419332224
1419397760
1420364368
1420364432
1420380800
2556053824
2556070208
2556791168
2556823968
2556758624
2556758688
2556824160
2556824224
2488666704
2488666768
1483115072
1483049600
1483115136
1483278944
1483279008
1483311744
1483344544
1482246528
1482262912
1486440832
1486457216
1483082320
1483082336
1487276624
1487276640
2493090176
2526561920
2493122976
2492861008
2492861024
1419152000
1419151936
1419086464
1419414144
1431848512
1436042816
1436059200
1436092944
1431849600
1436092960
1414956608
1482312320
1482328704
1486506624
1486523008
1483344528
1415137856
2556824144
2556824208
2555971936
2556004928
1483016800
1483082384
1482262848
1483016784
1483032960
1483082128
2493122208
2509801088
2526578304
2556036752
2556036768
1482312256
1482328640
1486506560
1486522944
1483278992
1487473296
1419331968
1419381136
1419348352
1419381152
2556003968
2493056592
2493056656
1436043648
1452820864
1482312000
1482328384
1483049344
1483082144
1452821056
1415121552
1486522752
1483082400
1487276704
1414874752
1414891136
1415137664
1487292992
1487227520
2488665744
1482294928
1482246784
1483278928
1415186832
1415187024
1415187088
1415121232
1414891072
2492892736
2492892800
2488879488
2509785472
1482328448
1483016864
2556037536
2560231776
2560231840
2556037776
2556037792
2488879680
2493073984
2489911888
2489911904
2494106192
2494106208
1453869632
1453869696
2561280656
2561280672
1415187040
1419381344
2555972000
2556037472
2555972192
2555972256
2556037728
2526562688
2488683072
2492893760
1431865728
1436060032
1415121568
1419315872
1482230176
1482295648
1482295712
2556070272
2488599904
2488599968
2488665504
2488928848
2493123152
2493123168
2560232032
2560232096
1486489936
1486489952
1482295888
1486490192
1486490208
1487538832
1487243904
1751779984
1751780000
1486506368
2555971152
2555971168
2555987584
2555972176
2488665488
2492859808
2492860064
1415187104
1419381408
1414923920
1482295952
1486490272
2488945280
2488961664
2493139584
2493155968
2489977488
2489977504
2494171792
2494171808
2556840576
2526561856
2509784704
1487293056
2488945216
2493139520
2493155904
2489911952
2489911968
2494106256
2494106272
1419315808
2505607552
2509801856
2556004736
2560182656
2560199040
2488617600
2488633984
2492811904
2492828288
2492861088
1419332160
1416170064
2506640000
2506656384
2573748864
2573765248
2493090432
2494139008
1419397696
1416170128
2493123216
2505606784
2560231760
1414858320
1414858080
1414923664
2506639936
2573748800
2488896128
2489944704
2493056608
2493056672
2493057632
2493123232
2493057616
1486489248
1452820096
1452836480
1520978496
1504201344
1520978560
1751714400
1751714464
1751747200
1482229344
1482229408
1486457472
2488928912
1415203392
1452837248
1415137920
1416186496
1482263168
2561051200
2561215072
2561215136
2561247872
1414941312
1414957696
1419135616
1452821120
1452837504
1415203456
1415120464
1414874688
2557020768
2557020832
2557053568
2557086368
2555971232
1751730816
1755925120
1755941504
1486441088
1487473232
1414941248
1414957632
1419135552
1482229328
2561018448
2561018464
2561034880
1487489664
2560264832
2557086352
1755974304
1437108864
1453886080
1483295360
2556004992
2560264768
2557020816
2561215120
2526579072
2560248192
2560264576
2488683136
2488699520
2492877440
2492893824
1419086400
1419119264
2561018528
2560181888
2560198272
2556037712
2560232016
2488928656
1432914560
1414892160
1414892096
2526579264
1486490016
1482312064
1452820032
1436060224
1452837440
1436060288
2526562624
1436043904
2526579328
2561034816
2488879744
2493074048
2489928320
2494122624
2488682048
2488599888
2488600144
1414923680
1419117984
1419118240
1452820800
2488682112
2560231072
2560199296
2488601168
2561215056
2561231488
1414875776
1419070080
1414924944
1414924960
1419119200
2825521808
2825521824
2829683328
2829716128
2557037184
1414875712
1419070016
1414859424
1414859360
2825456224
2825456288
2825489024
2492828224
2557020752
1751714384
1436043840
2488617536
1414858144
2825472640
2829666944
1414859344
2825456208
