279526573136
284173862032
559051768976
279526573200
554404480144
283821540496
558699447440
279795008656
554672915600
284089975952
558967882896
279544399968
554422306912
283839367264
558717274208
279812835424
554690742368
284107802720
558985709664
284174911568
559052818512
283888978016
558766884960
279862446176
554740353120
284157413472
559035320416
279527883872
554405790816
283822851168
558700758112
279796319328
279544661088
554422568032
279594992736
554472899680
283889960032
279594009744
554471916688
279812901008
554690807952
284107868304
558985775248
279526836320
554404743264
283821803616
558699710560
279795271776
554673178720
284090239072
558968146016
279593945184
554471852128
283905688720
558783595664
279526835344
554404742288
283821802640
558699709584
279795270800
279543612560
554488432800
279594009680
279610721440
554488628384
283905688736
558783595680
279879156896
554757063840
284174124192
559052031136
559034991776
279543350432
554421257376
283838317728
558716224672
279811785888
554689692832
284106753184
558984660128
279610459296
279610788000
554488694944
283905755296
558783662240
279879223456
554757130400
284174190752
559052097696
558783595616
279879156832
554757063776
284174124128
559052031072
279878960208
554756867152
284173927504
559051834448
558967948368
279593747536
554471654480
283888714832
558766621776
279862182992
558716224592
284089976912
558967883856
279878961312
554756868256
279610787936
554488694880
283905755232
558783662176
279879223392
554757130336
284174190688
559052097632
554405529680
279544399952
554422306896
283839367248
558717274192
554472638544
283889698896
558767605840
279543678112
554421585056
283838645408
558716552352
279812113568
554690020512
284107080864
558984987808
279795270816
554673177760
284090238112
558968145056
279610786960
554488693904
284174189712
279594993808
554472900752
283889961104
558767868048
284158396560
283905754256
558783661200
559036303504
558783661136
558968210512
279812113488
554690020432
284107080784
558984987728
279862445136
554740352080
284157412432
559035319376
558984988832
554421584992
283838645344
558716552288
279812113504
554690020448
284107080800
558984987744
279879222352
554757129296
284174189648
559052096592
279610786896
554488693840
283905754192
279527884880
554405791824
283822852176
558700759120
279543351440
554421258384
283838318736
558716225680
279811786896
554689693840
284106754192
558984661136
283822851216
558700758160
279796319376
554674226320
284091286672
279526638688
554404545632
283821605984
558699512928
279795074144
554672981088
284090041440
558967948384
279593747552
554471654496
284174190736
559052097680
279610525792
554488432736
279796058208
554673965152
284091025504
558968932448
559036040336
279796057232
554673964176
284091024528
279811786832
554689693776
284106754128
558984661072
283888714848
558766621792
284157150304
559035057248
558700758096
283822654544
558700561488
558985708624
554489414736
283906475088
279812834384
554690741328
284107801680
283889763424
558767670368
279796385872
554674292816
279878894736
554756801680
279526573216
554404480160
283821540512
558699447456
279795008672
554672915616
284089975968
558967882912
279593683088
554471590032
283888650384
279880206480
554758113424
558766557328
279862118544
554740025488
279611771024
554489677968
283906738320
279878961248
554756868192
554405791840
283822852192
558700759136
283889960080
558767867024
279863428240
554741335184
284158395536
559036302480
283906737296
558784644240
279527883920
554405790864
279544662112
554422569056
283839629408
558717536352
284091024480
558968931424
554489677904
279880206416
554758113360
559053080656
279611770960
279544661136
554422568080
283839628432
558717535376
279813096592
554691003536
284108063888
558985970832
279878960288
283889698976
558767605920
279863167136
279796057248
554673964192
284091024544
558968931488
554471852176
283888912528
554421520528
279526900816
554404807760
283821868112
554471916624
283888976976
558766883920
279544727696
554422634640
283839694992
558717601936
279813163152
554690806864
279862445152
554740352096
279878960224
554756867168
284173927520
559051834464
279811786912
554689693856
284106754208
558984661152
279610460320
554488367264
283905427616
558783334560
279878895776
554756802720
279544727632
554422634576
283839694928
554472637584
558717601872
279813163088
554691070032
284108130384
558986037328
283889697936
558767604880
279795271824
284090239120
558968146064
284173863008
559051769952
279527883936
554405790880
279862184016
554740090960
284157151312
559035058256
558716291152
279796319312
554674226256
279863232656
554741139600
284158199952
559036106896
279526638736
279796057184
554673964128
554472965200
283890025552
558767932496
279527949392
284158133328
559036040272
279526836384
554404743328
283821803680
558699710624
279795271840
279594797136
554472704080
283889764432
558767671376
279863232592
554741139536
284158199888
559036106832
279611508896
554489415840
283906476192
558784383136
279544464480
554422371424
283839431776
558717338720
279812899936
554690806880
284107867232
558985774176
284108130464
558986037408
279796122768
554674029712
284091090064
558968997008
279611508832
554489415776
283906476128
558784383072
554757851232
284174911584
559052818528
279879157840
554757064784
279812835408
554690742352
284107802704
558985709648
279812834464
554690741408
284107801760
558985708704
284174911648
559052818592
554691070096
284108130448
558986037392
279880272016
554758178960
284175239312
554740091024
284157151376
559035058320
279863429264
279527949408
554405856352
283822916704
558700823648
279526574240
554404481184
283821541536
558699448480
279795009696
554672916640
284089976992
558967883936
279812835472
554690742416
284107802768
558985709712
279544465568
554422372512
283839432864
558717339808
279812901024
554690807968
284107868320
558985775264
284157412448
559035319392
283821869152
279594010720
554471917664
279813097632
554691004576
279812900960
554690807904
284107868256
558985775200
284157085840
559034992784
279796320400
554674227344
284091287696
558969194640
279812899984
554690806928
284107867280
279796058272
554673965216
284091025568
558968932512
554472638624
284107867216
558985774160
279812899920
279610786976
554488693920
283905754272
558783661216
279879222432
554757129376
284174189728
559052096672
283889961120
558767868064
558985775184
559036040352
279795075216
554672982160
284090042512
558967949456
279795008592
554672915536
284089975888
554404480080
558699447376
283821540432
279610786912
554488693856
283905754208
558783661152
279879222368
554757129312
284174189664
559052096608
284091287712
558969194656
279594993824
554472900768
284091286688
279878895760
554756802704
284173863056
559051770000
279594992784
554472899728
279611836496
554489743440
283906803792
558784710736
279880271952
554758178896
284175239248
559053146192
283890026640
558767933584
279594797152
554472704096
283890026576
558767933520
279611771040
554489677984
283906738336
558784645280
279543416976
554421323920
283838384272
558716291216
279811785808
284107016336
558984923280
279527950432
554405857376
554405856336
283822916688
558700823632
279813096608
554691003552
284108063904
558985970848
279813163168
554691070112
554488694928
559053146256
283839694944
558717601888
279813163104
554691070048
284108130400
558986037344
558766819472
279593945232
283889764512
558767671456
284158199968
283888912464
558766819408
279593945168
554471852112
279813162064
554691069008
284108129360
558986036304
283889764448
558767671392
279795337360
558699709520
279527687264
554405594208
283822654560
558700561504
279594796112
554472703056
283889763408
558767670352
279812049056
554689956000
279879157904
554757064848
279594797200
554472704144
279526573152
554404480096
283821540448
558699447392
279593682000
554471588944
283888649296
279526574224
554404481168
283821541520
558699448464
284173863072
559051770016
279595059360
554472966304
283890026656
558767933600
279795074128
554672981072
284090041424
279595058256
279543415952
554421322896
283838383248
558716290192
279880272032
554758178976
284175239328
559053146272
279543415888
554421322832
283838383184
558716290128
279880271968
554758178912
284175239264
559053146208
279593945248
554471852192
283888912544
558766819488
283888912480
558766819424
279813162080
554691069024
284108129376
558986036320
279880270928
554758177872
284175238224
559053145168
559035320464
279526835296
554404742240
283821802592
558699709536
279594796128
554472703072
554689692752
279543678096
554421585040
283838645392
558716552336
558766818384
279795075232
554672982176
284090042528
558967949472
279593944144
554471851088
283888911440
279593944160
279880270944
554758177888
284175238240
559053145184
554471851104
283888911456
558766818400
