1378769765456
1147251280
1147251296
1146185040
1146185056
1146201424
1146201440
1146185296
1146185312
1146201680
1146201696
1218603344
1218603360
2291472660
2291476756
2291472664
2291476760
2291538196
2291542292
2291538200
2291542296
1184467076
1184532516
1168251488
1168251552
1184930448
1184930464
2288097680
2288097696
2288081552
2288081568
2288097936
2288097952
2287606040
2236975172
2237040660
2241218580
1146251664
1146251680
1163233412
1163298852
1167476772
1167493156
1163958672
1163958688
1168152976
1168152992
1163495556
1163560996
1218087080
1146185104
1146185120
1146201488
1146201504
1146185360
1146505304
1146521688
1146505320
1146521704
1146755364
1146493204
1213540632
1213602068
1213606164
1213602072
1218619728
1218619744
1213503880
1213507972
1213507976
1168185760
1184913808
1184913824
1146247568
1146247584
1146263952
1146263968
1146247824
1146247840
1214343568
1214343584
1214359952
1214359968
1214343824
1214343840
1214360208
1214360224
1163946592
1168140880
1168140896
1213548632
1213565016
1213548648
1213565032
1213810776
1213827160
1213810792
1218603408
1218603424
1218619792
1218619808
1218603664
1218603680
1218620048
1218620064
1214355856
1214355872
1214339728
1214339744
1214356112
1214356128
1146263888
1146263904
1146247760
1146247776
1146264144
1146264160
1146427924
1146432020
1146427928
1146432024
1150391632
1150391648
1150375504
1150375520
1150391888
1150391904
1150375248
1218599312
1218599328
1218615696
1218615712
1218599568
1218599584
1218615952
1218615968
1218734468
1218734472
1217681736
1217685828
1217685832
1217685892
1217685896
1217680712
1217684804
1217684808
1213614232
1213630616
1213614248
1213630632
1213876376
1213892760
1213876392
1213892776
1163233352
1163298840
1167476760
1167493144
1163946384
1163946400
1168140688
1168140704
1163495496
1163560984
1147300240
1147300256
1147316896
1217698440
1217702536
1147316624
1147316640
1147300496
1217698372
1217698376
1217702468
1217702472
1217698436
1218599248
1218599264
1218615632
1218615648
1146263184
1146263200
1147312784
1147312800
1147312544
1146505364
1146521748
1146505380
1146521764
1146755604
1213614228
1213630612
1213614244
1213630628
1213876372
1213892756
1213876388
1213892772
1147296144
1147296160
1147312528
1147296400
1147296416
1217686148
1217686152
1217681988
1217681992
1218734660
1218734664
1218730628
1218730632
1218734724
1218734728
1217686084
1217686088
1217682052
1217682056
1150621988
1150626084
1150621992
1150626088
1150687524
1150691620
1150687528
1150691624
1213503044
1213503048
1213507140
1213507144
1213503108
1213565076
1213548708
1213565092
1213810836
1213827220
1213810852
1213827236
1167411268
1167476804
1184188436
2236958756
2236975140
2241153060
2241169444
2237700432
2237700448
2241894736
2241894752
2237220900
2237237284
1214556484
1214556488
1214552452
1214552456
1214556548
1214556552
1213502788
1213502792
1213506884
1213506888
1150687512
1150691608
1213490820
1213490824
1167673412
1167738948
1184450580
1184466964
1168185936
1168186000
1184914000
1184914016
1146197392
1146197408
1146181264
1146181280
1146197648
1146197664
1146181008
1146181024
1213535764
1213539860
2241415236
2241480772
2258192404
2258208788
2241927760
2241927824
1213565028
1213810772
1213827156
1213810788
1146493220
1146497316
1146493224
1146497320
1147234640
1147234656
1147251024
1147251040
1147234896
1147234912
1167689796
1167755332
1184467012
1184532500
1168185952
1168186016
1218533968
1218533984
1163216920
1163233304
1167411224
1167427608
1163946320
1163946336
1168140624
1168140640
1151429216
1151445584
1151445600
1150396752
1150396768
1150380624
1150380640
1150397008
1151428960
1151445328
1218751108
1218747016
2236975236
2237040676
2241218596
2241234980
2237700496
2237700512
2241894800
2241894816
2237237380
2237302820
1213508164
1213508168
1213504132
1213504136
1213508228
1213508232
1214556740
1214556744
1214552708
1214552712
2291550292
2291566676
2291550308
2291566692
2291800340
2291804436
2291800344
2291804440
1218730564
1218730568
1213798692
1213802788
1213798696
1213802792
1213864228
1213868324
1213864232
1213868328
1214409040
1214409056
1214425424
1214425440
1214409296
2241415208
2241431592
2237704784
2236958744
2236975128
2241153048
2241169432
2237688144
2237688160
2241882448
2241882464
2237220888
2237237272
2291800616
2291804712
1150953764
1150949672
1150953768
1150380448
1150396816
1150396832
1150380688
1213749640
1213753732
1146264208
1146264224
1146246544
1146246560
1146262928
1146262944
1146246800
1146246816
1217993252
1217997348
1217993256
1217997352
1218058788
1218062884
1218058792
1218062888
1213535768
1213539864
1213601300
1167427652
1167493188
1184204868
1184270356
1168185696
2258655824
2258655840
2287278612
2287282708
2287278616
1213798676
1213802772
1213798680
1213802776
1213864212
1213868308
1213864216
1213868312
1214404944
1214404960
1214421328
1214421344
1214405200
2241415204
2241431588
2237700688
1218005080
1218021464
1218005096
1218021480
1218537808
1218537824
1218554192
1218554208
1218538064
1218538080
1219009160
1219013252
1219013256
2292296272
2292296288
1217993236
1217997332
1217993240
1213503812
1213503816
1217997336
1218058772
1218062868
1218058776
1218062872
1213507908
1213507912
1213503876
1150379408
1150379424
1150395792
1150395808
1150379664
1150379680
1150396048
1150396064
2236975176
2237040664
1151490640
1151490656
1151507024
1151507040
1150626328
1150687764
1150691860
1150687768
1150691864
1150458192
1217960264
1217964356
1217964360
1217960324
1217960328
1146250576
1146250592
1146266960
1146266976
1146250832
1214650916
1214655012
1214650920
1146268048
1146268064
2237684048
2237684064
2241878352
1213753988
1213753992
1213749828
1213749832
1213753924
1213753928
1213749892
1213748804
1213748808
1213491524
1213491528
1213487492
1213487496
1213491588
1213491592
1150391952
1150391968
1150375312
1150375328
1150391696
1150391712
1150375568
1150375584
1163233416
1163298856
1167476776
1167493160
1163962768
1167411272
1167476808
1184188440
1184204824
1168189776
1168189840
1184917840
1184917856
1167673416
1167738952
2291550296
2291566680
2291550312
2291566696
1217943876
1217943880
1217947972
1217947976
1217943940
1217943944
1217948036
1217948040
2292279632
2292279648
2292296016
2292296032
2292279888
2292279904
2287282712
2287344148
2287348244
2287344152
2287348248
2288146768
2288146784
2288163152
2288163168
2288147024
1150699668
1150716052
1150699684
1150716068
1150949908
1150954004
1150949912
1150954008
1151490448
1151490464
1213539880
1213601316
1213605412
1213601320
1213605416
2292275536
2292275552
2292291920
2292291936
2292275792
2292275808
2292292176
2292292192
1184450596
1184466980
1168251472
1168251536
1184930384
1184930400
1217742996
1217759380
1217743012
1217759396
1146267232
1146251600
1146251616
1146267984
1146268000
1151425168
1151425184
1151441552
1151441568
1217796372
1217800468
1217796376
1217800472
1218730308
1218730312
1213605396
1213601304
1163216932
1163233316
1167411236
1167427620
1163958608
1163958624
1168152912
1168152928
1163479076
1163495460
2287278372
2287282468
2287278376
2287282472
2287343908
2287348004
2287343912
2287348008
1150715992
1218746948
1218746952
1218751044
1218751112
1150699608
1150379344
1150379360
1150395728
1150395744
1150379600
2241169476
2241235012
2257946692
2258012180
2241927520
2241927584
1163216936
1163233320
1167411240
1167427624
1163962704
1163962720
1168157008
1168157024
1163479080
1163495464
2241882720
1217702216
1217698180
1217698184
1217702276
1217702280
1217701256
1217698116
1217698120
1217697156
1217697160
2291472932
2291477028
2291472936
2291477032
2291538468
2291542564
2291538472
2291542568
1218783780
1218779688
1218783784
1218845220
1218849316
1218845224
1218849320
2287347992
1184914064
1184914080
1167427716
1167493252
1184204932
1184270372
1168251232
1168251296
1184930192
1184930208
1167689860
1167755396
1146251920
1146251936
1146268304
1146268320
1146250640
1146250656
1146267024
1146267040
1146250896
1146250912
2291472916
2291477012
2291472920
2291477016
2291538452
2291542548
2291538456
2291542552
1150699688
1150716072
1218779672
1218783768
1218845204
1218849300
1218845208
1218849304
1150397024
1218751048
1217702532
1218747012
1217697348
1217697352
1217701444
1217701448
1217697412
1217697416
1217701508
1213602344
1213606440
1184450584
1184466968
1168190032
1168190096
1184918096
1184918112
1213548696
1213565080
1213548712
1213565096
1213605400
1150376272
1150376288
2236958760
2236975144
2241153064
2241169448
2237704528
2237704544
2241898832
2241898848
2237220904
2237237288
1213540884
1213536792
1213540888
1213602324
1213606420
1213602328
1213606424
1213536788
1214409104
1214409120
1214425488
1214425504
1214409360
1214409376
1214425744
1214425760
2241480744
2241497128
2237704848
2237704864
2241899152
1217735188
1217731096
1217735192
1217796628
1217800724
1217796632
1217800728
1218779668
1218783764
1217730068
1150445136
1150445152
1150461520
1150444880
1150444896
1150461264
1150461280
1150461536
1167427656
1167493192
1184204872
1184270360
1168189792
1168189856
1184917904
1184917920
1167689800
1167755336
1146180960
1146197344
1146181200
1146197328
1146181216
1146197584
1146197600
1214405008
1214405024
1214421392
1214421408
1214405264
1214405280
1214421648
1214421664
2241480740
2241497124
1150949668
2237700752
2237700768
2236975240
2237040680
2241218600
2241234984
2237704592
2237704608
2241898896
2241898912
2237237384
2237302824
1150440784
1150440800
1150457168
1150457184
1150441040
1150441056
1150457424
1150457440
2241218584
2241234968
2237688208
2237688224
2241882512
2241882528
1168190048
1168190112
1184918160
1184918176
1151445344
1151429200
1151428944
1213504068
1213504072
1217943108
1217943112
1217947204
1217947208
1217943172
1217943176
1217947268
1217947272
1217948292
1217948296
1217964612
1217964616
1217960580
1217960584
1217964676
1217964680
1218021460
1218005092
1218021476
2241234964
2237684112
2237684128
2241878416
2241878432
1151425104
1151425120
1151441488
1213487684
1213487688
1151424848
1151424864
1151441232
1151441248
1213491848
1213491780
2241153156
2241218692
2257930276
2257946660
2241993040
2241993104
2258671952
2258671968
2241415300
2241480836
1213540904
1213602340
1213606436
1213536804
1213540900
1213536808
1214655016
1213535780
1213539876
1213535784
1146427684
1146431780
1146427688
1146431784
1217944132
1217944136
1217948228
1217948232
1217944196
1217944200
2292279696
2292279712
2292296080
2292296096
2292279952
2292279968
2292296336
2292296352
1150687784
1150691880
1150622244
1150626340
1150622248
1150626344
1213765192
1213769284
1213769288
1213765252
1213765256
1213769348
1213769352
1150445904
1150445920
1150462288
1150462304
1150446160
1150446176
1150462544
1150462560
1150687780
1150691876
1146427668
1146431764
1146427672
1146431768
2292275600
2292275616
2292291984
2292292000
2292275856
2292275872
2292292240
2292292256
2241169540
2241235076
2257946756
2258012196
2241993056
2241993120
2258672016
2258672032
2241431684
2241497220
1214818884
1214818888
1214814852
1213770308
1213770312
1213766276
1213766280
1213770372
1213770376
1213765188
1150622228
1150626324
1150622232
1213752900
1213752904
1213748872
1213752964
1213752968
1213748868
2287355992
2287372376
2287356008
2287372392
2287606052
2287610148
2287606056
2287610152
1214556804
1214552644
1214552648
1214556808
2291550360
2291566744
2291550376
2291566760
2291800612
2291804708
2241153096
2241218632
2257930264
2257946648
2241931600
2241931664
2258659664
2258659680
2241415240
2241480776
1151494544
1151494560
1151510928
1151510944
1151494800
1151494816
1151511184
1151511200
1150699672
1150716056
1219009092
1219009096
1219013188
1219013192
1219009156
1147300512
1147316880
2287355988
2287372372
2287356004
2287372388
2287606036
2287610132
2287610136
1214536260
1214536264
1214540356
1214540360
1214536324
1214536328
1214540420
1214540424
2291550356
2291566740
2291550372
2291566756
2291800596
2291804692
2291800600
2291804696
2241415192
2241431576
2237688400
2237688416
2241882704
1163962784
1168157072
1168157088
1218996808
1218992708
1218992712
1218992772
1218992776
1218996868
1218996872
1184450600
1184466984
1168255568
1168255632
1184934480
1150380704
1150397072
1150397088
1150380432
1213798948
1213803044
1213798952
1213803048
1213864484
1213868580
1213864488
1213868584
2258192424
2258208808
2241997392
2241997456
2258676304
2258676320
2241169480
2241235016
2257946696
2258012184
2241931616
2241931680
2258659728
2258659744
2241431624
2241497160
2241878624
2237220884
2237237268
2241415188
2241431572
2237684304
1150376336
1150376352
1150392720
1150392736
1150376592
1150376608
1150392976
1150392992
1213798932
1213803028
1213798936
1213803032
1213864468
1213868564
1213864472
1213868568
2258192420
2258208804
2241993296
2241993360
2258672208
2258672224
1146185376
1146201744
1146201760
1167427720
1167493256
1184204936
1184270376
1168255328
1168255392
1184934288
1184934304
1167689864
1167755400
1213766024
1213770116
1213770120
1213765956
1213765960
1213770052
1213770056
1213766020
1150444944
1150444960
1150461328
1150461344
1150445200
1150445216
1150461584
1150461600
1218603600
1218603616
1218619984
1218620000
2241153092
2241218628
2257930260
2257946644
2241927504
2241927568
2258655568
2258655584
1213753736
1213749572
1213749576
1213753668
1213753672
1213749636
1150440848
1150440864
1150457232
1150457248
1150441104
1150441120
1150457488
1150457504
2288085328
2288085344
2288101712
2288101728
2288085584
2288085600
2288101968
2288101984
1217808472
1217824856
1217808488
1217824872
1218070616
1218087000
1218070632
1218087016
1151429008
1151429024
1151445392
1151445408
1151429264
1151429280
1151445648
1151445664
2292345168
2292345184
2292361552
2292361568
2292345424
2292345440
2292361808
2292361824
1217799720
1217960260
1217800740
1217796648
1217800744
1217964420
1217964424
1217735208
1217796644
1218779684
2288081232
2288081248
2288097616
2288097632
2288081488
2288081504
2288097872
2288097888
1217808468
1217824852
1217808484
1217824868
1218070612
1218086996
1218070628
1218087012
1151441296
1151441312
2292341072
2292341088
2292357456
2292357472
2292341328
2292341344
2292357712
2292357728
1146759460
1146755368
1146759464
2287278628
2287282724
2287278632
2287282728
2287344164
2287348260
2287344168
2287348264
1214585380
1214589476
1214585384
1214589480
1150954020
1150954024
1218734404
1218734408
1218730372
1218730376
1150621976
1150626072
1150687508
1217681796
1217681800
1150392656
1217959492
1217959496
1217963588
1217963592
1217959556
1217959560
1217963652
1217963656
1217960516
1217960520
1146505316
1146521700
1146755348
1146759444
1146755352
1146759448
1213503112
1213507204
1213507208
1167673380
1167689764
1163958864
1163958880
1168153168
1168153184
1217742932
1217759316
1217742948
1217759332
1214589464
1214650904
1214655000
1214650900
1214654996
1214585364
1214589460
1214585368
1146186064
1146186080
1146202448
1146202464
1146186320
1146186336
1146202704
1146202720
2241153160
2241218696
2257930280
2257946664
2241997136
2241997200
2258676048
2258676064
2241415304
2241480840
1163216916
1163233300
1167411220
1167427604
1163942224
1163942240
1168136528
1168136544
1218599504
1218599520
1218615888
1218615904
1146198608
1146198624
1146181968
1146181984
1146198352
1146198368
1146182224
1146182240
1150379616
1150395984
1150396000
1150380368
1150380384
1217697092
1217697096
1217701188
1217701192
1217702212
2236958740
2236975124
2241153044
2241169428
1150458208
1150442064
1150442080
1150458448
1150458464
1150441808
1150441824
1167673384
1167689768
1163962960
1163962976
1168157264
1168157280
1217742936
1217759320
1217742952
1217759336
1218554448
1218554464
2237237320
2237302808
2241480728
2241497112
2237688464
2237688480
2241882768
2241882784
2241169544
2241235080
2257946760
2258012200
2241997152
2241997216
2258676112
2258676128
2241431688
2241497224
1146250848
1146267216
2258208904
2258274344
2241997408
2241997472
2258676368
2258676384
1218533712
1218533728
1218550096
2237237316
2237302804
2241480724
2241497108
2237684368
2237684384
2241878672
2241878688
1146246480
1146246496
1146262864
1146262880
1146246736
1146246752
1146263120
1146263136
1213827176
2258208900
2258274340
2241993312
2241993376
2258672272
2258672288
1218550112
1217743000
1217759384
1217743016
1217759400
1218005144
1218021528
1218005160
1218021544
1151494480
1151494496
1151510864
1151510880
1151494736
1151494752
1151511120
1151511136
1213766212
1213766216
1213548628
1213565012
1213548644
1147247200
1218005140
1218021524
1218005156
2258655632
2258655648
1218021540
1151490384
1151490400
1213749896
2288085392
2288085408
2288101776
2288101792
2288085648
2288085664
2288102032
2288102048
2241899168
1146497576
1146427940
1146432036
1146427944
1146432040
1146493476
1146497572
1146493480
1217701252
2291804456
2292345232
2292345248
2292361616
2292361632
2292345488
2292345504
2292361872
2292361888
2288081296
2288081312
1146493460
1146497556
1146493464
1217680708
1146497560
1217680772
1217680776
1217684868
1217684872
2292341136
2292341152
2292357520
2292357536
2292341392
2292341408
2292357776
2292357792
1163495560
1163561000
1167738920
1167755304
1163963024
1163963040
1168157328
1168157344
2287356056
2287372440
2287356072
2287372456
2287606308
2287610404
2287606312
2287610408
1214814856
1214818948
1214818952
1214814788
1214814792
1167738916
1167755300
1163958928
1163958944
1168153232
1168153248
2287356052
2287372436
2287356068
2287372452
2287606292
2287610388
2287606296
2287610392
1214798404
1214798408
1214802500
1214802504
1214798468
1214798472
1214802564
1214802568
2291800356
2291804452
2291800360
1146186400
1146202768
1146202784
1146186128
1146186144
1146202512
1146202528
1146186384
1217800484
1217796392
1217800488
1217730852
1217734948
1217730856
1217734952
1217796388
2258192408
2258208792
2241931856
2241931920
2258659920
2258659936
1150445968
1150445984
1150462352
1150462368
1150446224
1150446240
1150462608
1150462624
1163233348
1163298836
1167476756
1167493140
1163942288
1163942304
1168136592
1168136608
1146182304
1146198672
1146198688
1218550352
1218550368
1217730836
1217734932
1217730840
1217734936
2241895056
2241895072
1150441872
1150441888
1218537872
1218537888
1218554256
1218554272
1218538128
1218538144
1218554512
1218554528
1146267280
1146267296
1218533776
1218533792
1218550160
1218550176
1218534032
1218534048
1218550416
1218550432
1213614168
1213630552
1213614184
1213630568
1213876312
1213892696
1213876328
1213892712
1147234704
1147234720
1147251088
1147251104
1147234960
1147234976
1147251344
1147251360
1150949924
1150949928
2288150864
2288150880
2288167248
2288167264
2288151120
2288151136
2288167504
2288167520
1217808536
1217824920
1217808552
1217824936
1218070680
1218087064
1218070696
1146497300
1146493208
1146497304
1147230544
1147230560
1147246928
1147246944
1147230800
1147230816
1147247184
1150458256
1150458272
1150442128
1150442144
1150458512
1150458528
1218996804
1151506768
1151506784
1217731092
1167411332
1167476868
1184188452
1184204836
1168251216
1168251280
1184930128
1184930144
1167673476
1167739012
2288147040
2288163408
2288163424
1217808532
1217824916
1217808548
1217824932
1218070676
1218087060
1218070692
1218087076
1151506832
1151506848
1151490704
1151490720
1151507088
1151507104
1146505368
1146521752
1146505384
1146521768
1146755620
1146759716
1146755624
1146759720
1217701512
1184934496
1147230608
1147230624
1147246992
1147247008
1147230864
1147230880
1147247248
1147247264
1146505300
1146521684
1217731108
1217735204
1217731112
1217730084
1217734180
1217730088
1217734184
1217795620
1217799716
1217795624
1150699624
1150716008
1146759700
1146755608
1146759704
1217680964
1217680968
1217685060
1217685064
1217681028
1217681032
1217685124
1217685128
1214339680
1214356048
1163495444
1167673364
1167689748
1163942480
1163942496
1168136784
1168136800
1163479060
1167411336
1167476872
1184188456
1184204840
1168255312
1168255376
1184934224
1184934240
1167673480
1167739016
1184467016
1184532504
1146251856
1146251872
1146268240
1146268256
1184204820
1168185680
1168185744
1184913744
1184913760
1146247504
1146247520
1214343504
1214343520
1214359888
1214359904
1214343760
1214343776
1214360144
1214360160
1213614164
1213630548
1213614180
1213630564
1213876308
1213892692
1213876324
1213892708
1214339472
1214339488
1214409312
1214425680
1214425696
2237704800
2241899088
2241899104
1217992996
1217997092
1217993000
1217997096
1218058532
1218062628
1218058536
1218062632
2258208840
2258274328
2241931872
2241931936
2258659984
2258660000
1214356064
1163946656
1168140944
1168140960
1217992980
1217997076
1217992984
1217997080
1218058516
1218062612
1218058520
1218062616
2241431620
2241497156
2258208836
2258274324
2241927776
2241927840
2258655888
2258655904
1213606168
1213810840
1213827224
1213810856
1213827240
1147300176
1147300192
1147316560
1147316576
1147300432
1147300448
1147316816
1147316832
1146182032
1146182048
1146198416
1146198432
1146182288
1214536004
1214536008
1214540100
1214540104
1214536068
1214536072
1214540164
1214540168
1213490564
1213490568
1213487428
1213487432
1213536532
1213540628
1213536536
1213827172
1163942544
1163942560
1168136848
1168136864
1214339408
1214339424
1214355792
1214355808
1214339664
1213548692
1147296080
1147296096
1147312464
1147312480
1147296336
1147296352
1217681732
1147312720
1147312736
1150392672
1150376528
1150376544
1150392912
1150392928
1150621972
1150626068
1151441504
1150691604
1150375264
1213502852
1213502856
1213506948
1213506952
2288150928
2288150944
2288167312
2288167328
2288151184
2288151200
2288167568
2288167584
1213491784
1213487748
1213487752
1213491844
1213486660
1213486664
1213490756
1213490760
1213486724
1213486728
1213536548
1213540644
1213536552
1213540648
1213602084
1213606180
1213602088
1213606184
1214552388
1214552392
1213486404
1213486408
1213490500
1213490504
1213486468
1213486472
1214405216
1214421584
1214421600
2237700704
2241894992
2241895008
2288146832
2288146848
2288163216
2288163232
2288147088
2288147104
2288163472
2288163488
1163479064
1163495448
1167673368
1167689752
1163946576
1167738904
1167755288
1163946640
2241878368
2287278356
2287282452
2287278360
2287282456
2287343892
2287347988
2287343896
2237684320
2241878608
1150699604
1150715988
1150699620
1150716004
1150949652
1150953748
1150949656
1150953752
1151424912
1151424928
1217734164
1217730072
1217734168
1217795604
1217799700
1217795608
1217799704
2291472676
2291476772
2291472680
2291476776
2291538212
2291542308
2291538216
2291542312
1218746692
1218746696
1218750788
1218750792
1218746756
1218746760
1218750852
1218750856
1184467080
1184532520
1168255584
1168255648
1184934544
1184934560
1167755284
1163495492
1163560980
1167738900
1218005076
