1391637824832
1408818743680
2508330371456
1683696650624
2783208278400
1391705983360
2491217611136
1666583890304
2766095518080
1408885852544
2508397480320
1683763759488
2783275387264
1666582840960
2766094468736
1408884803200
2508396430976
1683762710144
2783274337920
1391638873728
2491150501504
1666516780672
2766028408448
2783275387200
1391638874432
2491150502208
1666516781376
2766028409152
1408818743616
1391639136640
2491150764416
1666517043584
2766028671360
1408819005824
2508330633600
1683696912768
2783208540544
1391706245504
2491217873280
2491149452608
2766027359552
2508329321792
1666515731776
1408817694016
1683695600960
2783207228736
1391704933696
2491216561472
1666582840640
1408818743936
2508330371712
1683696650880
2783208278656
1391705983616
2491217611392
1666583890560
2766095518336
1408885852800
2508397480576
1666516780416
2766028408192
1666584152384
2766095780160
1408886114624
2508397742400
1683764021568
2783275649344
2491149453632
1666515732800
2766027360576
1408817695040
1666583103872
2766094731648
1408885066112
2508396693888
1683762973056
1391637825920
2491149453696
1666515732864
2766027360640
1408817695104
2508329322880
1683695602048
2783207229824
1391704934784
2491216562560
1391638087296
2491149715072
1666515994240
2766027622016
1408817956480
2508329584256
1683695863424
2783207491200
1391705196160
2491216823936
2508330371392
1683696650560
2783208278336
1391705983296
2491217611072
1666583890240
2766095518016
1408885852480
2508397480256
1683763759424
1408818742592
1683762972992
2783274600768
1666583102784
2766094730560
1408885065024
2508396692800
1683762971968
2783274599744
1391639136896
2491150764672
1666517043840
2766028671616
1408819006080
2508330633856
1683696913024
2783208540800
1391706245760
2491217873536
1391705983552
2491217611328
1666583890496
2766095518272
1408885852736
2508397480512
1683763759680
2783275387456
1408819006016
1391639136832
2783274337856
2508330370368
1683696649536
2783208277312
1391705982272
2491217610048
1666583889216
2766095516992
1408885851456
2508397479232
1683763758400
1391637826176
2491149453952
1666515733120
2766027360896
1408817695360
2508329323136
1683695602304
2783207230080
1391704935040
2491216562816
1391637826112
2491149453888
1666515733056
2766027360832
1408817695296
1391639136576
2491150764352
1666517043520
2766028671296
1408819005760
2508330633536
1683696912704
2783208540480
1391706245440
2491217873216
2783208278592
1666584152704
2766095780480
1408886114944
2508397742720
1683764021888
2783275649664
2783207491136
1391705196096
2491216823872
1666583103040
2766094730816
1408885065280
1391638087232
1683696649600
2783208277376
1391705982336
2491217610112
1666583889280
2766095517056
1408885851520
2508397479296
1391638873472
2491150501248
1408817694272
2508329322048
1683695601216
2783207228992
1391704933952
2491216561728
1666582840896
2766094468672
1408884803136
2508396430912
2508330633792
2491150764608
1683762711104
1391638874688
2491150502464
1666516781632
2766028409408
1408818743872
2508330371648
1683696650816
2766027621760
1408817956224
2508329584000
1683695863168
2783207490944
2783274599808
1683763758464
2783275386240
1408818742656
2508330370432
1683764021824
2783275649600
1666517043776
2766028671552
1683696912960
2783208540736
1391706245696
2491217873472
1666584152640
2766095780416
1408886114880
2508397742656
1666584151680
2766095779456
1408886113920
2508397741696
1683764020864
2783275648640
1391639135616
2491150763392
1666517042560
2766028670336
1408819004800
2508330632576
1683696911744
2783208539520
1391706244480
2491217872256
1408818742912
2508330370688
1683696649856
2783208277632
1391705982592
2491217610368
1666583889536
2766095517312
1408885851776
2508397479552
1408886113856
2508397741632
1683764020800
2783275648576
1666584151616
2766095779392
1666582841984
2766094469760
1408884804224
2508396432000
1683762711168
2783274338944
1391638874752
2491150502528
1666516781696
2766028409472
1391638088064
2491149715840
1666515995008
2766027622784
1408817957248
2508329585024
1683695864192
2783207491968
1391705196928
2491216824704
1666582840704
2766094468480
1408884802944
2508396430720
1683762709888
2783274337664
2783275386176
1391638873408
2491150501184
1666516780352
2766028408128
1391638086976
2491149714752
1666515993920
2766027621696
1408817956160
2508329583936
1683695863104
2783207490880
1391705195840
2491216823616
1666584152448
2766095780224
1408886114688
2508397742464
1683764021632
2783275649408
1391705195904
2491216823680
1666583102848
2766094730624
1408885065088
2508396692864
1683762972032
1391638087040
2491149714816
1666515993984
1391639135872
2491150763648
1666517042816
2766028670592
1408819005056
2508330632832
1683696912000
2783208539776
1391706244736
2491217872512
2766094468416
1408884802880
2508396430656
1683762709824
2783274337600
1391637825856
2766094469440
2508396431680
1408884803904
1683762710848
2783274338624
1391639135552
2491150763328
1666517042496
2766028670272
1408819004736
2508330632512
1683696911680
2783208539456
1391706244416
2491217872192
1683763759744
2783275387520
1391638088320
2491149716096
1666515995264
2766027623040
1408817957504
2508329585280
1683695864448
2783207492224
1391705197184
2491216824960
2508396693056
1683762972224
2783274600000
1391637825088
2491149452864
1666515732032
2766027359808
1683762710080
1666583889472
2766095517248
1391638873664
1391637825152
2491149452928
1666515732096
2766027359872
1408817694336
2508329322112
1683695601280
2783207229056
1391704934016
2491216561792
2508329322816
1683695601984
2783207229760
1391704934720
2491216562496
1666582841664
1391638088000
2491149715776
1666515994944
2766027622720
1408817957184
2508329584960
1683695864128
2783207491904
1391705196864
2491216824640
1666583103808
2766094731584
1408885066048
2508396693824
1666584151360
2766095779136
1408886113600
2508397741376
1683764020544
2783275648320
2783274600832
2508329323072
1683695602240
2783207230016
1391704934976
2491216562752
1666582841920
2766094469696
1408884804160
2508396431936
2783274338880
1683763758720
2783275386496
1666583104128
2766094731904
1408885066368
2508396694144
1683762973312
2783274601088
1391639135808
2491150763584
1666517042752
2766028670528
1408819004992
2508330632768
1683696911936
2783208539712
1391706244672
2491217872448
1391637824896
2491149452672
1666515731840
2766027359616
1408817694080
2508329321856
1683695601024
2783207228800
1391704933760
2491216561536
1408885851712
2508397479488
1683763758656
2783275386432
2491149715008
1666515994176
2766027621952
1408817956416
2508329584192
1683695863360
2491150501440
1666516780608
2766028408384
1408818742848
2508330370624
1683696649792
2783208277568
1391705982528
2491217610304
1408817957440
2508329585216
1683695864384
2783207492160
1391705197120
2491216824896
1666584151424
2766095779200
1408886113664
2508397741440
1683764020608
2783275648384
1666582841728
2766094469504
1408884803968
2508396431744
1683762710912
2783274338688
1391638874496
2491150502272
1666516781440
2766028409216
1666583104064
2766094731840
1408885066304
2508396694080
1683762973248
2783274601024
1391638088256
2491149716032
1666515995200
2766027622976
1666583103104
2766094730880
1408885065344
2508396693120
1683762972288
2783274600064
