1391906259264
1391907570240
2491419198016
1666785477184
2766297104960
2508598805056
1683965084224
2783476712000
1392175743552
2491687371328
1392242852416
2491754480192
1667120759360
2766632387136
1409422721600
1666785214784
2766296842560
1409087177024
2508598804800
1683965083968
2783476711744
1392175743296
2491687371072
1391974416704
2491486044480
1667052864128
2766564491904
1409354826368
2508866454144
1684232733312
2783744361088
1391973630592
1391974417024
2491486044800
1391907570304
2491419198080
1666785477248
2766297105024
1409087439488
2508599067264
1683965346432
2783476974208
1392176005760
2491687633536
1391973368128
2491484995904
1666851275072
2766362902848
1409153237312
2508664865088
1409421934912
2508933562688
1684299841856
2783811469632
2491753693760
1667119972928
2766631600704
1409421935168
2508933562944
1684299842112
2783811469888
2491418149440
1666784428608
2766296056384
1392242065792
2491753693568
1667119972736
2766631600512
1409421934976
2508933562752
1684299841920
2783811469696
1392176005440
2491687633216
1667053912384
2766565540160
1409355874624
2508867502400
1684233781568
2783745409344
1391907307904
2491418935680
1666785214848
2766296842624
1409087177088
2508598804864
1683965084032
2783476711808
2783542772096
1684233519488
1667053650496
2766565278272
1409355612736
2508867240512
1684233519680
1391907308096
2491418935872
1666785215040
2766296842816
1409087177280
1667120759424
2766632387200
1409422721664
2508934349440
1684300628608
2783812256384
1409087439168
2508599066944
1683965346112
2491486306944
1666852586112
2766364213888
1409154548352
2508666176128
1684032455296
2783544083072
2783543820672
1392242852224
2491754480000
1667120759168
2766632386944
1409422721408
2508934349184
1684300628352
2783812256128
1391973630528
2491485258304
1666851537472
2766363165248
1409153499712
2508665127488
1684031406656
2783543034432
2508867502656
1409087439424
2508599067200
1683965346368
1391906259584
2491417887360
1666784166528
2766295794304
1409086128768
2508597756544
1683964035712
2783475663488
1392174695040
2491686322816
2783476974144
1666852323648
2766363951424
1409154285888
2508665913664
1684032192832
2783543820608
1684031144320
1392241803648
2491753431424
1667119710592
2766631338368
1409421672832
2508933300608
1684299579776
1391906259328
2491417887104
1392243114624
2491754742400
1667121021568
2766632649344
1409422983808
2508934611584
1684300890752
2783812518528
1667052863872
2766564491648
1409354826112
2508866453888
1684232733056
1391973630336
2491485258112
1666851537280
2766363165056
2766631338304
2783811207488
2508665127232
1684031406400
2783543034176
1391906259520
2491417887296
1666784166464
2766295794240
1409086128704
2508597756480
1683964035648
2783475663424
1391973630272
2491485258048
1666851537216
2766363164992
1409153499456
1391974416960
2491486044736
1666852323904
2766363951680
1409154286144
2508665913920
1684032193088
1391906521472
2491418149248
1666784428416
2766296056192
1409086390656
2508598018432
1392174956928
2491686584704
1409153237632
2508664865408
1684031144576
2783542772352
1392242065728
2491753693504
1667119972672
2766631600448
1409153237568
2508664865344
1684031144512
2783542772288
2783745147456
2491417887040
2766295793984
1666784166208
2508597756224
1409086128448
1683964035392
2783475663168
1392174694720
2491686322496
1684300628544
2783812256320
1667052601984
2766564229760
1409354564224
2508866192000
1684232471168
2783744098944
1391973368448
2491484996224
1666851275392
2766362903168
1391974679168
2491485258368
1666851537536
2766363165312
1409153499776
2508665127552
1684031406720
2783543034496
1391974679104
1391973368384
1392243114560
2491754742336
1667121021504
2766632649280
1409422983744
2508934611520
1684300890688
2783812518464
2783543820864
1666784166272
2766295794048
1409086128512
2508597756288
1683964035456
1392243114368
2491754742144
1667121021312
2766632649088
1409422983552
2508934611328
1684300890496
2783812518272
1409153499520
2508665127296
1684031406464
2783543034240
1683964297536
2783475925312
1392241803584
2491753431360
1667119710528
1667053650304
2766565278080
2783745147264
1667053650240
2766565278016
1409355612480
2508867240256
1684233519424
2783745147200
1392175743360
2783475663232
1409355612544
2783811207552
2508867240320
2491687371136
1392243114304
2491754742080
1667121021248
2766632649024
1409422983488
2508934611264
1684300890432
2783812518208
1392175743616
2491687371392
1667053650560
2766565278336
1409355612800
2508867240576
1684233519744
2783745147520
