276288570704
551503070864
276289685904
551167592848
277363427728
552241334672
276558121360
551436028304
277631863184
552509770128
276356794768
551234701712
276289685152
551167592096
277363426976
552241333920
276558120608
551436027552
277631862432
552509769376
276356794016
551234700960
551233915536
277429750416
552307657360
276624444048
551502350992
277698185872
552576092816
276558383440
551436290384
277632125264
552510032208
552509770400
276288833952
551166740896
277362575776
552240482720
276557269408
551435176352
277631011232
552508918176
276355942816
551233849760
276288637344
551166544288
277362379168
552240286112
276557072800
277430535520
552308442464
276625229152
551503136096
277698970976
552576877920
277429750096
552307657040
276624443728
551502350672
277698185552
552576092496
552240286368
276557073056
551434980000
277630814880
552508721824
276355746464
551233653408
277429488288
552307395232
276624181920
276625491360
551503398304
276356794960
551234701904
276289947296
551167854240
277363689120
552241596064
276558382752
551436289696
277632124576
552510031520
276357056160
551234963104
277698906528
552576813472
276557072736
551434979680
277630814560
552508721504
277697923424
552307393872
552575830368
277429486992
552307393936
276624180624
551502087568
277697922448
552575829392
551167853920
277363688800
552241595744
276558382432
551436289376
277632124256
552510031200
276357055840
551234962784
276625491296
276288899744
551166806688
277362641568
276558055824
551435962768
277631797648
552509704592
276356729232
551234636176
277430471056
552308378000
276625164688
551503071632
551234636128
276356007584
551233914528
277429749408
552307656352
276624443040
551502349984
277698184864
552576091808
276356728208
551234635152
277430470032
552308376976
276625163664
551503070608
276288833936
551166740880
277362575760
552240482704
276557269392
551435176336
277631011216
276288899424
551166806368
277362641248
552240548192
276557334880
551435241824
277631076704
552508983648
276356008288
551233915232
277362640272
552240547216
276557333904
551435240848
277631075728
552508982672
276356007312
551233914256
277429749136
552307656080
276356007520
551233914464
277429749344
552307656288
276624442976
551502349920
277698184800
552576091744
551234635088
277430469968
552308376912
276625163600
551503070544
277698905424
276624115024
551502021968
277697856848
551166477648
277430733200
552308640144
276625426832
551503333776
276289882512
551167789456
277363624336
552241531280
277699168656
552577075600
277429487008
552307393952
276624180640
551502087584
551502284128
277699167584
552577074528
276289881440
551167788384
277363623264
552241530208
276558316896
551436223840
277632058720
277697858192
552575765136
551167592800
277363427680
552241334624
276558121312
551436028256
277631863136
552509770080
276289686160
551167593104
277363427984
552241334928
276558121616
552576879248
276558055840
551435962784
277631797664
552509704608
276356729248
551234636192
277430471072
552308378016
276625164704
551503071648
277631862160
552509769104
277429422672
552307329616
276624116304
551502023248
277697858128
552575765072
552576878928
552509770064
276356794704
551234701648
277430536528
552308443472
276625230160
551503137104
277698971984
276289685840
551166544464
277362379344
552240286288
276557072976
551434979920
277630814800
552508721744
276355746384
277430536784
552308443728
552308704672
276288832912
551166739856
277362574736
552240481680
276557268368
551435175312
277631010192
552508917136
276355941776
551233848720
276288898464
551166805408
277362640288
552240547232
276557333920
551435240864
277631075744
552508982688
276356007328
551233914272
276289684816
551167591760
277363426640
277430733472
552308640416
276625427104
551503334048
277699168928
552577075872
276288637536
551166544480
277362379360
552240286304
276557072992
551434979936
277630814816
552508721760
551503399568
276289948304
551167855248
277363690128
552241597072
276558383760
551436290704
277632125584
552510032528
276357057168
276355679648
551233586592
277429421472
552307328416
276624115104
551502022048
277697856928
552575763872
276289619360
551167526304
276557073040
551434979984
277630814864
552508721808
277429749152
552307656096
276624442784
551502349728
277698184608
552576091552
276289882528
551167789472
277363624352
552241531296
276558317984
551436224928
277632059808
552509966752
276356991392
551234898336
277362312784
552240219728
276557006416
551434913360
277630748240
552508655184
277430733408
552308640352
276625427040
551503333984
277699168864
552577075808
277430798672
276625492304
551503399248
277699234128
552577141072
552308705616
276289947984
551167854928
277363689808
552241596752
276289686176
551167593120
277363428000
552241334944
276558121632
551436028576
277631863456
276356007264
551233914208
277699233184
552577140128
552241530528
276558317216
551436224160
277632059040
552509965984
276356990608
551234897552
277631863440
552509770384
276356795024
551234701968
277430536848
552308443792
276625230480
551503137424
277698972304
276356008592
276625491280
551503398224
277699233104
552577140048
276289946960
551167853904
277363688784
552241595728
276558382416
551436289360
276289685856
277698905440
552576812384
277430732128
552308639072
551167526240
277363361120
552241268064
276289684832
551167591776
277363426656
277430535568
552308442512
277698971024
552576877968
276289684880
551167591824
277363426704
552241333648
276558120336
551436027280
276288637600
551166544544
277362379424
551234964112
277430798992
552308705936
276625492624
277699234448
552577141392
276625229200
551503136144
277430797712
552308704656
276625491344
551503398288
277699233168
552577140112
276288636304
551166543248
276288570784
551166477728
277362312608
276558316880
551436223824
552240219552
276557006240
551434913184
277630748064
552508655008
552508655968
276289948320
551167855264
277363690144
552241597088
276558383776
551436290720
277632125600
552510032544
276357057184
551234964128
276355680592
551233587536
277430798928
552308705872
276625492560
551503399504
277699234384
552577141328
276288637328
551166544272
277362379152
552240286096
276557072784
551434979728
277630814608
552508721552
276355746192
276557006224
551434913168
277630748048
552508654992
277430470224
552308377168
276625163856
551503070800
277698905680
552576812624
276357056080
551234963024
276289685072
551167592016
277632124560
552510031504
276289948000
551167854944
277363689824
552241596768
276558383456
551436290400
277632125280
552510032224
276357056864
551234963808
276288570976
276625426848
551503333792
276289947024
551167853968
277363688848
552241595792
276558382480
551436289424
277632124304
552510031248
276357055888
551234962832
551234635408
277430470288
552308377232
552308442768
276624180880
551502087824
277429683856
552307590800
276624377488
551502284432
276288571040
551166477984
277362312864
552240219808
276557006496
551434913440
277630748320
552508655264
276355679904
551233586848
276557006160
552510031440
551167854160
276356991328
551234898272
276289684896
551167591840
277363426720
552241333664
276558120352
551436027296
277631862176
552509769120
276356793760
551234700704
277429750160
552307657104
276624443792
551502350736
277698185616
552576092560
276288899472
551166806416
277362641296
552240548240
276288637264
551166544208
277362379088
552240286032
277363623328
552241530272
276558316960
551436223904
277632058784
552509965728
277430732176
552308639120
276625425808
551503332752
277699167632
552577074576
551434979744
277630814624
552508721568
276355746208
551233653152
277429488032
552307394976
276624181664
551502088608
277697923488
276357056912
551234963856
277430798736
552308705680
276625492368
551503399312
277699234192
552577141136
276289881680
551167788624
277363623504
552241530448
276558317136
551436224080
277632058960
552509965904
276356990544
551234897488
276356728480
551234635424
277430470304
552308377248
276625163936
551503070880
277698905760
552576812704
276289947040
551167853984
277363688864
552241595808
276558382496
551436289440
277632124320
552510031264
276357055904
551234962848
551166477920
277362312800
552240219744
276557006432
551434913376
277630748256
552508655200
276355679840
551233586784
277429421664
276357056848
551234963792
276356795040
551234701984
277430536864
552308443808
276625230496
551503137440
277698972320
552576879264
277430470240
552308377184
276625163872
551503070816
277698905696
552576812640
276288899488
551166806432
277362641312
552240548256
276557334944
551435241888
277631076768
552508983712
276356008352
551233915296
277430536800
552308443744
276625230432
551503137376
277698972256
552576879200
552576092832
277698119312
552576026256
552240219792
276557006480
551434913424
277630748304
552508655248
276355679888
277698905744
552576812688
276288833872
551166740816
277362575696
552240482640
276557269328
551435176272
277631011152
552508918096
276355942736
551233849680
276356794000
551234700944
277429421728
552307328672
276624115360
551502022304
276625164640
551503071584
552508918112
277698120032
552576026976
276355746144
551233653088
276355680608
551233587552
277429422432
277430733216
552308640160
276288833104
551166740048
277362574928
552240481872
276557268560
551435175504
277429422480
552307329424
276624116112
551502023056
277697857936
552575764880
276289620368
551167527312
277363362192
552241269136
276288571808
551166478752
277362313632
552240220576
276557007264
551434914208
277630749088
552508656032
276355680672
551233587616
552508983888
277430536592
552308443536
276625230224
551503137168
277698972048
552576878992
276625163680
551503070624
277698905504
552576812448
551502350928
277430471248
552308378192
277429684816
552307591760
276624378448
551502285392
277698120272
552576027216
276288637520
277698120080
552576027024
276288572000
551166478944
277362313824
552240220768
276557007456
551434914400
277630749280
552508656224
276355680864
551233587808
277699168672
552577075616
551166741136
276288899728
551166806672
277362641552
552240548496
276557335184
551435242128
277631077008
552508983952
551436028560
277430536608
552308443552
276625230240
551503137184
277698972064
552576879008
276288572064
551166479008
277362313888
552240220832
276557007520
551434914464
277630749344
552508656288
276355680928
551233587872
277632124240
276357055824
551234962768
277430797648
552308704592
552510031184
277697922384
552575829328
276288898384
551166805328
552308376928
552241333600
276558120288
551436027232
277631862112
552509769056
276356793696
551234700640
277430797664
552308704608
276289946976
276289948048
551167854992
277363689872
552241596816
276558383504
551436290448
277632125328
552510032272
276356794720
551234701664
277430536544
552308443488
276625230176
551503137120
277698972000
552576878944
276356793744
551234700688
276557334928
551435241872
277631076752
552508983696
276289685920
551167592864
277363427744
552241334688
276558121376
551436028320
277631863200
552509770144
276356794784
551234701728
276288832848
277362378128
552240285072
276557071760
551434978704
277630813584
552508720528
276355745168
551233652112
276288898448
551166805392
551233586768
277429421648
552307328592
276624115280
551502022224
277697857104
552575764048
276288570960
551166477904
276356793680
551234700624
277430535504
552308442448
276625229136
551503136080
277698970960
552576877904
276288636320
551166543264
277362378144
552240285088
276557071776
551434978720
277630813600
552508720544
276355745184
551233652128
276355746448
551233653392
276355679824
276289948064
551167855008
277363689888
552241596832
276558383520
551436290464
277632125344
552510032288
276357056928
551234963872
276356990624
551234897568
277430732448
552308639392
276625426080
551503333024
277699167904
552577074848
277631010384
552508917328
276355941968
551233848912
277429683792
552307590736
277698119248
552576026192
276624377424
551502284368
277430799008
552308705952
276625492640
551503399584
277699234464
552577141408
277430732384
552308639328
276625426016
551503332960
277699167840
552577074784
552307328608
276624115296
551502022240
277697857120
552575764064
277430798944
552308705888
276625492576
551503399520
277699234400
552577141344
276355679632
551233586576
276357056144
551234963088
551503398544
551233653136
277429488016
552307394960
276624181648
551502088592
277697923472
552575830416
552240219488
276557006176
551434913120
277630748000
552508654944
276288833120
551166740064
277362574944
552240481888
276557268576
551435175520
277631010400
552508917344
276355941984
551233848928
277699233360
552577140304
277429487952
552307394896
276289620624
551167527568
276356990368
551234897312
277430732192
552308639136
276625425824
551503332768
277699167648
552577074592
277430798752
552308705696
276625492384
551503399328
277699234208
552577141152
277363426896
552241333840
276558120528
551436027472
277631862352
552509769296
276356793936
551234700880
277698184784
552576091728
277429684896
552307591840
276624378528
551502285472
277698120352
552576027296
276289619536
551167526480
277363361360
552241268304
276558054992
551435961936
277631796816
552509703760
276356728400
551234635344
276288636512
551166543456
277362378336
277430798688
552308705632
276625492320
551503399264
277699234144
552577141088
277429684832
552307591776
276624378464
551502285408
277698120288
552576027232
276288571984
551166478928
277362313808
552240220752
276557007440
551434914384
277630749264
552508656208
276355680848
551233587792
277698971280
552576878224
277430797968
277430535824
277631075984
552508982928
276356007568
551233914512
277429749392
552307656336
277430732368
552308639312
276625426000
551503332944
277699167824
552577074768
277430535840
552308442784
276625229472
551503136416
277698971296
552576878240
552240548512
276557335200
551435242144
277631077024
552508983968
276288636576
551166543520
277362378400
552240285344
276557072032
551434978976
277630813856
552508720800
276355745440
551233652384
276289619552
551167526496
277363361376
552241268320
276558055008
551435961952
277631796832
552509703776
276356728416
551234635360
276355942992
551233849936
551234700896
277430535776
552308442720
276625229408
551503136352
277698971232
552576878176
552240548448
276557335136
551435242080
277631076960
552508983904
276356008528
551233915472
277698185808
552576092752
277429684640
552307591584
276624378272
551502285216
277698120096
552576027040
551233586832
277429421712
552307328656
276624115344
551502022288
277697857168
552575764112
276288571024
551166477968
277362312848
276289881696
551167788640
277363623520
552241530464
276558317152
551436224096
277632058976
552509965920
276356990560
551234897504
276288898640
551502285152
277429684576
552307591520
552240219472
277362312528
551434913104
277630747984
552508654928
276355679568
552575763792
551233586512
277429421392
552307328336
276288834144
551166741088
277362575968
552240482912
276557269600
551435176544
277631011424
552508918368
276355943008
551233849952
276288833168
551166740112
277362574992
552240481936
276557268624
551435175568
277631010448
552508917392
276355942032
551233848976
277430535584
552308442528
276625229216
551503136160
277698971040
552576877984
276356008336
551233915280
276288832864
551166739808
277362574688
552307590480
277698118992
552576025936
551502284112
276624377168
551166739792
277362574672
552240481616
276557268304
276355941712
551233848656
551435175248
277631010128
552508917072
277429683536
277697857184
552575764128
552576092576
552509966992
551502088864
277697923744
552575830688
276288636496
551166543440
277362378320
552240285264
276557071952
551434978896
277630813776
552508720720
276355745360
551233652304
551233586528
277429421408
552307328352
276624115040
551502021984
277697856864
552575763808
276288570720
551166477664
277362312544
276289620560
551167527504
277363362384
552241269328
276558056016
551435962960
277631797840
552509704784
276356729424
551234636368
276558318160
551436225104
277632059984
552509966928
276288833184
551166740128
277362575008
552240481952
276557268640
551435175584
277631010464
552508917408
276355942048
551233848992
552307394192
277697922704
552575829648
277429487248
551166805584
277362640464
552240547408
276557334096
551435241040
277631075920
552508982864
276356007504
551233914448
277429749328
552240481632
276557268320
551435175264
277631010144
552508917088
276355941728
551233848672
277429683552
552307590496
276624377184
552577075792
277430733392
552308640336
276625427024
551503333968
277699168848
276289882704
551167789648
277363624528
552241531472
277429487184
552307394128
276624180816
551502087760
277697922640
552575829584
276625491616
551503398560
552240285280
276557071968
551434978912
277630813792
552508720736
276355745376
551233652320
277429487200
552307394144
276624180832
277430797984
552308704928
276558056032
551435962976
277631797856
552509704800
276356729440
551234636384
277430471264
552308378208
276625164896
551503071840
276289619600
551167526544
277363361424
552241268368
276558055056
551435962000
277631796880
552509703824
276356728464
276625163920
276558317968
551436224912
277632059792
552509966736
552575830432
276355679584
277430797920
552308704864
276625491552
551503398496
277699233376
552577140320
277698120016
552576026960
276558055760
551435962704
277631797584
552509704528
552308377936
276289620304
277429684560
552307591504
276288898656
551166805600
277362640480
276289619280
551167526224
277363361104
552576812368
551435961680
277631796560
552509703504
276356728144
552241268048
276558054736
276557007504
551434914448
277630749328
552508656272
276355680912
551233587856
277429422736
552307329680
276624116368
551502023312
277632059728
552509966672
276625426784
551503333728
276288571744
551166478688
277363362144
552241269088
276558055776
551435962720
277631797600
552509704544
276625164944
551503071888
277698906768
552576813712
276289882720
551167789664
277363624544
552241531488
276558318176
551436225120
277632060000
552509966944
276356991584
551234898528
277430732432
552308639376
276625426064
551503333008
277699167888
552577074832
276289881744
551167788688
277363623568
552241530512
277429422416
552307329360
276624116048
552575764816
551502022992
277697857872
276288571728
551166478672
277362313552
552240220496
276625164880
551503071824
277632058704
552509965648
276356990288
552308639056
277699167568
552577074512
276625425744
551503332688
277430732112
551234897232
276289619616
551167526560
277363361440
552241268384
276558055072
551435962016
277631796896
276355745104
276624180560
277631011472
552508918416
277698120336
552576027280
276355943056
551233850000
551502087504
276624378512
551502285456
276288834192
276624180896
551502087840
277698906512
552576813456
276288571792
551166478736
277362313616
552240220560
276557007248
551434914192
277630749072
552508656016
277430535760
552308442704
276625229392
551503136336
277698971216
552576878160
277429422496
552307329440
276624116128
551502023072
277697857952
552575764896
276289620384
551167527328
277363362208
552241269152
277430797728
276558054752
551435961696
277631796576
552509703520
276289619296
276356728160
551234635104
276625163616
551503070560
277430469984
276624378192
551502285136
277429683872
552307590816
276624377504
551502284448
277698119328
552576026272
276289881760
551167788704
551233653328
277429488208
552307395152
276624181840
551502088784
277697923664
552575830608
277363623584
277631863376
552509770320
551503398240
552577140064
277699233120
552307329376
276624116064
551502023008
277697857888
552575764832
277362313568
552240220512
276557007200
551434914144
277630749024
277429421456
552307328400
276624115088
551502022032
277697856912
552575763856
276288570768
551166477712
277362312592
552240219536
276356008608
551233915552
277429750432
552307657376
276624444064
551502351008
277698185888
276558382672
551436289616
276625491536
551503398480
276289947216
277363689040
552241595984
277430797904
552308704848
277632124496
277429683808
552307590752
276624377440
551502284384
277698119264
552576026208
552509965664
276356990304
551234897248
276625425760
551503332704
276288834208
551166741152
277362576032
552240482976
276557269664
551435176608
277631011488
552508918432
276355943072
551233850016
276356008544
551233915488
277429750368
552307657312
276624444000
551502350944
277698185824
552576092768
277699233440
552577140384
551167527264
276289685088
551167592032
277363426912
552241333856
276558120544
551436027488
277631862368
552509769312
276356793952
277429750352
552307657296
276624443984
276288899664
551166806608
277362641488
552240548432
276557335120
551435242064
277631076944
276288833888
551166740832
277362575712
552240482656
276557269344
551435176288
277631011168
276355942752
551233849696
276624378208
552240547488
276557334176
551435241120
277631076000
552508982944
277429683600
552307590544
276624377232
551502284176
277698119056
552576026000
276355746400
551233653344
277429488224
552307395168
276624181856
551502088800
277697923680
552575830624
276288636560
551166543504
277362378384
552240285328
276557072016
551434978960
277630813840
552508720784
276355745424
551233652368
552240547424
276557334112
551435241056
277631075936
552508982880
276624442960
551502349904
552307656272
276289947232
551167854176
277363689056
552241596000
276558382688
551436289632
277632124512
552510031456
276357056096
551234963040
277363362448
552241269392
276558056080
551435963024
277631797904
552509704848
276356729488
551234636432
277430471312
552308378256
277429683616
552307590560
276624377248
551502284192
277698119072
552576026016
551233652048
276288636240
551166543184
277362378064
552240285008
276557071696
551434978640
277630813520
552508720464
277429486928
551167592784
277363427664
552241334608
276558121296
551436028240
277631863120
277429750176
552307657120
276624443808
551502350752
277698185632
276288899680
551166806624
277362641504
276625164624
551503071568
277698906448
552576813392
551167527248
277363362128
552241269072
276356729168
551234636112
277430470992
276624443024
551502349968
277698184848
276288898704
551166805648
277362640528
552240547472
276557334160
551435241104
552576091792
277698119008
552576025952
276288832928
551166739872
277362574752
552240481696
276557268384
551435175328
277631010208
552508917152
276355941792
551233848736
277698906704
552576813648
276288834128
551166741072
277362575952
552240482896
276557269584
551435176528
277631011408
552508918352
551234898576
276625427088
551503334032
276289882768
551167789712
277363624592
552241531536
276558318224
551436225168
277632060048
277429750112
552307657056
276624443744
551502350688
277698185568
552576092512
277697922720
552575829664
277362640208
552240547152
276557333840
551435240784
277631075664
552508982608
276356007248
551233914192
277429749072
552307656016
277429487264
277429422688
552307329632
276624116320
551502023264
277697858144
552575765088
276289620576
551167527520
277363362400
552241269344
276356991632
277430733456
552308640400
277699168912
552577075856
276624442768
551502349712
277698184592
552576091536
552241531216
276356991312
551234898256
277430733136
552308640080
276289882448
551167789392
277363624272
276558317904
551436224848
276558056096
551435963040
277631797920
552509704864
276356729504
551234636448
277430471328
277697922400
552575829344
276288636256
551166543200
277362378080
552240285024
276557071712
551434978656
277630813536
552508720480
276356991568
551234898512
276288898400
551166805344
277362640224
552240547168
276625230416
551503137360
277698972240
552576879184
276289686096
551167593040
277363427920
552241334864
276558121552
551436028496
276624442704
551502349648
277698184528
552576091472
276558317200
551436224144
277632059024
552509965968
552307394208
276356729184
277430471008
552308377952
277698906464
552576813408
276289620320
277362576016
552240482960
277429684880
552307591824
276557269648
551435176592
276288572048
551166478992
277362313872
552240220816
276288898720
551166805664
277362640544
277698905488
552576812432
276289619344
551167526288
277363361168
552241268112
276558054800
551435961744
277631796624
552509703568
277429422752
552307329696
276624116384
551502023328
277697858208
552575765152
276289620640
551167527584
277363362464
552241269408
276289882784
551167789728
277363624608
552241531552
276558318240
551436225184
277632060064
552509967008
276356991648
551234898592
551502087776
277697922656
552575829600
277429749088
552307656032
277698184544
552576091488
276624442720
551502349664
276557333856
551435240800
277631075680
552508982624
276355680656
551233587600
276557007184
551434914128
277630749008
552508655952
276289948240
551167855184
277363690064
552241597008
276558383696
551436290640
277632125520
552510032464
276357057104
551234964048
277430733152
552308640096
277699168608
552577075552
276289882464
551167789408
277363624288
552241531232
276558317920
551436224864
276289881488
551167788432
277363623312
552241530256
276558316944
551436223888
277632058768
552509965712
276356990352
551234897296
276356991376
551234898320
276289686112
551167593056
277363427936
552241334880
276558121568
551436028512
277631863392
552509770336
276356794976
551234701920
276625229456
551503136400
276289685136
551167592080
277363426960
552241333904
276558120592
551436027536
277631862416
552509769360
277363361184
552241268128
276558054816
551435961760
277631796640
552509703584
276356728224
551234635168
277430470048
552308376992
552508918160
276355942800
551233849744
277429684624
552307591568
276624378256
551502285200
276288899408
551166806352
277362641232
552240548176
276557334864
551435241808
277631076688
552508983632
276356008272
551233915216
277632059744
552509966688
276625426768
551503333712
277699168592
552577075536
552308378272
276625164960
551503071904
277698906784
552576813728
552241333584
276558120272
551436027216
276288637280
276624181600
551502088544
277429487968
552307394912
277631862096
552509769040
551166544224
277362379104
552240286048
277429488272
552307395216
276624181904
551502088848
277697923728
552575830672
276288637584
551166544528
277362379408
552240286352
277697922464
552575829408
276289948256
551167855200
277363690080
552241597024
276558383712
551436290656
277632125536
552510032480
276357057120
551234964064
277699233424
552577140368
552308704912
276625491600
276289947280
551167854224
277363689104
552241596048
276558382736
551436289680
277698906720
552576813664
276289881504
551167788448
276624181584
551502088528
277697923408
276557072720
551434979664
277630814544
552508721488
276355746128
552575830352
551233653072
276289881424
551167788368
277363623248
276355745120
551233652064
551502087520
277429486944
552307393888
276624180576
552241530192
552509703840
