293467391312
1231137296
1231198736
1231202832
1235376656
1235380752
1184983568
2237765904
2237770000
2242009408
2242013504
2237831440
2236705312
2236717696
2236721792
1167345764
1167345768
1184122980
1184122984
1167345828
1167345832
1184123044
1184123048
1234454628
1234454632
2240977424
2240981520
2257754640
2257758736
2241366116
2240915072
2237749536
2237753632
2237766016
2237770112
2241943936
2241948032
2241960320
2241964416
2309069344
1164089616
1164093712
1168283968
1168288064
1231132944
1231137040
1235396928
2309073440
2309134880
2241087588
2241087592
2257864804
2257864808
2241087652
2241087656
2257864868
2257864872
2308196452
2308196456
2258143316
2258143320
2241366164
2241366168
2258143380
2258143384
2304874784
2304878880
2304940320
2304944416
1164024128
1164028224
1168218432
1168222528
1230522452
1230522456
2308212888
2304018596
2304018600
2308311204
2308311208
1167722660
1163430052
1234831508
1234831512
1230538916
1230538920
1234831524
1234831528
2237749792
2237753888
2237766272
2237770368
2258737680
2258741776
2258803216
2258807312
1163430040
1167722596
1167722600
1230538900
1230538904
1234831460
1234831464
1167722584
1230538836
1230538840
2240980544
2241943824
2241947920
2242009360
2242013456
2258721040
2258725136
2258737472
2258741568
1234454692
1234454696
1251231908
1251231912
1167607908
1167607912
1184385124
1184385128
2258721312
2258725408
2258737792
2258741888
2241349796
2241349800
2258127012
2258127016
2308458596
2308458600
2309134608
2309138704
2308458660
2308458664
2241947968
2241960256
2241964352
2308507812
2308507816
1164028288
1168218496
1167657044
1168206400
1168202304
1162979648
1163151512
1162974784
1164007696
1164011792
2258126936
2241349780
2241349784
2258126996
2258127000
2304874768
2304878864
2304940304
2304944400
2308458644
2241136744
2236700176
2236704272
2236717376
2236716608
2236720704
2236721472
1184999952
1168218384
1168222480
1184995600
1184999696
1168283920
1168288016
1185061136
2304940576
2304944672
1167657108
1167657112
1230522468
1230522472
1234765972
1234765976
2242030112
2258803232
2258807328
2308196516
2308196520
2324973732
2324973736
2241349732
2241349736
2258126948
2258126952
2304002196
2304002200
2308245604
2308245608
2304002132
2304002136
1231132992
1231137088
1230522516
1230522520
1163413652
1163413656
1167657060
1167657064
1234765924
1167624276
1167624280
1184401492
1184401496
1231132960
1231137056
1231198496
1231202592
1231133216
1231137312
1168202256
1168206352
1168267792
1168271888
1184983312
1184995648
1184999744
1167345812
1167345816
1184122964
2240912000
2240916096
2241103956
2241103960
2257881172
2257881176
2241104020
2241104024
2257881236
2257881240
1167345748
1167345752
1184122968
2241087636
2241087640
2257864788
2257864792
2257864852
2257864856
2236716560
2236720656
2240960064
2240964160
2309138976
2325912096
2325916192
2241960208
2241964304
2258737424
2258741520
2242025744
2242029840
2258802960
2258807056
2236717600
2236721696
2240961056
2240965152
2236783136
2236787232
2240977536
2240981632
2241944096
2241948192
2241944192
2241948288
2241960576
2241964672
1234733160
1234733220
1234733224
1235392800
1235396896
1167624356
1167624360
1184401572
1184401576
1251510440
2241960480
2241964576
2258737696
2258741792
2242026016
1230260324
1230260328
1231137344
1235331648
1231133248
1234765928
2236701216
2241944128
2241948224
2241960512
2241964608
2237155412
2236893336
2241136724
2241136728
2241136740
2241103972
2241103976
2257881188
2257881192
2241104036
2241104040
2257881252
2257881256
2308212836
2308212840
1231133200
1234716820
1234716824
1231198480
1162979856
1167219216
1167223312
2236716304
2236720400
2240959760
2240963856
2236781840
2236785936
2240976192
2240980288
2241087572
2241087576
2242009632
2242013728
2304875040
2304879136
2308475028
2308475032
2309134720
2309138816
1168284288
2241366120
2258143332
2258143336
1184401508
1184401512
1167168896
1167172992
1163167828
1163167832
1162974848
1162978944
1167169152
1167173248
1164007712
1164011808
2236699936
2236704032
2236716416
2236720512
2240910720
2240914816
2236909652
2236909656
2240980512
1235396992
1168288384
1167362196
1167362200
1184139348
1184139352
1184139412
1184139416
1162974752
1162978848
2304280724
2304280728
2304874880
2236716320
2236720416
2240959776
2240963872
2236781856
2236785952
2240976256
2240980352
1231133312
1231137408
1235327616
1235331712
1164007968
1164012064
1168202368
1168206464
1231116832
1231120928
1184015648
1167362148
1167362152
1167362212
1167362216
1184139364
1184139368
1184139428
1184139432
2236717584
2236721680
2240961040
2240965136
2236783120
2309118496
2309122592
2309134976
2309139072
2308474980
2308474984
2309134624
2309138720
2241960464
2241964560
2242026000
2242030096
2309069328
2309073424
1167460504
1167460516
1167460520
2236717632
2236721728
2240911936
2240916032
1164024192
1162979968
1162958368
1162962464
1162975616
1162979712
1235393040
1235397136
1252170256
1252174352
2241944080
2241948176
2258721296
2258725392
2242009616
2242013712
2258737728
2258741824
2304875024
2304879120
1163167892
1163167896
1167460436
1167460440
1167460452
1167460456
2236909716
2236909720
2241202260
2237835536
2242025792
2242029888
2308458648
2309134656
1164024336
1164028432
1168267840
1168271936
2304264344
2308507748
2308507752
2237765952
2237770048
2237171812
2237171816
2241464468
2241464472
2237171876
2237171880
2241464484
2241464488
1167218304
1167222400
1163041312
1163045408
1167235712
1167239808
1184979488
1184983584
1184995968
1185000064
1163429972
1163429976
1164024448
1164028544
1167170176
1167174272
1162975872
1234454680
1234503844
1235393088
1235397184
1168202000
1168206096
1184979216
1168267536
1184979472
2237155432
2236782864
2236786960
2237171860
2237171864
2241464420
2241464424
2304280660
1167169040
1167173136
1167235600
1167239696
2240910608
2240914704
2240976144
2240980240
2241202264
2241202276
2241202280
2236700192
2236704288
2236717440
2236721536
2236716672
2236720768
2240910976
1167217936
1167222032
1167234368
2236720448
2241366180
2241366184
2258143396
2258143400
1167219232
1167223328
1230276772
1230276776
1234471060
1234471064
1234569380
1234569384
2236909668
2236909672
1235393056
1235397152
1234471076
1234471080
1251248292
1234733156
2240910624
2240914720
2240976160
2240980256
2237171796
2237171800
1163413588
1163413592
1167657048
1164007952
1231116816
1231120912
1235327552
2304875072
2304879168
2236893268
2236893272
2236893332
2237749520
2237753616
2241943872
2304878976
2308573284
2308573288
2308475044
2308475048
2325252260
2325252264
2237155492
2237155496
2241398948
2241398952
2304264292
2304264296
2308507796
2308507800
2304264356
2304264360
2309134864
2309138960
2237155480
2241398884
2241398888
2304264340
2304264276
2241398868
2241398872
2304264280
1163413668
1163413672
1167657124
1167657128
1230522532
1230522536
1164089872
1164093968
1168284224
1168288320
1184011808
1184015904
2236893284
2236893288
2241136788
2241136792
2236893348
2236893352
2241136804
2241136808
2304002148
2304002152
2236787216
2240977472
2240981568
1163040288
1163044384
1167234688
1167238784
1163429988
1163429992
1163044128
1167217952
1167222048
1167234432
1167238528
1163167844
1163167848
1163167908
1163167912
1167460500
1184016928
1162975776
1162979872
1163430056
1167722644
1164024352
1164028448
1164089888
2237766176
2237770272
2242009728
2242013824
2237831712
2237835808
2242026112
2242030208
2304940560
2304944656
1167235344
1167239440
1184011792
1184385192
1167607976
1184015888
1167607972
2236782880
2236786976
2240960032
2240964128
2240977280
2240981376
2237765920
2237770016
2237831456
2237835552
1168202016
1168206112
1168267552
1168271648
1184979232
1162974496
1184995872
1184999968
1185061408
1185065504
2304858656
2304862752
1231133056
1231137152
1251494052
1251494056
1167234624
1167238720
1163413604
1163413608
1168202048
1168206144
1162978880
1167169088
1167173184
1167394900
1167394904
1167394916
1167394920
1167169056
1184995616
1184999712
1185061152
1167235360
1167239456
1167234592
1167238688
2236716576
2236720672
2236782112
2236786208
2240960128
2240964224
2240976512
2240980608
1167624340
1167624344
1184401556
1184401560
2304875136
2304879232
2325912080
2325916176
1162975520
1162979616
1163041056
1163045152
1167218208
1167222304
1167235456
1167239552
1164024096
1164028192
2257753632
2257757728
1230276692
1230276696
1162978592
1163040032
1167362132
1167362136
1162979904
1162963472
1162975808
1164012048
1164024384
1164028480
1168222784
2304018516
2304018520
1251248296
2237766160
2237770256
2242009664
2242013760
2237831696
2237835792
2242026048
2242030144
1230276756
1230276760
1234569316
1234569320
1167722580
1163430036
1162958112
1162962208
1162974592
1162978688
2240910912
2240915008
2304858640
2304862736
2309069376
2309073472
2237766208
2237770304
2236717344
2236721440
2241366100
2241366104
1231198752
1231202848
1230276712
1235393152
1235397248
1164093984
1167234576
1167238672
1168222592
1168218752
1168222848
2241202324
2241202328
2236909732
2236701200
2236705296
2237155476
2237749776
2237753872
1230260308
1164024080
1164028176
1162975504
1162979600
1163041040
1163045136
1167235392
1167239488
2304018580
2304018584
2308311140
2308311144
2241464404
2241464408
1162974480
1162978576
1163040016
1163044112
1167238464
2309118480
2309122576
2309134912
2309139008
1162962192
1162978624
1162974528
1167168832
1167172928
1163151444
1163151448
1163151508
2304280664
1167168800
1167172896
1167234336
1167238432
1184011552
1168283936
1168288032
1167173152
1230260388
1230260392
1234454676
2309069440
2309073536
2309138752
2304280676
2304280680
2308573332
2308573336
1167218192
1167222288
1167394964
1167394968
1167394980
1167394984
1168218656
1168222752
1168284192
1168288288
1167235616
1167239712
1184012832
1164089632
1164093728
1167235648
1167239744
1162974736
1162978832
1163040272
1163044368
1167218240
1167222336
1230276708
2240981536
2257754656
2257758752
2240960016
2240964112
2236721424
2240977216
2240981312
1184123028
1184123032
1168218400
1168222496
1251510436
1185065248
1234503780
2240910880
2240914976
2240976416
2240977184
2240981280
1184983328
1184995712
1184999808
1230538852
1230538856
1168202272
1168206368
2240976448
2241398932
2241398936
1163041296
1163045392
1167170064
1167174160
1168218640
1168222736
1168284176
1168288272
2325235876
2325235880
2304018532
2304018536
2308212884
1167722648
1167722664
2236782096
2236786192
2237155428
1162975760
1168267584
1168271680
1163151460
1163151464
1163151524
1163151528
1167607892
1167607896
1234503784
2242009472
2242013568
2242025856
2242029952
2304280740
2304280744
2308573348
2308573352
1185065232
1234716772
1234716776
1234716836
1234716840
1235392784
1235396880
2241943840
2241947936
2258721056
2258725152
2242009376
2242013472
2258737536
2258741632
1168267904
1168272000
1235376672
1235380768
1168284032
1162958352
1162962448
2236717328
2241349716
2241349720
1168267648
1168271744
1184012816
1184016912
2324990120
1168218688
2236909736
2241202340
2241202344
1167624292
1167624296
1168202112
1168206208
2257753360
2257757456
2304874816
2304878912
2237155416
1234733204
1234733208
1235392896
2241960224
2241964320
2242025760
2242029856
1167607956
1167607960
1167168784
1167172880
1167234320
1167238416
1184011536
1184015632
1168271632
1184385188
2236716352
2240910656
2240914752
2236699920
2236704016
1162975552
1184995856
1185061392
1185065488
1231202576
1184385172
1184385176
2258807072
1234471012
1234471016
2240910864
2240914960
2240977168
2240981264
2240976400
2240980496
2257753616
2257757712
1235392832
1234503848
1184385108
1184385112
1230260312
1230260372
1230260376
2240911904
2240916000
2240977440
1252170272
1252174368
1234765988
1234765992
1184995904
1185000000
2308212900
2308212904
1168288128
2324990116
1168267808
1168271904
2258737440
2258741536
2258802976
1167170080
1167174176
1235327520
1235331616
2308196500
2308196504
2308245668
2308245672
2258126932
1162959392
1162963488
2257753376
2257757472
2240911888
2240915984
2304002212
2304002216
1235327504
1235331600
1167170112
1167174208
1162959376
