1100922291536
2200770512528
1100923406736
2200435034512
1101997148560
2201508776336
1101191842192
2200703469968
1102265584016
2201777211792
1100990515600
2200502143376
1100923405984
2200435033760
1101997147808
2201508775584
1101191841440
2200703469216
1102265583264
2201777211040
1100990514848
2200502142624
2200501357200
1102063471248
2201575099024
1101258164880
2200769792656
1102331906704
2201843534480
1101192104272
2200703732048
1102265846096
2201777473872
2201777212064
1100922554784
2200434182560
1101996296608
2201507924384
1101190990240
2200702618016
1102264732064
2201776359840
1100989663648
2200501291424
1100922358176
2200433985952
1101996100000
2201507727776
1101190793632
1102064256352
2201575884128
1101258949984
2200770577760
1102332691808
2201844319584
1102063470928
2201575098704
1101258164560
2200769792336
1102331906384
2201843534160
2201507728032
1101190793888
2200702421664
1102264535712
2201776163488
1101257902752
1101259212192
2200770839968
1100990515792
2200502143568
1100923668128
2200435295904
1101997409952
2201509037728
1101192103584
2200703731360
1102265845408
2201777473184
1100990776992
2200502404768
1102332627360
2201844255136
1101190793568
2200702421344
1102264535392
2201776163168
1102331644256
2201574835536
2201843272032
1102063207824
2201574835600
1101257901456
2200769529232
1102331643280
2201843271056
1100923667808
2200435295584
1101997409632
2201509037408
1101192103264
2200703731040
1102265845088
2201777472864
1100922620576
2200434248352
1101996362400
1101191776656
2200703404432
1102265518480
2201777146256
1100990450064
2200502077840
1102064191888
2201575819664
1101258885520
2200770513296
2200502077792
1100989728416
2200501356192
1102063470240
2201575098016
1101258163872
2200769791648
1102331905696
2201843533472
1100990449040
2200502076816
1102064190864
2201575818640
1101258884496
2200770512272
1100922554768
2200434182544
1101996296592
2201507924368
1101190990224
2200702618000
1102264732048
1100922620256
2200434248032
1101996362080
2201507989856
1101191055712
2200702683488
1102264797536
2201776425312
1100989729120
2200501356896
1101996361104
2201507988880
1101191054736
2200702682512
1102264796560
2201776424336
1100989728144
2200501355920
1102063469968
2201575097744
1100989728352
2200501356128
1102063470176
2201575097952
1101258163808
2200769791584
1102331905632
2201843533408
2200502076752
1102064190800
2201575818576
1101258884432
2200770512208
1102332626256
1101257835856
2200769463632
1102331577680
2200433919312
1102064454032
2201576081808
1101259147664
2200770775440
1100923603344
2200435231120
1101997345168
2201508972944
1102332889488
2201844517264
1102063207840
2201574835616
1101257901472
2200769529248
2200769725792
1102332888416
2201844516192
1100923602272
2200435230048
1101997344096
2201508971872
1101192037728
2200703665504
1102265779552
1102331579024
2201843206800
2200435034464
1101997148512
2201508776288
1100923406992
2200435034768
1101997148816
2201508776592
1101191842448
1101191776672
2200703404448
1102265518496
2201777146272
1100990450080
2200502077856
1102064191904
2201575819680
1101258885536
2200770513312
1102063143504
2201574771280
1101257837136
2200769464912
1102331578960
2201843206736
2201844320592
2201777211728
1100990515536
2200502143312
1102064257360
2201575885136
1101258950992
2200770578768
1102332692816
1100923406672
2200433986128
1101996100176
2201507727952
1101190793808
2200702421584
1102264535632
2201776163408
1102064257616
2201575885392
2201576146336
1100922553744
2200434181520
1101996295568
2201507923344
1100989662608
2200501290384
1100922619296
2200434247072
1101996361120
2201507988896
1101191054752
2200702682528
1102264796576
2201776424352
1100989728160
2200501355936
1102265582928
2201777210704
1100923405648
2200435033424
1102064454304
2201576082080
1101259147936
2200770775712
1102332889760
2201844517536
1100922358368
2200433986144
1101996100192
2201507727968
1101190793824
2200702421600
1102264535648
2201776163424
2200770841232
1100923669136
2200435296912
1101997410960
2201509038736
1101192104592
2200703732368
1102265846416
2201777474192
2200501028256
1102063142304
2201574770080
1101257835936
2200769463712
1102331577760
2201843205536
1100923340192
2200434967968
1101997082016
2201507728016
1101190793872
2200702421648
1102264535696
2201776163472
1102063469984
2201575097760
1101258163616
2200769791392
1102331905440
2201843533216
1100923603360
2200435231136
1101997345184
2201508972960
1101192038816
2200703666592
1102265780640
2201777408416
1100990712224
2200502340000
1101996033616
2201507661392
1101190727248
2200702355024
1102264469072
2201776096848
1102064454240
2201576082016
1101259147872
2200770775648
1102332889696
2201844517472
1102064519504
2200770840912
1102332954960
2201844582736
1101259213136
2201576147280
1100923668816
2200435296592
1101997410640
2201509038416
2201508776608
1101191842464
2200703470240
1102265584288
1100989728096
2200501355872
1102332954016
2201844581792
1102265779872
2201777407648
1100990711440
2200502339216
1100990515856
2200502143632
1102064257680
2201575885456
1101259212112
2200770839888
1102332953936
2201844581712
1100923667792
2200435295568
1101997409616
2201509037392
1101192103248
2200703731024
1100923406688
2201777145184
1102332626272
2201844254048
2201576080736
1100923340128
2200434967904
1101997081952
1100923405664
2200435033440
1102332691856
2201844319632
1100923405712
2200435033488
1100922358432
2200433986208
1101996100256
1101259213456
1102332955280
2201844583056
1101258950032
2200770577808
1102064518544
2201576146320
1101259212176
2200770839952
1102332954000
2201844581776
1100922357136
2200433984912
1100922291616
2200433919392
1101996033440
2200703665488
2201507661216
1101190727072
1100923669152
2200435296928
1101997410976
2201509038752
1101192104608
2200703732384
1102265846432
2201777474208
1102064519760
2201576147536
1101259213392
2200770841168
1102332955216
2201844582992
1100922358160
2200433985936
1101996099984
2201507727760
1101190793616
2200702421392
1102264535440
2201776163216
1100989467024
1101190727056
2200702354832
1102264468880
2201776096656
1102064191056
2201575818832
1101258884688
2200770512464
1102332626512
2201844254288
1100923405904
2200435033680
1102265845392
2201777473168
1100923668832
2200435296608
1101997410656
2201509038432
1101192104288
2200703732064
1102265846112
2201777473888
1100990777696
2200502405472
1100922291808
1101259147680
2200770775456
1100923667856
2200435295632
1101997409680
2201509037456
1101192103312
2200703731088
2201575818896
2201575884432
1101257901712
2200769529488
1100922291872
2200433919648
1101996033696
2201507661472
1101190727328
2200702355104
1102264469152
2201776096928
1100989400736
2200501028512
1101190726992
1100990712160
2200502339936
1102063470992
2201575098768
1101258164624
2200769792400
1102331906448
2201843534224
1100922620304
2200434248080
1101996362128
2201507989904
1100922358096
2200433985872
1101996099920
2201507727696
1101997344160
2201508971936
1101192037792
2200703665568
1102265779616
2201777407392
1102064453008
2201576080784
1101259146640
2200770774416
1102332888464
2201844516240
2200702421408
1102264535456
2201776163232
1100989467040
2200501094816
1102063208864
2201574836640
1101257902496
2200769530272
1102331644320
1100990777744
2200502405520
1101259213200
2200770840976
1102332955024
2201844582800
1100923602512
2200435230288
1101997344336
2201508972112
1101192037968
2200703665744
1102265779792
2201777407568
1100990711376
2200502339152
1101259146576
1101258884768
2200770512544
1102332626592
2201844254368
1100923667872
2200435295648
1101997409696
2201509037472
1101192103328
2200703731104
1102265845152
2200433919584
1101996033632
2201507661408
1101190727264
2200702355040
1102264469088
2201776096864
1100989400672
2200501028448
1102063142496
1100990777680
2200502405456
1100990515872
2200502143648
1102064257696
2201575885472
1101258951328
2200770579104
1102332693152
2201844320928
1102064191072
2201575818848
1101258884704
2200770512480
1102332626528
2201844254304
1102264797600
2201776425376
1102064257632
2201575885408
1101258951264
2200770579040
1102332693088
2201844320864
1102331840144
2201843467920
2201507661456
1101190727312
2200702355088
1102264469136
2201776096912
1100989400720
1102332626576
2201844254352
1100922554704
2200434182480
1101996296528
2201507924304
1101190990160
2200702617936
1100989663568
2200501291344
1100990514832
2200502142608
1102063142560
2201574770336
1101257836192
2200769463968
1101258885472
2200770513248
1100989466976
2200501094752
2200434181712
1101996295760
2201507923536
1101190989392
2200702617168
1102264731216
1101257836944
2200769464720
1102331578768
2201843206544
1100923341200
2200434968976
1101997083024
2201508710800
1102064257424
2201575885200
1101258951056
2200770578832
1102332692880
2201844320656
2200770512288
1102332626336
2201844254112
2200769792592
1102064192080
2201575819856
1102063405648
2201575033424
1101258099280
2200769727056
1102331841104
2201843468880
1100922358352
1100922292832
2200433920608
1101996034656
2201507662432
1101190728288
2200702356064
1102264470112
2201776097888
1102332889504
2201844517280
2200434182800
1102064257440
2201575885216
1100922292896
2200433920672
1101996034720
2201507662496
1101190728352
2200702356128
1102264470176
2201776097952
1102265845072
2201576146256
1102331643216
2201843270992
1102064256336
1101997147488
2201508775264
1102265582944
2201777210720
1100990514528
2200502142304
1100923668880
2200435296656
1101997410704
2201509038480
1101192104336
2200703732112
1102265846160
2201777473936
1100990515552
2200502143328
1102064257376
2201575885152
1102264797584
1100923406752
2200435034528
1101997148576
2201508776352
1100990515616
2200502143392
1100922553680
1101996098960
2201507726736
1101190792592
2200702420368
2200501028432
1102063142480
2201574770256
1101257836112
2200769463888
1102331577936
2201843205712
1100922291792
2200433919568
1100990514512
2200502142288
1101258949968
2200770577744
1102332691792
2201844319568
1100922357152
2200433984928
1101996098976
2201507726752
1101190792608
2200702420384
1100989400656
1102265846176
2201777473952
2201776358992
1100989662800
2200501290576
1102063404624
2201575032400
2201843467856
1102331840080
1101258098256
2200769726032
1100922553936
1101259213472
2200770841248
1102332955296
2201844583072
1102064453216
2201576080992
1101259146848
2200770774624
1102332888672
2201844516448
2201574770272
1101257836128
2200769463904
1102331577952
2201843205728
1102064519776
2201576147552
1101259213408
2200770841184
1102332955232
2201844583008
2200501094800
1102063208848
2201574836624
1102331644304
2201843272080
1101996033376
2201507661152
1101190727008
2200702354784
1102264468832
2201776096608
1100922553952
2200434181728
1101996295776
2201507923552
1101190989408
1102264731232
2201776359008
1100989662816
1102063208784
2201574836560
1100923341456
1101259146656
2200770774432
1102332888480
2201844516256
1101259213216
2200770840992
1102332955040
2201844582816
1101997147728
2201508775504
1101191841360
2200703469136
1100990514768
2200502142544
1102063405728
2201575033504
1101258099360
2200769727136
1102331841184
2201843468960
1102265517648
2201777145424
1100922357344
2200433985120
1101996099168
1102064519520
2201576147296
1101259213152
2200770840928
1102332954976
2201844582752
1102063405664
2201575033440
1101258099296
2200769727072
1102331841120
2201843468896
1100922292816
2200433920592
1101996034640
2201507662416
1101190728272
2200702356048
1102064453200
2201576080976
1101259146832
2200770774608
1102332888656
2201844516432
1101258950304
2200770578080
1102332692128
2201844319904
1100923340384
2200434968160
1101997082208
2201508709984
1101191775840
2200703403616
1102265517664
2201777145440
1100990449248
2200502077024
1100989663824
2200501291600
1101258950240
2200770578016
1102332692064
2201844319840
2201507990112
1101191055968
2200702683744
1100989729360
2200501357136
1102331906640
2201843534416
1102063405472
2201575033248
2200501028496
1102063142544
2201574770320
1100922291856
2200433919632
1101996033680
1100923602528
2200435230304
1101997344352
2201508972128
1102265779808
2201777407584
1100990711392
2200502339168
2201507661136
1101996033360
2200702354768
1102264468816
2201776096592
2201843205456
1100922554976
2200434182752
1101996296800
2201507924576
1101190990432
2200702618208
1102264732256
2201776360032
1100989663840
2200501291616
1100989729168
2200501356944
2201575032144
2201843467600
2200434181456
1101996295504
2201507923280
1101190989136
1100989662544
2200501290320
1102063404368
1102331578016
2201843205792
2201777408656
2200769530528
1102331644576
2201843272352
1101190792784
2200702420560
1100989466192
2200501093968
1101257835872
2200769463648
1102331577696
2201843205472
1100922291552
2200433919328
1100923341392
2200434969168
1101997083216
2201508710992
1100990450256
2200502078032
1101192038992
2200703666768
1102265780816
2201777408592
1100922554016
2200434181792
1101996295840
2201507923616
2200434247248
1101996361296
2201507989072
1100989728336
2200501356112
1102063470160
2201507923296
1101190989152
2200702616928
1102264730976
2201776358752
1100989662560
2200501290336
1102063404384
1101258098016
2201844517456
1101259147856
2200770775632
1102332889680
1100923603536
2200435231312
1101997345360
2201508973136
1102063208016
2201574835792
1101257901648
2200769529424
1102331643472
2201843271248
2201507726944
1102264534624
2201776162400
1101257901664
1101191775888
2200703403664
1102265517712
2201777145488
1101258884752
1102265780624
2201777408400
2201843272096
1101190728336
2200702356112
1102264470160
2201776097936
1101257837200
2200769464976
2200703404384
1102265518432
1101258885776
2200770513552
1102332627600
2201844255376
1100923603552
2200435231328
1101997345376
2201508973152
1101192039008
2200703666784
1102265779536
2201777407312
1100990711120
1102332888400
2201844516176
1100923602256
2200770774352
1100989465936
2200501093712
1102264732304
2201776360080
1100989663888
2200501291664
2200769529168
1102064256592
2201575884368
1101257902672
2200769530448
1102331644496
2201843272272
1102265584208
2201777211984
1101259212128
2200770839904
2201844581728
1102332953952
1101257835920
2200769463696
1102331577744
2201843205520
1100922291600
2200433919376
1101996033424
2201507661200
2201575032416
1102331840096
2201843467872
1101259146592
2200770774368
1100922555040
2200434182816
1101996296864
2201507924640
1101190990496
2200702618272
1102264732320
2201776360096
1100989663904
2200501291680
1100989729376
2200501357152
1102063471200
2201575098976
1102265583200
2201777210976
1101258164816
1100922620496
2200434248272
1101996362320
2201507990096
1102063404432
2201575032208
1102331839888
2201843467664
1101257902688
2200769530464
1102331644512
2201843272288
1101997083280
2201508711056
1102265518736
2201777146512
1100990450320
2200502078096
1102063404448
2201575032224
1101258098080
1100922357072
2200433984848
1101996098896
2201507726672
1102264534352
1101257901392
1100922620512
2200434248288
1101996362336
2201507923360
1101190989216
2200702616992
1102264731040
2201776358816
1100989662624
2200501290400
2200502340240
1101259147920
2200770775696
1100923603600
2200435231376
1101997345424
2201508973200
1101192039056
1102265780880
1101996361040
2201507988816
2201776424272
1100989728080
2200501355856
1101257837152
2200769464928
1102331578976
2201843206752
1102332889744
2201844517520
1102331643232
2201843271008
1100922357088
2200433984864
1101996098912
2201507726688
1101190792544
2200702420320
1102264534368
2201776162144
1101192038032
2200703665808
1100922292880
2200433920656
1101996034704
2201507662480
1101257837216
2200769464992
1102331579040
2201843206816
1100923603616
2200435231392
1101997345440
2201508973216
1101192039072
2200703666848
2200769529440
1100923669072
2200435296848
1101997410896
2201509038672
1101192104528
2200703732304
1100923602320
2200435230096
1101997344144
2201508971920
1101192037776
2200703665552
1101257902736
2200769530512
1102331644560
2201843272336
1100922358416
2200433986192
1101996100240
1102331643296
2201843271072
1100923669088
2200435296864
1101997410912
2201509038688
1101192104544
2200703732320
1100923602336
2200435230112
2200435230032
1101997344080
2201508971856
2200769529184
1101257901408
