1392979018064
1411232891216
2510744518992
1668930928976
2768442556752
2768710992208
1411501326672
2511012954448
1686379233616
2785890861392
1392979280208
1394388304288
2493899932064
1669266211232
2768777839008
1411568173472
2511079801248
1686446080416
2785957708192
1394053022288
2493564650064
1668930929232
2768442557008
1411232891472
2510744519248
1686110798416
2785622426192
2768710730400
1411501064864
2511012692640
1686378971808
2785890599584
2768509403792
2785957708432
1668192469648
2767704097424
1411299738256
1669266211472
1394119869072
2493631496848
1668997776016
1410494431888
1394052825424
2493564453200
1668930732368
2768442360144
1411232694608
2510744322384
1686110601552
2785622229328
1393314628256
2492826256032
1668192535200
2767704162976
2509938950752
1685305229920
2784816857696
1394321195616
2493832823392
1669199102560
2768710730336
1411501064800
2511012692576
1686378971744
2510811365968
1668192469584
1685372338768
2784883966544
2509737624144
1685103903312
2784615531088
1394119869008
2493631496784
1668997775952
1685305491792
2784817119568
1394321457488
2493833085264
1669199364432
1669266473296
2768778101072
1411568435536
2511080063312
1686446342480
1410494497120
2510006124896
1685372404064
2784884031840
1393247715680
2492759343456
1668125622624
2767637250400
1410427584864
2509939212640
1394321523088
2493833150864
1669199430032
2768711057808
1411501392272
2511013020048
1686379299216
2785890926992
1686177710480
1394388631952
1392979018144
2492490645920
1667856925088
2767368552864
1410158887328
2509670515104
1685036794272
2784548422048
1394052759968
2493564387744
1410158953104
2509670580880
1685036860048
2784548487824
2492759147152
1411232694928
2767637054096
1410427388560
2509939016336
1685305295504
1410226258576
2509737886352
1685104165520
2784615793296
2768509731152
1686177972560
1411300065616
1394120196432
2493631824208
2509737689488
2784615596432
2493631496544
2768509403488
1411299737952
1668997841488
2768509469264
1394388632144
2493900259920
1669266539088
2768778166864
1411568501328
2511080129104
1686446408272
2785958036048
1393247716000
2492759343776
1668125622944
2767637250720
1410427585184
2509939212960
1392979018336
2492490646112
1667856925280
2767368553056
1410158887520
2509670515296
1685036794464
2784548422240
1394052760160
2493564387936
1685305295440
2784816923216
1392979083856
2492490711632
1667856990800
2767368618576
1410158953040
2509670580816
1685036859984
2784548487760
1394321523040
2493833150816
1410226061968
2509737689744
1685103968912
2784615596688
2785957773968
1393314628240
2492826256016
1393046454928
2492558082704
1667924361872
2767637053856
1392979018400
2492490646176
1667856925344
2767368553120
1410158887584
2509670515360
1685036794528
2784548422304
1394052760224
2493564388000
1668997841568
2768509469344
1411299803808
2510811431584
1686177710752
2785689338528
1686378971552
2785890599328
1410494497440
2510006125216
1685372404384
2784884032160
2511079801232
1686446080400
2785957708176
2493631496592
1668997775760
2768509403536
1393046126992
2492557754768
1667924033936
2767435661712
2785890927008
2784884031888
2785890599264
2509938950496
1685305229664
2784816857440
1394321195360
2493832823136
1669199102304
2768710730080
1411501064544
2511012692320
1410158887504
2509670515280
1685036794448
2784548422224
1393247453776
2492759081552
1668125360720
2767636988496
1410427322960
2509938950736
1685305229904
2784816857680
1686177645136
1411232629328
2785689272656
1686177644880
2768777838928
1394388370080
2493899997856
1669266277024
2768777904800
1411568239264
2511079867040
1686446146208
2785957773984
1393314890144
2492826517920
1668192797088
2767704424864
1410494759328
2510006387104
1685372666272
2784884294048
1393247519120
2492759146896
1668125426064
2767637053840
1410427388304
2509939016080
1685305295248
2784816923024
1410158952848
2509670580624
1668998038096
2768509665872
1411300000336
2510811628112
1686177907280
2785689535056
1394321457744
2493833085520
1669199364688
2768710992464
1668930667152
2768442294928
1411232629392
2510744257168
1686110536336
2493832888656
1669199167824
2768710795600
1411501130064
2511012757840
1392979083600
2492490711376
1667856990544
2767368618320
1410158952784
1667924296272
2767435924048
1410226258512
2509737886288
1685104165456
2784615793232
1667857187216
2767368814992
1410159149456
2509670777232
1685037056400
2784548684176
1393247453792
2492759081568
1668125360736
2767636988512
1410427322976
2767435727184
1410226061648
2509737689424
1685103968592
2784615596368
1393247715936
2492759343712
1668125622880
2767637250656
1410427585120
2509939212896
1685305492064
2784817119840
1393247519072
2492759146848
1668125426016
2767637053792
1410427388256
2509939016032
1685305295200
2784816922976
1686110798496
2785622426272
1668997841504
2768509469280
1411299803744
2510811431520
1686177710688
2785689338464
1668930929312
2768442557088
1411232891552
2510744519328
1394321195664
2493832823440
1669199102608
2768710730384
1411501064848
2511012692624
1686378971792
2785890599568
1393314824848
2492826452624
1668192731792
2767704359568
1410494694032
2510006321808
1685372600976
2784884228752
1394120131216
2493631758992
1393314824784
2492826452560
1668192731728
2767704359504
1410494693968
2510006321744
1685372600912
2784884228688
1393247715728
2492759343504
1668125622672
2767637250448
1410427584912
2509939212688
1392979280480
2492490908256
1667857187424
2767368815200
1410159149664
1668998038160
2768509665936
1411300000400
2510811628176
1686177907344
2785689535120
2509670777440
1685037056608
2784548684384
1394053022304
2493564650080
1668930929248
2768442557024
1411232891488
2510744519264
1686110798432
1394388566608
2493900194384
1669266473552
2768778101328
1411568435792
2511080063568
1686446342736
2785957970512
1393046389328
2492558017104
1394119934352
1394321457824
2493833085600
1669199364768
2768710992544
1411501327008
2511012954784
1686379233952
2785890861728
1394388370016
2493899997792
1669266276960
2768777904736
1411568239200
2511079866976
1686446146144
2785957773920
1394321260960
2493832888736
1669199167904
2768710795680
1411501130144
2511012757920
1686379037088
2785890664864
1393314890080
2492826517856
1668192797024
2767704424800
1410494759264
2510006387040
1685372666208
2784884293984
1392979346064
2492490973840
1667857253008
2767368880784
1410159215248
2509670843024
1685037122192
2784548749968
2785622491792
1394321523344
1668998103456
2768509731232
1394388566672
2493900194448
1669266473616
2768778101392
1411568435856
2511080063632
1686446342800
2785957970576
1411300065696
2510811693472
1686177972640
2785689600416
1394388369808
2493899997584
1669266276752
2768777904528
1411568238992
2511079866768
1686446145936
2785957773712
2785622164048
2510744257104
1686110536272
1394052760144
2493564387920
1668930667088
2768442294864
1393247781456
2492759409232
1668125688400
2767637316176
1410427650640
2509939278416
1685305557584
2784817185360
1392979346000
2492490973776
2492490907984
1667857187152
2767368814928
1410159149392
2509670777168
1685037056336
2784548684112
1668930929056
2768442556832
1411232891296
2510744519072
1686110798240
2785622426016
1393247715744
2492759343520
1668125622688
2767637250464
2768509665680
1411300000144
2510811627920
1686177907088
2785689534864
1394388566416
2493900194192
1669266473360
2768778101136
1411568435600
1394388631968
2493900259744
1669266538912
2768778166688
1411568501152
2511080128928
1686446408096
2785958035872
2785622426208
2510811628192
1686177907360
2785689535136
1686110798176
2785622425952
1394321457504
2493833085280
1686378971728
2785890599504
1669199364448
2768710992224
1411501326688
2511012954464
1668998037840
2768509665616
1411300000080
2510811627856
1686177907024
2785689534800
1394120130896
2493631758672
2785957970256
1394388566352
1393046127264
2492557755040
1667924034208
2767435661984
1410225996448
2509737624224
1685103903392
2784615531168
1394119869088
2493631496864
1393046127248
2492557755024
1667924034192
2767435661968
1394053022096
1394321457760
2493833085536
1669199364704
2768710992480
1411501326944
2511012954720
1686379233888
1393046127200
2492557754976
1667924034144
2767435661920
1410225996384
2509737624160
1685103903328
2784615531104
1394119869024
2493631496800
1394053087632
2493564715408
1668930994576
2768442622352
1392979345808
2492490973584
1393247781264
2492759409040
1668125688208
2767637315984
2768711058080
2510811366032
2768777839248
2785689272976
2785622164112
1393247453840
2492759081616
1411568173712
2511079801488
1393314562704
2492826190480
1394053087568
2493564715344
1668930994512
1668998103392
2768509731168
2510744322720
1686110601888
2785622229664
1393247519392
2492759147168
1668125426336
2767637054112
1410427388576
2509939016352
1685305295520
1686379233680
2785890861456
2510006059664
1685372338832
2784883966608
1669266277008
1668192535184
2767704162960
1394119934608
2493631562384
1668997841552
2768509469328
1411299803792
2510811431568
1686177710736
1410427322704
2784615530832
1394119868752
2493631496528
1668997775696
2768509403472
1411299737936
2510811365712
1394052759888
2493564387664
1410427388512
2509939016288
1685305295456
2784816923232
1394321261152
2493832888928
1669199168096
2768710795872
1411501130336
2511012758112
1410494497360
2510006125136
1685372404304
1393314628176
2492826255952
1668192535120
2767704162896
1667924099664
2767435727440
1410226061904
1393314824864
2492826452640
1668192731808
2767704359584
1410494694048
2510006321824
1685372600992
2784884228768
2785622426256
1393046389392
2492558017168
1667924296336
2767435924112
1392979280528
2492490908304
1667857187472
2767368815248
1410159149712
1394388631904
2493900259680
1669266538848
2768778166624
1411568501088
1393046127008
2492557754784
1667924033952
2767435661728
1410225996192
2509737623968
1685103903136
2784615530912
1394119868832
2493631496608
1393314628000
2492826255776
1667857252944
2767368880720
1410159215184
2509670842960
1685037122128
2784548749904
1394053022032
2493564649808
1686110798160
2785622425936
1393247715664
2492759343440
1668125622608
2767637250384
1410427584848
2509939212624
1410427323040
2509938950816
1685305229984
2784816857760
1394321195680
2493832823456
1669199102624
1394119868768
1668997775712
1394388304224
2493899932000
1669266211168
2768777838944
1411568173408
2511079801184
1686446080352
2785957708128
1411501392544
2511013020320
1686379299488
2785890927264
1393046127184
2492557754960
1667924034128
2767435661904
1410225996368
2768442360400
1411232694864
2510744322640
1686110601808
1393247519312
2492759147088
1668125426256
2767637054032
1410427388496
2509939016272
1667856925072
2767368552848
1410158887312
2509670515088
1685036794256
1392979018080
2492490645856
1667856925024
2767368552800
1410158887264
2509670515040
1685036794208
2784548421984
1394052759904
2493564387680
2785622229408
1393247519136
2492759146912
1668125426080
1394053087888
2493564715664
1668930994832
2768442622608
1411232957072
2510744584848
1686110864016
1393314627984
2492826255760
1668192534928
2767704162704
1411299803536
2510811431312
2785689338256
1410494497168
2510006124944
1685372404112
1392979280544
2492490908320
1667857187488
2767368815264
1410159149728
2509670777504
1685037056672
2784548684448
1394053022368
2493564650144
2785957970592
2509670580576
1685036859744
2784548487520
1394052825440
2493564453216
1668930732384
2768442360160
1411232694624
2510744322400
1686379037024
1393314562640
2492826190416
2767704097360
1410494431824
2510006059600
1393046454864
2492558082640
1667924361808
2767435989584
1410226324048
2768777904464
1686446145872
2785957773648
1411568238928
2511079866704
1669266276688
2510811431248
1393046192464
2492557820240
1667924099408
1393314824544
2492826452320
1668192731488
2767704359264
1410494693728
2510006321504
2511080063328
1686446342496
2785957970272
2510744519008
1686177645200
2493833151120
1669199430288
2768711058064
1411501392528
2511013020304
1686379299472
2785890927248
1393046389136
2492558016912
1667924296080
2767435923856
1410226258320
2509737886096
1685104165264
2784615793040
1668930732640
2768442360416
1411232694880
2510744322656
1686110601824
2785622229600
1393247519328
2492759147104
1668125426272
2767637054048
1411568435872
2511080063648
1686446342816
1393314824800
2492826452576
1668192731744
2767704359520
1410494693984
2510006321760
1685372600928
2784884228704
1410427584928
2509939212704
1685305491872
2784817119648
2785689534816
1393314627936
2492826255712
1668192534880
2767704162656
1668998038176
2768509665952
1411300000416
1393046389408
2492558017184
1667924296352
2767435924128
1410226258592
2509737886368
1685104165536
2784615793312
1394120131232
2493631759008
1411501130400
2511012758176
1686379037344
2785890665120
1668997841312
2768509469088
1411299803552
2510811431328
1686177710496
2785689338272
1686446080656
1394388304528
2493899932304
1393314824592
2492826452368
1668192731536
2767704359312
1410494693776
2510006321552
1685372600720
2784884228496
1393046389344
2492558017120
1667924296288
2767435924064
1410226258528
2509737886304
1685104165472
2784615793248
1394120131168
2493631758944
1392979346016
2492490973792
1667857252960
2767368880736
1410159215200
2509670842976
1685037122144
2784548749920
1394053087840
2493564715616
1410494759520
2510006387296
1685372666464
2784884294240
1410158887248
1685036794192
2784548421968
1394388566688
2493900194464
1669266473632
2768778101408
1393314824528
2492826452304
1668192731472
2767704359248
1410494693712
2510006321488
1685372600656
2784884228432
1668930666832
2768442294608
1393314628192
2492826255968
1668192535136
2767704162912
1669199429984
2768711057760
2784817185184
1394388369824
2493899997600
1669266276768
2768777904544
1411568239008
2511079866784
1686446145952
2785957773728
2768442622544
1411232957008
2510744584784
1686110863952
2785622491728
1394053087824
2493564715600
1668930994768
1668930994848
2768442622624
1411232957088
2510744584864
1686110864032
2785622491808
1393247781536
2492759409312
1685305491808
2784817119584
2509670777184
1685037056352
2784548684128
1394053022048
2493564649824
1668930928992
2768442556768
1411232891232
2510006387344
1685372666512
2784884294288
1394120196752
2493631824528
1668998103696
2768509731472
1411300065936
2510811693712
1686177972880
1392979280224
2492490908000
1667857187168
2767368814944
1410159149408
1668930994784
2768442622560
1411232957024
2510744584800
1686110863968
2785622491744
1393247781472
2492759409248
1668125688416
2767637316192
2509938950480
1685305229648
2784816857424
1393247453520
2492759081296
2509737951824
1685104230992
2784615858768
1393314890320
2492826518096
1668192797264
2767704425040
1410494759504
2510006387280
1685372666448
2768509403728
1411299738192
2785689272912
1668125360464
2767636988240
2510811365728
1686177644896
2785689272672
1393046389152
2492558016928
1667924296096
2767435923872
1394321523280
2493833151056
1669199430224
2784548422032
1394052759952
2493564387728
1668930666896
2768442294672
1411232629136
2510744256912
1686110536080
2785622163856
1393247453584
1685305492128
1393046389072
2492558016848
1667924296016
2767435923792
2784816923280
1393247519376
1668125426320
1410226258256
2509737886032
1685104165200
2785890599520
1668930666912
2768442294688
1411232629152
2510744256928
1686110536096
2785622163872
1393247453600
2492759081376
1668125360544
2767636988320
1668998038112
2768509665888
1411300000352
2510811628128
1686177907296
2785689535072
1394120130912
2493631758688
1668998037856
2768509665632
1394388566368
2493900194144
1669266473312
2768778101088
1411568435552
1411300000096
2768710730128
1411501064592
2511012692368
1686378971536
2785890599312
1394388304272
2493899932048
1669266211216
2768777838992
1411568173456
2493631562080
1668997841248
2768509469024
1411299803488
2510811431264
1668125688480
2767637316256
1410427650720
2509939278496
1685305557664
2784817185440
1410494497376
2510006125152
1685372404320
2784884032096
2493832823184
1669199102352
1411501392224
2511013020000
1686379299168
2785890926944
1410427388320
2509939016096
1685305295264
2784816923040
1685037121952
2784548749728
1394053087648
2493564715424
1668930994592
2768442622368
1411232956832
2510744584608
1686110863776
2785622491552
1685372666256
1410494759312
2767435989392
1667924361616
1393046454672
2492558082448
1393314890128
2492826517904
1668192797072
2767704424848
1394388566624
2493900194400
1669266473568
2768778101344
1411568435808
2511080063584
1686446342752
2785957970528
1394321457568
2493833085344
1669199364512
2768710992288
1411501326752
2511012954528
1686379233696
2785890861472
1393314562720
2492826190496
2785622426000
2493564649872
1668930929040
2768442556816
1411232891280
2510744519056
1686110798224
1394120130960
2493631758736
1668998037904
2768777904480
2768711058000
1392979345760
2492490973536
1667857252704
2767368880480
1686110863712
2785622491488
1393247781216
2492759408992
1668125688160
2767637315936
1668998103376
2510811693392
1394388631888
2493900259664
1669266538832
2768778166608
1411568501072
2511080128848
1686446408016
2785958035792
1393046192800
2492557820576
1667924099744
2767435727520
1410226061984
2509737689760
1685103968928
2784615596704
1394119934624
2493631562400
2785890861664
1411568239248
2511079867024
2785890665104
1394052825744
2493564453520
1668930732688
1392979083920
2492490711696
1667856990864
2767368618640
2511080063376
1686446342544
2785957970320
1410427322784
2509938950560
1685305229728
2784816857504
1394321195424
2493832823200
1669199102368
2768710730144
1411501064608
2511012692384
1393046192736
2492557820512
1667924099680
2767435727456
1410226061920
2509737689696
1685103968864
2784615596640
1394119934560
2493631562336
2767704162640
1410494497104
2510006124880
1685372404048
2784884031824
1394388369744
2493899997520
1686379037008
2785890664784
1394321260880
1686110601872
2510744322704
1668125688464
2767637316240
1410427650704
2509939278480
1685305557648
2784817185424
1393314890384
2492826518160
1668192797328
1410494759568
1392979280288
2492490908064
1667857187232
2767368815008
1410159149472
2509670777248
1685037056416
2784548684192
1394053022112
2493564649888
1410427650656
2509939278432
1685305557600
2784817185376
1669199102288
2768710730064
1411501064528
2511012692304
1686378971472
2785890599248
2785689600336
1393247781200
2492759408976
1668125688144
2767637315920
1410427650384
2509939278160
1685305557328
2784817185104
1394321523024
1668930732704
2768442360480
1411232694944
1411501392464
2511013020240
1686379299408
2785890927184
1394388304464
2493899932240
1669266211408
2768777839184
1411568173648
2511079801424
1686446080592
2785957708368
1394120131152
2493631758928
2784615792976
1394321261200
2493832888976
1669199168144
2768710795920
1411501130384
2511012758160
1686379037328
1668930667104
2768442294880
1411232629344
2510744257120
1686110536288
2785622164064
1410225996176
2509737623952
1685103903120
2784615530896
1393046192544
2492557820320
1667924099488
2767435727264
1410226061728
2509737689504
1685103968672
2784615596448
1394119934368
2493631562144
2784884294224
2493899997536
1669266276704
2784615596384
1392979083616
2492490711392
1667856990560
2767368618336
1410158952800
1411501130080
1411568238944
1686379233632
2785890861408
1393314562656
2492826190432
1668192469600
2767704097376
1410494431840
2510006059616
1685372338784
2784883966560
2785689600656
1668997776032
2768509403808
1411299738272
2510811366048
1686177645216
2785689272992
1392979346080
2492490973856
1667857253024
2767368880800
1410159215264
2509670843040
1685037122208
2784548749984
1394053087904
2493564715680
2511079866720
1686446145888
2785957773664
1393046192480
2492557820256
1667924099424
2767435727200
1410226061664
2509737689440
1685103968608
1394321523360
2493833151136
1669199430304
1410226258336
2509737886112
1685104165280
2784615793056
1411568501408
2511080129184
1686446408352
2785958036128
1410225996432
2509737624208
1685103903376
2784615531152
1668125360784
2767636988560
1410427323024
2509938950800
1685305229968
2784816857744
2493900194128
1393314562448
2492826190224
1668192469392
2767704097168
1410494431632
2510006059408
1685372338576
2784883966352
1411300065632
2510811693408
1686177972576
2785689600352
1410159214944
2509670842720
1685037121888
2784548749664
1394053087584
2493564715360
1668930994528
2768442622304
1411232956768
2510744584544
1668930667168
2768442294944
1411232629408
2510744257184
1686110536352
2785622164128
1393247453856
2492759081632
1668125360800
2767636988576
1394388632208
2493900259984
1669266539152
2768778166928
1411568501392
2511080129168
1686446408336
2785958036112
1394388304544
2493899932320
1669266211488
2768777839264
1411568173728
2511079801504
1686446080672
2785957708448
1393314824608
2492826452384
1668192731552
2785622229584
2767704359328
1410494693792
2510006321568
1685372600736
2784884228512
1392979345744
2492490973520
1667857252688
2767368880464
1410159214928
2509670842704
1685037121872
2784548749648
1394119934288
2493631562064
1668997841232
2768509469008
1411299803472
1686177710416
2785689338192
1393314627920
2492826255696
1668192534864
1394321261136
2493832888912
1669199168080
2768710795856
1411501130320
2511012758096
1686379037264
2785890665040
1393046126928
2492557754704
1667924033872
2767435661648
1410225996112
2509737623888
1685103903056
1393046454944
2492558082720
1667924361888
2767435989664
1410226324128
2509737951904
1685104231072
2784615858848
1394120196768
2493631824544
2511012757856
1686110601568
2785622229344
1394119934304
1669199167840
2768710795616
2785890664800
1394321260896
2493832888672
1394388369760
1393247453536
2492759081312
1668125360480
2767636988256
1410427322720
1394120196688
2493631824464
1668998103632
2768509731408
1411300065872
2510811693648
1686177972816
2785689600592
2767637053776
1667924099728
2767435727504
1411232956816
2510744584592
1686110863760
2785622491536
1393046192784
2492557820560
1668997775968
2768509403744
1411299738208
2510811365984
1686177645152
2785689272928
1686177710432
2785689338208
1394321523296
2493833151072
1669199430240
2768711058016
1411501392480
2511013020256
1686379299424
2785890927200
1393046454880
2492558082656
1667924361824
2767435989600
1410226324064
2509737951840
1393046389088
2492558016864
1667924296032
2767435923808
1410226258272
2509737886048
1685104165216
2784615792992
2784816923296
1668192469328
2767704097104
1410494431568
2510006059344
1685372338512
2784883966288
1393314562384
2492826190160
2493900259728
1669266538896
2768778166672
1411568501136
2511080128912
1686446408080
2785958035856
1392979083664
2492490711440
1667856990608
1411299738000
2510811365776
1686177644944
2785689272720
1394119868816
1410494497424
2510006125200
1685372404368
2784884032144
1392979083680
2492490711456
1667856990624
2767368618400
1410158952864
1394388304480
2493899932256
1669266211424
2768777839200
1411568173664
2511079801440
1686446080608
2785957708384
1668192534944
2767704162720
1685372600672
2784884228448
1392979018384
2492490646160
1667856925328
2767368553104
1410158887568
2509670515344
1685036794512
2784548422288
1394052760208
2493564387984
1394120130976
2493631758752
2767368618384
2493631562128
1668997841296
2768509469072
1393046192528
2492557820304
1667924099472
2767435727248
1685103968656
1410226061712
1393314890400
2492826518176
1668192797344
2767704425120
1410494759584
2510006387360
1685372666528
2784884294304
1393046454688
2492558082464
1667924361632
2767435989408
1410226323872
2509737951648
1685104230816
2784615858592
1394120196512
2493631824288
1410427388240
2509939016016
1685305295184
2784816922960
1392979018320
2492490646096
1394321195600
2493832823376
1669199102544
2768710730320
1411501064784
2511012692560
1667856925264
2767368553040
1668192469664
2767704097440
2784817119904
1393046454624
2492558082400
1667924361568
2767435989344
1410226323808
2509737951584
1685104230752
2784615858528
1394120196448
2493631824224
1394388566432
2493900194208
1669266473376
2768778101152
1411568435616
2511080063392
1686446342560
2785957970336
2784548684432
1410427650448
2509939278224
1685305557392
2784817185168
1667857252752
2767368880528
1410159214992
2509670842768
1685037121936
2784548749712
2768442622288
1411232956752
2510744584528
1686110863696
2785622491472
2509737689680
1685103968848
2784615596624
1685036859792
2784548487568
1668930666848
2768442294624
1411232629088
2510744256864
1686110536032
2785622163808
2511080128864
1686446408032
2785958035808
1410494497184
2510006124960
1685372404128
2784884031904
2509670580640
1685036859808
2784548487584
1394052825504
2493564453280
1668930732448
2768442360224
1411232694688
2510744322464
1686110601632
1685104231008
2784615858784
1392979018128
2492490645904
2492759081360
1668125360528
2767636988304
1410427322768
2509938950544
1685305229712
2784816857488
1394321195408
2493833150800
1669199429968
2768711057744
1411501392208
1686379299152
2785890926928
2511013019984
1686378971488
2785689338512
1410494431904
2510006059680
1685372338848
2784883966624
1392979345824
2492490973600
1667857252768
2767368880544
1410159215008
1410226323856
2509737951632
1685104230800
2784615858576
2509670842784
1411232629072
2510744256848
1686110536016
2785622163792
2492490645840
2767368552784
1667856925008
2509670515024
1394321195344
2493832823120
2510811627872
1686177907040
1394321261216
2493832888992
1669199168160
2768710795936
2784884032080
1393046192720
2492557820496
1411299803728
2510811431504
1686177710672
2785689338448
1394052825680
2493564453456
1668930732624
1393314890336
2492826518112
1668192797280
2767704425056
1393247781280
2492759409056
1668125688224
2767637316000
1410427650464
2509939278240
1685305557408
1411568173392
2511079801168
1686446080336
2785957708112
1394388304208
2493899931984
1669266211152
1668998103712
2768509731488
1411300065952
2510811693728
1686177972896
2785689600672
1392979083872
2492490711648
1667856990816
2767368618592
1410158953056
2509670580832
1685036860000
2784548487776
1394052825696
2493564453472
1686446146192
2493899997840
2768777904784
1394388370064
2510006387088
2784884294032
1393314562464
2492826190240
1668192469408
2767704097184
1410494431648
2510006059424
1685372338592
2784883966368
1685037056592
2784548684368
2509670580560
1685036859728
2784548487504
1394388632224
2493900260000
1669266539168
2768778166944
2767435989648
1410226324112
2509737951888
1685104231056
2784615858832
2785622229648
2767704425104
2768442360464
1393247781520
2492759409296
1392979083936
2492490711712
1667856990880
2767368618656
1410158953120
2509670580896
1685036860064
2784548487840
1394052825760
2493564453536
2492759343696
1668125622864
2767637250640
1410427585104
2509939212880
1685305492048
2784817119824
1393247715920
2509670777488
1685037056656
1393247715984
2492759343760
1668125622928
2767637250704
1410427585168
2509939212944
1685305492112
2784817119888
1668998037920
2768509665696
1393247519056
2492759146832
1394053022352
2493564650128
1668930929296
2768442557072
1411232891536
2510744519312
1686110798480
1668125426000
1394119934544
2493631562320
1394052825488
2493564453264
1668930732432
2768442360208
1411232694672
2510744322448
1686110601616
2785622229392
1393046454608
2492558082384
1667924361552
2767435989328
1410226323792
2509737951568
1685104230736
2784615858512
1686379037280
2785890665056
1411501326928
2511012954704
1686379233872
2785890861648
1392979280464
2492490908240
1667857187408
2767368815184
1410159149648
2509670777424
1393046126944
2492557754720
1667924033888
2767435661664
1410225996128
2509737623904
1685103903072
2784615530848
1410427650400
2509939278176
1685305557344
2784817185120
1394120196704
2493631824480
1668998103648
2768509731424
1411300065888
2510811693664
1686177972832
2785689600608
1394321457808
2493833085584
1669199364752
2768710992528
1411501326992
2511012954768
1686379233936
2785890861712
1394388370000
2493899997776
1669266276944
2768777904720
1411568239184
2511079866960
1686446146128
2785957773904
1394321260944
2493832888720
1669199167888
2768710795664
1411501130128
2511012757904
1686379037072
2785890664848
1393314890064
2492826517840
1668192797008
2767704424784
1410494759248
2510006387024
1685372666192
2784884293968
1393314562400
2492826190176
1668192469344
2767704097120
1410494431584
2510006059360
1685372338528
2784883966304
1394120196496
2493631824272
1668998103440
2768509731216
1411300065680
2510811693456
1686177972624
2785689600400
1668997775776
2768509403552
1411299738016
2510811365792
1686177644960
2785689272736
1394388632160
2493900259936
1669266539104
2768778166880
1411568501344
2511080129120
1686446408288
2785958036064
1411300000160
2510811627936
1686177907104
2785689534880
1394321523104
2493833150880
1669199430048
2768711057824
1411501392288
2511013020064
1686379299232
1392979280272
2492490908048
1685305491856
2784817119632
1394321457552
2493833085328
1669199364496
2768710992272
1411501326736
2511012954512
