293468439888
310985164432
585863071376
293536597648
568414504592
310716466832
585594373776
294610339472
569488246416
311790208656
586668115600
293805033104
568682940048
293468506512
568346413456
310648375696
585526282640
294542248336
569420155280
311722117520
586600024464
293736941968
568614848912
293468703376
568346610320
293536925008
568414831952
310716794192
585594701136
293738251600
568616158544
310918120784
585796027728
586601334096
294811993424
293469554336
568347461280
310649423520
585527330464
294543296160
569421203104
311723165344
293468768912
568346675856
310648638096
585526545040
294542510736
569420417680
311722379920
586600286864
293737204368
568615111312
293469817168
568347724112
310649686352
585527593296
294543558992
569421465936
311723428176
586601335120
293738252624
568616159568
294878774624
294878053792
569755960736
312057922976
586935829920
586601073312
293737990816
568615897760
310917860000
585795766944
294811732640
569689639584
293468703136
568346610080
310648572320
585526479264
294542444960
569420351904
311722314144
586600221088
293737138592
568615045536
293468506528
568346413472
310648375712
585526282656
294542248352
293536664208
568414571152
310716533392
585594440336
294610406032
569488312976
311790275216
586668182160
293805099664
568683006608
310917793376
585795700320
294811666016
569689572960
311991535200
294811994704
569689901648
311991863888
586869770832
586869442144
310716729680
585594636624
312058644048
586936550992
585594373712
311722314320
586600221264
569688787536
294878840480
569756747424
312058709664
586936616608
569688853152
311990815392
586868722336
293469554016
568347460960
310649423200
585527330144
294810617424
569688524368
311990486608
586868393552
294543295840
569421202784
293535877456
568413784400
310715746640
585593653584
293804312912
568682219856
310984182096
310917073232
585794980176
585862089040
585526282912
294542248608
569420155552
311722117792
586600024736
293736942240
568614849184
310917859936
585795766880
294811732576
569689639520
311991601760
586869508704
293805360544
568683267488
310985229728
585863136672
293737924256
568615831200
293805099600
568683006544
310984968784
585862875728
294610405968
569488312912
311790275152
586668182096
294878841424
569756748368
568681892240
310983854480
585861761424
586668378720
293469816480
568347723424
310649685664
585527592608
294543558304
569421465248
311723427488
586601334432
293738251936
568616158880
310917858960
585795765904
294811731600
569689638544
311991600784
586869507728
293536598432
568414505376
310716467616
585594374560
294610340256
585526282592
294542248288
569420155232
311722117472
586600024416
293736941920
568614848864
310916811104
294878055056
569755962000
312057924240
586935831184
293804247648
568682154592
293535614352
568413521296
310715483536
585593390480
293804049808
568681956752
310983918992
585861825936
294609356176
569487263120
310648572560
585526479504
569756943712
293469816160
568347723104
310649685344
585527592288
294543557984
569421464928
311723427168
586601334112
293738251616
568616158560
293804247456
568682154400
310984116640
585862023584
293468768928
568346675872
310648638112
293469489552
568347396496
310649358736
585527265680
294543231376
569421138320
311723100560
586601007504
293737925008
568615831952
310917858896
585795765840
294811731536
569689638480
311991600720
586869507664
293536598368
568414505312
310716467552
585594374496
294610340192
569488247136
311790209376
586668116320
312058710432
586936617376
310985230944
585863137888
310985230992
585863137936
294879038048
569756944992
312058907232
586936814176
585795962464
568682941088
310984903328
293535876768
568413783712
310715745952
585593652896
294609618592
569487525536
585593390496
311789487776
586667394720
293804312224
310917793184
568683006560
585795700128
294811665824
569689572768
311991535008
586869441952
568682939792
294878774672
569756681616
310984902032
585862808976
293536597392
568414504336
585594373520
294878841184
569756748128
312058710368
586600221072
293737138576
568615045520
310917007760
585794914704
294810880400
569688787344
311990749584
586868656528
293468768608
568346675552
310648637792
585526544736
586935567696
294542510432
569420417376
311722379616
586600286560
293468767632
568346674576
310648636816
585526543760
294542509456
569420416400
311722378640
586600285584
293737203088
568615110032
310917859744
585795766688
294811732384
569689639328
311991601568
586869508512
293536663952
568414570896
310716533136
585594440080
294610405776
569488312720
311790274960
586668181904
293805099408
568683006352
293535810896
568413717840
310715680080
585593587024
294543492432
569421399376
311723361616
586601268560
294878774608
569756681552
569421137248
311723099488
586601006432
293737923936
568615830880
310917793120
293469751696
568347658640
310649620880
585527527824
293805032784
568682939728
310984901968
585862808912
312058643792
586936550736
293536597328
568414504272
310918055312
585795962256
569688787280
310984115872
585862022816
568683005264
310917793440
585795700384
310916810144
585794717088
294810682784
569688589728
310916744544
585794651488
294810617184
569688524128
311990486368
586868393312
293535548768
568413455712
310715417952
585593324896
569755634320
312057596560
586935503504
294878053728
569755960672
312057922912
586935829856
586667132320
568347461984
310649424224
585527331168
294543296864
569421203808
311723166048
586601072992
293737990496
568615897440
310917859680
293804049824
568681956768
310983919008
293469555344
568347462288
310649424528
293536663888
568414570832
310716533072
585594440016
293805099344
568683006288
310984968528
585862875472
294811928224
569689835168
311991797408
586869704352
310984116832
585862023776
293469489568
568347396512
310649358752
585527265696
294543231392
569421138336
311723100576
586601007520
293737925024
568615831968
294878840416
569756747360
312058709600
586936616544
569688853088
311990815328
586868722272
312058905952
586936812896
293469554064
568347461008
310649423248
585527330192
294543295888
569421202832
311723165072
586601072016
293737989520
310917858704
294609291856
569487198800
311789161040
586667067984
293803985488
568681892432
310983854672
585861761616
294877727312
569755634256
293805360480
568683267424
310985229664
569756681568
585863136608
294610405712
569488312656
311790274896
586668181840
586936617296
294878841168
569756748112
312058710352
568615897424
310917859664
293468506704
568346413648
310648375888
585526282832
294542248528
569420155472
311722117712
586600024656
293736942160
568615897680
311991600480
586869507424
294610666912
569488573856
311790536096
586668443040
585593324944
294609290640
569487197584
311789159824
586667066768
293803984272
568681891216
294609552784
569487459728
311789421968
294879037072
569756944016
312058906256
586936813200
293468767648
568346674592
310648636832
585526543776
294542509472
569420416416
311722378656
294543295824
569421202768
311723165008
586601071952
293737989456
568615896400
310917858640
585795765584
294811731280
569689638224
585863072160
293536860832
568414767776
310716730016
585594636960
294610602656
294878054992
569755961936
569488509600
311790471840
586668378784
293468506720
568346413664
310648375904
585526282848
294542248544
569420155488
311722117728
586600024672
293469817488
568347724432
310649686672
585527593616
294543559312
569421466256
311723428496
586601335440
293738252944
568616159888
293736875424
568614782368
310916744608
585794651552
294810617248
569688524192
311990486432
586868393376
293535548832
568413455776
293535876512
568413783456
310715745696
585593652640
294609618336
569487525280
311789487520
586667394464
293804311968
568682218912
293469751712
568347658656
310649620896
585527527840
294543493536
569421400480
311723362720
586601269664
293738187168
568616094112
293468440144
568346347088
310648309328
585526216272
294542181968
569420088912
311722051152
586599958096
293736875600
568614782544
293804247392
568682154336
310984116576
585862023520
569689639568
311991601808
586869508752
293536860768
568413718112
310715680352
585593587296
568414767712
310716729952
585594636896
294610602592
569488509536
311790471776
569487460768
311789423008
586667329952
294610667856
293805361488
568683268432
311790537040
586668443984
310985230672
585863137616
294879103312
569757010256
312058972496
293469555360
568347462304
310649424544
585527331488
294543297184
569421204128
311723166368
585794718288
294810683984
569688590928
311990553168
586868460112
293535876448
568413783392
310715745632
585593652576
294609618272
569487525216
311789487456
586667394400
293804311904
294879102368
569757009312
312058971552
586936878496
293804313248
568682220192
310984182432
585862089376
586868655440
310649620128
585527527072
294543492768
569421399712
311723361952
586601268896
293738186400
568616093344
310918055584
585795962528
294877727120
569755634064
312057596304
586935503248
293536859792
568414766736
310716728976
585594635920
294610601616
569488508560
311790470800
586668377744
293805295248
568683202192
293468506768
568346413712
310648375952
585526282896
294542248592
569420155536
311722117776
586600024720
293736942224
568614849168
293803985296
293468702032
294610666832
569488573776
311790536016
586668442960
585527592272
294543557968
569421464912
311723427152
293805360464
293469555040
293468439904
568346346848
310648309088
585526216032
294542181728
569420088672
311722050912
586599957856
293736875360
568614782304
293536860576
568414767520
310716729760
310918122144
585796029088
294811994784
569689901728
311991863968
586869770912
294610404752
569488311696
311991600528
586869507472
294811731344
294878840208
569756747152
312058709392
586936616336
311790273936
293468506784
568346413728
310648375968
293536926352
568414833296
310716795536
585594702480
294610668176
569488575120
311790537360
586668444304
293805361808
568683268752
293805098384
568683005328
310984967568
585862874512
294810944912
569688851856
311991534992
586869441936
310716466576
310715418000
310918055520
293468439968
568346346912
310648309152
585526216096
294542181792
569420088736
311722050976
586599957920
568683202128
310985164368
585863071312
293536859728
568414766672
310716728912
585594635856
294610601552
569488508496
311790470736
310984903056
585862810000
293804246624
568682153568
310984115808
585862022752
312058643808
586936550752
311789226400
294877989280
569755896224
312057858464
586935765408
586667133344
586668377680
293469817504
568347724448
310649686688
585527593632
294543559328
569421466272
311723428512
586601335456
293738252960
568616159904
293803985232
568681892176
569487198544
311789160784
586667067728
293535549776
568413456720
310715418960
585593325904
294609291600
311790536032
586668442976
293804049760
568681956704
310983918944
585861825888
310918122080
585796029024
294811994720
569689901664
311991863904
586869770848
294879103632
569757010576
312058972816
586936879760
293536926288
294879103568
569757010512
310716795472
585594702416
310916811152
585794718096
294810683792
569688590736
311990552976
586868459920
293535615376
568413522320
310715484560
585593391504
294811928160
569689835104
311991797344
586869704288
294878775968
569756682912
312058645152
586936552096
310648309136
585526216080
294542181776
569420088720
311722050960
586599957904
293736875408
568614782352
294609356192
569487263136
311789225376
293804312160
568682219104
293469488720
568347395664
310649357904
585527264848
294543230544
569421137488
311723099728
586601006672
293737924176
568615831120
294811731296
569689638240
310918121104
585796028048
294811993744
569689900688
311991862928
586869769872
293469817184
568347724128
310649686368
585527593312
294543559008
569421465952
311723428192
293468440160
293805296032
568683202976
310985165216
293469816208
568347723152
310649685392
585527592336
294543558032
569421464976
311723427216
586601334160
293738251664
310984115600
585862022544
293468440208
568346347152
310648309392
585526216336
294542182032
569420088976
311722051216
586599958160
293736875664
568614782608
293468440224
568346347168
310648309408
585526216352
294542182048
569420088992
311722051232
586599958176
293736875680
568614782624
585526216016
294542181712
310648309072
569420088656
311722050896
311990486352
586868393296
586599957840
293736875344
568614782288
294610666848
569488573792
294879037008
569756943952
312058906192
586936813136
294811927952
569689834896
311991797136
586869704080
310984902288
585862809232
293737138832
568615045776
310917008016
585794914960
294543558224
569421465168
311723427408
586601334352
294811993680
569689900624
311991862864
586869769808
568347723344
310649685584
293536860512
568414767456
310716729696
585594636640
294877988512
569755895456
312057857696
293469554080
568347461024
310649423264
585527330208
294543295904
569421202848
311723165088
586601072032
293737989536
568615896480
586935764640
293468768656
568346675600
310648637840
585526544784
294542510480
569420417424
311722379664
586600286608
293737204112
568615111056
568614848848
310916811088
585794718032
294810683728
569688590672
311990552912
586868459856
293468506448
568346413392
310648375632
294877791648
569755698592
312057660832
586935567776
310649619872
585527526816
294543492512
310984116624
585862023568
569421399456
311723361696
586601268640
293738186144
568616093088
569755633312
294879036816
569756943760
293536859536
568414766480
310716728720
312058906000
568414505296
310716467536
585594374480
311789422944
586667329888
310985164448
585863071392
293738252704
568616159648
310918121888
585796028832
294811994528
569689901472
311991863712
569420155296
311722117536
586600024480
293736941984
568614848928
310916811168
585794718112
294810683808
569688590752
311990552992
293536926096
568414833040
310716795280
585594702224
294610667920
569488574864
311790537104
586668444048
293805361552
568683268496
310917793360
585795700304
294811666000
569689572944
311991535184
586869442128
293536597584
568414504528
310716466768
293469750864
310918055264
585795962208
294811927904
569689834848
311991797088
586869704032
586935503184
294877727056
569755634000
312057596240
585527592528
310916744528
585794651472
293805294928
568683201872
310985164112
585863071056
294879036752
311790470480
293536859472
568414766416
310716728656
585594635600
586667395744
293536597664
568414504608
310716466848
585594373792
294610339488
569488246432
311790208672
586668115616
293805033120
568682940064
310715484768
585593391712
293469816224
568347723168
310649685408
585527592352
294543558048
569421464992
311723427232
586601334176
293738251680
568346347104
310648309344
585526216288
294542181984
569420088928
311722051168
586599958112
293736875616
568614782560
310916744800
293535812240
568413719184
310715681424
585593588368
294609554064
569487461008
311789423248
586667330192
293804247696
568682154640
586601335136
293738252640
568616159584
310918121824
585796028768
294811994464
569689901408
311991863648
586869770592
310984181344
585862088288
586936879776
312057662096
586935569040
569488574800
586936879440
312058644832
586936551776
293536664224
568414571168
310716533408
585594440352
294610406048
569488312992
311790275232
586668182176
293805099680
568683006624
569756748448
310984182160
585862089104
294877989216
569755896160
312057858400
586935765344
293536597600
568414504544
310716466784
585594373728
294610339424
569488246368
311790208608
312057924000
568616158608
310918120848
585796027792
294811993488
569689900432
311991862672
586869769616
310917007968
585794914912
294810880608
569688787552
311990749792
293468768672
568346675616
310648637856
585526544800
293804247632
568682154576
294609554000
569487460944
311789423184
586667330128
310984116816
294877989456
569755896400
312057858640
294609552992
569487459936
311789422176
586667329120
568682220128
585526282576
310984968848
585862875792
294878775904
569756682848
312058645088
586936552032
293536664160
586667132256
568414571104
310716533344
585594440288
294610405984
569488312928
294879102304
569757009248
311790275168
310917006992
585794913936
294810879632
569688786576
311990748816
586868655760
568615110304
310917072544
585794979488
310916744848
585794651792
294810617488
569688524432
311990486672
586868393616
293535549072
568413456016
310715418256
585593325200
569689900368
311991862608
586869769552
293805295968
568683202912
310985165152
585863072096
294543230624
569421137568
311723099808
586601006752
586601072288
293737989792
568615896736
310917858976
585795765920
312057595552
586935502496
294811731616
569689638560
311991600800
310918121808
585796028752
294811994448
569689901392
311991863632
586869770576
293536926032
568414832976
310716795216
585594702160
293536663184
568414570128
310716532368
585594439312
310916744864
585794651808
293468440928
310917073552
585794980496
294810946192
569688853136
311990815376
586868722320
568346347872
310648310112
585526217056
294610602400
569488509344
311790471584
293468702288
568346609232
310648571472
585526478416
294542444112
569420351056
311722313296
586600220240
293737137744
568615044688
293468440976
568346347920
310648310160
585526217104
294542182800
569420089744
311722051984
586599958928
310985231008
585863137952
293468440992
568346347936
310648310176
585526217120
294542182816
569420089760
311722052000
586599958944
293736876448
568614783392
294878775696
569756682640
312058644880
586936551824
293804312208
568682219152
310984181392
585862088336
294877988448
569755895392
312057857632
586935764576
585861760672
293469554272
568347461216
310649423456
585527330400
294543296096
569421203040
311723165280
586601072224
293737989728
568615896672
293736941904
294542445200
569420352144
311722314384
586600221328
293536663120
294610404944
569488311888
311790274128
586668181072
310984967760
585862874704
294878840400
569756747344
568414570064
569420417616
311722379856
586600286800
293737204304
568615111248
569688853072
311990815312
586868722256
294877791584
569755698528
312057660768
586935567712
293469555088
568347462032
310649424272
585527331216
294543296912
569421203856
311723166096
586601073040
293737990544
568615897488
294811666080
569689573024
311991535264
586869442208
293536597408
568414504352
310716466592
585594373536
294610339232
569488246176
311790208416
586668115360
293805032864
568682939808
310917007776
585794914720
294810880416
569688787360
311990749600
586868656544
310715746896
585593653840
312058972752
294610340432
569488247376
311790209616
586668116560
586936879696
311990749776
586868656720
293535811984
568413718928
310715681168
585593588112
294609553808
569487460752
311789422992
310985164384
293468441184
568346348128
310648310368
585526217312
294542183008
569420089952
311722052192
586599959136
310918055328
585795962272
294879037856
585861826144
312058710688
586936617632
293468441232
568346348176
310648310416
585526217360
294542183056
569420090000
311722052240
586599959184
293736876688
568614783632
568683005280
310984967520
293536663968
568414570912
310716533152
585594440096
294610405792
569488312736
311790274976
586668181920
293468441248
568346348192
310648310432
585526217376
294542183072
569420090016
568683267408
294879102288
569757009232
312058971472
586936878416
310985229648
585863136592
293469816144
568347723088
310649685328
293536597344
568414504288
310716466528
585594373472
294610339168
569488246112
312057661856
586935568800
310917007712
585794914656
294810880352
569688787296
311990749536
586868656480
310984182368
585862089312
294878774928
569756681872
312058644112
586936551056
294810880656
569688787600
311990749840
586868656784
293535811920
568413718864
310715681104
585593588048
311789422928
586667329872
293804247376
568682154320
310984116560
585862023504
312058971488
586936878432
586667068064
293803985568
568681892512
310983854752
585861761696
294877727392
569755634336
312057596576
586935503520
293468505440
568346412384
310648374624
585526281568
294542247264
569420154208
311722116448
586600023392
293469817232
568347724176
310649686416
585527593360
294543559056
569421466000
311723428240
586601335184
293738252688
568616159632
293536663904
568414570848
310716533088
585594440032
294610405728
569488312672
311790274912
569756747104
586668181856
293805099360
311990748560
586868655504
586600220048
293737137552
568615044496
310917006736
585794913680
310984967584
585862874528
310983854432
585861761376
310917858720
585795765664
294811731360
569689638304
311991600544
586869507488
586668180880
293536662928
568414569872
310716532112
585594439056
568681892448
310983854688
585861761632
294877727328
569755634272
312057596512
586935503456
294879037088
310917073296
585794980240
294810945936
569688852880
311990815120
586868722064
293469555104
568347462048
310649424288
585527331232
294543296928
569421203872
311723166112
586601073056
293737990560
568615897504
294878055008
569755961952
312057924192
586935831136
585794913616
568346608976
310648571216
585526478160
294542443856
569420350800
311722313040
586600219984
293737137488
311990748496
586869442912
294878840224
569756747168
312058709408
586936616352
311990815136
586868722080
293804051104
568681958048
310983920288
585861827232
312057595536
586935502480
293468505488
568346412432
310648374672
585526281616
294542247312
569420154256
311722116496
586600023440
293736940944
569689638288
311723165024
586601071968
293737989472
568615896416
310917858656
585795765600
568413455952
310715418192
585593325136
294609290832
569487197776
311789160016
586667066960
293803984464
568681891408
310983853648
293536662864
568414569808
310716532048
585594438992
294610404688
569488311632
311790273872
586668180816
293805098320
294810945872
569688852816
311990815056
586868722000
294610602336
569488509280
311790471520
586668378464
311991601824
586869508768
310916811424
585794718368
294810684064
569688591008
311990553248
586868460192
293468505504
568346412448
310648374688
585526281632
294542247328
569420154272
311722116512
586600023456
293736940960
568614847904
294609357456
569487264400
311789226640
586667133584
293804051088
568681958032
310983920272
585861827216
294877792912
569755699856
312057857376
586935764320
569756682576
312058644816
586936551760
569488574048
294878054800
585861760592
294877726288
569755633232
312057595472
586935502416
293535549008
569755961744
312057923984
586935830928
293469817248
568347724192
310649686432
585527593376
569487525472
586667394704
294543559072
569421466016
311723428256
586601335200
294542248272
569420155216
311722117456
586600024400
294878841488
569756748432
312058710672
586936617616
293535615568
568413522512
310715484752
293804051024
568681957968
585593391696
310983920208
585861827152
586935830944
294810945184
569688852128
311990814368
586868721312
293536859808
568414766752
310716728992
585594635936
294610601632
569488508576
311790470816
586668377760
293805295264
568683202208
310983920224
585861827168
294609552976
569487459920
311789422160
586667329104
310917006928
585794913872
294810879568
569688786512
311990748752
586868655696
310985230736
585863137680
294879037792
569756944736
312058906976
586936813920
312058709344
586936616288
293803985312
568681892256
310983854496
585861761440
294877727136
569755634080
312057596320
586935503264
293805033888
568682940832
310984903072
585862810016
293536926368
568414833312
310716795552
585594702496
294610668192
569488575136
311790537376
586668444320
293805361824
568683268768
293536859744
568414766688
310716728928
585594635872
294610601568
569488508512
311790470752
586668377696
293805295200
568683202144
568413522528
294879103648
569757010592
312058972832
585794651744
294810617440
569688524384
311990486624
586868393568
293535549024
568413455968
310715418208
294878054032
569755960976
312057923216
586935830160
569689572752
569420154448
311722116688
586600023632
293736941136
568614848080
310916810320
585794717264
294810682960
569688589904
311990552144
311789160800
586667067744
293803985248
568681892192
310984968608
585862875552
294877726368
293536926304
568414833248
310716795488
585594702432
294610668128
569488575072
311790537312
586668444256
293805361760
568683268704
310984115616
585862022560
310983853456
585861760400
294877726096
569755633040
312057595280
586935502224
586868656736
568616094288
585795963472
310918121120
585796028064
294811993760
569689900704
311991862944
586869769888
310985229968
585863136912
294879037024
569756943968
312058906208
586936813152
293536925328
568414832272
310716794512
585594701456
294610667152
569488574096
311790536336
586668443280
293805360784
568683267728
294811927968
569689834912
311991797152
586869704096
310984902304
585862809248
310917008032
585794914976
311790536288
586668443232
586868459936
293737990480
294609357200
569487264144
311789226384
586667133328
293804050832
568681957776
310983920016
585861826960
294877792656
569755699600
294878840160
293468702304
568346609248
310648571488
585526478432
294542444128
569420351072
311722313312
586600220256
293737137760
568615044704
311789159760
586667066704
293803984208
568681891152
585593324880
293535548752
568413455696
310715417936
569487197520
586667133600
310918121056
585796028000
294811993696
569689900640
311991862880
586869769824
585862810272
585863136848
294879102544
569757009488
312058971728
586936878672
294610667088
569488574032
569756944032
585794718048
294810683744
569688590688
311990552928
586868459088
586868459872
585593653664
294878055072
569755962016
310984116880
585862023824
569755699536
312057661776
586935568720
293535615312
568413522256
310715484496
310917794448
585795701392
294811667088
569689574032
311991536272
586869443216
293536859552
568414766496
310716728736
585594635680
294610601376
569488508320
311790470560
586668377504
294877727072
569755634016
312057596256
586935503200
586868458896
568614847888
310916810128
585794717072
294810682768
569688589712
311990551952
293536926112
568414833056
310716795296
585594702240
312058710608
586936617552
294610667936
569488574880
311790537120
586668444064
294810945120
569688852064
293536925264
568414832208
310716794448
585594701392
294810945104
569688852048
311990814288
586868721232
293469554256
568347461200
293469489744
568347396688
293536859488
568414766432
310716728672
585594635616
586936617312
294877792928
569755699872
569688589648
311990551888
586868458832
293468505424
568346412368
310648374608
585526281552
293736940880
568614847824
310916810064
293805033824
568682940768
310984903008
585862809952
293535812256
568413719200
310715681440
585593588384
293804312992
568682219936
310984182176
585862089120
294609554080
293805033040
568682939984
310984902224
585862809168
294610339408
569488246352
311790208592
586668115536
294878774864
569756681808
293468505696
568346412640
310648374880
293536926048
568414832992
310716795232
585594702176
312058972512
586936879456
569689572688
311991534928
585593588320
294609554016
569487460960
311789423200
586667330144
294877989472
569755896416
312057858656
586935765600
293736876624
568614783568
310916745808
585794652752
294810618448
569688525392
311990487632
586868394576
293535550032
568413456976
310984115856
585862022800
294877988496
569755895440
312057857680
586935764624
293468505744
568346412688
310648374928
585526281872
294542247568
569420154512
311722116752
586600023696
293736941200
568614848144
310918055504
585795962448
294811928144
569689835088
311991797328
586869704272
585594439328
294610405024
569488311968
311790274208
586668181152
293468505760
568346412704
310648374944
585526281888
294542247584
586601006688
293737924192
568615831136
586668115552
294878774880
569756681824
312058644064
586936551008
585862023760
586935765584
293737138768
568615045712
310917007952
585794914896
294810880592
310984967776
585862874720
293468768864
568346675808
310648638048
293737924944
568615831888
310917794128
585795701072
294811666768
569689573712
311991535952
294543231312
569421138256
311723100496
293468767888
568346674832
310648637072
585526544016
294542509712
569420416656
311722378896
586600285840
293737203344
568615110288
293736876640
568614783584
310916745824
585794652768
294810618464
569688525408
311990487648
586868394592
293535550048
293469750880
568347657824
310649620064
585527527008
294543492704
569421399648
311723361888
586601268832
293738186336
568616093280
310918122064
293738187424
568616094368
293468702112
568346609056
310648571296
585526478240
294542443936
569420350880
311722313120
586600220064
293737137568
568615044512
568346610272
310648572512
585526479456
294542445152
569420352096
311722314336
586600221280
293737138784
568615045728
310715681376
293468702352
568346609296
310648571536
585526478480
294542444176
569420351120
311722313360
586600220304
293737137808
568615044752
293737137504
568615044448
310984115536
293535549088
568615044432
310917006672
569487459664
311789421904
586667328848
293804246352
568682153296
294609290912
569487197856
311789160096
586667067040
293803984544
568681891488
310983853728
294810617504
569688524448
311990486688
294543493776
569421400720
311723362960
586601269904
293738187408
568616094352
568681956944
310983919184
585861826128
293468505680
568346412624
310648374864
585526281808
294542247504
293535614544
568413521488
294877726048
569755632992
312057595232
586935502176
310649358928
585527265872
294811667024
569689573968
311991536208
294878775888
569756682832
312058645072
586936552016
586869443152
294811929168
569689836112
311991798352
586869705296
293468702368
568346609312
310648571552
585526478496
294542444192
569420351136
311722313376
586600220320
293737137824
568615044768
293468767568
568346674512
310917794384
585795701328
310916810400
585794717344
294810683040
569688589984
311990552224
586868459168
294877791888
569755698832
293535614608
568413521552
310715483792
585593390736
294878053968
569755960912
312057923152
586935830096
568346674768
310648637008
585526543952
294542509648
293535876688
568413783632
294877988192
569755895136
293468702048
568346608992
310648571232
585526478176
294542443872
569420350816
311722313056
586600220000
310716729936
585594636880
310916810336
585794717280
294810682976
310918056528
293469751888
568347658832
310649621072
585527528016
294543493712
569421400656
311723362896
586601269840
293738187344
310715483728
294609356368
569487263312
311789225552
586667132496
294877791824
569755698768
312057661008
586935567952
569688589920
311990552160
586868459104
585526281824
294542247520
569420154464
311722116704
586600023648
293736941152
568614848096
294543493792
569421400736
311723362976
586601269920
312057595296
586935502240
310715418016
585593324960
311790536352
586668443296
293469489760
568347396704
310649358944
585527265888
294543231584
569421138528
311723100768
586601007712
293737925216
568615832160
293469488784
568347395728
310649357968
585527264912
294543230608
569421137552
311723099792
586601006736
293737924240
568615831184
294877792672
569755699616
293805296208
568683203152
310985165392
585863072336
294879102560
569757009504
312058971744
586936878688
293468703056
568346610000
310648572240
585526479184
294542444880
569420351824
311722314064
586600221008
293737138512
568615045456
293535876704
568413783648
310715745888
585593652832
311990814304
586868721248
294609618528
293468767840
568346674784
310648637024
586869441872
310716466512
585594373456
294609291920
569487198864
311789161104
586667068048
293803985552
568681892496
310983854736
585861761680
294877727376
293469751632
568347658576
310649620816
585527527760
294543493456
569421400400
311789226336
586667133280
294877792608
569755699552
312057661792
586935568736
585795701408
294811667104
293469489824
568347396768
310649359008
585527265952
569689574048
311991536288
586869443232
294609553760
569487460704
294878775648
569756682592
294542182752
569420089696
311722051936
586599958880
293736876384
568614783328
310984903312
585862810256
294878775952
569756682896
312058645136
586936552080
293469751904
568347658848
310649621088
585527528032
294543493728
569421400672
311723362912
586601269856
293738187360
586869705312
293469750928
568347657872
310649620112
585527527056
294543492752
569421399696
311723361936
586601268880
293738186384
568616093328
310983854416
585861761360
293736876368
568614783312
310916745552
585794652496
294810618192
569688525136
311990487376
586868394320
293804311888
568682218832
310917794400
585795701344
294811667040
569689573984
311991536224
586869443168
293536598608
568414505552
310716467792
585594374736
293805034064
568682941008
310984903248
585862810192
586668377424
569756943696
312058905936
586936812880
293469750608
568347657552
310649619792
585527526736
293738186064
294811927888
293469488800
568347395744
310649357984
585527264928
294609356112
569487263056
311789225296
586667132240
585593390416
310917793424
585795700368
294811666064
569689573008
311991535248
586869442192
294543231568
311991536016
586869442960
312058907024
586936813968
294543493520
569421400464
311723362704
586601269648
293738187152
568616094096
310716532304
585594439248
310649423440
585527330384
294543296080
569421203024
311723165264
586601072208
293737989712
568615896656
310715681184
585593588128
294609553824
586668378528
569756944800
312058907040
586936813984
310916745632
585794652576
294810618272
294811665760
569689572704
311991534944
586869441888
293469488480
568347395424
310649357664
585527264608
294543230304
293805032800
311990749520
586868656464
294877989200
569755896144
312057858384
586935765328
569487460688
310917007696
585794914640
294810880336
293535550112
568413457056
310715419296
585593326240
294609291936
569487198880
311789161120
293535811232
568413718176
310715680416
585593587360
294609553056
569487460000
311789422240
586667329184
293804246688
568682153632
293469750944
568347657888
294609357392
569487264336
311789226576
586667133520
294877792848
569755699792
312057662032
586935568976
568614849104
310916811344
585795766864
294811732560
569689639504
311991601744
586869508688
310916745568
585794652512
294810618208
569688525152
311990487392
586868394336
293535549792
568413456736
310715418976
585593325920
312058709648
586936616592
310916744592
585794651536
294810617232
569688524176
311990486416
586868393360
293535548816
568413455760
293468439952
568346346896
311990487712
586868394656
311790536272
586668443216
293738251856
568616158800
310918121040
585796027984
293805360720
568683267664
310985229904
293469816400
311790209424
586668116368
293805033872
568682940816
293805294944
568683201888
310985164128
585863071072
294610601312
569488508256
311790470496
586668377440
294879036768
293469750624
585862023840
293468703392
568346610336
310648572576
585526479520
294542445216
569420352160
311722314400
586600221344
293737138848
293535614560
568413521504
310715483744
294879102624
569757009568
312058971808
586936878752
310917858912
585795765856
569421138272
311723100512
586601007456
293737924960
568615831904
310917794144
585795701088
294811666784
312057924176
586935831120
310917073488
585794980432
294810946128
293468768848
568346675792
310648638032
585526544976
294542510672
293805033808
568682940752
310984902992
585862809936
294878775632
293536598352
293468703072
568346610016
310648572256
585526479200
294542444896
569420351840
311722314080
586600221024
293737138528
568615045472
293737203360
293468767904
568346674848
310648637088
586667328912
293468702096
568346609040
310648571280
585526478224
294542443920
569420350864
311722313104
294810879376
569688786320
294609618576
569487525520
311789487760
585527264656
294543230352
569421137296
311723099536
586601006480
293737923984
294811665808
568615830928
310917793168
585795700112
294877792864
569755699808
312057662048
586935568992
293535615584
293804051040
568681957984
293736942176
568614849120
310916811360
586667394384
312057661072
586935568016
294609356432
569487263376
311789225616
586667132560
293804050064
568681957008
310983919248
585861826192
585526543968
294542509664
569420416608
311722378848
586600285792
293737203296
568615110240
310917072480
585794979424
294609290656
569487197600
311789159840
586667066784
293803984288
568681891232
310983853472
585861760416
294877726112
569755633056
310715745872
585593652816
569421138512
293469488464
568347395408
310649357648
294811665744
585527264592
294543230288
569421137232
293737923920
568615830864
310917793104
293536925280
568414832224
310716794464
585594701408
294610667104
293805360736
568683267680
310985229920
585863136864
293469816416
293536598672
568414505616
310716467856
585594374800
294610340496
569488247440
311790209680
586668116624
293805034128
568682941072
294609356448
569487263392
311789225632
586667132576
310916745872
585794652816
294810618512
569688525456
568682153376
311990487696
586868394640
293804049744
568681956688
310983918928
585861825872
294877791568
569755698512
312057660752
293535614288
568413521232
310715483472
293535877728
568413784672
310715746912
585593653856
294609619552
569487526496
311789488736
586667395680
293804313184
294610340176
569488247120
311790209360
586668116304
310917072528
585794979472
294810945168
569688852112
311990814352
586868721296
293535876752
568413783696
310715745936
585593652880
293535810912
568413717856
310715680096
585593587040
294609552736
569487459680
311789421920
586667328864
293804246368
569689835152
311991797392
586869704336
586868655520
293535810976
568413717920
310715680160
585593587104
294609552800
569487459744
311789421984
586667328928
293804246432
293535812176
568413719120
310715681360
585593588304
293468703312
568346610256
310648572496
585526479440
294542445136
569420352080
311991798416
586869705360
294879038096
569756945040
312058907280
586936814224
293469751952
568347658896
310649621136
585527528080
311789488480
586667395424
293804312928
568682219872
294877791904
569755698848
312057661088
585527528096
310984181072
585862088016
294810944848
569688851792
311990814032
586868720976
294878053712
569420154528
311722116768
586600023712
293736941216
568614848160
568413456992
310715419232
585593326176
294609291872
569487198816
311789161056
586667068000
293803985504
293468703328
293536860816
568414767760
310716730000
585594636944
294610602640
569488509584
311790471824
586668378768
293805296272
568683203216
586868721056
293805296016
568683202960
311789487504
586667394448
293804311952
568682218896
311723362640
586601269584
293738187088
568616094032
310918056272
585795963216
294811928912
569689835856
311991798096
586869705040
294543231648
569421138592
311723100832
586601007776
293737925280
568615832224
310917794464
568616094304
310918056544
585795963488
294811929184
569689836128
311991798368
293736940896
568614847840
310916810080
585794717024
294810682720
569688589664
311990551904
586868458848
293535614304
568413521248
294610602576
569488509520
311790471760
586668378704
294879038032
569756944976
312058907216
586936814160
293536860752
568414767696
311723100752
586601007696
294542509408
569420416352
311722378592
586600285536
293737203040
568615109984
293469555280
568347462224
310649424464
585527331408
294543297104
569421204048
311723166288
586601073232
293737990736
310917859920
569755960656
312057922896
586935829840
293535876432
568413783376
310715745616
585593652560
294609618256
569487525200
311789487440
310918055568
585795962512
294811928208
293535614624
568413521568
310715483808
585593390752
293804050080
568681957024
310983919264
585861826208
294877989520
569755896464
312057858704
586935765648
310985165456
585863072400
310918056592
585795963536
294811929232
569689836176
294878054048
569755960992
312057923232
586935830176
568682219168
585526544032
294542509728
569420416672
311722378912
586600285856
293469488528
568347395472
310649357712
311991798432
294810880672
569688787616
311990749856
586868656800
585795963552
569689836192
293804247712
568682154656
310984116896
294811929248
586869705376
293805296288
568683203232
310985165472
585863072416
310918056608
293469751968
568347658912
310649621152
294609356384
569487263328
311789225568
586667132512
585593390688
293804050016
568681956960
310983919200
294877791840
569755698784
310917072224
585794979168
294810944864
569688851808
311990814048
586868720992
293468767584
568346674528
310648636768
585526543712
293736876432
568614783376
310916745616
585794652560
294810618256
569688525200
311990487440
586868394384
293535549840
568413456784
585526217040
294542182736
569420089680
311722051920
586599958864
293468440912
568346347856
310648310096
585796029008
294610668112
569488575056
293805361744
568683268688
311790537296
586668444240
310985230928
585863137872
568414833232
293469817424
568347724368
310649686608
585527593552
294543559248
569421466192
311723428432
586601335376
293738252880
568616159824
293469751648
568347658592
310649620832
585527527776
294543493472
569421400416
311723362656
586601269600
293738187104
568616094048
586936812944
585594635664
586668377488
293805294992
568683201936
310985164176
585863071120
294610601360
569488508304
311790470544
310985165200
585863072144
293536860560
568414767504
310716729744
585594636688
294610602384
569488509328
311790471568
586668378512
293805099616
310984968800
586668182112
569756748384
585862875744
294878841440
312058710624
586936617568
293469555296
568347462240
312057661024
586935567968
293805098640
568683005584
310984967824
585862874768
294610405008
569488311952
311790274192
586668181136
294878840464
569756747408
310984902048
585862808992
294878774688
569756681632
312058643872
586936550816
293469488544
568347395488
310649357728
585527264672
293804247440
568682154384
312057858448
586935765392
586667329936
294877989264
569755896208
294609619280
569487526224
311789488464
586667395408
294878054736
569755961680
312057923920
586935830864
585795766608
294811732304
310918056288
585795963232
294811928928
569689835872
311991798112
586869705056
293805295952
568683202896
310985165136
585863072080
294610602320
569488509264
311790471504
586668378448
294879037776
569756944720
293536598688
568414505632
310716467872
585594374816
294610340512
569488247456
311790209696
586668116640
293805034144
311991600464
586869507408
585527330128
310984182112
585862089056
293737204064
568615111008
310917073248
585794980192
294810945888
569688852832
311990815072
586868722016
310916811408
585794718352
294810684048
569688590992
311990553232
586868460176
293535615632
568413522576
310715484816
585593391760
293469750672
568347657616
310649619856
585527526800
294543492496
569421399440
311723361680
586601268624
293738186128
568616093072
568413521312
310715483552
569688525216
311990487456
586868394400
293535549856
568413456800
310715419040
585593325984
294609291680
569487198624
311789160864
293469817440
568347724384
310649686624
585527593568
294543559264
569421466208
311723428448
586601335392
293738252896
568616159840
294879102608
569757009552
312058971792
586936878736
293469816464
568347723408
310649685648
585527592592
294543558288
569421465232
310984903264
585862810208
293536598624
568414505568
310716467808
585594374752
294610340448
569488247392
311790209632
586668116576
294879036832
569756943776
312058906016
586936812960
293469750688
568347657632
585593391440
293804050768
568681957712
310983919952
585861826896
294609357136
569689834832
311991797072
586869704016
568616093008
310918055248
585795962192
310715483488
585593390432
294609356128
569487263072
311789225312
585593325968
312057661840
586935568784
293535877520
568413784464
310715746704
585593653648
294609619344
569487526288
311789488528
586667395472
310984967840
585862874784
586869507744
293805098656
568683005600
310984182416
585862089360
294609619360
569487526304
311789488544
586667395488
294542510496
569420417440
311722379680
586600286624
293737204128
568615111072
293536860496
568414767440
293468768592
568346675536
310648637776
585526544720
294542510416
569420417360
311722379600
294609357472
569487264416
311789226656
310649424480
585527331424
294543297120
569421204064
311723166304
586601073248
293737990752
568615897696
293536664144
568414571088
310716533328
585594440272
310716794528
585594701472
293805360800
568683267744
310985229984
585863136928
293536925344
568414832288
294610667168
569488574112
293469554320
568347461264
310649423504
585527330448
294543296144
569421203088
311723165328
586601072272
293737989776
568615896720
293535615328
568413522272
310715484512
585593391456
293804050784
568681957728
310983919968
585861826912
294609357152
569487264096
312057660816
586935567760
293536925024
568414831968
310716794208
585594701152
294811993440
569689900384
311991862624
586869769568
293535877792
568413784736
310715746976
585593653920
294609619616
569487526560
311789488800
293536598416
568414505360
310716467600
585594374544
294610340240
569488247184
310984181408
585862088352
294543230368
569421137312
311723099552
586601006496
293737924000
568615830944
293805032848
312058643856
586936550800
311790208400
294610339216
569488246160
586668115344
293468703120
568346610064
310648572304
585526479248
294542444944
569420351888
311722314128
294878054752
569755961696
312057923936
586935830880
293535877472
568413784416
310715746656
585593653600
294609619296
569487526240
294878053776
569755960720
312057922960
586935829904
293535876496
568413783440
310715745680
585593652624
294609618320
569487525264
312058710416
586936617360
311789487712
586667394656
294878053984
569755960928
312057923168
586935830112
586935502160
568346346832
585862022480
294877988176
586935764304
294609552720
569755895120
312057857360
294810879312
569688786256
310918056336
585795963280
294811928976
569689835920
294610339152
569488246096
311790208336
586668115280
311991798160
586869705104
311722052256
586599959200
293736876704
568614783648
310916745888
585794652832
294810618528
569688525472
585861825952
311990551968
586868458912
293535614368
586868655456
585795700064
294609290592
569487197536
311789159776
586667066720
293803984224
568681891168
310983853408
585861760352
293535550096
568413457040
310715419280
585593326224
294811732320
569689639264
311991601504
586869508448
310917794208
585795701152
294811666848
569689573792
311991536032
586869442976
312057596496
586935503440
569689639248
311991601488
586869508432
293469555024
568347461968
310649424208
585527331152
294543296848
569487526480
310984182352
293804313168
568682220112
294609619536
585862089296
311789488720
568413784656
586667395664
293535877712
294877988240
569755895184
312057857424
586935764368
293535810960
568413717904
310715680144
585593587088
293804246416
568682153360
310984181152
585862088096
586600285600
293737203104
568615110048
310917072288
585794979232
294810944928
569688851872
311990814112
294609291664
569487198608
311789160848
586667067792
293469554000
568347460944
310649423184
294879038112
569756945056
312058907296
586936814240
585526544992
294542510688
569420417632
311722379872
586600286816
293737204320
568615111264
310917073504
585794980448
294810946144
310918122128
585796029072
294811994768
569689901712
311991863952
586869770896
586935764384
293805295008
568683201952
310985164192
585863071136
310917006752
585794913696
294810879392
569688786336
311990748576
310918056352
585795963296
294811928992
569689835936
311991798176
586869705120
585594636704
310985165408
585863072352
293805296224
568683203168
294878841504
293805034080
568682941024
568682218848
310984181088
585862088032
585527331472
294543297168
569421204112
311723166352
586601073296
293737990800
568615897744
310917859984
585795766928
294811732624
310715419024
294610601296
569488508240
310983853392
585861760336
294877726032
569755632976
312057595216
294609290576
294810617168
569688524112
585795766624
568682153312
310984115552
585862022496
310918120800
585796027744
310917006688
585794913632
294810879328
569688786272
311990748512
585795765648
568615896464
568615111328
310917073568
585794980512
294810946208
312057662112
586935569056
293535615648
568413522592
310715484832
585593391776
293536925072
568414832016
310716794256
585594701200
294610666896
569488573840
311790536080
586668443024
293805360528
568683267472
312058906960
586936813904
568616158624
310918120864
585796027808
294811993504
569689900448
311991862688
586869769632
294877988256
569755895200
312057857440
568616158864
568347657808
310649620048
585527526992
294543492688
569421399632
311723361872
586601268816
293738186320
568616093264
293805295184
311723427472
586601334416
293738251920
310985230688
569755633248
312057595488
586935502432
293805033056
568682940000
310984902240
585862809184
310917006944
585794913888
294810879584
310985229712
585863136656
294879102352
569757009296
312058971536
586936878480
293535811216
568413718160
310715680400
585593587344
294609553040
569487459984
311789422224
586667329168
293804246672
568682153616
586935568032
310917007008
585794913952
294810879648
569688786592
311990748832
586868655776
293536663200
568414570144
310716532384
293469489504
568347396448
310649358688
585527265632
293804312976
568682219920
568681957792
585593391520
293535615392
568413522336
310715484576
310983920032
585861826976
293804050848
294609357216
569487264160
293535811152
568413718096
310715680336
585593587280
294877988432
569755895376
312057857616
586935764560
293804246608
568682153552
568347657568
310649619808
585527526752
294543492448
569421399392
311723361632
568615045792
293536925088
568414832032
310716794272
585594701216
569688786528
311990748768
586868655712
293469488736
568347395680
310649357920
585527264864
294543230560
569421137504
311723099744
310917073312
585794980256
294810945952
569688852896
294878054816
569755961760
293535877536
568413784480
310715746720
294609290896
569487197840
311789160080
586667067024
293803984528
568681891472
310983853712
585861760656
294877726352
569755633296
569421203792
311723166032
586601072976
293469489488
568347396432
310649358672
585527265616
586869442896
586601007440
294878774944
569756681888
312058644128
586936551072
568413456032
310715418272
585593325216
294610667872
569488574816
311790537056
586668444000
293805361504
568683268448
293535811936
568413718880
310715681120
585593588064
294879037840
569756944784
294879103376
569757010320
312058972560
586936879504
310917794192
585795701136
294811666832
569689573776
569488247200
311790209440
586668116384
586869770656
294878775712
569756682656
312058644896
586936551840
293535812000
568413718944
294811731552
569689638496
311991600736
586869507680
293805098576
568683005520
312058709584
586936616528
310984968592
585862875536
294878841232
569756748176
310917859728
585795766672
294811732368
569689639312
311991601552
586869508496
310715419216
585593326160
293468441168
568346348112
310648310352
585526217296
294542182992
569420089936
311722052176
586599959120
294879103584
569757010528
312058972768
586936879712
293535812192
568413719136
294609357408
569487264352
311789226592
586667133536
293535877776
568413784720
310715746960
585593653904
294609619600
569487526544
311789488784
586667395728
293804313232
568682220176
310984968864
585862875808
312057924256
586935831200
585526545056
294542510752
569420417696
311722379936
586600286880
293737204384
310648636752
585526543696
294542509392
569420416336
311722378576
586600285520
293737203024
568615109968
310917072208
585794979152
568682939744
310984901984
585862808928
294543231328
311790208352
586668115296
294609553744
293536662880
568414569824
310716532064
585594439008
294610404704
569488311648
311790273888
586668180832
293805098336
585862874464
310918121872
585796028816
294811994512
569689901456
311991863696
586869770640
568683006304
310984968544
585862875488
293805099424
568683006368
294878841248
569756748192
569689573728
311991535968
586868393632
310917072272
585794979216
311990814096
586868721040
310984181136
585862088080
311789225360
586667132304
294877791632
569755698576
310916744784
585794651728
310984967504
585862874448
294878840144
569756747088
312058709328
586936616272
586600286544
293737204048
568615110992
293536662944
568414569888
310716532128
585594439072
294610404768
569488311712
311790273952
586668180896
293805098400
568683005344
293804312144
568682219088
310984181328
585862088272
585795700048
293805361568
568683268512
310985230752
585863137696
294879103392
569757010336
312058972576
586936879520
585794718304
294810684000
569688590944
311990553184
586868460128
312058906272
586936813216
310984115792
585862022736
293738186080
568616093024
310916810384
585794717328
294810683024
569688589968
311990552208
586868459152
586667067808
585863071328
585593325152
294609290848
569487197792
311789160032
586667066976
293803984480
568681891424
310983853664
585861760608
294877726304
294609291616
569487198560
293535811168
568347723360
310649685600
585527592544
294543558240
569421465184
311723427424
586601334368
293738251872
568616158816
293468506464
568346413408
310648375648
569487264080
311789226320
586667133264
294877792592
293469489808
568347396752
310649358992
585527265936
294543231632
569421138576
311723100816
586601007760
293737925264
568615832208
294609618512
569487525456
311789487696
586667394640
311723099472
586601006416
293737203280
568615110224
310917072464
585794979408
293468767824
569420416592
311722378832
586600285776
585593390672
293804050000
293737925200
568615832144
294542247248
569420154192
311722116432
586600023376
585794717008
294810682704
569487461024
311789423264
586667330208
294877989536
569755896480
312057858720
586935765664
293536663136
568414570080
310716532320
585594439264
294610404960
569488311904
311790274144
586668181088
293805098592
568683005536
585863137632
586601268576
294879103328
569757010272
