2241096257
2241096258
1235626529
2241108545
2241108546
2241112641
2241112642
2324990277
2324990278
2324990281
2324990282
2324990341
2324990342
2324990345
2241210641
2241210642
2241464869
2241464870
2241464873
2241464874
2308196682
2308196741
2308196742
2308196745
2308196746
2324973893
2324973894
2324973897
1234508049
1234508050
1234512145
1234512146
1234573585
1234573586
1234577681
1234577682
1251236161
1251236162
2236893829
2236893830
2236893833
2236893834
2308458821
2308458822
1234737794
1234741889
1234741890
2308458825
2308458826
2308458885
2308458886
2237958533
2237958534
2237958537
2237958538
2241104517
2241104518
2241104521
2241104522
1234839842
2241358209
2241358210
2241370497
2241370498
2241374593
2241374594
2241399077
2241399078
2241399081
2241399082
2324982401
2324982402
2324994689
2324994690
2257864265
2257864266
2257864325
2257864326
2257864329
2257864330
2242157185
2308573717
2308573718
2308573721
2308573722
2308573733
2308573734
2308573737
2308573738
2308213317
2308213318
2308213321
2304002377
2304002378
2304002437
2304002438
2304002441
2304002442
2308245781
2308245782
2308245785
2308245786
2309253762
1252284801
1252284802
1252288897
1252288898
1252297093
1234454085
1234454086
1234454089
1230264641
1230264642
1230268737
1230268738
1230281025
1231309125
1231309126
1231309129
1231309130
1231309189
2309368354
1184138822
1184138825
1184138826
1184138885
1184138886
1184138889
1184138890
1167362629
1167362630
1167362633
1235556881
1235556882
1235560977
1235560978
1235622417
1235622418
1235626513
1235626514
2242140737
2242140738
2242144833
2242144834
2242157121
2242157122
2242161217
2242161218
2242136709
2242136710
2242136713
2242136714
2242136389
2242136390
2242136393
2242136394
2242136453
2242136454
2242136457
2242136458
1167395109
1167395110
1167395113
1167395114
1234766101
1234766102
1234766105
1234766106
1230523013
1230523014
2308512273
2308512274
2308516369
2308516370
2308577809
2308577810
2236892485
2236892486
2236892489
2236892490
2236892549
2236892550
2236892553
2236892554
2241090881
2241090882
1251494469
1251494470
1251494473
1251494474
1251494533
1251494534
1251494537
1251494538
1235520069
1235520070
2242251285
2242251286
2242251289
1163167365
1163167366
1163167369
1163167370
1167459861
1167459862
1167459865
1167459866
1167459877
1167459878
2326026881
2326026882
2326030977
2326030978
2257865285
2257865286
2257865289
2257865290
2257865349
2257865350
2257865353
1167607366
1167607369
1167607370
1167607429
1167607430
1167345221
1167345222
1167345225
1167345226
1167345285
2242161281
2241086789
2241086790
2241086793
2241086794
2241086853
2241086854
2241086857
2241086858
2257864005
2257864006
2324998722
2258143881
2238204485
2238204486
2238204489
2238204490
2238204549
2238204550
2238204553
2238204554
2241141281
2241141282
2241145377
2241145378
2241206817
2241206818
2241210913
2241210914
2257869441
1234716229
1234716230
1234716233
1234716234
1234716293
1234716294
1234716297
1234716298
1251493445
1251493446
2304268865
2304268866
2304272961
1168411205
1168411206
1168411209
1168411210
2304272962
2304285249
2304285250
2258131521
2258131522
2258135617
2258135618
2258147905
2258147906
2258152001
2258152002
2241104458
2257885825
2309524037
2309524038
2309524041
2309524042
2309524101
2309524102
2309524105
2309524106
1163430281
1163430282
2236897921
2236897922
2236902017
2236902018
1231313281
1231313282
1231317377
1231317378
1234724482
1234736769
1234736770
1234740865
1234740866
1235618325
2236896641
2236896642
2236900737
2236900738
2236908933
2236908934
2236908937
2236908938
2241090945
2241090946
2308195909
1230260549
1230260550
1230260553
1230260554
1230260613
2308195910
1167361349
1167361350
1167361353
1167361354
1167361413
1167361414
1167361417
1167361418
1184126337
1235786306
1235790401
1235790402
2241103173
2241103174
2242144641
2241103177
2241103178
2241103237
2241103238
2241103241
2241103242
2257868161
2242152841
2308311318
2308311321
2308311322
2308311333
2308311334
2308311337
2308311338
2259176005
2259176006
2259176009
2259176010
2259176069
2259176070
2259176073
2259176074
2308249121
2308249122
2308253217
2308253218
2308314657
2308314658
2308318753
2308318754
2324977281
2324977282
2326301322
1234508321
1234508322
1234512417
1234512418
1234573857
1234573858
1234577953
1234577954
1251236481
1251236482
2304264581
2304264582
2304264585
2304264586
1184122438
1184122441
1184122442
1184122501
1184122502
1184122505
1184122506
1167346245
1167346246
1167346249
2308201089
2308201090
2308205185
2308205186
2308217473
2308217474
2308221569
2308221570
2324997697
2324997698
2308253986
2308315425
2308315426
2308319521
2308319522
2308458053
2308458054
2308458057
2308458058
1184401733
1184401734
1184401737
1184401738
1184401797
1184401798
1184401801
1184401802
2304019013
2304019014
2304019017
2304019018
2304019077
2304019078
2304019081
2304019082
2304009858
2304022145
2304022146
2304026241
2304026242
1235523969
1235523970
1235528065
1235528066
2308200065
2305055361
2305055362
2305059457
2305059458
2308475466
1230285441
1230285442
1231317633
1234459265
1234459266
1234463361
1234463362
1234475649
1235528321
1235528322
1163150917
1163150918
1167395369
1167395370
1163151941
1163151942
1163151945
1163151946
1163152005
1163152006
2324989513
2324989514
2324989573
2324989574
2324989577
2324989578
1168411269
1168411270
1168411273
1168411274
2308458889
2237942085
2237942086
2237942089
2237942090
2237942149
2237942150
2237942153
2237942154
2241141265
2241141266
2241145361
2241145362
2241206801
2241206802
2241210897
2241210898
2257869377
2257869378
1167616322
1167628609
1167628610
1167632705
1167632706
1184385674
1167624773
1251240513
1251240514
1251252801
1251252802
1251256897
1251256898
1167624774
1167624777
1167624778
1235626530
2308319505
2257869121
2257869122
2257873217
2257873218
2257885505
2257885506
2257889601
2257889602
1234766357
1234766358
1234766361
1234766362
1234766373
1234766374
1234766377
1234766378
1231325769
1231325770
1184123466
1234455109
1234455110
1234455113
1234455114
1234455173
1234455174
1234455177
1163430470
1234455178
2241137173
2241137174
2241137177
2241137178
2241137189
2241137190
2241137193
2241137194
2325236037
2325236038
2325236041
2325236042
2325236101
2325236102
2325236105
2325236106
2309507658
2309261637
2242251306
1251498369
1251498370
1251502465
1251502466
1251514753
1251514754
1251518849
1251518850
2236897857
2236897858
2236901953
2236901954
2236914241
2236914242
2236918337
2236918338
2241092161
2241092162
2242157186
2241358401
2241358402
2241370689
2241370690
2241374785
2241374786
2324990533
2324990534
2324990537
2324990538
2324990597
2324990598
2324990601
2324990602
2241468690
2241472785
2241472786
2308310565
2308310566
2308310569
2308310570
2324990346
2305317505
2305317506
2305321601
2305321602
2305329797
2305329798
2305329801
2305329802
2308459077
2308459078
2308459081
2308459082
2308459141
2308459142
2308459145
1168443945
1168443946
1168443925
1168443926
1168443929
1168443930
1168443941
1252284993
1252284994
1252289089
1252289090
1252301377
1252301378
1252305473
1252305474
2325240449
2325240450
2325244545
2325244546
2325256833
2258913605
2258913606
2258913609
2258913610
2258913669
2258913670
2258913673
2258913674
1167353473
1167353474
1167365761
1167365762
1167369857
1167369858
2308314641
2308314642
2308318737
2308318738
2324977217
2324977218
2324981313
2324981314
2324993601
2324993602
2326039177
2326039178
1234508305
1234508306
1234512401
1234512402
1234573841
1234573842
1234577937
1234577938
1251236417
1251236418
1234462018
1234474305
1234474306
1234478401
1234478402
1252297285
1252297286
1252297289
1252297290
1252297349
1252297350
1252297353
1252297354
2242255394
2308479297
2308479298
2308483393
2308483394
2242161282
2305071745
2305071746
2305075841
2305075842
2308475525
2308475526
2308475529
2308475530
1235765829
1235765830
1235765833
1235765834
1235765893
1235765894
1235765897
1235765898
2258143882
2242402881
2242402882
2242406977
2242406978
2242419265
2242419266
2242423361
2242423362
2242193937
2308204097
2308204098
2308216385
2308216386
2308220481
2308220482
2304264517
2304264518
2304264521
2304264522
2242136645
2242136646
1163421313
1163421314
1163429509
1163429510
1163429513
1163429514
2305059201
2305059202
2308213322
1230285377
1230285378
1231313473
1231313474
1231317569
1231317570
1231329857
1231329858
1231333953
1231333954
1167623754
1167623813
1167623814
1167623817
1167623818
1184388737
1184388738
1184392833
1184392834
1184401029
2308249889
2308249890
2308253985
2257885826
1252301442
1252305537
1252305538
2304010626
2304022913
2304022914
2304027009
2304027010
2326289025
2326289026
2326293121
2326293122
2326301317
2326301318
2326301321
1167722773
1167722774
1167722777
1167722778
1167722789
1167722790
1167722793
1167722794
1184123525
1184123526
1184123529
1184123530
1184393794
2309507717
2309507718
2309507721
2309507722
1234503962
1234503973
1234503974
1234503977
1234503978
1234503961
2308310553
2308310554
1167723045
1167723046
1167723049
1167723050
1167723029
1167723030
1163430473
1163430474
1163417217
1163417218
2304006529
2304006530
2304010625
2242144642
2242152842
1163430537
1163430533
1163430469
1234459201
1234459202
1234463297
1234463298
1234475585
1234475586
1234479681
1234479682
2324998785
2324998786
2242193938
2241096001
2241096002
2241108289
2241108290
2241112385
2241112386
2309261701
2241366341
2241366342
2241366345
2241366346
2241366405
2241366406
2241366409
2241366410
2241464601
2241464602
1230260805
1230260806
1230260809
1230260810
1230260869
1230260870
1230260873
1230260874
1184401030
1184401033
2257889922
2308507925
2308507926
2308507929
2308507930
2308507941
2308507942
2308507945
2308507946
2305055105
2305055106
1234721153
1234721154
1234725249
1234725250
1234737537
1234737538
1234741633
1234741634
2258147970
1251231365
1251231366
1251231369
1251231370
2258127242
2324978049
2324978050
2324982145
2324982146
2324994433
2324994434
2324998529
2324998530
1164204417
1164204418
1164208513
1164208514
1167366529
1167366530
1167370625
1167370626
1163154817
1163154818
1230527041
1230527042
1230531137
1230531138
2308311573
2308311574
2308311577
2308311578
2308311589
2308311590
1184401034
2308311593
2308311594
2237180226
2308458890
2242153030
1168448033
1168448034
1168452129
1168452130
1168513569
1168513570
1168517665
1168517666
2242153033
2325243522
2304264773
2304264774
2304264777
2304264778
2304264837
2304264838
2304264841
2304264842
2242255377
2242255378
2242259473
2242259474
1235507777
1235507778
1235511873
1235511874
1235524161
1235524162
1235528257
1235528258
2305067397
2305067398
2305067401
2305067402
2308213381
2308213382
2308213385
2308213386
1235503429
1235503430
1235503433
1235503434
1235503493
1235503494
1235503497
1235503498
2308463233
2242140481
2242140482
2242144577
2242144578
2242156865
2242156866
2242160961
2242160962
2309261705
2325235337
2325235338
1184401989
1184401990
1184401993
1184401994
1184402053
1184402054
1184402057
1184402058
2308319506
1184384650
1167608389
1167608390
1167608393
1167608394
1167608453
1167608454
1235618346
1235618341
1235618342
2308249873
2308249874
2308253969
1184406081
1184406082
1184410177
1184410178
1251232325
1251232326
1251232329
1251232330
1251232389
1251232390
1251232393
1251232394
1252297094
1252297097
1252297098
2309532226
2326026625
2326026626
2326030721
2326030722
2326038917
2326038918
2326038921
2326038922
1163156097
1163156098
1163160193
1163160194
1163172481
1163172482
1163176577
1163176578
1163430213
1163430214
2258142857
2237942341
2237942342
2237942345
2237942346
2237942405
2237942406
2237942409
2237942410
2309245577
2309245578
2309298705
2309298706
2309302801
2309302802
2309364241
2309364242
2309368337
2309368338
1234475330
1251502657
1251502658
1251514945
1251514946
1251519041
1251519042
1163413125
1163413126
1163413129
1163413130
1163414085
1163414086
1163414089
1163414090
1163414149
1163414150
2304006465
2304006466
2304010561
2258131265
2258131266
2258135361
2258135362
2258147649
2258147650
2258151745
2258151746
2241103430
2241103433
2241103434
2241103493
2241103494
2241103497
2241103498
2257880645
2257880646
2257880649
2309511809
2309511810
2309515905
2309515906
1167661345
1167661346
1167665441
1167665442
1167726881
1167726882
1167730977
1167730978
1184389505
1184389506
2325236293
2325236294
2325236297
2325236298
2325236357
2325236358
2325236361
2325236362
2309261893
2309261894
2236909957
2236909958
2236909961
2236909962
1163168069
1163168070
1163168073
1163168074
1163168133
1163168134
1163168137
1163168138
2241464613
2241464614
1235782278
1235782281
1235782282
1235520073
1235520074
2236909189
2236909190
2236909193
2236909194
2241201685
2241201686
2241201689
2241201690
2241201701
2241201702
1230543425
1230543426
1230547521
1230547522
1167616386
1167628673
1167628674
1164216965
1164216966
1164216969
1164216970
1168509461
1168509462
1168509465
1167398417
1167398418
1167402513
1167402514
1167463953
1167463954
1167468049
1167468050
2242251290
2242153093
2242153094
2242153097
2242153098
1252543045
1252543046
1252543049
1252543050
1252543109
1252543110
1252543113
1252543114
2237172037
2237172038
2237172041
2237172042
2237172101
2237172102
2237172105
2237172106
2258913861
2258913862
2258913865
2258913866
2258913925
2258913926
2258913929
2258913930
1167611521
2308463234
2308467329
2308467330
2257872513
2257872514
2257884801
2257884802
2257888897
2257888898
2236896897
2236896898
2236900993
2236900994
2236913281
2236913282
2236917377
1234503193
1234503194
1234503205
1234503206
1234503209
1234503210
2308200833
2308200834
2308204929
2308204930
2308217217
2308217218
2308221313
2308221314
2308245802
1234470473
1234470474
1234470533
1234470534
1234470537
1234470538
1251247685
1251247686
1251247689
1251247690
2242415237
2242259490
1167608133
1167608134
2308459146
1231309190
1231309193
1231309194
1184131713
1184131714
1184144001
1184144002
1184148097
1184148098
1234568725
1234568726
1234568729
1234568730
1230276165
1230276166
1230276169
1230277189
1230277190
1230277193
1163422081
1163422082
1168410949
1168410950
1168410953
1168410954
1167362634
1251240257
1251240258
1251252545
1251252546
1251256641
1251256642
1167362693
1167362694
1167362697
2309261702
2258143557
2258143558
2258143561
2258143562
2258143621
2258143622
2258143625
2258143626
2308250145
2308250146
2308254241
2308254242
2308315681
2308315682
2308319777
2308319778
2324978305
2324978306
1234504217
1234504218
1234504229
1234504230
1234504233
1234504234
2241087109
2241087110
2241087113
2241087114
2257864261
2257864262
2309249409
2309249410
2309253505
2309253506
2309265793
1185172038
1185172041
1185172042
1185172101
1185172102
1185172105
1185172106
1168394889
1168394890
1167661329
2304002633
2304002634
2324973898
2324973957
2324973958
2324973961
2324973962
2241202470
2241202473
2241202474
2258134658
1235520133
1235520134
1235520137
1235520138
2242415241
2305055297
2305055298
2305059393
2305059394
2305071681
2305071682
2305075777
2305075778
1163168390
1163168393
1163168394
1167459881
1167459882
1167632769
1167632770
1167612289
1167612290
1167616385
2304006785
2241354049
2241354050
2241358145
2241358146
2241370433
2241370434
2241374529
2241374530
2304006786
2241366597
2324982337
2324982338
2241136153
2241136154
2241136165
2241136166
2241136169
2241136170
2236893765
2236893766
2236893769
2236893770
2242251301
2242251302
2242251305
1185176193
1185176194
1185180289
1185180290
1185192577
1185192578
1185196673
1185196674
1163422017
1163422018
1163434305
1163434306
1163438401
1163438402
1167612225
1167612226
1168443942
1167616321
2308508181
2308508182
2308508185
2308508186
2308508197
2308508198
2308508201
2308508202
2305067589
2305067590
2308196933
2308196934
2308196937
2308196938
2308196997
2308196998
2308197001
2308479617
2308479618
2308483713
2308483714
2326043265
2326043266
2326047361
2326047362
1252280645
1252280646
1252280649
1252280650
1252280709
1252280710
1252280713
1252280714
2309261706
2325240193
2325240194
2325244289
2325244290
2325256577
2257865354
2325256578
2325260673
2325260674
1167369601
1167369602
1167353217
1167353218
1167365505
1167365506
2237172357
2237172358
2237172361
2237172362
2308581905
2308581906
2236910153
2236910154
1163175489
1163175490
1168673349
1168673350
1168673353
1168673354
1168673413
1168673414
1168673417
1168673418
1234454090
1234454149
1234454150
1234454153
1234454154
1251231301
1251231302
1251231305
1251231306
1163430534
1163430538
1167611522
1167615617
1167615618
1167627905
1167627906
1167632001
1167632002
1167612545
1235769922
1235774017
1235774018
1235786305
2308475209
2308475210
1235503685
1235503686
1235503689
1235503690
1235503749
1235503750
1235503753
1235503754
2258142858
2242185749
2242185750
2242185753
2242185754
2242185765
2242185766
2242185769
2242185770
2326026817
2326026818
2326030913
2326030914
2326043201
2326043202
2326047297
2326047298
1163167301
1163167302
1163167305
1163167306
2241111681
1163434369
2241111682
1168411013
1168411014
1168411017
1168411018
1184139589
1184139590
1184139593
1184139594
1184139653
1184139654
1184139657
1184139658
1184385413
1184385414
1184385417
1184385418
1230259785
1230259786
1230259845
1230259846
1230259849
1230259850
1234503189
1234503190
1234504213
1234504214
2326039109
2326039110
2326039113
2326039114
2326039173
2326039174
2236909125
2236909126
2236909129
2236909130
1167460633
1167460634
1167460645
1167460646
1167460649
1167460650
1184123209
1184123210
2304002693
2304002694
2304002697
2304002698
2308250129
2308250130
2308254225
2308254226
2308315665
2308315666
2308319761
2308319762
2324978241
2324978242
2309507653
2309507654
2309507657
2258142853
1163413829
1163413830
1163413833
1163413834
1163413893
1163413897
1163413898
1163413894
2258142854
1163158913
1163158914
1163167109
1163167110
1163167113
1163167114
1167349121
1167349122
1167460629
1167460630
1167354497
1167354498
1167366785
1167366786
1167370881
1167370882
2241206562
2241210657
2241210658
2236910217
1184130625
1184130626
1184142913
1184142914
1184147009
1184147010
2242193953
1163168325
1234458946
1234463041
1234463042
1234479425
1234479426
1163168326
1163168329
1163168330
1163168389
1234475329
1234733445
1234733446
1234733449
1234733450
1184138633
1184138634
1167362373
1167362374
1167362377
1167362378
1167362437
1167362438
1167362441
1167362442
2241464597
2241464598
2304006721
2304006722
2304010817
2304010818
2304023105
2304023106
2304027201
2304027202
2308201025
2308201026
2241104202
2241104261
2241104262
2241104265
2241104266
2241365574
2241365577
2241365578
2241365637
2241365638
2241365641
2241365642
2258130561
2258130562
2258134657
1167661601
1167661602
1167665697
1167665698
1167727137
1167727138
1167731233
1167731234
1184389761
1184389762
2308245797
2308245798
2308245801
2237159041
2237159042
2237163137
2237163138
2237171333
2237171334
2237171337
2237171338
2241353345
2241353346
1163418241
1163418242
1163422337
1163422338
1163434625
1163434626
1163438721
1163438722
2308479362
2308483457
2236910213
2236910214
1168415041
1168415042
1168419137
1168419138
1163150661
1163150665
1163155777
1163155778
1163159873
1163159874
1230526785
1230526786
1230530881
1230530882
2242189858
2242415238
2237172293
2308205121
2308205122
2308217409
2308217410
2308221505
2308221506
2237172294
2237172297
2237172298
2257865097
2241357441
2241357442
2241369729
2241369730
2241373825
1168398977
1168398978
1168403073
1168403074
1168415361
1168415362
1168419457
1168419458
2308253970
2308315409
2308315410
2308475269
2308475270
2308475273
2308475274
1167612546
1167616641
1167616642
1167628929
1167628930
1167633025
1167633026
1168661121
1168661122
1168665217
2304002629
2304002630
1167369794
1167349314
1167353409
1167353410
1167365697
1167365698
1168398657
1168398658
1168402753
1168402754
1235507521
1235507522
1235511617
1235511618
1235523905
1235523906
1235528001
1235528002
2308213066
1167398433
1167398434
1167402529
1167402530
1167463969
1167463970
1167468065
1167468066
1184126593
1184126594
2308462977
2308462978
2308467073
2308467074
2308479361
1184393857
1184393858
2324973126
2324973129
2324973130
2324973189
2324973190
2324973193
2324973194
1184139845
1184139846
1184139849
1184139850
1184139909
1184139910
1184139913
1184139914
2241094977
2241094978
2241107265
2241107266
2241111361
2241111362
2236893509
2236893510
2236893513
2236893514
2304289345
2304289346
1167345030
1167345033
1167345034
1184122181
1184122182
1167345990
1167345993
1167345994
1167346053
1167346054
1164466817
1164466818
1164470913
1164470914
1164479109
1164479110
1164479113
1164479114
1184123269
1184123270
1184123273
1184123274
2309261897
2309261898
1167608457
1167608458
1251501697
1251501698
1251509893
1251509894
1251509897
1251509898
1234733637
1234733638
1234733641
1234733642
2242189857
1167354433
1167354434
1167366721
1167366722
1167370817
1167370818
1167657237
1167657238
1167657253
1167657254
1231309381
1231309382
1231309385
1231309386
2257872257
2257872258
2257880453
2242415242
2309249601
2309249602
2309253697
2309253698
2309265985
2309265986
2309270081
2309270082
2309245253
2309245254
2309245257
2309245258
2309245317
2309245318
2309245321
2309245322
1230284417
1230284418
1251502401
1251502402
1251514689
1251514690
1251518785
1251518786
1163151690
1163151749
1163151750
1167395098
1163151685
1163151686
1163151689
1163151753
1163151754
1167395093
2258143813
2258143814
2258143817
2258143818
2258143877
2258143878
1230277002
1231325573
1231325574
1231325577
1231325578
1234474369
1234474370
1234478465
1234459009
1234459010
2257889921
2309360149
2309360150
2309360153
2309360154
1230526081
1230526082
1230530177
1230530178
1230538373
1230538374
1230538377
1230538378
1234720385
1234720386
1164216905
1164216906
2324974149
2324974150
2324974153
2324974154
2324974213
2324974214
2324974217
2324974218
1167345286
1167345289
1167345290
1184122437
1167399186
1167403281
1167403282
1167464721
1167464722
1167468817
2305313349
2305313350
2305313353
2305313354
2305313413
2305313414
2305313417
2305313418
2258126409
2258126410
2258126469
2258126470
2258126473
2258126474
2241350213
2241350214
2241350217
2241350218
1167661585
1167661586
1167665681
1167665682
1167727121
1167727122
1167731217
1167731218
1184389697
1184389698
2257864009
2325240385
2325240386
2325244481
2325244482
2325256769
2325256770
2325260865
2325260866
1167369793
1163172225
1163172226
1163176321
1163176322
1167349313
1185438337
1185438338
1185442433
1185442434
1185450629
1185450630
1185450633
2241140257
2241140258
2241144353
2242153034
2308573478
2308573481
2308483458
2308573482
2242152773
1252280901
1252280902
1252280905
1252280906
1252280965
1252280966
1252280969
1252280970
2242152774
2258127174
2241353281
2241353282
1234831641
1234831642
1234831653
1234831654
1234831657
1234831658
1230264961
1230264962
1230269057
1230269058
1251255938
1167632961
1167616577
1167612481
1167612482
1167628865
1167628866
1167632962
2241472802
2258131329
2258131330
2258135425
2258135426
2258147713
2258147714
2237155721
2237155722
2241399061
2241095233
2241095234
2241107521
2241107522
2241111617
2241111618
2237155653
2241144337
2241144338
2237958789
2237958793
2237958725
2237958726
2237958790
2237958794
1234717317
1234717318
1234717321
1234717322
2308245013
2308245014
1184393601
1184393602
1184405889
1184405890
1184409985
1184409986
1185188421
1185188422
1185188425
1185188426
1167469073
1234724417
1234724418
1234736705
1234736706
1234740801
1234740802
2309249665
2304280901
2304280902
2304280905
2304280906
2304280965
2304280966
2304280969
2309266049
2309266050
1235618326
1235618329
1235618330
2308577553
2308577554
2308581649
2308581650
1168677442
1163413066
1167611457
1167611458
1167615553
1167615554
1167627841
2257881734
2257881737
2257881738
2257880650
2257880709
2257880710
2257880713
2257880714
2257881669
2257881670
1163430217
1163430218
1163430277
1163430278
1163171457
1163171458
1163175553
1163175554
1167349377
1167349378
2241373826
2241464853
2241464854
2241464857
2241464858
2241464617
2238212737
2238212738
2241092225
2241092226
2308195977
2308195978
2324973125
2241202453
2241202454
2241202457
2241202458
2241202469
1234831893
1234831894
1234831897
1234831898
1234831909
1234831910
1234831913
1234831914
1235769985
1235769986
2257881478
2257881481
2257881482
2237154885
2237154886
2237154889
2237154890
2237154949
2237154950
2237154953
2237154954
1184130689
1184130690
1184142977
1184142978
1184147073
1184147074
1167624517
1167624518
1167624521
1167624522
2242193954
2258918017
2258918018
2258922113
2258922114
2258934401
2258934402
2258938497
2258938498
2242415173
1167350145
1167350146
1167608198
1167608201
1184385349
1184385350
1184385353
1184385354
1184126529
1184126530
1167608202
1167399441
1184127553
1184127554
1184131649
2259180161
2259180162
2259184257
2259184258
2259192453
2259192454
2259192457
2259192458
1167657510
1167657513
1167657493
1167657494
1234471237
1234471238
1234471241
1234471242
1234471301
1234471302
1234471305
1234471306
1251248453
1251248454
2304280202
2308462209
2308462210
2308466305
2308466306
2308478593
2308478594
2308482689
2308482690
2304281157
2237180545
2237180546
2241354369
2241354370
2241358465
2241358466
2241370753
2241370754
2241374849
2241374850
1230260614
1230260617
1230260618
1234503957
1234503958
1230281026
1230285121
1230285122
1230259525
1234458945
1230521925
1230521926
1230521929
1230521930
1230521989
1230521990
1230521993
1230521994
1234720321
1234720322
1234462081
1234462082
2305051274
2308463169
2308463170
2308467265
2308467266
2308479553
2308479554
2308483649
2308483650
2309511745
2309511746
2241087881
2241087882
1235556897
1235556898
1235560993
1235560994
1235622433
1234507297
1234507298
1234511393
1234511394
1234572833
1168394566
1168394569
1168394570
1168394629
1168394630
1168394633
1168394634
1185171850
1185171781
1185171782
2325240129
2325240130
2325252677
2325252678
2325252681
2325252682
2325252741
2325252742
2258127238
2258127241
2257868353
2257868354
2257872449
2257872450
2257884737
2257884738
2257888833
2257888834
1235782213
1235782214
1235782217
1235782218
1235782277
1252547201
1252547202
1252551297
1252551298
1252559493
1230276937
1230276938
1230276997
1230276998
1230277001
1251235202
1163172161
1163172162
1163176257
1163176258
1167370561
1167350081
1167350082
1167354177
1167354178
1167366465
1230527105
1230527106
1230531201
1234721409
1234721410
1234725505
1234725506
1234737793
1230531202
1230543489
2236897666
2236901761
2236901762
2236914049
2236914050
2236918145
1234717253
1234717254
1234717257
1234717258
1251494278
1251494281
1251494282
1234717061
1234717062
1234717065
2242398793
2242398794
2242398853
2242398854
2242398857
2242398858
2242398789
2305050949
2305050950
2305050953
2305050954
2305051013
2305051014
2305051017
2305051018
2308200769
2308200770
2326284937
2326284938
2308458117
2308458118
2308458121
2308458122
2325235269
2325235270
2325235273
2325235274
1234454917
1234454918
1234454921
1234454922
1251232069
1251232070
1251232073
1251232074
1251232133
1251232134
2324993666
2324997761
2325252421
2325252422
2325252425
2325252426
2325252485
2325252486
2325252489
2325252490
2237160001
2237160002
2237164097
2237164098
2237176385
2237176386
2237180481
2237180482
2241354305
2241354306
1230259526
1230259529
1230259530
1230259589
1230259590
1230259593
1230259594
1234457921
1234457922
1234462017
1168403010
1168415297
1168415298
1168398913
1168398914
1168403009
1168656965
1168656966
1168656969
1168656970
1168657029
1168657030
1168657033
1168657034
1167607365
1184384581
2308482625
2308482626
2304263749
2304263750
2304263753
2304263754
2304263813
2304263814
2304263817
2304263818
1234721345
1234721346
1234725441
1234725442
1234737729
1234737730
1234741825
1234741826
2308581666
2241464618
1164225153
1164225154
1230543169
1230543170
1230547265
1230547266
1235552805
1235552806
1231309445
1231309446
1231309449
1231309450
2309360166
2309360169
2309360170
2305067593
2305067594
2305067653
2305067654
2305067657
2305067658
2309294613
2309294614
2309294617
2309294618
2309294629
2309294630
2309294633
2309294634
1251510918
1251510921
1251510922
1251510853
1251510854
1251510857
1251510858
1251510917
1234770465
1234770466
1234572834
1234576929
1234576930
1251235457
1251235458
1251239553
1251239554
1251251841
1251251842
1251255937
2241350277
2241350278
2241350281
2241350282
2241403409
2241403410
2241407505
2241407506
2241468945
2241468946
1234569497
1234569498
1234569509
1234569510
1234569513
1234569514
1185434182
1185434185
1185434186
1185434245
1185434246
1185434249
1185434250
1234458241
1234458242
1234462337
1234462338
1234474625
1234474626
1234478721
1234478722
1234831637
1234831638
1230539077
1230539078
1251235393
1251235394
2304005761
2304005762
2304009857
2304267905
2304267906
2304272001
2304272002
2304280197
2304280198
2304280201
2241140241
2241140242
1167399442
1167403537
1167403538
1167464977
1184131650
1184143937
1184143938
1184148033
1184148034
1167464978
2308245034
2308246037
2308246038
2308246041
2308246042
2308246053
2308246054
2308246057
2308246058
2304289089
2325244225
2325244226
2325256513
2325256514
2325260609
2325260610
2308512017
2308512018
2308516113
2308516114
2237155654
2237155657
2237155658
2241399062
2241399065
2241399066
2325252745
2325252746
2308475461
2308475462
2308475465
2308474437
2308474438
2308474441
2308474442
2308474501
1164204609
1164204610
1164208705
1164208706
1164220993
1164220994
1164225089
1164225090
1168419393
1168419394
2242152777
2258917761
2258917762
2258921857
2258921858
2258930053
2258930054
2258930057
2258930058
2242152778
1251232137
1251232138
1234453829
1234453830
1234453833
1234453834
1234453893
1234453894
1234453897
1234453898
2305051205
2305051206
2305051209
2305051210
2305051269
2305051270
2305051273
1251510597
1251510598
1251510601
1251510602
1251510661
1235622434
1234733701
1234733702
1234733705
1234733706
2325251717
2325251718
2325251721
2325251722
2308475205
2308475206
2325243521
2324981377
2324981378
2324993665
2236918146
2241091969
2241091970
2241096065
2241096066
2241108353
2241108354
2241112449
2241112450
2236897665
1251255873
1251255874
1234507281
1234507282
1234511377
1234511378
1234572817
1234572818
1234576913
1234576914
1231587974
1231587977
1231587978
1231579777
1251502722
1251515009
1251515010
1251519105
2258151809
2258151810
1230522693
1230522694
1230522697
1230522698
1230522757
1230522758
1230522761
1230522762
2308213129
2308213061
2308213062
2308213065
2308213126
2308213130
2326022473
2326022474
2326022533
2326022534
2326022537
2326022538
2308195653
2308195654
2308195657
2308195658
1230264705
1230264706
1230268801
1230268802
1230281089
1230281090
1230285185
1230285186
1234463105
1234463106
1251248522
2236897601
2236897602
2236901697
2236901698
2236913985
2236913986
2236918081
2236918082
2241091905
2241091906
2241136937
2241136938
2304268929
2304268930
2304273025
2304273026
2304285313
2304285314
2304289409
2304289410
2308196677
2308196678
2308196681
2304001349
2304001350
2304001353
2304001354
2304001413
2304001414
2304001417
2304001418
2308199745
2308199746
1167362698
2257873537
2257873538
2237946497
2237946498
2237950593
2237950594
2237962881
2237962882
2237966977
2237966978
2309245509
2309245510
2309245513
2309245514
2309245573
2309245574
2308195913
2308195914
2308195973
2308195974
1234475393
1234475394
1234479489
1234479490
2324997762
1251240577
1251240578
1251252865
1251252866
1251256961
1251256962
1184123461
1184123462
1184123465
2308573461
2308573462
2308573465
2308573466
2308573477
2304280970
1231313537
1231313538
1231317634
1231329921
1231329922
1231334017
1231334018
1235507841
1235507842
1235511937
1167394326
1167394329
1167394330
1167394342
1167394345
1167394346
2257885761
2257885762
2257889857
2257889858
2257873474
2257873473
2237946433
2237946434
2237950529
2237950530
2237962817
2237962818
2237966913
2237966914
2309261638
2309261641
2309261642
1184384582
1184384585
1184384586
1184384645
1167607433
1167607434
1184384646
1184384649
1163155073
1163155074
1163159169
1163159170
1164204673
1164204674
1164208769
1164208770
1164221057
1164221058
1167657514
1167657497
1167657498
2308204865
2308204866
2308217153
2308217154
2308221249
2308221250
1167657509
2257881673
2257881674
2257881733
2241104457
1185188485
1185188486
1185188489
1185188490
2241096321
2241096322
2241108609
2241108610
2241112705
2241112706
2242140801
2242140802
2242144897
2242144898
1234471561
1234471562
1251248709
1251248710
1251248713
1251248714
1251248773
1251248774
1251248777
1234568741
1234568742
1234568745
1234568746
2241088137
2241088138
1185172037
1168394821
1168394822
1168394825
1168394826
1168394885
1168394886
2309270145
2309270146
2309253761
2309249666
1168665218
1168677505
1168677506
1168681601
1168681602
1167723033
1167723034
1184126338
1184130433
1184130434
1184138629
1184138630
1230259781
1230259782
2308203841
2308203842
2308216129
2308216130
2308220225
2308220226
2238220933
2238220934
2238220937
2238220938
2237160065
2237160066
2237164161
2237164162
2237176449
2237176450
1163150666
1163150662
1163150725
1163150726
1163150729
1163150730
1167349058
1167353153
1167353154
1167365441
1164200517
1164200518
1164200521
1164200522
1164200581
1164200582
1164200585
1164200586
1163417921
1163417922
1167399457
1167399458
1167403553
1167403554
1167464993
1167464994
1167469089
1167469090
1184127617
1184127618
2237159745
2237159746
2237163841
2237163842
2237176129
2237176130
2237180225
2236892741
2236892742
2236892745
1234732613
1234732614
1234732617
1234732618
1234732677
1234732678
1234732681
1234732682
1251497601
1251497602
1167395094
1167395097
1230263681
1230263682
1230267777
1230267778
1230275973
1230275974
1230275977
1230275978
1234569493
1234569494
1230539333
1230539334
1230539337
1230539338
1230539397
1230539398
1230539401
1230539402
1184147777
1184122185
1184122186
1184122245
1184122246
1184122249
1184122250
1167468818
1184131394
1184127297
2241349189
2241349190
2241349193
2241349194
2241349253
2241349254
2241349257
2241349258
2258126405
2258126406
1184393793
2257865098
2257865034
2241403153
2241403154
2241407249
2241407250
2241468689
2257865093
2257865094
2257864010
2242255393
2242259489
2241144354
2241205793
2241205794
2241209889
2241209890
2257868417
2257868418
2257869442
2237155913
2237155914
2237155973
2237155974
2237155977
2237155978
2241399317
2241399318
2241399321
2241399322
1164462665
1164462666
1164462725
1164462726
1164462729
1164462730
1168661057
1168661058
1168681537
1168681538
2242153029
2258930245
2258930246
2258930249
2258930250
2258930309
2258930310
2258930313
2258930314
2309269890
2304005505
2304005506
2304009601
2304009602
2304017797
2309265794
2308220290
2304018757
2304018758
1167624581
1167624582
1167624585
1167624586
1230522949
1230522950
1230522953
1230522954
1163150921
1163150922
1163150981
1163152009
1163152010
1163150982
1163150985
1163150986
1167394341
1167394325
1167623749
1167623750
1167623753
1185450634
1167624837
1167624838
1167624841
1167624842
1168448017
1168448018
1168452113
1168452114
1168513553
2242136649
2242136650
1167460885
1167460886
1167460889
1167460890
1167460901
1167460902
1167460905
1167460906
1163155841
1163155842
1235618345
1231325829
1231325830
1231325833
1231325834
1230276170
1230276229
1230276230
1230276233
1230276234
2236892746
2236892805
2236892806
2236892809
2236892810
2241136149
2241136150
2237159809
2237159810
2237163905
2237163906
2237176193
2237176194
2237180289
2237180290
2241354113
2241354114
1167608137
2242415174
2242415177
2242415178
2241365573
2258135681
2258147969
2241403425
2241403426
2241407521
2241407522
2308197002
1184127298
1167344965
1167344966
1167344969
1167344970
1167345029
1184123205
1184123206
1168394565
1163155009
1163155010
1163159105
1163159106
1163171393
1163171394
2257868162
1167403298
1167464737
1167464738
1167468833
1167468834
1184127361
1184127362
2304001605
2304001606
2304001609
2304001610
2304001669
2304001670
2304001673
1167361605
1167361606
1167361609
1167361610
1167361669
1167361670
1167361673
1167361674
1184138821
1185175937
1234721089
1234721090
1234725185
1234725186
2241141026
2241145121
2257881413
2257881414
2257881417
2257881418
2257881477
2241104453
2241104454
2242152837
2242152838
2241103429
2236909897
2304017990
2304017993
2304017994
2304018053
2304018054
2304018057
2304018058
2308310549
2308310550
2309360165
1164216709
1164216710
1164216713
1164216714
1168398721
1168398722
2304272705
2304272706
2304284993
2304284994
2241468961
2241468962
2241473057
2241473058
2258131585
2258131586
2258152065
2258152066
1235519818
1235519877
1235519878
1235519881
1235519882
1251239297
1251239298
1251247493
1251247494
1251247497
1251247498
1234470213
1234470214
1234470217
1234470218
1234470277
1234470278
1234470281
1234470282
1251235201
2257864069
2257864070
2257864073
2257864074
2241087813
2241087814
2241087817
2241087818
2241087877
2241087878
2238208641
2238208642
2242402945
2242402946
2242407041
2242407042
2242419329
2242419330
2242423425
2242423426
1234737473
1234737474
1234741569
1234741570
1235552809
1235552810
1235552789
1235552790
1235552793
1235552794
1230276933
1230276934
1185196610
2304010562
2304022849
2304022850
2304026945
2304026946
2308245017
2308245018
2308245029
2308245030
2308245033
1184143682
1184147778
1167399185
1184143681
2308474502
2308474505
2308474506
2325239425
2325239426
1234774561
1234774562
1234836001
1234836002
1234840097
1234840098
1251498625
1251498626
1251519106
1251502721
2236893573
2236893574
2236893577
2236893578
2241136917
2241136918
2241136921
2241136922
2241136933
2241136934
1234766117
1234766118
1234766121
1234766122
1230264897
1230264898
1230268993
1230268994
1230281281
1230281282
2308212101
1164200261
1164200325
1164200326
1164200329
1164200330
1164200262
1164200266
1164200265
2304281158
2304281161
2304281162
2304281221
2304281222
2304281225
2304281226
1235774081
1235774082
1235786369
1235786370
1235790465
1235790466
1231579778
1231575682
1231575681
1231587973
1234770193
1234770194
1234774289
1234774290
1234835729
1234835730
1234839825
1234839826
1251498305
1251498306
2241473041
2241473042
2324977985
2324977986
2324982081
2324982082
2324994369
2324994370
2324998465
2324998466
2326022469
2326022470
1251231045
1251231046
1251231049
1251231050
1251231109
1251231110
1251231113
1251231114
1251248457
1251248458
1251248517
1251248518
1251248521
1167346250
1167346309
1167346310
1167346313
1167346314
1184389441
1184389442
1184393537
1184393538
1184405825
2304005697
2304005698
2304009793
2304009794
2304022081
2304022082
2304026177
2304026178
2308200001
2308200002
1251248778
1234471493
1234471494
1231571590
1231571593
1231571594
1234471497
1234471498
1234471557
1234471558
1235769921
2241087045
2241087046
2241087049
2241087050
2241088069
2241088070
2241088073
2241088074
2241088133
2241088134
2236917378
2241091201
2241091202
2241095297
2241095298
2241107585
2241107586
1234457985
1234457986
1234478466
1167350401
1167350402
2304289154
2304268673
2304268674
2304272769
2304272770
2304285057
2304285058
2304289153
1234733381
1234733382
1234733385
1234733386
1251510662
1251510665
1251510666
1230523017
1230523018
1231571525
1231571526
1231571529
1231571530
1231571589
2308212362
2324989509
2324989510
2308512033
2308512034
2308516129
2308516130
2308577569
2308577570
2308581665
1230526849
1230526850
1230530945
1230530946
1230543233
1230543234
1230547329
1230547330
1231325765
1231325766
1230280321
1230280322
2304017802
2308199809
2308199810
2308203905
2308203906
2308216193
2308216194
2308220289
2309269889
2304017989
2258127173
2258127177
1168513554
1168517649
1168517650
1185176129
1185176130
1185180225
1185180226
1185192513
1185192514
1185196609
2326022725
2326022726
2326022729
2326022730
2326022789
2326022790
2326022793
2326022794
1230543490
1230547585
1230547586
1167350338
1163176513
1163176514
1167350337
2241206561
2257869185
2257869186
2257873281
2257873282
2257885569
2257885570
2257889665
2257889666
2241141025
1235511938
1235524225
1235524226
2304289090
2308462913
2308462914
2308467009
2308467010
2304268609
2304268610
1234770209
1234770210
1234774305
1234774306
1234835745
1234835746
1234839841
1235519813
1235519814
1235519817
2257865029
2257865030
2257865033
2309515841
2309515842
2309528129
2309528130
2309532225
2308462146
2308466241
2308466242
2308478529
2308478530
2309261958
2309261961
2309261962
2308212293
2308212294
2308212297
2308212298
2308212357
2308212358
2308212361
2242156929
2242156930
2242161025
2242161026
2237946241
2237946242
2237950337
2237950338
1234716997
1234716998
1234717001
1234717002
2241399333
2241399334
2241399337
2241399338
1185171785
1185171786
1185171845
1185171846
1185171849
1234717066
1251494213
1251494214
1251494217
1251494218
1251494277
1251239489
1251239490
1251251777
1251251778
1230263873
1230263874
1230267969
1230267970
1230280257
1230280258
1230284353
1230284354
1234462273
1234462274
2308212037
2308212038
2308212041
2308212042
2308212102
2308212105
2308212106
2324977025
2324977026
2324981121
1234508065
1234508066
1234512161
1234512162
1234573601
1234573602
1234577697
1234577698
1251236225
1251236226
1168665153
1168665154
2304018761
2304018762
2304018821
2304018822
2304018825
2304018826
2308311317
1234474561
1234474562
1234478657
1252559494
1252559497
1252559498
1234478658
1234458177
1234458178
1235507585
1235507586
1235511681
1235511682
2241141009
2241141010
2241145105
2241145106
2241206545
2241206546
2242398790
2324981122
2324989317
2324989318
2324989321
2324989322
2325256834
2325260929
2325260930
2308512289
2308512290
2308516385
2308516386
2308577825
2308577826
2308581921
1167366466
1167370562
2324998721
2324994625
2324994626
2308249105
2308249106
2308253201
2308253202
1234454853
1234454854
1234454857
1234454858
1251240321
1251240322
1251252609
1251252610
1251256705
1251256706
1234569765
1234569766
1234569769
1234569770
2308195717
2308195718
2308195721
2308195722
2324972869
2324972870
2324972873
2324972874
2324972933
2324972934
2304002373
2304002374
2308581922
1163418177
1163418178
1163422273
1163422274
1163434561
1163434562
1163438657
1163438658
1164462661
1164462662
2241357377
2241357378
2241369665
2241369666
2241373761
2241373762
2237155909
2237155910
2236896833
2236896834
1184131393
1167346057
1167346058
1167345989
1251493449
1251493450
1251493509
1251493510
1251493513
1251493514
2241205777
2241205778
2241209873
2241209874
2326284869
2326284870
2326284873
2326284874
2326284933
2326284934
1234770449
1234770450
1234774545
1234774546
1234835985
1234835986
1234840081
1234840082
1251498561
1251498562
1230539081
1230539082
1230539141
1230539142
1230539145
1230539146
1230263937
1230263938
1230268033
1230268034
2309528193
2309528194
2309532289
2309532290
2236914305
2236914306
2236918401
2236918402
2304017798
2304017801
1184406145
1184406146
1184410241
1184410242
1184131457
1184131458
1184143745
1184143746
1184147841
1184147842
2308213125
2258135682
2241403169
2241403170
2241407265
2241407266
2241468705
2241468706
2241472801
2309261957
1252285057
1252285058
1252289153
1252289154
1252301441
2325235333
2325235334
2308200066
2308204161
2308204162
2308216449
2308216450
2308220545
2308220546
1230281345
1230281346
1234475650
1234479745
1234479746
1167395349
1167395350
1167395353
1167395354
1167395365
1167395366
2242189841
2242189842
2258917953
2258917954
2258922049
2258922050
2258934337
2258934338
2258938433
2258938434
1163159937
1163159938
1167354241
1167354242
1168402817
1168402818
1168415105
1168415106
1168419201
1168419202
2309249345
2309249346
2309253441
2309253442
2309265729
2309265730
2309269825
2309269826
2242140545
2242140546
2241095041
2241095042
2241107329
2241107330
2241111425
2241111426
2236909893
2236909894
2241202714
2241202725
2241202726
2241202729
2241202730
1168509481
1168509482
1234470469
1234470470
1251247749
1251247750
1251247753
1251247754
2324972937
2324972938
1230277194
1230277253
1230277254
1230277257
1230277258
2308462145
1234569749
1234569750
1234569753
1234569754
2309298721
2309298722
2309302817
2309302818
2309364257
2309364258
2309368353
1184405826
1184409921
1184409922
1167661330
1167665425
1167665426
1167726865
1167726866
1167730961
1167730962
1163434370
1163438465
1163438466
1163417985
1163417986
1164216901
1164216902
1168509466
1168509477
1168509478
2304010881
2304010882
2304023169
2304023170
2304027265
2304027266
2236910218
2236910149
2236910150
2237958729
2237958730
2241201705
2241201706
2241202709
2241202710
2241202713
2304001674
1185175938
1185180033
1185180034
1185188229
1185188230
1185188233
1185188234
1167399201
1167399202
1167403297
2241366598
2241366601
2241366602
2241366661
2241366662
2241366665
2241366666
1163414153
1163414154
1167616578
1163413061
1163413062
1163413065
1167627842
1167631937
1167631938
1168677441
2236900929
2236900930
2236913217
2236913218
2236917313
2236917314
2241091137
2241091138
2237155717
2237155718
1163156033
1163156034
1163160129
1163160130
1163172417
1163172418
1167657241
1167657242
1167657257
1167657258
2257880454
2257880457
2257880458
2241104197
2241104198
2241104201
2241145122
1167365442
1167369537
1167369538
1167349057
1234724481
1167469074
1184385605
1184385606
1184385609
1184385610
1184385669
1184385670
1184385673
1167608138
1167608197
2258127429
2258127430
2258127433
2258127434
2258127493
2258127494
2258127497
2258127498
1185434181
2241349957
2241349958
2241349961
2241349962
2241350021
2241350022
2241350025
2241350026
2258127178
2258127237
2236909898
