1379826468176
2755356920208
2759652936080
1379894692240
2479406320016
1654772599184
2754284226960
2484706871696
1660073150864
2759584778640
1660140259728
2484773915024
1660140194192
2759651821968
2479405205904
1654771485072
2754283112848
1384188545424
2483700173200
1659066452368
1384189659552
2483701287328
2479405271392
1654771550560
2754283178336
1384188610912
2483700238688
1659066517856
2758578145632
1380967385440
2480479013216
1655845292384
1379826534816
2479338162592
1654704441760
2754216069536
1384121502112
1384188609936
1655778182544
2755289810320
1385195242896
2484706870672
1660073149840
2759584777616
1379893642640
2479405270416
1654771549584
1655846340000
2755357967776
2484706806112
2759584713056
1655778117984
2755289745760
1379826469216
2479338096992
1654704376160
2754216003936
1384121436512
2483633064288
2480479996304
1655846275472
2755357903248
1385263335824
2484774963600
1660141242768
1379894626704
2479406254480
1654772533648
2754284161424
1379893578064
1385262352032
2484773979808
1660140258976
2759651886752
1380900210064
2480411837840
1379826534800
2479338162576
1654704441744
1655778183568
2755289811344
1385195243920
1385262287440
1384121435728
2483633063504
1658999342672
2758510970448
2483633063248
1658999342416
2758510970192
1655778182560
2755289810336
1385195242912
2484706870688
1660073149856
2759584777632
1379893642656
2479405270432
1654771549600
2754283177376
1654704441680
2754216069456
1384121502032
2483633129808
1658999408976
2758511036752
1380900276560
2480411904336
1660073150800
2759584778576
2484775029392
1660141308560
2759652936336
1379827583632
2479339211408
1654705490576
2754217118352
1384122550928
2483634178704
1659000457872
1385263334816
2484774962592
1660141241760
2759652869536
1379827517856
2479339145632
1654705424800
2754217052576
1384122485152
2483634112928
1659000392096
2758512019872
1380901259680
2480412887456
2484706805072
1660073084240
2759584712016
1379893577040
2479405204816
1654771483984
2479338095952
2754216002896
2483700172112
1659066451280
2758512085328
1380901325136
2480412952912
1380968434000
2480480061776
1655846340944
2755357968720
2758579194192
1385263401296
2484775029072
1379894625952
2479406253728
1654772532896
1659067566496
2758579194272
2754284160672
1384189593248
2483701221024
1659067500192
2758579127968
1660140193120
2754284160352
1385195177312
2759585760608
1385263334752
2484774962528
1660141241696
2759652869472
1654704375136
2754216002912
1379894692512
2479406320288
1654772599456
2754284227232
1384189659808
2483701287584
1659067566752
2758579194528
1380968434336
2480480062112
1379894625888
2479406253664
1654772532832
2754284160608
1384189593184
2483701220960
1659067500128
2758579127904
1380968367712
2480479995488
1385262351968
2484773979744
1660140258912
2759651886688
1379827583648
2479339211424
1654705490592
2754217118368
1384122550944
2483634178720
1659000457888
2758512085664
1380901325472
2480412953248
1659067566672
2758579194448
1385262352976
2484773980752
1660140259920
2759651887696
1379893643856
2479405271632
1654771550800
2754283178576
1379894692448
2479406320224
1654772599392
2754284227168
1384189659744
1659066451344
2758578079120
1380967318928
2480478946704
1655845225872
2755356853648
1385262286224
2484773914000
1660140193168
2759651820944
1379826535008
2479338162784
1654704441952
2754216069728
1384121502304
2483633130080
1658999409248
2758511037024
1380900276832
2480411904608
1384122549920
1379894691472
2479406319248
1654772598416
2754284226192
1380968433296
2480480061072
1655846340240
2755357968016
1385263400592
2484775028368
1655778117024
2755289744800
1385263401376
2484775029152
1379827583328
2479339211104
1654705490272
2754217118048
1384122550624
2483634178400
1659000457568
2758512085344
1380901325152
2480412952928
2480412951952
1655779231120
1380968433040
2480480060816
1655846339984
2755357967760
1385263400336
2484775028112
1660141307280
2759652935056
1660140258704
2759651886480
1379827582544
2479339210320
1654705489488
2754217117264
1655779231328
2755290859104
1385196291680
2484707919456
1660074198624
2759585826400
1379894691408
2754216069520
1384121502096
2483633129872
1658999409040
2758511036816
1380900276624
2480411904400
1385262352784
2484773980560
1379893643664
2755290860176
1385196292752
2484707920528
1660074199696
2759585827472
1380968434320
2480480062096
1655846341264
2755357969040
1385263401616
1379894625696
2479406253472
1654772532640
2754284160416
1384189592992
2483701220768
1380900210000
2480411837776
1655778116944
2755289744720
2759651820880
1384122484048
2483634111824
1659000390992
1384188544336
1385195177296
2484706805088
1660073084256
2759584712032
1384188609888
1380967318880
2480478946656
1655845225824
2755356853600
1385262286176
2484773913952
1379826535072
2479338162848
1654704442016
2754216069792
1384121502368
2483633130144
1658999409312
2758511037088
1380900276896
2480411904672
2759585761888
1385263400608
2484775028384
1660141307552
2759652935328
1385195177360
2484706805136
1660073084304
2759584712080
1379893577104
2479405204880
1654771484048
2754283111824
1384188544400
2483700172176
1379894692256
2479406320032
1379826468256
2479338096032
1654704375200
2754216002976
1384121435552
2483633063328
1658999342496
2758510970272
1380900210080
2480411837856
1379894625632
2479406253408
1384189592928
2483701220704
1659067499872
2758579127648
1654772532576
2484773915296
1660140194464
2759651822240
1379827582368
2479339210144
1654705489312
2754217117088
1384122549664
2483634177440
1659000456608
2758512084384
1380901324192
2480412951968
1380968368544
2480479996320
1655846275488
2755357903264
1379894692192
2479406319968
1654772599136
2754284226912
1384189659488
2483701287264
1659067566432
2758579194208
1380968434016
2480480061792
1385196226960
2484707854736
1660074133904
2759585761680
1384188610128
2483700237904
1659066517072
2758578144848
1655778182736
2755289810512
1385195243088
2484706870864
1660073150032
2759584777808
1379826468448
2479338096224
1654704375392
2754216003168
1384121435744
2483633063520
1658999342688
2758510970464
1380900210272
2480411838048
1655779231136
2755290858912
1385196291488
2484707919264
1660074198432
2759585826208
1379894691216
2479406318992
1654772598160
2754284225936
1384189658512
2483701286288
1659067565456
2758579193232
2483700173408
1659066452576
2758578080352
1380967320160
1385262352016
2484773979792
1655778182800
2755289810576
1385195243152
1384188610192
1658999342736
2758510970512
1380900210320
2480411838096
1379826468512
2479338096288
1654704375456
2754216003232
1384121435808
2483633063584
1658999342752
2758510970528
1380900210336
2483633129888
1658999409056
2758511036832
1380900276640
2480411904416
1655778183584
2755289811360
1385195243936
2484706871712
1660073150880
1384188544656
2483700172432
1659066451600
2758578079376
1380967319184
2480478946960
1655845226128
2755356853904
1385262286480
1384122549600
2483634177376
1659000456544
2758512084320
1380901324128
2480412951904
1655779231072
2755290858848
1385196291424
1379827582304
1380968432976
2480480060752
1655846339920
2755357967696
1379894691152
2479406318928
1654772598096
2754284225872
1384189658448
2483701286224
1385263401312
2484775029088
1660141308256
2759652936032
1380968367776
2480479995552
1655846274720
2755357902496
2479405271696
1654771550864
2754283178640
1384188611216
2483700238992
1659066518160
2758578145936
2759651887760
2480479013472
1655845292640
2755356920416
2480478946896
1655845226064
2484773914192
1660140193360
2755356853840
1379893577296
2479405205072
1385262286416
2480479995472
1655846274640
2755357902416
1385263334992
2484774962768
1660141241936
2759652869712
2759651821136
1654771484240
2754283112016
1659067565392
1658999343456
2758510971232
1655778117216
2755289744992
1385195177568
2484706805344
1660073084512
2759584712288
1379893577312
2479405205088
1654771484256
2754283112032
1660140194208
2759651821984
1385263400544
2484775028320
1660141307488
2759652935264
1384188545376
2483700173152
1380967319904
2480478947680
1655845226848
2755356854624
2758578080096
1385262287200
2484773914976
1660140194144
2755357903200
1655778117264
2755289745040
1385195177616
2484706805392
1660073084560
2759584712336
1379893577360
2479405205136
1654771484304
1380901258896
1379827583376
2479339211152
1654705490320
1385263401360
2484775029136
2484707920272
1660074199440
2759585827216
1660141308304
1380968434064
1385262287456
2484773915232
1660140194400
2759651822176
1655846341280
2755357969056
1379826469200
2479338096976
1654704376144
2754216003920
1384121436496
2483633064272
1658999343440
2758510971216
1655845226832
2755356854608
2480411838112
1655778117280
2755289745056
1385195177632
2484706805408
1660073084576
1380900211040
1379893578080
2479405205856
1379826534752
2479338162528
1654704441696
2754216069472
1384121502048
2483633129824
1658999408992
2759584778656
2479405271440
1654771550608
2754283178384
2759651887504
1384188610960
2483700238736
1659066517904
1655778118032
2755289745808
1385195178384
2484706806160
1660073085328
2759584713104
1379893578128
1380967385488
2480479013264
1655845292432
1379826468192
2479338095968
2754284160336
1379826469280
2479338097056
1654704376224
2754216004000
1384121436576
2483633064352
1658999343520
2758510971296
1380900211104
2480411838880
2754283111760
1655846274656
2755357902432
1379893643600
2758578145616
1659000392336
2758512020112
1380967385680
2480479013456
1655845292624
2755356920400
1385263336016
2484774963792
1660141242960
2759652870736
1384189659728
2483701287504
1379826469472
2479338097248
1654704376416
2754216004192
1384121436768
2483633064544
1658999343712
2758510971488
1380900211296
2480411839072
1658999409296
1380900276880
2480411904656
1655778183824
2755289811600
1385195244176
2484706871952
1660073151120
2759584778896
1655779232400
1379826469536
2479338097312
1654704376480
2754216004256
1384121436832
2483633064608
1658999343776
2758510971552
1380900211360
1379827583392
2479339211168
1654705490336
2754217118112
1384122550688
2483634178464
1659000457632
2758512085408
1380901325216
2480412952992
1379826533712
2479338161488
1654704440656
2754216068432
2755356919120
1655845291344
1660073149776
2759584777552
1379893642576
2479405270352
1380901259856
2480412887632
1384121501008
2483633128784
1658999407952
2758511035728
1380900275536
2480411903312
1385263336096
2484774963872
1660141243040
2759652870816
2483701286240
1659066516832
1659067565408
2479405270368
1385263400288
2484775028064
1660141307232
2759652935008
1380967384416
2480479012192
1384188544592
2483700172368
1659066451536
2758578079312
1380967319120
2479406319952
1654772599120
2754284226896
1660073085280
1379826533776
2479338161552
1654704440720
2754216068496
1384121501072
2483633128848
1658999408016
2758511035792
1380900275600
2480411903376
1660140258720
2759651886496
1380968434272
2480480062048
1655846341216
2755357968992
1379894691488
2479406319264
1654772598432
2754284226208
1384189658784
2483701286560
1659067565728
2758579193504
1380968433312
2480480061088
1379826533792
2479338161568
1654704440736
2754216068512
1384121501088
2483633128864
1658999408032
2758511035808
1380900275616
2480411903392
2479339145616
1654705424784
2754217052560
1384122485136
2483634112912
1659000392080
2758512019856
1380901259664
2480412887440
1655779166608
1384188544608
2483700172384
1659066451552
2758578079328
1380967319136
2480478946912
1655845226080
2755356853856
1385262286432
2484773914208
1379894691424
2479406319200
1654772598368
2754284226144
1384189658720
2483701286496
1659067565664
2758579193440
1380968433248
2480480061024
1379827517776
2480412887376
2479339145552
1654705424720
2754217052496
1384122485072
2483634112848
1659000392016
2483701221712
1659067500880
1380901324448
2480412952224
1655779231392
2755290859168
1385263336032
2484774963808
1660141242976
2759652870752
1379894691232
2479406319008
1654772598176
2754284225952
1384189658528
2483701286304
1659067565472
2758579193248
1380968433056
2480480060832
2754283112096
1384188544672
2483700172448
1659066451616
2758578079392
1380967319200
2480478946976
1655845226144
2755356853920
1385262286496
1379894691168
2479406318944
1654772598112
2754284225888
1384189593168
2483701220944
1659067500112
2758579127888
1380968367696
1655779165776
1379827517008
2479339144784
1654705423952
2754217051728
1384188611232
2483700239008
1659066518176
2758578145952
1380967385760
2480479013536
1655845292704
2755356920480
1385262353056
2484773980832
1660140193376
2759651821152
1654704376400
2754216004176
1384121436752
2483633064528
1658999343696
2758510971472
1380900211280
2480411839056
1655778118224
2755289746000
1660141242000
2759652869776
1655845292448
2755356920224
1379893642832
2479405270608
1654771549776
2754283177552
1380968433232
2480480061008
1655846340176
2755357967952
1385263400528
2484775028304
1384188611168
2483700238944
1659066518112
2758578145888
1380967385696
1379826533984
2479338161760
1654704440928
2754216068704
1384121501280
2483633129056
1658999408224
2758511036000
1380900275808
2480411903584
1385195243168
1654771549840
2758578144912
1660140258960
2480479012496
1655845291664
2755356919440
1654772599200
2754284226976
1385263400352
2484775028128
1379827517024
2479339144800
1654705423968
2754217051744
1384122484320
2483634112096
1659000391264
2758512019040
1380901258848
2480412886624
1380967384656
2480479012432
1655845291600
2755356919376
1385262351952
2484773979728
1660140258896
2759651886672
1380901324176
1380967384736
2480479012512
1655845291680
2755356919456
2484706870928
1660073150096
2759584777872
1380967384720
1379826534032
2479338161808
1654704440976
2754216068752
1384121501328
2483633129104
1659066451360
2758578079136
1380967318944
2480478946720
1655845225888
2755356853664
2755289746016
1385195178592
2484706806368
1660073085536
2759584713312
1379893578336
2479405206112
1654771485280
2754283113056
1384188545632
2483634177424
1659000456592
2758512084368
1379826534048
2479338161824
2484773914256
1660140193424
2759651821200
1379826468496
2479338096272
1654704375440
2754216003216
1384121435792
2483633063568
2754283112080
1379893643680
2479405271456
1654771550624
2754283178400
1384188610976
2483700238752
1659066517920
2758578145696
1380967385504
2480479013280
1380967320144
2480478947920
1655845227088
2755356854864
2479405204832
1654771484000
2754283111776
1384188544352
2483700172128
1659066451296
2758578079072
2758578079056
1380967318864
2480478946640
1655845225808
2755356853584
1385262286160
2484773913936
1660140193104
1384121435472
1654704375120
2755356920160
1385262352736
2484773980512
1660140259680
2759651887456
1384189594016
2483701221792
1659067500960
2758579128736
1659000392352
2758512020128
1380901259936
2480412887712
1655779166880
2755290794656
1385196227232
2484707855008
1660074134176
2759585761952
1655846275728
2755357903504
1385263336080
2484774963856
1660141243024
1379894626960
2479406254736
1654772533904
2754284161680
1384189594256
1380968367520
2480479995296
1655846274464
2755357902240
2754283177360
2483700237712
1659066516880
2758578144656
1380967384464
2480479012240
1655845291408
2755356919184
1385262351760
2484773979536
2484773914272
1660140193440
2759651821216
2483634113120
1659000392288
2758512020064
1380901259872
2480412887648
1655779166816
2755290794592
1385196227168
2484707854944
1660074134112
1380968368720
2480479996496
1655846275664
2755357903440
2759584777568
1379826533728
2479338161504
1654704440672
2754216068448
1384121501024
2483633128800
1658999407968
2759584712352
1379893577376
1380967384400
2480479012176
1385262351696
2484773979472
1660140258640
2759651886416
2479405205152
1654771484320
1379827517072
2479339144848
1654705424016
2754217051792
1384122484368
2483634112144
1659000391312
2758512019088
2759585760912
1379826533968
2479338161744
1654704440912
2754216068688
1384121501264
2483633129040
1658999408208
2758511035984
1380900275792
2480411903568
2758512085648
1380901325456
2480412953232
1384121435488
2483633063264
1658999342432
2758510970208
1380900210016
2480411837792
1655778116960
2755289744736
2759651820896
1379893577056
1384122484304
2483634112080
1659000391248
2758512019024
2755290793552
1385196226128
2484707853904
1660074133072
2759585760848
1380901258832
1655779231056
1655779166800
2755290794576
1379827518032
2479339145808
1654705424976
2754217052752
1384122485328
2483634113104
1659000392272
2758512020048
2759585827424
1655779232336
2755290860112
1385196292688
2484707920464
1660074199632
2759585827408
2758578145680
2759651821920
1655779166624
2755290794400
1385196226976
2484707854752
1660074133920
2759585761696
1380968434080
2480480061856
1655846341024
2755357968800
2759652870544
1384189594000
2483701221776
1659067500944
2758579128720
1660141307296
2759652935072
1660141308496
2759652936272
1384122549840
2483634177616
1659000456784
1660140260000
2759651887776
1384122485088
2483634112864
1659000392032
2758512019808
1655778182752
2755289810528
1385195243104
2484706870880
1660073150048
2759584777824
1379893642848
2479405270624
1654771549792
2754283177568
2758579128656
1380968368464
2480479996240
1655846275408
2755357903184
1379894626640
2479406254416
1654772533584
2754284161360
1384189593936
1659000391056
2758512018832
1380901258640
2480412886416
1655779165584
2755290793360
1385196225936
2484707853712
1660074132880
2759585760656
1379827518048
2479339145824
1654705424992
2754217052768
1384122485344
2480412886672
1655779165840
2755290793616
1385196226192
2484707853968
1660074133136
2754284160656
1384189593232
2483701221008
1659067500176
1655846340256
2755357968032
1380900210256
2480411838032
2754217118096
1384122550672
2483634178448
1659000457616
2758512085392
1380901325200
2480412952976
1655779232144
2755290859920
1385196292496
1655779165520
2755290793296
1385196225872
2754217051472
1379827516752
2479339144528
1654705423696
2758512018768
1385262286240
2484773914016
1660140193184
2759651820960
1660074132816
2759585760592
1380901258576
2480412886352
2484707853648
1384189592912
2483701220688
1659067499856
2758579127632
1380968367440
2754216004240
1384121436816
1380967320208
2480478947984
1655845227152
1385262287504
2484773915280
1660140194448
2759651822224
2483633064592
1658999343760
2758510971536
1380900211344
2480411839120
1655778118288
2755289746064
1385195178640
2484706806416
1660073085584
2759584713360
1385263335840
2484774963616
1660141242784
2759652870560
1655779232080
2755290859856
1385196292432
1379827583312
2479339211088
1654705490256
2754217118032
1384122550608
2483634178384
1659000457552
2755290794384
1380900211024
2480411838800
1380967319888
2480478947664
1655778117968
2755289745744
1385195178320
2484706806096
1660073085264
2759584713040
1385195178576
2484706806352
1660073085520
2759584713296
1385262287184
2484773914960
1660140194128
2759651821904
1384188545360
2483700173136
1659066452304
2758578080080
1380901259600
1385263335760
1379827517088
2479339144864
1654705424032
2754217051808
1384122484384
2483634112160
1659000391328
2758512019104
1380901258912
2480412886688
1660141308320
2759652936096
1655846340960
2755357968736
2479339210080
1654705489248
1380901259616
2480412887392
1655779166560
2755290794336
1385196226912
2484707854688
1660074133856
2759585761632
2480411838816
1379894626656
1385263335072
2484774962848
1660141242016
2759652869792
1660141307472
2759652935248
2479406319184
1654772598352
2754284226128
1384189658704
2483701286480
1659067565648
2758579193424
2758512084560
2484707920208
1660074199376
2759585827152
1385262352992
2484773980768
1660140259936
2759651887712
2480412886368
1655779165536
2755290793312
1385196225888
2484707853664
1660074132832
1380968367456
2480479995232
1655846274400
2755357902176
2754283113120
1384188545696
2483700173472
1659066452640
2758578080416
1380967320224
2480478948000
1655845227168
2755356854944
1385262287520
1384188611152
2483700238928
1659066518096
2758578145872
2759584778832
1655778183760
2755289811536
1385195244112
2484706871888
1660073151056
2483701287520
1659067566688
2758579194464
1379893642912
2479405270688
1654771549856
2754283177632
1384188610208
2483700237984
1659066517152
2758578144928
2758578080144
1380967319952
2480478947728
1655845226896
2755356854672
1385262287248
1379827517840
1385195178336
1659066452320
1380968368528
1654771485024
2754283112800
1655778117008
2755289744784
1379826468240
2479338096016
1654704375184
2754216002960
1384121435536
2483633063312
1658999342480
2758510970256
1655846340192
2755357967968
1655778118048
2755289745824
1385195178400
2484706806176
1660073085344
2759584713120
1379893578144
2479405205920
1654771485088
2754283112864
1660074198608
2759585826384
1384188610144
2483700237920
1659066517088
2758578144864
1380967384672
2480479012448
1655845291616
2755356919392
2479405205840
1654771485008
2754283112784
2484706870944
1660073150112
2759584777888
1385263335776
2484774963552
1660141242720
2759652870496
1379827582560
2479339210336
1654705489504
2754217117280
1384122549856
2483634177632
1659000456800
2758512084576
1380901324384
2480412952160
2480478947936
1655845227104
2755356854880
1385263401632
2484775029408
1660141308576
2759652936352
2483634177696
1659000456864
2758512084640
1655778183776
2755289811552
1385195244128
2484706871904
1660073151072
2759584778848
1379893643872
2479405271648
1654771550816
2754283178592
1658999408272
2758511036048
1380900275856
2480411903632
1659066517136
2759651886736
2754283177616
2483700237968
1379893642896
2479405270672
1385195177376
2484706805152
1660073084320
2759584712096
1379893577120
2479405204896
1654771484064
2754283111840
1384188544416
2483700172192
1380901259920
2480412887696
1655779166864
2755290794640
1385196227216
2484707854992
1660074134160
2759585761936
1380968368784
2480479996560
1385263335008
2484774962784
1660141241952
2759652869728
1379894626976
2479406254752
1660074132896
2759585760672
1654772533920
2754284161696
1384189594272
2483701222048
1659067501216
2758579128992
1655778182480
2755289810256
1385195242832
2484706870608
1654771549520
2754283177296
1384188609872
2483700237648
1659066516816
2758578144592
2480412886608
1384188609952
2483700237728
1659066516896
2758578144672
1380967384480
2480479012256
1655845291424
2755356919200
1385262351776
2484773979552
2484774963536
1660141242704
2759652870480
1655779166544
2755290794320
2758512019792
1385196226896
2484707854672
1660074133840
2759585761616
1379894626912
2479406254688
1654772533856
2754284161632
1384189594208
2483701221984
1659067501152
2758579128928
1380968368736
2480479996512
1660141241744
2759652869520
1379893642592
2754283177312
1385262351712
2484773979488
1660140258656
2759651886432
2483700237664
2758578144608
1654771549536
1655779165856
2755290793632
1385196226208
2484707853984
1660074133152
2759585760928
1380968368800
2480479996576
1655846275744
2755357903520
2758579127952
1379894625936
2479406253712
1654772532880
2755357902480
1380968367760
2480479995536
1655846274704
1385263335056
2484774962832
1654704440992
2754216068768
1384121501344
2483633129120
1658999408288
2758511036064
1380900275872
2480411903648
1655778182816
2755289810592
1655779232416
2755290860192
1385196292768
2484707920544
1660074199712
2759585827488
1379894692496
2479406320272
1654772599440
2754284227216
1384189659792
2483701287568
1659067566736
2758579194512
1655779165792
2755290793568
1385196226144
2484707853920
1660074133088
2759585760864
1379827518112
2479339145888
1654705425056
2754217052832
1384122485408
1384189659472
2483634113184
1379894625872
2479406253648
1654772532816
2754284160592
1655845291360
2755356919136
2758511035744
1380900275552
2480411903328
1655778182496
2755289810272
1385195242848
2484706870624
1660073149792
1379894626896
2479406254672
1654772533840
2754284161616
1384189594192
2483701221968
1659067501136
2758579128912
1379826469456
2479338097232
1655779232352
2755290860128
1385196292704
2484707920480
1660074199648
1379827583568
2479339211344
1654705490512
2754217118288
1384122550864
2483634178640
1659000457808
2758512085584
1380901325392
2480412953168
1379894692432
2479406320208
1654772599376
2754284227152
1380968434256
2480480062032
1655846341200
2755357968976
1385263401552
2484775029328
1385263401568
2484775029344
1660141308512
2759652936288
2479406254432
1654772533600
2754284161376
2758579128672
1384189593952
2483701221728
1379827517792
2479339145568
1654705424736
2754217052512
1380968367504
2480479995280
1655846274448
2758579127696
1379827516816
2479339144592
1654705423760
2754217051536
1384122484112
2483634111888
1655778118240
1379827582608
2479339210384
1654705489552
2754217117328
1384122549904
2483634177680
1659000456848
2758512084624
1380901324432
2480412952208
1379894626720
2479406254496
1654772533664
2754284161440
1379826469264
2479338097040
1654704376208
2754216003984
1384121436560
2483633064336
1658999343504
2758510971280
1380900211088
2480411838864
1380901324368
2480412952144
1655779231312
2755290859088
1385196291664
2484707919440
1659067500896
1380968368480
2480479996256
1655846275424
1379827518096
2479339145872
1654705425040
2754217052816
1384122485392
2483634113168
2759652870800
1379826469520
2479338097296
1654704376464
1380901258656
2480412886432
1655779165600
2755290793376
1385196225952
2484707853728
1379894625680
2479406253456
1654772532624
2754284160400
2755357902224
1384189592976
2483701220752
1659067499920
1385263334800
2484774962576
1385196291744
2484707919520
1660074198688
2759585826464
2480411839136
1655778118304
2755289746080
1385195178656
2484706806432
1660073085600
2759584713376
1379893578400
2479405206176
1654771485344
1379827583584
2479339211360
1654705490528
2754217118304
1384122550880
2483634178656
1659000457824
2758512085600
1380901325408
2480412953184
1655779232160
2758578080336
2755290859936
1385196292512
2484707920288
1660074199456
2759585827232
1384189658768
2483701286544
1659067565712
2758579193488
1655779231376
2755290859152
1385196291728
2484707919504
1660074198672
2759585826448
2480480061840
1655846341008
2755357968784
1384189659536
2483701287312
1659067566480
2758579194256
1659000391008
2758512018784
1380901258592
1379827516768
2479339144544
1654705423712
2754217051488
1384122484064
2483634111840
1655846275680
2755357903456
1379827516832
2479339144608
1654705423776
2754217051552
1384122484128
2483634111904
1659000391072
2758512018848
2480479995216
1655846274384
2755357902160
1385263334736
2484774962512
1660141241680
2759652869456
1379894625616
2479406253392
1654772532560
1385196227152
2484707854928
1660074134096
2759585761872
1660141307536
2759652935312
1379893578384
2479405206160
1654771485328
2754283113104
1384188545680
2483700173456
1659066452624
2758578080400
2755356854928
1655779232096
2755290859872
1385196292448
2484707920224
1660074199392
2759585827168
2758579193168
1385263400272
2484775028048
1660141307216
2759652934992
2755290858832
1385196291408
2484707919184
1660074198352
2759585826128
2483701287248
1659067566416
1660141308240
2759652936016
1379894692176
1655845292688
2755356920464
1385262353040
2484773980816
1660140259984
2483633130128
2758511037072
1380967385744
2480479013520
1379893643920
1659067499936
2758579127712
1384188545440
2483700173216
1659066452384
2758578080160
1380967319968
2480478947744
1655845226912
2755356854688
1385262287264
2484773915040
1379827582352
2479339210128
1654705489296
2755290858896
1385196291472
2484707919248
1660074198416
2759585826192
2754217117072
1384122549648
1379893578320
2479405206096
1654771485264
2484773915216
1660140194384
2759651822160
2754283113040
1384188545616
2483700173392
1659066452560
2754283178320
1380967385424
2480479013200
1655845292368
2755356920144
1384188610896
2483700238672
1659066517840
1379826534736
2479338162512
1385262352720
2484773980496
1660140259664
2759651887440
1655778183504
2755289811280
1385195243856
2484706871632
2479405271376
1654771550544
1379827582288
2479339210064
1654705489232
2754217117008
1384122549584
2483634177360
1659000456528
2758512084304
1380901324112
2480412951888
2758511036768
1380900276576
2480411904352
1655778183520
2755289811296
1385195243872
2484706871648
1660073150816
2759584778592
1379893643616
1379827582624
2479339210400
1654705489568
2754217117344
1379826535056
2479338162832
1654704442000
2754216069776
1384121502352
2483701222032
1659067501200
2758579128976
1655778117200
2755289744976
1385195177552
2484706805328
1660073084496
2759584712272
1379826468432
2479338096208
1654704375376
2754216003152
1385262352800
2484773980576
2484707919200
1660074198368
2759585826144
1380968432992
2480480060768
1655846339936
2755357967712
1384189658464
2758579193184
2754217117024
1655778183840
2755289811616
1385195244192
2484706871968
1660073151136
2759584778912
1379893643936
2479405271712
1654771550880
2754283178656
1379826534992
2479338162768
1654704441936
2754216069712
1384121502288
2483633130064
1658999409232
2758511037008
1380900276816
2480411904592
1660140259744
2759651887520
