1465927402832
1487670740624
2587182368400
1762548647568
2862060275344
1556390217360
2655901845136
1831268124304
2930779752080
2569734261408
1745100540576
2844612168352
1538942110368
1465928714576
2565440342352
1740806621520
2840318249296
1534648191312
2634159819088
1809526098256
2909037726032
1465927731600
2565439359376
1740805638544
1484450563744
2583962191520
1759328470688
2858840098464
1553170040480
2652681668256
1828047947424
2927559575200
1487671724704
2862866826576
1488477291856
2587988919632
1763355198800
2656708396368
2931586303312
1832342915488
2931854543264
2913332757920
1465927731616
2565439359392
1740805638560
2840317266336
1534647208352
2634158836128
1809525115296
2909036743072
1483107600800
2582619228576
1759327619408
2858839247184
1553169189200
1828047096144
2652680816976
2927558723920
1832073627296
2931585255072
1466197214608
1762549958224
1487672051280
1556391528016
2655903155792
1831269434960
2930781062736
2587183679056
2862061586000
2565708842384
1466196101728
2565707729504
1488745793936
2588257421712
1763623700880
2863135328656
1557465270672
2656976898448
1832343177616
2931854805392
2656976898464
2583692904016
1759059183184
1552900752976
2652412380752
1827778659920
2927290287696
2858570810960
1487671723616
2587183351392
1762549630560
2862061258336
1556391200352
2655902828128
1831269107296
2930780735072
2588257094048
1763623373216
1465928516960
2565440144736
1740806423904
2840318051680
1534647993696
2634159621472
1809525900640
2909037528416
1483108386144
2582620013920
1763354216784
2862865844560
1483376036176
2582887663952
2857765570896
2652680882512
2927558789456
1757985507664
2857497135440
1488477357712
2587988985488
2862866892432
1557196834448
2840317004448
1534646946464
1810598593872
2910110221648
1467001210192
1484449778320
2583961406096
1759327685264
2858839313040
1553169255056
2652680882832
1828047162000
2927558789776
1488477030048
2587988657824
2862866564768
1557196506784
2656976898704
1538942109328
2638453737104
1813820016272
2913331644048
1487402501776
2586914129552
1762280408720
2861792036496
1556121978512
2655633606288
1539210348896
2638721976672
1484449450656
2583961078432
1759327357600
2858838985376
1553168927392
2652680555168
1471296178784
2570807806560
1746174085728
2845685713504
1540015655520
2639527283296
1809793485136
2909305112912
1814893562464
2914405190240
1832342849184
1470223680928
2569735308704
1745101587872
2844613215648
1538943157664
2638454785440
1813821064608
2913332692384
1534915578272
2634427206048
1809793485216
2909305112992
2586914195808
2861792102752
1556122044768
2655633672544
1830999951712
2930511579488
2914406499936
1831268321872
1487670938192
2587182565968
1762548845136
2862060472912
2655902042704
2930779949648
1556390414928
1534646945168
1484181079440
2583692707216
1759058986384
2858570614160
1487402304912
1487670740368
2840585438608
1762549630352
2862061258128
1557464943264
1831000738192
2930512365968
2656976571040
2863134213712
1552095446608
2651607074384
1826973353552
2926484981328
1557464155728
2656975783504
1832342062672
2931853690448
1470491067984
1484450761312
2583962389088
1759328668256
2858840296032
1553170238048
2652681865824
1828048144992
2927559772768
1488476244624
2587987872400
1763354151568
2862865779344
1557195721360
2656707349136
1832073628304
2931585256080
1483375707792
2582887335568
2857765242512
1552095184528
2651606812304
2926484719248
1467270695264
1470222435920
2566782323040
1557196507488
2656708135264
1742148602208
2841660229984
1535990172000
2635501799776
1810868078944
2639527283088
2914405190032
1815163307680
2914674935456
1763353953952
2862865581728
1742148798112
2841660425888
2857497069984
1551827012000
2651338639776
1826704918944
2926216546720
1470222633376
2569734261152
1745100540320
2844612168096
1538942110112
2651608122960
2926486029904
1483377018448
2582888646224
1758254925392
2857766553168
2566512773536
1484450761104
2583962388880
1759328668048
2858840295824
1553170237840
2652681865616
1828048144784
2927559772560
1740805638496
2840317266272
1534647208288
2634158836064
2909036743008
1483107600736
2582619228512
2857497135456
1814894871904
2914406499680
1810867292512
2910378920288
1471297161568
2570808789344
2652413232528
1484182324880
2583693952656
1759060231824
2858571859600
1552901801616
2652413429392
1827779708560
2927291336336
1763623634528
2863135262304
1467269907808
2566781535584
1742147814752
2841659442528
1535989384544
2635501012320
1810867291488
2910378919264
2910110485072
1470491920992
2570003548768
1745369827936
2844881455712
1539211397728
2638723025504
1814089304672
2913600932448
1483376757344
1467002258832
2582888385120
1467001145952
2566512773728
1741879052896
2841390680672
1535720622688
2635232250464
1466196101472
2565707729248
1741074008416
2840585636192
1534915578208
2634427205984
1809793485152
2909305112928
1483375970656
2582887598432
1814089238944
2913600866720
1471297227424
2570808855200
1746175134368
2845686762144
1540016704160
2639528331936
1814894611104
2914406238880
1746442782368
2845954410144
1757985244576
2857496872352
1551826814368
2651338442144
1826704721312
2926216349088
1470222435744
2569734063520
1745100342688
2844611970464
1557195721376
2656707349152
2587183614624
1487403616672
2586915244448
2861793151392
1832342915728
1826704917904
2926216545680
2566513034640
1741879313808
2841390941584
1535720883600
2635232511376
1810598790544
1488476243344
1487671986832
2587183614608
1762549893776
2862061521552
1556391463568
2655903091344
1831269370512
2930780998288
1810598856288
1471296374112
2570808001888
1746174281056
2845685908832
2909304850768
1466195839312
2565707467088
2634426943824
1540015850848
2639527478624
2857497135776
1551827077792
2651338705568
1470491920784
2570003548560
1745369827728
2844881455504
1539211397520
2638723025296
1814089304464
2913600932240
1828048144032
1540016899680
1465927403088
2565439030864
1740805310032
2840316937808
1534646879824
2634158507600
1809524786768
2909036414544
2639528527456
1471564876192
2571076503968
1746442783136
2845954410912
1540284352928
2639795980704
1815162259872
2914673887648
1763622323536
2863133951312
1470223484560
2569735112336
1745101391504
2844613019280
1538942961296
2638454589072
1813820868240
2913332496016
2844880341408
1471296439968
2570808067744
2845685974688
1540015916704
2862060471632
1557464155472
2656975783248
1832342062416
2931853690192
2635500946768
2910378853712
1484449711440
2583961339216
1759327618384
1556121978272
2655633606048
1466195838624
2565707466400
2840585373344
1534915315360
2634426943136
2909304850080
1539210611280
2638722239056
1814088518224
2913600146000
2857765571152
1488477358672
1814893824592
2587988986448
1763355265616
1534647208528
2930780800400
1827779709584
2927291337360
1488744482448
2588256110224
1763622389392
2863134017168
1557463959184
2656975586960
1832341866128
2931853493904
1763622390416
2863134018192
2927558724240
2927559838304
1831268059744
2930779687520
1470491133328
2570002761104
2844880668048
1539210610064
2638722237840
2913600144784
1814089565536
1470490805664
2570002433440
2844880340384
1539210282400
2638721910176
2913599817120
1809794271840
2909305899616
1832342128032
2931853755808
2914673624416
1467270956448
2566782584224
1742148863392
2841660491168
1535990433184
2635502060960
1810868340128
2910379967904
1759327618464
2858839246240
1467002522256
2566514150032
1741880429200
2841392056976
1535721998992
2635233626768
1810599905936
2910111533712
1557465269840
2656976897616
1832343176784
2931854804560
1488745793104
1763623700048
2588257420880
2863135327824
1467002194592
2566513822368
1741880101536
2841391729312
1535721671328
2635233299104
1810599578272
2910111206048
1488745465440
2588257093216
1763623372384
2863135000160
1557464942176
2656976569952
1832342849120
2931854476896
1483108320672
2582619948448
1540285401760
2639797029536
1557196835152
2656708462928
2931586369872
1552096561488
2651608189264
2926486096208
1471297489232
2570809117008
1815162980704
2914674608480
1759059184272
2858570812048
1757986490784
2857498118560
1551828060576
2651339688352
1826705967520
2926217595296
1470492116320
2570003744096
1745370023264
2844881651040
1539211593056
2638723220832
1814089500000
2913601127776
1556391200400
2655902828176
1470223682128
2931854476960
1553168926304
2652680554080
1465927731856
2565439359632
2840317266576
1534647208592
2634158836368
2909036743312
1483107601040
1471297422752
2570809050528
1746175329696
2845686957472
1540016899488
1466196100704
2565707728480
1741074007648
2840585635424
1534915577440
2634427205216
1809793484384
1487403354448
2586914982224
1762281261392
2861792889168
1556122831184
2655634458960
1831000738128
2930512365904
1467269843360
2566781471136
1535989320096
2635500947872
1757986555216
2857498182992
1551828125008
2651339752784
2926217659728
1470223746384
2569735374160
1745101653328
1832343176528
1488476309856
2587987937632
1470492182176
2570003809952
1745370089120
2844881716896
1465927402848
2565439030624
1488744680016
2588256307792
1763622586960
2863134214736
1557464156752
2656975784528
1832342063696
2931853691472
1535990171024
1810868077968
1552901604752
1534647993744
1467270694288
2566513886608
1556391265680
1809525900688
1488745465232
2588257093008
1535720883616
1551826815568
2651338443344
1826704722512
2926216350288
1483107338832
2582618966608
1757985245776
2927559771536
1759327618448
1553169974672
2652681602448
1828047881616
2927559509392
2845955392912
2840318051728
1827779511696
1470223418768
1471564613968
2571076241744
1746442520912
2845954148688
1540284090704
2639795718480
1815161997648
2914673625424
1465927402912
2565439030688
1740805309856
2840316937632
1534646879648
1484181079456
2583692707232
1759058986400
2858570614176
1552900556192
2652412183968
1827778463136
2927290090912
1484449449616
2583961077392
1759327356560
2858838984336
1553168926352
2652680554128
2913331447376
1487402305104
2586913932880
1762280212048
1471296177744
2570807805520
1746174084688
2845685712464
1540015654480
2639527282256
1814893561424
2914405189200
2909306161824
1535720950368
2635232578144
1534915577232
1809793484176
1466195838368
2565707466144
1741073745312
2840585373088
1534915315104
2634426942880
1809793222048
2909304849824
1483375707552
2582887335328
1815162194592
2914673822368
2930511250784
1470491069088
2570002696864
1745368976032
2844880603808
1539210545824
2638722173600
1814088452768
2913600080544
1484182390112
2583694017888
1759060297056
2858571924832
1552901866848
2652413494624
1827779773792
2927291401568
1466197214880
2565708842656
2840586749600
1534916691616
2634428319392
1484450760272
2583962388048
1759328667216
2858840294992
1552096495184
1470492182096
2570003809872
1745370089040
2844881716816
1539211658832
1763354150480
2862865778256
1467001407056
2566513034832
1465928780128
2565440407904
2840318314848
1534648256864
2634159884640
2909037791584
1483108649312
2582620277088
1487670741408
2587182369184
1762548648352
2862060276128
1814893758816
2914405386592
1467270694224
2566782322000
1742148601168
2841660228944
1535990170960
2635501798736
1810868077904
2910379705680
1465927403152
2565439030928
2840316937872
1534646879888
2634158507664
2909036414608
1483107272336
2582618900112
1465927403168
2565439030944
1557196572000
2656708199776
1553168992608
2652680620384
2840316937888
1534646879904
2634158507680
1471565662816
2571077290592
1746443569760
1556390479456
2655902107232
2845955197536
1540285139552
1815163046496
2914674674272
1809525835424
2582887597664
1815163046560
1487672052064
1483108321616
2582619949392
2857497856336
1551827798352
2651339426128
2926217333072
2587183679840
1484181277024
2583692904800
1759059183968
1551826815328
2651338443104
1557464222112
2656975849888
2840317266320
2634158836112
1809525115280
2909036743056
1483107600784
2582619228560
1757985507728
2857497135504
1551827077520
2927559772832
1487403615840
2586915243616
1762281522784
2861793150560
1556123092576
2655634720352
1831000999520
2930512627296
1552901801632
2652413429408
1488477358496
2587988986272
1763355265440
2862866893216
1557196835232
2656708463008
1832074742176
2931586369952
1466196888208
2565708515984
2840586422928
1471297160528
2570808788304
2845686695248
1540016637264
2639528265040
2914406171984
1488745728656
2588257356432
1763623635600
2863135263376
1557465205392
1814894610784
2914406238560
2926485833120
1742147488080
2841659115856
1535989057872
2635500685648
1810866964816
1551827864208
2651339491984
1826705771152
2926217398928
1487670741392
2587182369168
2913600931408
1484181342880
2583692970656
1759059249824
1471565662608
2571077290384
1746443569552
2845955197328
1540285139344
2639796767120
1815163046288
2914674674064
1471564875360
2910110156368
2571076503136
1746442782304
2845954410080
1540284352096
2639795979872
1815162259040
2914673886816
1471297226384
2570808854160
1746175133328
2845686761104
1540016703120
2639528330896
1814894610064
2914406237840
1810598528416
2910110156192
2913600931232
2845686958496
1467269646992
2566781274768
1742147553936
2926216545616
1483107534160
2582619161936
1757985441104
2857497068880
1551827010896
2651338638672
1826704917840
1762281261728
2861792889504
1746442521248
2845954149024
1487403615632
2586915243408
1762281522576
2861793150352
1556123092368
2655634720144
1831000999312
2930512627088
1487402502752
1828048210320
2927559838096
2586914130528
1762280409696
2861792037472
1556121979488
2655633607264
1830999886432
2930511514208
1540015654224
2566512837968
1741879117136
2841390744912
2635232314704
1758253943184
1552095512976
1826973419920
1487403287968
2586914915744
1762281194912
1758253615520
2857765243296
1552095185312
1832074676832
2931586304608
2651606813088
1826973092256
2926484720032
1470222436704
2569734064480
1745100343648
2844611971424
1538941913440
2638453541216
1813819820384
2913331448160
1470490806864
2570002434640
1745368713808
2844880341584
1539210283600
2638721911376
1814088190544
2913599818320
1471564875152
2571076502928
1746442782096
2845954409872
1540284351888
2639795979664
1815162258832
2914673886608
1467270957648
2566782585424
1742148864592
2841660492368
1535990434384
2635502062160
1810868341328
2910379969104
2571076502880
1540016638560
2639528266336
1471564547488
2571076175264
1746442454432
2845954082208
1540284024224
2639795652000
1815161931168
2914673558944
1467270629984
2566782257760
1742148536928
2841660164704
1535990106720
1810868013664
1471296113296
2570807741072
2845685648016
1540015590032
2639527217808
2914405124752
1466197214624
2565708842400
1741075121568
2840586749344
1534916691360
1809794598304
2909306226080
1483377083808
2582888711584
2844881717920
1741879315104
2841390942880
1483377019232
2582888647008
1758254926176
2857766553952
1552096495968
2651608123744
1826974402912
2926486030688
1552901867936
1487402502544
2586914130320
1762280409488
2861792037264
1556121979280
2655633607056
1830999886224
2930511514000
1826705966688
2926484982112
2926217594464
1484182325664
2583693953440
1759060232608
2858571860384
1552901802400
2652413430176
1827779709344
2927291337120
2651338639008
1471565858144
2571077485920
1746443765088
2845955392864
1540285334880
2639796962656
1815163241824
2914674869600
2639528528464
1814894807632
2638454523232
1758254992032
2857766619808
1552096561824
2651608189600
2926486096544
1467270629776
2566782257552
1742148536720
2841660164496
1467269842528
2566781470304
1742147749472
2841659377248
1535989319264
2635500947040
1810867226208
1488477096272
2587988724048
1763355003216
2862866630992
1832341866912
2931853494688
2930780997968
1467269843280
2566781471056
1742147750224
2841659378000
1535989320016
2635500947792
1810867226960
2910378854736
1484449712464
1471565924000
1467002193552
2566513821328
1741880100496
2841391728272
1535721670288
2635233298064
1810599577232
2910111205008
1465927403872
2565439031648
2840316938592
1534646880608
1466196887952
2565708515728
1741074794896
2840586422672
1534916364688
2634427992464
1809794271632
2909305899408
1483376757136
2582888384912
2583961142624
1465927403920
2565439031696
1740805310864
2840316938640
1534646880656
2634158508432
1809524787600
2909036415376
1483107273104
2582618900880
2857498117520
1483108582800
1465927403936
2565439031712
1740805310880
2840316938656
1534646880672
2634158508448
1809524787616
1487403551392
2586915179168
1762281458336
2861793086112
1556123028128
2655634655904
1467269842320
2566781470096
1742147749264
2841659377040
1470223485344
2569735113120
1745101392288
2844613020064
1538942962080
2638454589856
1813820869024
1831269435808
1827778660768
2927290288544
2570003483280
2844881390224
1539211332240
2638722960016
1814089239184
2913600866960
1488475981152
2587987608928
2862865515872
1557195457888
2656707085664
2931584992608
1810868274848
2910379902624
1832073430688
1471564810912
2638723025312
1535720622496
2635232250272
2634158574240
1809524853408
2909036481184
1763622390352
2858840033872
2914406435408
1826705705552
1813819820624
1553170041424
2652681669200
1828047948368
2655901845088
2930779752032
1488744483232
2588256111008
1763622390176
2863134017952
1746175330960
2845686958736
1832343111264
2931854739040
1465927404176
2565439031952
2840316938896
1534646880912
2634158508688
2909036415632
1483107273360
2582618901136
1746443831904
2845955459680
1488476047008
1483107273376
1557195458912
2656707086688
2909037463200
1552096234080
2651607861856
1470222697888
2569734325664
2844612232608
1538942174624
2913331709344
1470491068048
2570002695824
1745368974992
2844880602768
1539210544784
2638722172560
1814088451728
2913600079504
1488745793888
1827779447120
1484182063440
2927291074896
1552901540176
1815162259104
2914673886880
1742147749536
2841659377312
1467270891168
2566782518944
1465928780176
2565440407952
1740806687120
2840318314896
1534648256912
2634159884688
1809526163856
2909037791632
1483108649360
2582620277136
2930779751824
2862060275088
1556390217104
1762548647312
1488477357664
2587988985440
1763355264608
2862866892384
1483376822864
2582888450640
1552096299600
2651607927376
1826974206544
2926485834320
1556391463584
1484449778272
2583961406048
2858839312992
1553169255008
2652680882784
2927558789728
2565440079520
1814893823328
2914405451104
1484450563488
2583962191264
1759328470432
2858840098208
1553170040224
2652681668000
1828047947168
2927559574944
1484182129296
2583693757072
1759060036240
2858571664016
1552901606032
2652413233808
1827779512976
2927291140752
1471565661776
2571077289552
1746443568720
1540285138512
2639796766288
1815163045456
2914674673232
1556123027808
2655634655584
1813820869280
2927290354080
1466196100448
2565707728224
1741074007392
2840585635168
1487672051024
2587183678800
1556391527760
2655903155536
1831269434704
2930781062480
1814088190368
2913599818144
2858570810704
1484181275984
2583692903760
1552900752720
2652412380496
1759059182928
1827778659664
2927290287440
1487671723360
2587183351136
1762549630304
2862061258080
1556391200096
2655902827872
1742148601504
2841660229280
1487403289168
2586914916944
1556122765904
1831000672848
2655634393680
2930512300624
1488476244576
2587987872352
1763354151520
2862865779296
1552095512144
2651607139920
1826973419088
2926485046864
1557195721312
2656707349088
1484449778064
2583961405840
1759327685008
2858839312784
1553169254800
2652680882576
1828047161744
2927558789520
1832341867152
2931853494928
2926484981408
2857765242464
1552095184480
2651606812256
1826973091424
2926484719200
1484449450400
2583961078176
1759327357344
2858838985120
1553168927136
1828046834080
1741880165728
2841391793504
1471296178528
2570807806304
1746174085472
2845685713248
1484181341840
2583692969616
1759059248784
2858570876560
1552900818576
1827778725520
2927290353296
2639795653200
2914673560144
1540285139296
2639796767072
1484181014176
2583692641952
1759058921120
2858570548896
1552900490912
2652412118688
1827778397856
2927290025632
2651338639968
1487670937936
2587182565712
2930779949392
1556390414672
2655902042448
1534647141792
2634158769568
1809525048736
2909036676512
1484450761056
1556121978448
2655633606224
1830999885392
2930511513168
2583962388832
1759328668000
2858840295776
1551827797408
2651339425184
1488476244368
2587987872144
1557195721104
2656707348880
1832073628048
2931585255824
1535989056928
2635500684704
2583694018976
1535990368928
2635501996704
1470492117584
2570003745360
1745370024528
2844881652304
1539211594320
2582887335312
1483375707536
2926484718992
1538941912400
2638453540176
1813819819344
2913331447120
1470222435664
2569734063440
1745100342608
2844611970384
1832074741344
2931586369120
1759060231776
2858571859552
2655901780640
2930779687584
2857497069136
1551827011152
1467269842512
2566781470288
1742147749456
2841659377232
1535989319248
2635500947024
1467002258784
1484450826912
2583962454688
1759328733856
2841660163664
1535990105680
2635501733456
2910379640400
1831269108384
2930780736160
1483377018192
2582888645968
1758254925136
2857766552912
1552096494928
2651608122704
1826974401872
2926486029648
1487671986784
2587183614560
1762549893728
2862061521504
1556391463520
2655903091296
1831269370464
2930780998240
1540284353184
2639795980960
1552901801360
2652413429136
1827779708304
2927291336080
1484182324624
1759060231568
2583693952400
2858571859344
1471297423008
2570809050784
1470222435936
1826973418848
2926485046624
2569734063712
1815161932128
2914673559904
1745100342880
2844611970656
1467001473360
2566513101136
1741879380304
2841391008080
1535720950096
2635232577872
1810598857040
2910110484816
1470491920736
2570003548512
1758254990992
2857766618768
1552096560784
2651608188560
2926486095504
2862865843808
2566512773472
1741879052640
2841390680416
1535720622432
2635232250208
1810598529376
2910110157152
1483376756384
2582888384160
2857766291104
1552096233120
1470223484512
2569735112288
1745101391456
2844613019232
1538942961248
2638454589024
1813820868192
2913332495968
1471297227168
2570808854944
1746175134112
2845686761888
1540016703904
2639528331680
1814894610848
2914406238624
1471565597328
2571077225104
2845955132048
1540285074064
2639796701840
2914674608784
2858840361632
1467001211552
1539210610080
2638722237856
2635232316064
1810598595232
2910110223008
1487671986576
2587183614352
1762549893520
2862061521296
2930780998032
1488744482400
2588256110176
1763622389344
2863134017120
1557463959136
1470223681936
2569735309712
1745101588880
2844613216656
1487403550352
2586915178128
1762281457296
2861793085072
1556123027088
2565439030608
2840316937552
1534646879568
2634158507344
2909036414288
1758253877904
2857765505680
1552095447696
2651607075472
1826973354640
2926484982416
1757985441376
1813820082768
1538942175824
1470222699088
2569734326864
1745100606032
2844612233808
2913331710544
2638453803600
2635502062240
1470223484304
2569735112080
1745101391248
2844613019024
1538942961040
2638454588816
1813820867984
1552095446624
2651607074400
2638453475936
2913331382880
1471296439712
2570808067488
1746174346656
2845685974432
1540015916448
2639527544224
1814893823392
1467002522208
2566514149984
1741880429152
2841392056928
1535721998944
2635233626720
1810599905888
2910111533664
1471564809872
2571076437648
1746442716816
2845954344592
1540284286608
2639795914384
1815162193552
2914673821328
2841660426576
1467270891856
2566782519632
1742148798800
2583962388816
2858840295760
1556391463248
2655903091024
2910378853984
1557196768672
1466196888224
2565708516000
2840586422944
1556390218128
2655901845904
1466197215568
2565708843344
2840586750288
1534916692304
2634428320080
2909306227024
1535990367584
2635501995360
1809794271584
2909305899360
2638723286688
2913332497056
1553170238112
2840318314064
1534648256080
2634159883856
1809526163024
2909037790800
1484182325856
2583693953632
1467002522000
2566514149776
1741880428944
2841392056720
1535721998736
2635233626512
1810599905680
2910111533456
1488745792848
2588257420624
2863135327568
1557465269584
2931854804304
1534647928416
1809525835360
2909037463136
1814894807456
2914406435232
1467002194336
2566513822112
1741880101280
2841391729056
1535721671072
2635233298848
1810599578016
2910111205792
1557464941920
2656976569696
2931854476640
1815161997984
1831000738464
2930512366240
2845686695584
1557196507728
1488477030992
2587988658768
1763354937936
2862866565712
1832074414672
1826704721248
2926216349024
1470222435680
2569734063456
1745100342624
2844611970400
2634428058272
1809794337440
1484449777232
2583961405008
1759327684176
2858839311952
1556391528096
2655903155872
1467001473696
2566513101472
1484449449568
2583961077344
1759327356512
1466196887184
2565708514960
2840586421904
1534916363920
2634427991696
2909305898640
1483376756368
2582888384144
1470223681872
2569735309648
1745101588816
2844613216592
1538943158608
2638454786384
1813821065552
2913332693328
1745369827680
2844881455456
1488745531040
2588257158816
1763623437984
2863135065760
1557465007776
2656976635552
2931854542496
2635233626464
1556391527776
1552095512928
2651607140704
1540284351840
1534915577184
2634427204960
1809793484128
2909305111904
2639795979616
1467269842272
2566781470048
1465927666256
2565439294032
1740805573200
2840317200976
1534647142992
2634158770768
1809525049936
2909036677712
1483375773280
2582887401056
1470492181920
1465928451472
2565440079248
1740806358416
2840317986192
1534647928208
2634159555984
1488744679760
2588256307536
1809525835152
2909037462928
1810598791840
2910110419616
2651338443088
1826704722256
2926216350032
1483107338576
2582618966352
1757985245520
2857496873296
1551826815312
2655903090256
1488476243536
2587987871312
2914405188944
1814893561168
2639527282000
1471296177488
2570807805264
1746174084432
2845685712208
1488744745616
2588256373392
2863134280336
1557464222352
2656975850128
1759328732512
2858840360288
1832073628256
2931585256032
1488744417952
2588256045728
2863133952672
1557463894688
1557196573264
1832074480208
1535721736784
2635233364560
2931854739024
1762281457232
1551827076704
2651338704480
1470491068832
2570002696608
1745368975776
2844880603552
1539210545568
2638722173344
1814088452512
2913600080288
2582888384928
1484450760016
2583962387792
1828048143696
2652681864528
2858840294736
2927559771472
1553170236752
1759328666960
1470222632608
2569734260384
1465927664976
2565439292752
1745100539552
2844612167328
1538942109344
2638453737120
1813820016288
2913331644064
1745369041568
2844880669344
2652412447136
1488745728608
1763623635552
2863135263328
1832343112288
1830999688608
2930511316384
1757986294368
1471565662560
2571077290336
1746443569504
2845955197280
1484450825872
2583962453648
1759328732816
2858840360592
1553170302608
2652681930384
1828048209552
2927559837328
2858571598432
1557196768912
2656708396688
1484450498208
2583962125984
1759328405152
2858840032928
1553169974944
2652681602720
1828047881888
2927559509664
2639528330848
1814894610016
2914406237792
1763355200160
2862866827936
1466196886928
2565708514704
1741074793872
2840586421648
1483376756112
2582888383888
1471565596048
2571077223824
1746443502992
1758253943136
1488745728400
2588257356176
1763623635344
2863135263120
1557465205136
2656976832912
1832343112080
2931854739856
1814894807696
2914406435472
1483107599968
2582619227744
1826973157728
2570003547472
1745369826640
2844881454416
1539211396432
2638723024208
1814089303376
2913600931152
1470491919696
1488477292176
2587988919952
1815161996640
1484181342624
2583692970400
1759059249568
2858570877344
1552900819360
1815163308640
1471564875104
1484449712784
1759327619728
2858839247504
1553169189520
2652680817296
1828047096464
1740806620768
1534648190560
2634159818336
1471297226128
2570808853904
1746175133072
2845686760848
1540016702864
2639528330640
1814894609808
2914406237584
1810867227296
1466195904080
2565707531856
1741073811024
2840585438800
1467269646736
2566781274512
1742147553680
2841659181456
1535989123472
2635500751248
1810867030416
2910378658192
1467001210512
2566512838288
1741879117456
2841390745232
1487402502496
2586914130272
1762280409440
2861792037216
1832342849936
2931854477712
1534647928480
1483108387152
2582620014928
2569735113040
1745101392208
1538942962000
2638454589776
1757985441424
2857497069200
1551827011216
2651338638992
1826704918160
2926216545936
1552096561808
1467270957392
2566782585168
1742148864336
2841660492112
1535990434128
2635502061904
1810868341072
2910379968848
2861792103072
1556122045088
2655633672864
1830999952032
2930511579808
1467270629728
1470222370384
2569733998160
1745100277328
2844611905104
1538941847120
2638453474896
1813819754064
2913331381840
2566782257504
1471296113040
2570807740816
1746174019984
2845685647760
1540015589776
2639527217552
1814893496720
2914405124496
1467002521168
2566514148944
1535721997904
2635233625680
2910111532624
1467002193504
2566513821280
2841391728224
1535721670240
2635233298016
2910111204960
1470490872464
2570002500240
1745368779408
2844880407184
1539210349200
2638721976976
1814088256144
2913599883920
1810868078240
2910379706016
1467270695584
1742148602528
1551828059488
2651339687264
1826705966432
2926217594208
2656708135328
1535990172320
1471297423696
2570809051472
1746175330640
2845686958416
1540016900432
2639528528208
1814894807376
2914406435152
2910111270240
1828048144736
2927559772512
1465928714912
2565440342688
1740806621856
2840318249632
2857766619552
1552096561568
2651608189344
1826974468512
2926486096288
2565708514640
2840586421584
2634427991376
1466196886864
1534916363600
2909305898320
2655903155552
1556121781840
2655633409616
2930511316560
1539210348112
2638721975888
1483377085072
2582888712848
1535990106464
2635501734240
1757986555552
2857498183328
1551828125344
2651339753120
1467001408080
2566513035856
1741879315024
2841390942800
1535720884816
2635232512592
1810598791760
2910110419536
1467002193296
2566513821072
1741880100240
2841391728016
1535721670032
2635233297808
1810599576976
2910111204752
2639528594064
2914406501008
1759058987344
2858570615120
1484181080400
2583692708176
1552900557136
2652412184912
1827778464080
2927290091856
2639528266400
2914406173344
2841659180704
1466197150304
2565708778080
1741075057248
2840586685024
1534916627040
2634428254816
1809794533984
2909306161760
1483377019488
2582888647264
2655902894752
1762281458080
2861793085856
2926486030992
1556123027872
2655634655648
1831000934816
2931853756768
2930512562592
1809525048992
2909036676768
1551827011232
1827779708512
2927291336288
1540284090720
2639795718496
1470491855248
1745369762192
1539211331984
2638722959760
1814089238928
2913600866704
1470491068000
2570002695776
1745368974944
2844880602720
1539210544736
2638722172512
1814088451680
2913600079456
1471564810656
2571076438432
1746442717600
2845954345376
1540284287392
2639795915168
1815162194336
2914673822112
1487670740320
2587182368096
1762548647264
2862060275040
1471296374432
2570808002208
1540016899744
2639528527520
2635500948128
1557465204304
2656976832080
2910379902544
1467270891088
2566782518864
1742148798032
2841660425808
1826974402128
1488744416912
2588256044688
2863133951632
1557463893648
2656975521424
2931853428368
1832073692768
2931585320544
1762549958240
2862061586016
1832343176544
1814088451472
2913600079248
1466197150288
2565708778064
1741075057232
2840586685008
1467270890912
2566782518688
1742148797856
2841660425632
1535990367648
2635501995424
1810868274592
2910379902368
1488477357408
2587988985184
2862866892128
1483376822608
2582888450384
1758254729552
2857766357328
1467002456720
2566514084496
1741880363664
2841391991440
1535721933456
2635233561232
1488745727568
2588257355344
1763623634512
2863135262288
1832343111248
1484449778016
2583961405792
1759327684960
2858839312736
1553169254752
2652680882528
1828047161696
2927558789472
1465928714656
2565440342432
1740806621600
2840318249376
1534648191392
2634159819168
1809526098336
2909037726112
1483108583840
1826705770064
2926217397840
1484182129040
2583693756816
1759060035984
2858571663760
2862865582480
1552901605776
2652413233552
1827779512720
2927291140496
1484181341792
2583692969568
1759059248736
2858570876512
1746443568464
1815163045200
2571077289296
2639796766032
2845955196240
1471565661520
1540285138256
2910378855072
1466197150048
2565708777824
1741075056992
2840586684768
1534916626784
2634428254560
2586914916688
2861792823632
1762281195856
1488476244320
2587987872096
1763354151264
2862865779040
2651607139664
2926485046608
1552095511888
1483376035152
2582887662928
2857765569872
1470492116640
1745370023584
1539211593376
1814089500320
2858839313056
1758253614432
2857765242208
1552095184224
2651606812000
2926484718944
1487671003744
1826704656976
2926216284752
1465928713616
2565440341392
1740806620560
2840318248336
1534648190352
2634159818128
1809526097296
2909037725072
2566514083216
1758254925456
2857766553232
1552096495248
2651608123024
1826974402192
2926486029968
1484450760336
2583962388112
1759328667280
2858840295056
2858570548640
1483376756064
2582888383840
1741075055952
2840586683728
1534916625744
2634428253520
1809794532688
2909306160464
2914674869584
2656976831824
1557465204048
1535990105760
2635501733536
1534916363936
2634427991712
2909305898656
1467270629024
2566782256800
2570003482272
2655901780384
2858571662928
1552901604944
2652413232720
1827779511888
2927291139664
1484182128208
2583693755984
2931586106960
1552096298576
2651607926352
1759060231840
1483108583072
2582620210848
1757986490016
2857498117792
1551828059808
1826705966752
1484182324896
2583693952672
1746175329952
2863135328912
1483108321936
2582619949712
2857497856656
1551827798672
2651339426448
1557196506448
2656708134224
2909305964128
1740806424160
2840318051936
1534647993952
1467270694496
2566782322272
1742148601440
2841660229216
1535990171232
2635501799008
2840585701968
2634427271760
1809793550928
2909305178704
1827778726480
2927290354256
1467001473616
2566513101392
1741879380560
2841391008336
1741880428896
1539211330976
2638722958752
2844881388960
1467270628768
2566782256544
1742148535712
2841660163488
1535990105504
2635501733280
1810868012448
1556391265872
2930779949456
1467269843344
2566781471120
2841659378064
1535989320080
2635500947856
1810867227024
2910378854800
1745368975760
2638722173328
1826705704288
2926217332064
1471296177808
2570807805584
1746174084752
2845685712528
1540015654544
2639527282320
1814893561488
2914405189264
1487402305168
2586913932944
2909037462880
2587988724064
1763355003232
2862866631008
1832074479968
2931586107744
1538942962016
2638454589792
1467002259808
2566513887584
1741880166752
1763622652512
2931853757024
1810598857312
2910110485088
1556390480480
2655902108256
2569734326880
1745100606048
2844612233824
1538942175840
2638453803616
1813820082784
1557195720016
2656707347792
1832073626960
2861792888144
1556122830160
2655634457936
2930512364880
1831000737104
1487403353424
2586914981200
1762281260368
1557196571984
2656708199760
1488745793184
1828048209504
2927559837280
1551827076432
2651338704208
2926216611152
1763622651216
2863134278992
2909305177424
1487671002448
2588256110240
1557463959200
1470222436000
2569734063776
1745100342944
2844611970720
1538941912736
1557195786640
2656707414416
1465927469712
2565439097488
1740805376656
2840317004432
2909036481168
1483107338896
2582618966672
1809526098528
2909037726304
1465928714848
2565440342624
1740806621792
2840318249568
1534648191584
2634159819360
1483108387168
2582620014944
1556390151568
2655901779344
1831268058512
2930779686288
1832074675808
2931586303584
1552096234064
2651607861840
1826974141008
2926485768784
1759327423056
2840585439824
1534915381840
2634427009616
1809793288784
2909304916560
2845686957728
1534648190624
2634159818400
1814894806688
2914406434464
1740806620832
1809526097568
2909037725344
2565440341664
1470223681184
1763623701152
2863135328928
1832343177888
2931854805664
2910378658144
1483376036496
2582887664272
1828048143968
2927559771744
2656976832096
2635501995616
2845954409824
1557195785568
2656707413344
2914673886560
1488476308832
2587987936608
2862865843552
1556390479200
2655902106976
1814893496672
2914405124448
2652413495888
2927291402832
1484182391376
2583694019152
2858571926096
1552901868112
1487403616848
2586915244624
1762281523792
1830999951776
1484181080464
2583692708240
1759058987408
2858570615184
1552900557200
2652412184976
1827778464144
2927290091920
1488476047760
2587987675536
2840318051984
1534647994000
1471565661840
2571077289616
1746443568784
2845955196560
1540285138576
2639796766352
1815163045520
2914674673296
2652681865888
2858840296096
1814894873184
2914406500960
1814894609744
1540285073744
2639796701520
2652680620368
1466195904848
2565707532624
1741073811792
2840585439568
1534915381584
1809793288528
1467269646672
2566781274448
1742147553616
2910111270560
1832074675616
1757986489760
2857498117536
2651339687328
2926217594272
1484182324640
2583693952416
1759060231584
1826706032032
2926217659808
2638722959712
2844881389920
2913600866656
2655903156832
1467270957664
2566782585440
1742148864608
2841660492384
1535990434400
1810868341344
1557465270880
1552096232800
2913332430432
2638454523488
2639528266144
2845686696352
2914406173088
1809793223264
1810868274528
1826974401888
2926486029664
1484450760032
2583962387808
1759328666976
2858840294752
1553170236768
2652681864544
2845687024208
2638723025568
2844881455776
2913600932512
1488744744528
2588256372304
1763622651472
1557464156832
1483375970976
2582887598752
1758253877920
2857765505696
1552095447712
2651607075488
1826973354656
2926484982432
1484449712800
1762549957968
2862061585744
1471297488208
2570809115984
2845687022928
1540016964944
2566513886880
1741880166048
2841391793824
2635233363616
1465928517280
2840318052000
1826704984720
2926216612496
1470222699152
2569734326928
1745100606096
2844612233872
2931853757072
1813820082832
2913331710608
1471296440976
1814893757856
2914405385632
1466195839376
2565707467152
1741073746320
2840585374096
1534915316112
2634426943888
1487670937232
2587182565008
1762548844176
2862060471952
1556390413968
2655902041744
1831268320912
2930779948688
1467269842576
2566781470352
1745101325664
2844612953440
1534648255840
2634159883616
2909037790560
1483377083744
2582888711520
2857766618464
1552096560480
2651608188256
1483108386400
1757986293344
1758253943456
2857765571232
1552095513248
2651607141024
2845954411168
1484449778336
1759327685280
2914673887904
1467269645648
2566781273424
1742147552592
1535989122384
2635500750160
1810867029328
2910378657104
1535720950352
2635232578128
1810598857296
2931585321552
2651338705488
1826704984656
2926216612432
1484181342800
2583692970576
1483375970720
2582887598496
1758253877664
2857765505440
1552095447456
2651607075232
1826973354400
2926484982176
1484449712544
2583961340320
1757985179984
2857496807760
1551826749776
2651338377552
1809793484448
1557195785616
2655634459024
1757985245840
2857496873616
1551826815632
2651338443408
1826704722576
2926216350352
2844881389904
1540284286288
2639795914064
1487670936976
2587182564752
1762548843920
2862060471696
1556390413712
2655902041488
1471565924688
2861791775376
2587988657552
1471297488464
1535989385808
2635501013584
1810867292752
2635501798800
1467269907872
2566781535648
1742147814816
2841659442592
1535989384608
2635501012384
1810867291552
2910378919328
1745369040288
1470491133344
1757986555280
2857498183056
1465927731536
1483107534432
2913600865616
1465928780432
2565440408208
2840318315152
1534648257168
2634159884944
2931854805648
2857766619792
1826974468752
1551826815648
2651338443424
1826704722592
2926216350368
1487402306208
2586913933984
1483376036512
2634426943056
1809793222224
2909304850000
1466195838544
2565707466320
1741073745488
2840585373264
1534915315280
1540284352160
1553168992864
2652680620640
1828046899808
2927558527584
2582619162000
1757985441168
2857497068944
1551827010960
2651338638736
1762280212112
2861791839888
1556121781904
2655633409680
1483107337872
1830999688848
2930511316624
1488476046992
2587987674768
1763353953936
1746442783392
2571076240976
2845954147920
1540284089936
2639795717712
1815161996880
2914673624656
2913599882832
1534648257184
2634159884960
2909037791904
1483108649632
2582620277408
2930781063840
1535721999008
1810599905952
2910379969184
1470223747424
1745101654368
2844613282144
1810867226272
2910378854048
1483108648336
2582620276112
1467002520976
2566514148752
1741880427920
2841392055696
1535721997712
2635233625488
1810599904656
2910111532432
1830999689632
2930511317408
1551826815392
2651338443168
2926216350112
1465927469472
2565439097248
1557195785824
2656707413600
1759059969376
2858571597152
1815161997664
2582887401824
2857765308768
1484449515872
2583961143648
1759327422816
2652681930080
1552901540448
2652413168224
2582618965392
1757985244560
2651338442128
1483107337616
1826704721296
2926216349072
2931585058192
1557195523472
1832073430416
2656707151248
1826974468448
1763353953632
1814893823632
2565440342368
2840318249312
1534647141984
2634158769760
2656708396384
1483376757072
2582888384848
2857766291792
2909304915280
2639795717456
2845954147664
2914673624400
1471564612944
2571076240720
1746442519888
1551828125088
1539211658656
1535721997728
2635233625504
2638723286432
1465928779168
2565440406944
2914674935200
1741880427936
1556391528032
2655903155808
1557196834464
2656708462240
2587182303888
1467269580368
1745368975008
1539210544800
2638722172576
1814088451744
2913600079520
1471564809888
2571076437664
1746442716832
2845954344608
1540284286624
1534915644064
2634427271840
1488476244640
2587987872416
2913331710560
1471296440928
2570808068704
1746174347872
2845685975648
1540015917664
2639527545440
1814893824608
1552900819552
1470223418720
2569735046496
1534647207504
1467001472592
2566513100368
2841391007312
1465927730768
2565439358544
1740805637712
2840317265488
1535720949328
1557464155488
2656975783264
1551826814304
2651338442080
1814089238864
2913600866640
2656975848784
2931853755728
2634158507616
1809524786784
2909036414560
1535989319072
2635500946848
1741074007456
2840585635232
1534915577248
2634427205024
1809793484192
2909305111968
2582887597472
1467269842336
2914405451408
1741075122784
2909306227296
2844611906208
1538941848224
2638453476000
1813819755168
2913331382944
1470222371488
2569733999264
1745100278432
2566513101152
2931585321312
2635232577888
2913331710304
1471296440672
2570808068448
2845685975392
1540015917408
1827779446352
2927291074128
1484182062672
2583693690448
1759059969616
2858571597392
1826706032016
2926217659792
1467270892176
2566782519952
1742148799120
2841660426896
1535990368912
2635501996688
1810868275856
1471565859472
2571077487248
1746443766416
2840318248272
2634159883920
2909037790864
1465927730512
2565439358288
2910110157456
1813819819680
2570807805600
2845685712544
1540015654560
2639527282336
1814893561504
2914405189280
2587987674784
2857765308000
1826973156960
2926484784736
1814089501072
1540285335952
2639796963728
1815163242896
2914674870672
1757986228576
2857497856352
1551827798368
2651339426144
2926217333088
1827779446112
2927291073888
2635232577104
2910110484048
2857497068896
1483107534176
2582619161952
1757985441120
1741879117216
2841390744992
1535720687008
2635232314784
1810598593952
2910110221728
1465927468448
2565439096224
1740805375392
2840317003168
1826704983712
2926216611488
2931853428304
2656975586656
2910378657120
1763622389088
2863134016864
1471564612960
2571076240736
1746442519904
1814893496992
2914405124768
1467002260112
2566513887888
1741880167056
2841391794832
1535721736848
2635233364624
1810599643792
2910111271568
2638454590096
1556390152848
1534916691536
2634428319312
1809794598480
2909306226256
1466196887136
2565708514912
1741074794080
2840586421856
1534916363872
2634427991648
1809794270816
2909305898592
1470222370448
2569733998224
1745100277392
2844611905168
1538941847184
2638453474960
1813819754128
2913331381904
1763623373392
2588257094224
2863135001168
1557464943184
1832342850128
2635233298080
1810599577248
2910111205024
2638723025488
1814089304656
1470491920976
2570003548752
1745369827920
1465927731552
1466196101712
2565707729488
1741074008656
2566781470112
1742147749280
2841659377056
1810867226016
2910378853792
1535720884880
1810598791824
2910110419600
2656975588000
1740806423888
2926217398672
2857497134688
1745101392272
1465927730784
2565439358560
1740805637728
2582620211552
2857497855312
2926217332048
1763623438672
2863135066448
1814089304400
2913600932176
1471565662544
1746443569488
2858570810720
1827778659680
2927290287456
1832074742160
2931586369936
1826973419104
1832343111312
2931854739088
1832073366096
2931584993872
1488475982416
2587987610192
1763353889360
1467001145936
2566512773712
2639795980880
1815162260048
2914673887824
2927290353312
2914674673040
1746442455648
2845954083424
1540284025440
2639795653216
1815161932384
2914673560160
2655902042464
2930779949408
2588257356448
1763623635616
1466197150368
2565708778144
1741075057312
2840586685088
1534916627104
2863135263392
1832343112352
2931854740128
2931585255840
1763354216848
2862865844624
1483376035216
2582887662992
2857496808080
1551826750096
2651338377872
2926216284816
2931585320288
2841391007072
1535720949088
2635232576864
1810598856032
2910110483808
2863135262352
1557465204368
2656976832144
2858571859360
1552901801376
2652413429152
1827779708320
2927291336096
2863134279248
1557464221264
2656975849040
1832342128208
2931853755984
2634158835280
1809525114448
2909036742224
1826974467744
2926486095520
2845955459728
1540285401744
2639797029520
2914674936464
1741879052624
2841390680400
1535720622416
2926216284496
1534647207248
2634158835024
2840317265232
2861793151568
1556123093584
1831001000528
2930512628304
2655634721360
2651339754064
1826706033232
2926217661008
1557196835408
1488745728416
2840585439648
1534915381664
2634427009440
1809793288608
2909304916384
2639795914400
1815162193568
2914673821344
1556390218320
2909305178720
2587987936864
1831268386400
2909306227040
2845955131728
2909037790816
1488745792864
2588257420640
1557465269600
2863135327584
2910379903632
1832074742352
2862866893392
1538941848144
2638453475920
1467270890896
2566782518672
1742148797840
2862866565728
1557196507744
2656708135520
2931586042464
1484450564496
2583962192272
1759328471440
2858840099216
1553170041232
2652681669008
1828047948176
2927559575952
2583961405024
1759327684192
2858839311968
1553169253984
2652680881760
1828047160928
2927558788704
2586913868112
2861791775056
1556121717072
2655633344848
1467001145680
2566512773456
2857766290784
2638454786400
2909036677728
2565439294048
2840317200992
1534647143008
2634158770784
1809525049952
1831000671824
2930512299600
1487403288144
2586914915920
1762281195088
2861792822864
1556122764880
2655634392656
1826704722272
2926216350048
1483107338592
2582618966368
1757985245536
2857496873312
1483375708752
2582887336528
1758253615696
2857765243472
2570003482016
1759327683984
2926217660752
1759060298064
2858571925840
1552901867856
2845687023952
1540016965968
2639528593744
1553168926112
1556122831520
2655634459296
1488477096608
1763355003552
1557196573344
2656708201120
1832074480288
2931586108064
2656975850144
1763622652576
2863134280352
2931853757088
2639795652176
1815161931344
2914673559120
1828048143712
2927559771488
2930780801632
2588257159776
1763623438944
1826974206560
2931584993632
1742147488096
1557463894368
2656975522144
2926216284512
1470222371168
1487402240352
2586913868128
1762280147296
1556390479504
2565708842576
2840586749520
1467270956624
2566782584400
2841660491344
1535990433360
2635502061136
2634159621776
2909037528720
1759328732832
2927559837344
1488477096528
2571077551440
2844881454672
1539211396688
2926217398688
1470491919712
2570003547488
1745369826656
2844881454432
2583961340576
1759327619744
1553169189536
2652680817312
2858839247520
1828047096480
2927558724256
2582620015008
1757986294176
2857497921952
2651339491744
1484182129056
2583693756832
1759060036000
1487672051296
2587183679072
1540016965216
2639528592992
1488745793120
2588257420896
1763623700064
1557465269856
2656976897632
1552096560736
1470222698064
2569734325840
1745100605008
2844612232784
1538942174800
2638453802576
1813820081744
2913331709520
2635502061920
1551828060512
2651339688288
1470222370400
2569733998176
1745100277344
2844611905120
1538941847136
1813819754080
1535721997920
2635233625696
2841392055904
2583962192224
2858840099168
1553170041184
2652681668960
1828047948128
2927559575904
1556391266656
1813819755088
1809793223072
2909304850848
2587183352144
2841391793552
2634159621520
2913332495760
1484181015136
2583692642912
1483376035472
2582887663248
2857765570192
1552095512208
2651607139984
2926485046928
1484449777296
2583961405072
1466196886880
2565708514656
2840586421600
1470222370192
1740806359632
2840317987408
1534647929424
2634159557200
1809525836368
2909037464144
1814089566816
2913601194592
1810598791776
2910110419552
1467002193312
2566513821088
1741880100256
2841391728032
1535721670048
2635233297824
1745100277152
2914406501024
2656976635216
1553170040144
2652681667920
1488477029968
2587988657744
2862866564688
1557196506704
2656708134480
1832074413648
1828046834256
2927558462032
1553168927312
1832073693584
1466195905168
2565707532944
1741073812112
2840585439888
1488744483472
2588256111248
1557463960208
2656975587984
2569735308624
1745101587792
2913332692304
2583692641872
2858570548816
2566512772688
2841390679632
1535720621648
2635232249424
1557195458128
1466196167312
1470223419040
2569735046816
1745101325984
2844612953760
1538942895776
1534915316384
2651608123040
2926486029984
2634426944160
1535990367904
2635501995680
1466195839648
2565707467424
1742148536672
1484182063456
2583693691232
1759059970400
2858571598176
1552901540192
2652413167968
1827779447136
2927291074912
1488744744592
2588256372368
1471564875424
1557195785888
2656707413664
1488744416928
2588256044704
2863133951648
1557463893664
2656975521440
2931853428384
2861791775072
1556121717088
2655633344864
1830999624032
2930511251808
1540015589728
1467002456736
2566514084512
1741880363680
1745368713616
2844880341392
2926484720016
1538941847952
2638453475728
1813819754896
1483108649568
2582620277344
1757986556512
2857498184288
1551828126304
2651339754080
1826706033248
2926217661024
2858571663776
1552901605792
2652413233568
1827779512736
2927291140512
1484450499216
1831268125072
1534915381648
2634427009424
1809793288592
2909304916368
2582887401872
1483376035168
2582887662944
1551826748752
2651338376528
2926216283472
1483107272016
2582618899792
2857496806736
1540284025184
2570809116240
1746175395408
2845687023184
1540016965200
2639528592976
1814894872144
2914406499920
2841392055888
1471296439888
2570808067664
1746174346832
2845685974608
1540015916624
2639527544400
1814893823568
2914405451344
1540015588960
2639527216736
1814893495904
2914405123680
2914674608464
2841659180432
2913331382864
1741879052704
1467001145760
1832073365920
2931584993696
2638453475744
2913331382688
1467269581216
2566781208992
1535721671248
1810599578192
1484181342816
2583692970592
2857498118480
1471297489248
2914406500704
2857498184032
1551828126048
2651339753824
2926217660768
1471297422672
2570809050448
1746175329616
1483108649616
2582620277392
1483108321952
2582619949728
1741879314000
2841390941776
1535720883792
2635232511568
1810598790736
2910110418512
2913600865888
1471297488528
2570809116304
2845687023248
1540016965264
2639528593040
2914406499984
1471297160864
2570808788640
1540016637600
2639528265376
2635500685984
1810866965152
2910378592928
1763353954912
2862865582688
1557195524704
2656707152480
1832073431648
1465928779088
2565440406864
2840318313808
1483108648272
1487403615904
2586915243680
1762281522848
2861793150624
1556123092640
2655634720416
1488477357728
2587988985504
2570808068752
2845685975696
1540015917712
2639527545488
2914405452432
2638453803664
1484181342864
1471564809632
2571076437408
1540284286368
2639795914144
2845685910160
1540015852176
2639527479952
2634158572960
2909036479904
1540285400400
2639797028176
1466195838608
2565707466384
2861791839824
1552096298592
2651607926368
1826974205536
2926485833312
1487403288976
2586914916752
2861792823696
1556122765712
2655634393488
2930512300432
1832074414480
2931586042256
1763353954704
1557195524496
2656707152272
2910378920528
1470491134544
1745369041488
2844880669264
2571076504144
2845954411088
2927291139680
2862866893136
2862866565472
1471564875088
2571076502864
2858570877520
1539211330896
2638722958672
1814089237840
1466195838288
2565707466064
2634426942800
2909304849744
2840585373008
1759060034960
2858571662736
2927291139472
2858570549856
1552900491872
2652412119648
2927290026592
1484449449312
2583961077088
1759327356256
2651339425376
1487403287888
1488476243296
1763354150240
1552095185232
1746175068576
1556391201184
2655902828960
2930512300448
1557464943008
1762549631392
2862061259168
1465928452512
1487671002720
2651338376784
1826704655952
2926216283728
2587182630496
2858570549648
1552900491664
2652412119440
1827778398608
2927290026384
1484181342608
1827779446416
2927291074192
2639795651920
2845954082128
2914673558864
2583692970384
1759059249552
1488476309152
2587987936928
2862865843872
2931585320608
1556121781856
2655633409632
1487670674832
1762548581776
1813820802448
2913332430224
1488744416656
2588256044432
1763622323600
2863133951376
2840586487136
1534916429152
2634428056928
1809794336096
2909305963872
1742147815760
2841659443536
1553168992928
2652680620704
2841390679648
1535720621664
2635232249440
2910110156384
1471296112224
2570807740000
1746174019168
2845685646944
1556121717392
2655633345168
2639797028432
1815163307600
2914674935376
1557463894672
2656975522448
2845955130976
2639796700768
2914674607712
2862866826656
1759327619488
2858839247264
1553169189280
2652680817056
1828047096224
2927558724000
1487672051360
2857497855632
1551827797648
2651339425424
2926217332368
1757986227856
1483108320912
1535989057168
1832073430608
1741880427872
2841392055648
1535721997664
2635233625440
1810599904608
1539210348960
2638721976736
1814088255904
2913599883680
1742147553696
2841659181472
1535989123488
2635500751264
1810867030432
2910378658208
1470490872224
2570002500000
1745368779168
2844880406944
1828047947088
2927559574864
2840316937568
1534646879584
2634158507360
2909036414304
2914405123424
2651338376544
1467002521184
2566514148960
1470223746656
1745101653600
2844613281376
2638454851168
2913332758112
1763354936656
2931586041168
1809793550944
2862866564432
1553168927056
1828046834000
1535989122448
2635500750224
1810867029392
2910378657168
2566781273488
1742147552656
1832342128224
1488744744544
2927290025552
2588256372320
1557464221280
2927558462048
1470491854416
2570003482192
1745369761360
2844881389136
1539211331152
2638722958928
1814089238096
2913600865872
2845955130960
1540285072976
2565440080464
2565707794832
1741074074000
1534915643792
2587182302816
2862060209760
2655901779552
1831268058720
2930779686496
2840585374112
1534915316128
1465927730832
2565439358608
2840317265552
1534647207568
2634158835344
2909036742288
1762548582992
2862060210768
1556390152784
2655901780560
1831268059728
2930779687504
1828048210512
2927559838288
1557195459216
2656707086992
2931584993936
1762548583056
2862060210832
1809526097504
2909305178784
1471297160848
2570808788624
2845686695568
1540016637584
2639528265360
2914406172304
1762549630608
2862061258384
2909306227360
1553169975696
2652681603472
1828047882640
2927559510416
2840586421920
1488475981472
2587987609248
2862865516192
1557195458208
1487403288224
2931854804640
1484182062736
2583693690512
1759059969680
2858571597456
1552901539472
2652413167248
1483107600720
2863134018208
2656975850080
1762548910688
2862060538464
1831268387424
2930780015200
1466196167264
2565707795040
1741074074208
2840585701984
1483107273056
2582618900832
2857496807776
1551826749792
2651338377568
1465928452432
2565440080208
1534647929168
2634159556944
1467002194256
2566513822032
2931853691552
1488744680096
2588256307872
1763622587040
2656975784608
1757985506960
2857497134736
1551827076752
2651338704528
2926216611472
1471564614048
2571076241824
1746442520992
2845954148768
1540284090784
2639795718560
1815161997728
2914673625504
1540284351824
2639795979600
2652413232464
2858571662672
2927291139408
1467002258768
1466195903824
2565707531600
1741073810768
2638722238032
2913600144976
1466196166224
2565707794000
1741074073168
2840585700944
2931853690208
1471565924704
1741880101200
2841391728976
1535721670992
2635233298768
1810599577936
2910111205712
2571077552480
2588256109920
1471297488480
2570809116256
1746175395424
2845687023200
1814894872160
1467269909088
1467001473440
1746174282336
2845685910112
1540015852128
2639527479904
1534915642960
2634427270736
1809793549904
2909305177680
1814893759072
2914405386848
1467001210256
2566512838032
1741879117200
2841390744976
1535720686992
2635232314768
1810598593936
2910110221712
2910379705744
2566782322064
2926485047648
1745369041248
2844880669024
2840585701728
1534915643744
1483376036192
2656975522384
1832341801552
2931853429328
1745368713888
2844880341664
1488744417872
2857765307808
2651606877600
1484449514912
2583961142688
2844880603472
1557464221008
2840585438880
1534915380896
1467269645984
1742147552928
1826705967456
1741880362384
2841391990160
2910111466896
1535721932176
1810599839120
2635233559952
1466197214864
2840586749584
2909306226320
1488745466512
2588257094288
2863135001232
1557464943248
2656976571024
2931854477968
2861792102992
1556122045008
2655633672784
1830999951952
2930511579728
2930512364944
1831000737168
1487402240608
2586913868384
1762280147552
2861791775328
1556121717344
2655633345120
1830999624288
2930511252064
2857765308816
1552901868128
2652413495904
2927291402848
1483375773088
2582887400864
1552096233824
2651607861600
2926485768544
1830999624080
2930511251856
1551828125264
1826706032208
2586914916960
1762281196128
2861792823904
1556122765920
2655634393696
1831000672864
2930512300640
1488477031008
2587988658784
1763354937952
2582619948640
2857497855584
1484182063520
2862061323856
1471565596000
2571077223776
2857766357664
1552096299680
2651607927456
1826974206624
2926485834400
1465928517216
2565440144992
1535720687200
2635232314976
1810598594144
2910110221920
2655634655568
1831000934736
1815163045536
2914674673312
2656976636560
1466196953744
2565708581520
1741074860688
2927290287520
1487402240592
2586913868368
1762280147536
1483376035488
2582887663264
1467269580176
2566781207952
1742147487120
2841659114896
1535989056912
2635500684688
1810866963856
2910378591632
2639795980944
2845954411152
1540284353168
2914673887888
1742148601488
2841660229264
1535990171280
2635501799056
1810868078224
1757985244816
2926217595232
1470490805904
2570002433680
1745368712848
2844880340624
1488745531744
2588257159520
1763623438688
1465928452448
2565440080224
2840317987168
1534647929184
1483108321632
2914406173328
1553168927328
1758253615712
1465928518032
2565440145808
1740806424976
1534647994768
1809525901712
2588256372064
1488744744288
2863134279008
1763354217040
1483376822672
2582888450448
2930780014176
1758254729616
2857766357392
2651607927184
1483376035424
2582887663200
1552095512160
1488475982432
2587987610208
1763353889376
2862865517152
1557195459168
1832073366112
1488477029712
1815162259808
2857498118496
1488475982480
2587987610256
2862865517200
1831268059472
1828048210256
2927559838032
2652681603424
1762280146512
2861791774288
1487402239568
2586913867344
2927559510368
1484449450576
2583961078352
2858838985296
1487670676048
2587182303824
2858571597408
1552901539424
2652413167200
1827779446368
2927291074144
1466197215648
1487672052304
2587183680080
1762549959248
2862061587024
1556391529040
1831269435984
1762549631584
2862061259360
1556391201376
2655902829152
1831269108320
2930780736096
2863133951328
1488477358736
2587988986512
2862866893456
1557196835472
2656708463248
2931586370192
1488477031072
2587988658848
1557196507808
2656708135584
2862866565792
2931586042528
2927559510608
1759328406096
1487671724624
2587183352400
1762549631568
2862061259344
2569735309728
1538943158688
2638454786464
1487671724432
1556391201168
2655902828944
1487402240400
2586913868176
2861791775120
1556121717136
1557195720352
1483375708816
2582887336592
1467002260064
1471564547728
2571076175504
2845954082448
1540284024464
2639795652240
2914673559184
2840585374032
1534915316048
2582887336272
2651606813008
2857765243216
2926484719952
1483375708496
1831268320656
2930779948432
1552096561744
1826974468688
1484450826832
2583962454608
2858840361552
1553170303568
1471297488224
2570809116000
2845687022944
1540016964960
1759060232848
2858571860624
1484182063712
2583693691488
1746443765328
2863135065424
2931854542160
1483107273040
1552096233808
2651607861584
2926485768528
2858840033616
1539210283664
2638721911440
1814088190608
1466196165968
2565707793744
2840585700688
1534915642704
2634427270480
1741073745248
2840585373024
1534915315040
2634426942816
1471296112992
2570807740768
2845685647712
2931586042208
1557464942944
2656976570720
1488744417632
2588256045408
1745369041504
2844880669280
1832341801296
2931853429072
2863133952336
1557463894352
2656707085904
1832073365072
1488475981392
2587987609168
1763353888336
2862865516112
2635233559904
1810599839072
2910111466848
1746443504016
2639796701584
2914674608528
1809793223056
2909304850832
2583693691280
2858571598224
1483377084752
2582888712528
2857766619472
1484450826576
2583962454352
1759328733520
2858840361296
1832342915744
2863135001184
2570808789408
1471297160544
2845686695264
1534916363616
2634427991392
2909305898336
1832073366176
2931584993952
1832341801632
2931853429408
1470490806944
2570002434720
2931585256016
1470223681120
2569735308896
1745101588064
2844613215840
1538943157856
2638454785632
1813821064800
2913332692576
2566513035936
1535720884896
2635232512672
1552095250784
1488477030032
2587988657808
2862866564752
1557196506768
2656708134544
2913600932256
1465928451424
2565440079200
2840317986144
1534647928160
2634159555936
2841659114912
1487403616864
2586915244640
2861793151584
2655634721376
1831001000544
2930512628320
2858570811728
1488477031056
2587988658832
2862866565776
1557196507792
2656708135568
1814089303440
2638723024272
1471565661584
1471564548704
2571076176480
2861791839840
1746174019216
2845685646992
1540015589008
2639527216784
2914405123728
2857496807056
1551826749072
2651338376848
1814088517200
2570002761296
2582618901152
2857496808096
1470490805856
2570002433632
1745368712800
2638721910368
2913599817312
2910379968096
1471296439952
2570808067728
2845685974672
1540015916688
1484449450592
2583961078368
2857766292064
1471296112288
2570807740064
2845685647008
1540015589024
2639527216800
2914405123744
2931854477984
1471565597344
2571077225120
2845955132064
1540285074080
2570002433424
2844880340368
1539210282384
2638721910160
2913599817104
2635502060944
1810868340112
2910379967888
1826706033312
2926217661088
2571077552800
2910111206032
2926217333392
2858839050592
2845687024288
2857498184352
1551828126368
1763623373472
2863135001248
2909304851104
1465927730528
2565439358304
2840317265248
1471564548448
2571076176224
2845954083168
2863133952352
2931853429088
1466195839328
2570003809936
1745370089104
2844881716880
1539211658896
2656976898656
1762549959264
2862061587040
1831269436000
2930781063776
2587987675808
2862865582752
2656707152544
2931585059488
1534915315024
1540284024144
2926217332128
1467270892192
2566782519968
2652680817040
1828047096208
2927558723984
2862060472720
1758253680976
2857765308752
1552095250768
1557465008464
2910379968080
1471565923920
1484182128992
1483376036432
1758253943376
1483375708768
1826973157712
2651606878544
2926484785488
1483375774032
2582887401808
1762548648272
1832073431440
1540285401440
2845955459424
2570003810656
2844881717600
2638723287392
2913601194336
1534647142816
2634158770592
1465927666080
2565439293856
1740805573024
1487402502560
2586914130336
1762280409504
2861792037280
1556121979296
1470222436768
2569734064544
1745100343712
2844611971488
1471296178592
1488476243360
1827778660960
2570808003168
1826973420176
2926216283792
2841391794528
1535721736544
2909036741968
1466197214544
2565708842320
2840586749264
1534916691280
2634428319056
2909306226000
1471565661856
2571077289632
1746443568800
2845955196576
1540285138592
2639796766368
1471564613984
2571076241760
1746442520928
2845954148704
2909037528400
1534647993680
2634159621456
2926486096528
1809525900624
1471565923984
2571077551760
2845955458704
1540285400720
2639797028496
2914674935440
1471565596320
2571077224096
2845955131040
1540285073056
2639796700832
2914674607776
1487671985568
2587183613344
1762549892512
2862061520288
1556391462304
2655903090080
1470222698080
2569734325856
1745100605024
2844612232800
1538942174816
2638453802592
1813820081760
2913331709536
2845954409808
2638723221904
2656707151504
2931585058448
2931586303328
1466197149024
2565708776800
1741075055968
1809794598240
2909306226016
1466197214560
2565708842336
2840586749280
1534916691296
1470222370208
1534647929440
1740806359648
1809525836384
1831269172640
1467270694304
2566782322080
1742148601248
2841660229024
1535990171040
2635501798816
1810868077984
2910379705760
1488745466208
2588257093984
2863135000928
1484449778256
2583961406032
1553169254992
2652680882768
2927558789712
2858839312976
2652681667984
1809525048656
2909036676432
1740805571920
2927559574928
2858838985312
2656976636240
1832342915408
1488745531728
2588257159504
1552096299344
2651607927120
1826974206288
2926485834064
2635500751440
1488745532064
1830999688800
2587988920720
1488477096544
2587988724320
1467001407904
2566513035680
1741879314848
1828048144800
1484450761120
2583962388896
1759328668064
2858840295840
1553170237856
2652681865632
2926485047952
2931854543504
1488477096592
2587988724368
1763355003536
2862866631312
1557196573328
2656708201104
1832074480272
2931586108048
1557196573024
2656708200800
1488477096288
2570003548832
1828047882912
1540016965280
2639528593056
2914673887584
2845954410848
1540284352864
1470223484496
2914405451360
1466195838304
2566782584416
2841660491360
2931586042512
2927558527392
2927290354272
2840586422608
1534916364624
2634427992400
1466196887888
2565708515664
2909305899344
1488477292128
2587988919904
1557464941904
2656976569680
2931854476624
2914406500000
1471297488544
2570809116320
2845687023264
2840585635152
1534915577168
2634427204944
1809793484112
2913600865696
1470491854240
2914674935136
2909305177744
1488744745632
1557464222368
2931853429392
1488744417936
2588256045712
2863133952656
1763623373136
2863135000912
1488745466192
1557464942928
2656976570704
2931854477648
1487403354512
2586914982288
1762281261456
2861792889232
1556122831248
1757986294160
2857497921936
1551827863952
2858570877536
1484182128032
2583693755808
1759060034976
2858571662752
1552901604768
2652413232544
1827779511712
2927291139488
1484450498192
1534648255824
2634159883600
2909037790544
1552095512912
2651607140688
2926485047632
1483375708512
2582887336288
2857765243232
1552095185248
2651606813024
2926484719968
1534647207264
2634158835040
2909036741984
1465928779104
2565440406880
2840318313824
1758254991968
1742148536656
1535990106448
1810868013392
1540285400672
2566513821264
2841391728208
1535721670224
1815163307616
2926217660048
1551827797664
2651339425440
2857497855648
1557463893600
1810868274576
2635501995408
2931586368848
1488477029728
2587988657504
2862866564448
1557196506464
2656708134240
2931586041184
1551828060496
2651339688272
1826705967440
2926217595216
2582620211536
1487403551056
1762281458000
1465927664992
2565439292768
1740805571936
2840317199712
1534647141728
2634158769504
1809525048672
2909036676448
1484450499168
2927559510624
1487671724640
2587183352416
1465927730848
2565439358624
2840317265568
1534647207584
1484450826848
2583962454624
2858840361568
1553170303584
1488476310160
2587987937936
2862865844880
1557195786896
2656707414672
2931585321616
1557195459232
1488475982496
2587987610272
2862865517216
2639796700752
1815162979920
2914674607696
1813820017056
1484182390416
2583694018192
1759060297360
1552901867152
2652413494928
1827779774096
2927291401872
1488745793168
2588257420944
2931854477664
1483376757088
2582888384864
2857766291808
1488744744608
1471296112272
2651606878560
2569734064784
1745100343952
2844611971728
2566513887904
2841391794848
1535721736864
1810599643808
2565440079184
2840317986128
1534647928144
2634159555920
2909037462864
1465928451408
1487670938208
2587182565984
1762548845152
2862060472928
1556390414944
2655902042720
1831268321888
2840317199696
1470222632544
1745100539488
2913600144800
2844880668064
2926217332384
1488745794192
2588257421968
1488745466528
1470492117408
2570003745184
1745370024352
2844881652128
1539211594144
2582619227472
2857497134416
2926216283488
2655633672800
1467001407824
1470491133520
1483377084768
2582888712544
2857766619488
1556122044816
1465928713552
1740806620496
1484449712528
2583961340304
1759327619472
2858839247248
2566781535632
2841659442576
1535989384592
1484181277088
2583692904864
1759059184032
2858570811808
1552900753824
2652412381600
1466196101792
2586914982480
1556122831440
1831000738384
2930512366160
2635500946832
1539211593104
1534646945104
2635232511392
1810598790560
1487672052320
2587183680096
1488477358752
2587988986528
2862866893472
1557196835488
2656708463264
2931586370208
1484181277072
2583692904848
1759059184016
2858570811792
1552900753808
2652412381584
1827778660752
2927290288528
2857765571216
1552095513232
1471564875408
2571076503184
2845954410128
1540284352144
2639795979920
2914673886864
1471564547744
2571076175520
2845954082464
1540284024480
2639795652256
2914673559200
1488745794208
1557465270944
1557465205408
1466196165984
2565707793760
2840585700704
1534915642720
2634427270496
2909305177440
1471296440656
1551827077456
2651338705232
2926216612176
1557195786576
1557465270928
2857765570912
1551827077472
2651338705248
2926216612192
1466196952400
1741074859344
1535721735568
2635233363344
1810599642512
2910111270288
1741880165776
1557463893328
1488744416592
2656975521104
2931853428048
2639527544480
2914405451424
1556391529056
1483108649296
2582620277072
2857498184016
1551828126032
2651339753808
2634158769488
1742148601232
2841660229008
2845955459744
2926486096224
2909304849760
2914406172320
1552096561504
1759327685024
2571077551776
1540285400736
2845955458720
1488476310176
2587987937952
2862865844896
1557195786912
2656707414688
2931585321632
2910110418336
1467270628944
2566782256720
1484182325648
2583693953424
2858571860368
1827779709328
1471565596304
2571077224080
2845955131024
1540285073040
2639796700816
2914674607760
