1465994249552
1832408712544
2931920340320
1488811264672
2588322892448
1763689171616
2863200799392
1557530741408
2657042369184
1832408648352
2931920276128
2857630828128
1470625809824
2570137437600
1745503716768
2845015344544
1539345286560
2638856914336
1814223193504
2913734821280
1470357375632
2569869003408
1745235282576
2844746910352
1539076852368
2638588480144
1813954759312
2913466387088
1759192943008
2858704570784
1487804696928
2587316324704
1762682603872
2862194231648
1556524173664
2656035801440
1831402080608
2930913708384
2909438805664
1487536260704
2587047888480
1762414167648
2861925795424
1556255737440
2655767365216
1831133644384
2930645272160
1553035496096
2652547123872
1488610003360
2588121631136
1763487910304
2862999538080
1557329480096
2656841107872
1832207387040
1831066535328
2930578163104
2931719014816
2931987450512
1551894710880
2651406338656
1488878373520
2588390001296
1763756280464
2863267908240
1557597850256
2657109478032
1832475757200
1487737521808
2587249149584
1762615428752
2862127056528
1556456998544
2655968626320
1831334905488
2930846533264
1763488892560
2863000520336
1471632509280
2571144137056
1746510416224
2846022044000
1540351986016
2639863613792
1815229892960
2914741520736
1763757393504
2863269021280
2652815559008
1484517344928
2584028972704
1759395251872
1539278243168
2638789870944
2858906879648
1553236821664
2652748449440
1828114728608
2927626356384
1471364073056
2570875700832
1746241980000
2845753607776
1540083549792
2639595177568
1814961456736
2914473084512
2927425029792
1467336493664
2566848121440
1742214400608
2841726028384
1536055970400
2635567598176
1810933877344
2910445505120
1763690284448
2863201912224
2583022404960
2857900311904
1552230253920
2651741881696
2926619788640
1536123012512
2635634640288
1487536260496
1762414167440
2587047888272
2861925795216
1556255737232
2655767365008
1831133644176
2930645271952
1483242342992
2582753970768
1758120249936
2857631877712
1551961819728
2651473447504
1826839726672
2926351354448
2656841108128
1539008760208
2638520387984
1813886667152
2913398294928
1487469152656
2586980780432
1762347059600
2861858687376
1556188629392
2655700257168
2914808629584
1539278243152
1814156150096
1484316083616
2583827711392
1759193990560
2858705618336
1553035560352
2652547188128
1827913467296
2927425095072
1741945898320
2841457526096
1535787468112
2635299095888
1810665375056
2910177002832
1484584453776
2584096081552
1759462360720
2858973988496
1553303930512
2652815558288
1828181837456
1814223194464
1540083549584
2639595177360
1814961456528
2914473084304
2910512613968
1471362959968
2570874587744
1746240866912
2845752494688
1540082436704
2639594064480
1814960343648
2914471971424
2651473447520
1832208435872
1467336493456
2566848121232
1742214400400
2841726028176
1536055970192
2635567597968
1810933877136
2910445504912
2651673725264
2926551632208
2584027990352
1759394269520
2858905897296
1467336493392
2566848121168
1742214400336
2841726028112
1536055970128
1467068057232
2566579685008
1741945964176
2841457591952
1535787533968
2635299161744
1810665440912
1487537243488
2587048871264
1758387571040
2857899198816
1552229140832
2651740768608
1827107047776
2926618675552
1556255737248
2655767365024
1763488958864
2863000586640
1487805745568
2587317373344
2862195280288
1556525222304
2656036850080
1827913468560
2927425096336
1483241227872
2582752855648
1758119134816
1831134628192
2930646255968
2857630762592
2914807515488
1551960704608
2651472332384
1826838611552
1484314970528
2583826598304
1759192877472
2858704505248
1553034447264
2652546075040
1827912354208
2927423981984
1471698503008
2571210130784
1746576409952
2846088037728
1540417979744
2639929607520
1815295886688
1487537309344
2587048937120
1762415216288
2861926844064
1556256786080
2655768413856
1831134693024
2845819603536
2930646320800
1467337476448
1470289217104
2569800844880
1745167124048
2844678751824
1539008693840
2638520321616
1813886600784
2913398228560
2566849104224
1758387636896
1471362959760
2570874587536
1746240866704
2845752494480
1540082436496
2639594064272
1814960343440
2914471971216
2857899264672
1552968386144
2652480013920
1467069040224
2566580668000
1741946947168
2841458574944
1535788516960
2635300144736
1810666423904
2910178051680
1470557719184
2570069346960
1745435626128
2844947253904
1539277195920
2638788823696
1814155102864
2913666730640
1471698568864
2571210196640
1746576475808
2846088103584
1540418045600
2639929673376
1815295952544
2914807580320
1466330842784
2565842470560
1741208749728
2840720377504
1535050319520
2634561947296
1809928226464
2909439854240
1467337542304
2566849170080
1536057019040
2635568646816
1810934925984
2910446553760
1553303930528
2652815558304
2635299161760
2926350239120
1483241227664
2582752855440
1758119134608
2857630762384
1746241915232
2845753543008
2910513596752
1487805744784
1487536196256
2587047824032
1762414103200
2861925730976
1556255672992
2655767300768
1831133579936
2930645207712
1470558702176
2570070329952
1745436609120
2844948236896
1539278178912
2638789806688
1814156085856
2913667713632
1746577459872
1741946946960
2841458574736
1814960342432
2914471970208
1484247927120
2583759554896
1552967403856
1827845310800
2652479031632
2927356938576
1759125834064
2858637461840
1467404651152
2566916278928
1742282558096
2841794185872
1536124127888
1471364008608
2570875636384
1746241915552
1811001969312
1466062473824
2565574101600
1740940380768
2840452008544
1534781950560
2634293578336
1809659857504
2909171485280
1483242343008
2582753970784
2583022340512
1758388619680
2857900247456
1552230189472
1827108096416
2926619724192
2931988433504
1470357440864
2569869068640
1745235347808
2844746975584
1539076917600
2638588545376
1813954824544
2913466452320
1814223194704
2913734822480
1557329479008
2656841106784
1814961457504
1758120183456
2857631811232
1551961753248
2651473381024
1470558701968
2570070329744
1745436608912
2844948236688
1539278178704
2638789806480
1814156085648
2913667713424
1552230254176
2651741881952
1471699551648
2571211179424
1746577458592
2846089086368
1540419028384
2639930656160
1815296935328
2914808563104
1740939332192
2840450959968
1534780901984
2634292529760
1471431117456
2570942745232
1540150594192
2639662221968
1815028501136
2569801893520
1745168172688
2844679800464
1539009742480
2638521370256
1813887649424
2913399277200
1488878438752
2588390066528
1557597915488
2657109543264
1832475822432
1487737587040
2587249214816
1762615493984
2862127121760
1556457063776
2655968691552
1831334970720
2930846598496
1815295953568
2914807581344
1746309023392
2845820651168
2655700257360
2930578164304
1762347059792
2586980780624
1487469152848
2861858687568
1553303996832
1552163145120
2652815624608
1488610002528
2588121630304
1763487909472
2862999537248
1557329479264
2656841107040
1832207386208
2931719013984
1758053140064
2857564767840
1551894709856
2651406337632
1826772616800
2926284244576
1470290331232
2569801959008
1745168238176
2844679865952
1484248975968
2583760603744
1759126882912
1828181902992
2927693530768
2858638510688
1552968452704
1488811263632
2588322891408
1763689170576
2863200798352
1557530740368
2657042368144
1815028565584
2914540193360
1488611051088
2588122678864
1487537309264
2587048937040
1762415216208
2861926843984
1466062472784
2565574100560
2570069346976
1466330842528
2565842470304
1741208749472
2840720377248
2909170436496
2634561947040
2909439853984
1483510711712
1762682602832
2862194230608
1556524172624
2656035800400
1831402079568
2930913707344
1814222210464
2913733838240
2586981827920
2655701304656
2861859734864
2930579211600
1470290330960
2569801958736
1745168237904
2844679865680
1539009807696
2638521435472
1758321576272
2857833204048
1552163146064
2651674773840
1827041053008
2926552680784
1465994249568
2565505877344
2840383784288
1534713726304
2634225354080
2909103261024
1483174118752
2582685746528
1484584519008
2584096146784
1759462425952
2858974053728
1553303995744
2652815623520
1828181902688
2927693530464
2588121630096
2931719013776
1763487909264
1557329479056
1832207386000
2656841106832
1484316084816
2583827712592
1759193991760
1553035561552
2652547189328
1827913468496
2927425096272
1758053140048
2857564767824
1551894709840
2651406337616
1826772616784
2926284244560
1553035560608
2652547188384
1553034511760
2652546139536
1827912418704
2927424046480
1552162030992
2651673658768
1827039937936
2926551565712
2639863612752
1471632508240
2571144136016
1746510415184
2846022042960
2914741519696
1465994249632
2565505877408
1740872156576
2910513662608
1741207767648
2840719395424
2913734822240
2909171419488
1536055969360
2635567597136
1810933876304
2910445504080
2931720063648
1540149545568
2639661173344
1487470135632
2586981763408
1762348042576
2861859670352
1556189612368
2655701240144
1831067519312
2930579147088
2927692417440
1488610985312
2588122613088
1763488892256
2863000520032
1557330462048
1832208368992
1466062473568
2565574101344
1810733599392
2910245227168
1484583405920
2584095033696
1759461312864
2858972940640
2652814510432
2582954181984
1758320461152
2857832088928
1552162030944
2651673658720
1827039937888
2926551565664
1740940380832
2840452008608
1534781950624
2634293578400
1809659857568
2909171485344
1763690284624
2656842155600
1466330842704
2565842470480
1741208749648
2840720377424
1535050319440
2634561947216
1809928226384
2909439854160
1483174120016
2582685747792
1758052026960
1488879487392
2588391115168
1763757394336
2840383784544
1534713726560
2634225354336
1809591633504
2909103261280
1483174119008
2582685746784
1484314969696
1471631395152
2571143022928
1746509302096
2846020929872
1540350871888
2639862499664
1815228778832
2914740406608
1487470201488
2586981829264
1762348108432
2861859736208
1556189678224
2655701306000
1831067585168
2930579212944
2862127122784
1484247860640
2583759488416
2931720063584
1827040004704
2926551632480
1488611051168
2588122678944
1763488958112
2863000585888
1465994249872
2565505877648
2840383784592
1534713726608
2634225354384
2909103261328
1483174119056
2582685746832
2845752493648
1540082435664
2639594063440
1814960342608
2914471970384
1465994249888
2565505877664
2840383784608
1534713726624
2634225354400
2909103261344
1483174119072
2582685746848
1484583471776
1483442620064
1758320527008
2651673724576
2926551631520
1556458048096
2655969675872
1814155102544
2913666730320
1810733533776
2914740472464
2930914756256
1483509663056
2583021290832
1758387570000
2857899197776
1552229139792
2651740767568
1827107046736
2926618674512
1827912353440
1483175232864
2582686860640
1758053139808
2857564767584
1551894709600
2651406337376
1826772616544
2926284244320
1470290330976
2569801958752
1466062472528
2565574100304
2655768413520
1487537309008
2587048936784
1762415215952
1487805744528
2587317372304
1762683651472
2862195279248
1556525221264
1487804631648
2587316259424
1762682538592
2862194166368
1556524108384
2656035736160
1831402015328
2930913643104
1539277195936
2638788823712
1484314969488
2583826597264
1759192876432
2858704504208
1553034446224
2652546074000
1827912353168
2927423980944
1487738635680
1487737522592
2587249150368
1762615429536
2862127057312
1556456999328
2655968627104
1831334906272
1471431117472
2570942745248
2634225420960
1827107113312
2926618741088
1809591700128
1815295952224
2914807580000
1810934925664
2841793070432
1466061425296
2565573053072
1467337475408
2566849103184
1742215382352
2841727010128
1536056952144
2635568579920
1810934859088
2910446486864
2587317372560
1488609938080
2588121565856
1758387635856
2857899263632
1552229205648
2651740833424
1827107112592
2926618740368
1553303997072
2652815624848
1556525156704
2656036784480
2846089087648
1467337541264
2566849169040
1742215448208
2841727075984
1536057018000
2635568645776
1810934924944
2910446552720
1483442621024
2582954248800
1762682603168
2862194230944
1746510415520
2846022043296
1467403602512
2566915230288
1742281509456
2841793137232
1536123079248
2635634707024
1811000986192
1483509729872
2583021357648
1758387636816
1487804631440
2587316259216
1762682538384
2862194166160
1556524108176
2656035735952
2931988433296
2844948302224
1483510711904
2583022339680
1758388618848
2857900246624
1484584454560
1487536195216
2587047822992
1762414102160
1556255671952
2655767299728
1831133578896
2930645206672
1758321509792
2857833137568
1552163079584
2651674707360
1826838677088
1471431182688
2570942810464
1746309089632
2845820717408
1540150659424
2639662287200
1815028566368
1745168237920
1539008759440
2638520387216
1813886666384
2913398294160
1487469151888
2586980779664
1762347058832
2861858686608
1471699552848
2571211180624
1746577459792
2846089087568
1540419029584
2639930657360
1815296936528
1470558701136
2570070328912
1745436608080
2844948235856
1539278177872
2638789805648
1814156084816
2913667712592
1484316018336
2583827646112
1471632443792
2571144071568
1746510350736
2846021978512
1540351920528
2639863548304
1815229827472
2914741455248
1467135167072
2566646794848
1742013074016
2841524701792
1810732550752
2910244178528
1471364007568
2570875635344
1746241914512
2845753542288
1540083484304
2639595112080
1814961391248
2914473019024
1467068058016
2566579685792
1741945964960
2841457592736
1535787534752
2635299162528
1810665441696
2910177069472
1467336428176
2566848055952
1742214335120
2841725962896
1536055904912
2635567532688
1810933811856
2910445439632
1811002033824
2910513661600
2582685812048
1488542894672
2588054522448
1763420801616
2862932429392
1556189611424
2655701239200
2909371762256
1483442619984
2582954247760
1467336492624
2566848120400
1742214399568
2841726027344
2651741816208
1483510711696
2583022339472
1758388618640
2857900246416
1488542829216
2588054456992
1745235346768
2844746974544
1539076916560
2638588544336
1813954823504
2913466451280
1832476870240
2931988498016
2840719395152
1535049337168
2634560964944
1809927244112
2909438871888
1487805680288
2587317308064
1762683587232
2862195215008
1556525157024
2656036784800
1831403063968
1536124062048
2635635689824
2913666665120
1809658807888
2909170435664
1466061424208
2565573051984
1740939331152
2840450958928
1467135166864
2566646794640
1742013073808
2841524701584
1488878437712
2588390065488
1763756344656
2863267972432
1832475756880
1553303931216
1553035495760
2652547123536
1827913402704
2927425030480
1471431182672
1746309089616
1484517411152
2584029038928
1759395318096
2858906945872
2840383785312
1534713727328
2634225355104
2909103262048
1483174119776
2582685747552
1470289283744
2569800911520
1745167190688
2844678818464
1551893662112
2651405289888
1826771569056
2926283196832
1470289283488
2569800911264
1745167190432
2844678818208
1539008760224
2638520388000
1484248974928
2583760602704
1759126881872
2858638509648
1466061425040
2565573052816
1740939331984
2840450959760
1534780901776
2634292529552
1809658808720
1465994250640
2565505878416
1740872157584
2840383785360
1534713727376
2634225355152
1809591634320
2909103262096
1465994250656
2565505878432
1740872157600
2840383785376
1534713727392
2634225355168
1809591634336
2909103262112
1483174119840
2582685747616
1470356326736
2569867954512
1745234233680
2844745861456
1467136149856
2566647777632
1742014056800
2841525684576
1535855626592
2635367254368
1810733533536
1539277194592
2638788822368
2910245161312
1535855625824
2635367253600
1466262751584
2565774379360
1741140658528
2840652286304
1534982228320
2634493856096
1809860135264
1483442620768
2582954248544
1470624826784
2570136454560
1832141261136
2931652888912
1488543877456
2588055505232
1763421784400
2862933412176
1827107113296
2926618741072
1557597915472
2657109543248
1832475822416
2931987450192
1466329860432
2565841488208
1741207767376
1831336020560
2930847648336
1484516296032
2584027923808
1759394202976
2858905830752
1553235772768
2652747400544
1828113679712
2927625307488
1467136215712
2566647843488
1551960704416
2651472332192
1742014122656
2635300144544
2841525750432
1466329860688
2565841488464
1557262371408
2656773999184
1488879486560
2588391114336
2930579211664
2861858686352
1557262370192
2656773997968
1832140277136
1826771568016
2926283195792
2909103326608
2931652954768
1759462426976
2858974054752
1465994250896
2565505878672
1466062406992
2565574034768
1740940313936
2840451941712
1534781883728
2634293511504
1809659790672
2909171418448
1465994250912
2565505878688
2840383785632
1534713727648
2634225355424
2909103262368
1483174120096
2582685747872
1484516361888
2584027989664
1759394268832
2858905896608
1553235838624
2652747466400
1828113745568
2927625373344
1551960771168
2651472398944
1470357375584
2569869003360
1745235282528
2844746910304
1539076852320
2638588480096
1813954759264
2913466387040
2909439920528
2844679801248
1813887650208
2913399277984
1556457063760
2655968691536
1831334970704
2930846598480
1471631459664
2571143087440
1746509366608
2846020994384
1540350936400
2657110590864
1832476870032
2657110525344
1488878373472
2588390001248
1763756280416
2863267908192
1557597850208
2657109477984
1832475757152
1487737521760
2587249149536
1762615428704
2862127056480
1556456998496
2655968626272
1831334905440
2930846533216
2587250263456
1536124127904
1488811264416
2588322892192
1763689171360
2863200799136
1557530741152
2657042368928
1832408648096
2931920275872
1814961391968
2914473019744
1484583470736
2584095098512
1759461377680
2858973005456
1553302947472
2652814575248
1828180854416
2927692482192
1488542828192
2588054455968
2862932362912
1557262304928
1470357375376
2569869003152
1745235282320
2844746910096
1539076852112
2638588479888
1813954759056
2913466386832
1552967337568
2652478965344
1556458112608
2655969740384
1557598964320
2657110592096
1484584454752
2584096082528
2914808564128
2909438805408
1487536260448
2587047888224
1831133644128
2930645271904
2846020930208
1487804630608
1556524107344
2656035735120
1831402014288
2930913642064
2927692416608
1762615428496
2862127056272
1556456998288
2655968626064
1831334905232
2930846533008
2582955231824
1758321510992
2857833138768
2651674708560
2926552615504
1552163080784
1827040987728
2584096081504
2858973988448
1553303930464
2652815558240
1828181837408
2927693465184
1488609937040
2588121564816
1763487843984
2862999471760
1557329413776
2656841041552
1832207320720
2931718948496
2845752494432
1484248910480
2583760538256
1759126817424
2858638445200
1552968387216
2652480014992
1827846294160
2927357921936
1471632442960
2571144070736
1746510349904
2846021977680
1540351919696
2639863547472
1815229826640
2914741454416
1467336493408
2566848121184
1742214400352
2841726028128
1536055970144
2635567597920
1810933877088
1467068057184
2566579684960
1741945964128
2841457591904
1535787533920
2635299161696
1810665440864
2910177068640
1758120249680
2857631877456
1551961819472
1826839726416
1483242342736
2582753970512
1815028500128
2914540127904
2910512548512
2927693466208
1466062472800
2565574100576
1740940379744
2840452007520
1534781949536
2634293577312
1809659856480
2909171484256
1484584453520
2584096081296
1759462360464
2858973988240
1553303930256
2652815558032
1828181837200
2927693464976
1471431181648
2570942809424
1746309088592
2845820716368
1540150658384
2639662286160
1815028565328
2914540193104
1467403602256
2566915230032
1742281509200
2841793136976
1536123078992
2635634706768
1811000985936
1467135166032
2566646793808
2841524700752
1535854642768
2635366270544
2910244177488
1552229205600
2651740833376
1470557719136
2570069346912
1745435626080
2844947253856
1539277195872
2638788823648
1467068056976
2566579684752
1741945963920
2841457591696
1535787533712
2635299161488
1810665440656
2910177068432
1471363025568
2570874653344
1746240932512
2845752560288
1540082502304
2639594130080
1814960409248
2914472037024
1814961457824
2914473085600
1483241227616
2582752855392
1758119134560
2857630762336
1551960704352
2651472332128
1826838611296
2926350239072
1553302948256
2652814576032
1487537309088
2587048936864
1762415216032
2861926843808
1556256785824
2655768413600
1831134692768
1540149545296
1815027452240
1471430068560
2570941696336
1746307975504
2845819603280
2914539080016
2930914690704
2583021357472
2857899264416
1552229206432
2651740834208
2926618741152
1809927244384
2909438872160
1470624827984
2570136455760
1745502734928
2845014362704
1539344304720
2638855932496
1814222211664
2913733839440
2657110525584
1467069039968
2566580667744
1741946946912
2841458574688
1483241293472
2582752921248
2857630828192
1470557718928
2570069346704
1745435625872
2844947253648
1539277195664
1814155102608
2913666730384
1471698568608
2571210196384
1746576475552
2846088103328
1540418045344
2639929673120
1815295952288
2914807580064
1467404651104
2566916278880
1742282558048
2841794185824
1536124127840
2635635755616
1811002034784
2910513662560
1471430134416
2570941762192
2845819669136
1540149611152
2639661238928
2914539145872
1467337542048
2566849169824
1742215448992
2841727076768
1536057018784
2635568646560
1810934925728
2910446553504
2914540194208
1832140211872
2931651839648
1763757329056
2863268956832
1488812378704
2588324006480
1763690285648
2863201913424
1557531855440
2657043483216
1832409762384
1467069105824
2566580733600
1741947012768
2841458640544
1535788582560
2635300210336
1810666489504
2910178117280
1553034512032
2652546139808
2583022405280
1487536196000
2587047823776
1762414102944
2861925730720
1556255672736
2655767300512
1831133579680
2930645207456
1815296936592
2914808564368
2927425030752
1467136148816
2566647776592
1742014055760
2841525683536
1535855625552
2635367253328
1810733532496
2638789806432
2913667713376
1466330908240
2565842536016
1741208815184
2840720442960
1535050384976
2634562012752
1809928291920
2909439919696
1470290265696
2569801893472
1745168172640
1467404650896
2566916278672
1742282557840
2841794185616
1536124127632
2635635755408
1811002034576
2910513662352
1471364008352
2570875636128
1746241915296
2845753543072
1540083485088
1741140593248
2840652221024
1534982163040
2634493790816
1809860069984
2909371697760
2927357921696
1746308041120
2845819668896
1466062472544
2565574100320
1740940379488
2840452007264
1467136214672
2566647842448
1742014121616
2841525749392
1535855691408
2635367319184
1810733598352
2910245226128
1470558767776
2570070395552
1745436674720
2844948302496
1539278244512
1741208816288
2840720444064
1467067992736
2566579620512
1741945899680
2841457527456
1535787469472
2635299097248
1810665376416
2910177004192
1488811263584
2588322891360
1763689170528
2863200798304
1557530740320
2657042368096
1832408647264
1540150594208
2638521370272
2639662221984
1466061425312
2565573053088
2840450960032
2909170436768
1483241294496
2582752922272
1470625810768
2570137438544
1745503717712
2845015345488
1539345287504
2638856915280
1814223194448
2913734822224
1811000919392
1745435559568
2844947187344
1556458112400
2655969740176
1470357374544
2569869002320
1745235281488
2844746909264
1539076851280
2638588479056
1813954758224
2913466386000
1471431117200
2570942744976
1746309024144
2845820651920
1540150593936
2639662221712
1815028500880
1470290265488
2569801893264
1745168172432
2844679800208
1539009742224
2638521370000
1809927178832
2909438806608
1466329795152
2565841422928
1741207702096
2840719329872
2584095099552
1832208369312
1762347059536
2861858687312
1556188629328
2655700257104
1831066536272
2930578164048
2862128171424
1466329860704
1467135101584
2566646729360
1742013008528
2841524636304
1535854578320
2635366206096
1810732485264
2910244113040
1815229892256
2914741520032
1488878372432
2588390000208
2863267907152
1763756279376
1484248975712
2583760603488
1759126882656
2858638510432
1552968452448
2652480080224
1827846359392
2927357987168
1484517345872
1759395252816
2858906880592
1828114729552
1814156151184
2913667778960
1551893661344
2651405289120
1826771568288
2926283196064
1470289282720
2569800910496
1745167189664
2844678817440
2910445504864
1466061424272
2565573052048
2840450958992
1534780901008
2634292528784
2909170435728
1483241293456
2582752921232
2587316324000
1553035561296
2652547189072
1827913468240
2927425096016
1551893661008
2651405288784
1466262750816
2565774378592
1741140657760
2840652285536
1809860134496
2909371762272
1746509366944
2863000586912
1488878437968
2588390065744
1763756344912
2863267972688
1552229205584
2651740833360
1827107112528
2926618740304
1487470201440
2586981829216
1762348108384
2861859736160
1556189678176
2655701305952
1831067585120
1534780835488
2634292463264
1557262305952
1815028566672
2914540194448
1467336492368
2566848120144
1742214399312
2841726027088
1536055969104
2635567596880
1810933876048
2910445503824
1488812312224
2588323940000
2863201846944
1557531788960
2657043416736
2931921323680
2571143088736
2846020995680
1540350937696
2639862565472
1815228844640
1540083484256
1813886667424
1551893596496
2651405224272
2926283131216
1483174119760
2582685747536
2857563654480
1556256787024
2655768414800
1831134693968
2930646321744
1484314969440
2583826597216
1759192876384
2858704504160
1553034446176
2652546073952
1827912353120
2655700190624
1557329414560
2656841042336
2655701305744
2930579212688
1540419028640
1557330527648
2656842155424
1758387635808
1488879421072
2588391048848
1763757328016
2863268955792
1557598897808
1484583471520
2584095099296
1759461378464
2858973006240
2914807581264
1471698569808
2571210197584
1746576476752
2846088104528
1540418046544
2639929674320
2638788822608
1814155101776
2913666729552
1470557718096
2570069345872
1745435625040
2844947252816
1539277194832
1484315035296
2583826663072
1471631460752
2571143088528
1746509367696
2846020995472
1540350937488
2639862565264
1815228844432
2914740472208
2565841488224
2840719395168
1535049337184
2634560964960
1809927244128
2909438871904
1483509729632
2583021357408
2926351287888
1471363024528
2570874652304
1746240931472
2845752559248
1540082501264
2639594129040
1814960408208
2914472035984
1759394203040
2858905830816
2586980779424
1762347058592
2861858686368
1556188628384
2655700256160
1826838676880
1471430133136
2570941760912
1746308040080
2845819667856
1540149609872
2651472397712
2926350304656
1488610002320
2862999537040
2927425030544
1488609937824
2588121565600
1763487844768
2862999472544
2926618740112
1487469086112
2586980713888
1762346993056
1551894645344
2651406273120
1826772552288
1828181903712
1827041052000
2926552679776
2927693531488
2926284180064
1471632443744
2571144071520
2846021978464
1540351920480
2639863548256
2914741455200
1487804697248
2587316325024
1762682604192
2862194231968
1556524173984
2656035801760
1831402080928
2930913708704
1540083550560
2639595178336
1467404650064
2566916277840
2841794184784
1536124126800
2635635754576
2910513661520
1471364007520
2570875635296
1746241914464
1539345352288
2638856980064
1467337541008
2566849168784
1742215447952
2841727075728
1536057017744
2635568645520
1810934924688
2910446552464
1466262750560
2565774378336
1741140657504
2840652285280
1534982227296
2634493855072
1467336428128
2566848055904
1742214335072
1470624826704
2570136454480
1745502733648
2845014361424
1539344303440
2638855931216
1814222210384
2913733838160
1471632509600
1746510416544
1540351986336
2639863614112
1815229893280
2914741521056
1763757393568
2863269021344
1758388618592
2857900246368
1552230188384
1827108095328
1487536194960
2587047822736
1762414101904
2861925729680
1483242277456
1551961754192
2651473381968
1826839661136
2926351288912
2931719014800
2566916213152
1540149545376
2857564703120
1551894645136
2651406272912
1826772552080
2926284179856
1471699552592
2571211180368
1746577459536
2846089087312
1540419029328
2639930657104
1815296936272
2841794119312
2652547122592
1827913467488
2927425095264
1758053141136
2857564768912
1551894710928
1826772617872
2926284245648
1470290332304
2569801960080
1745168239248
2844679867024
1471431116368
2570942744144
1746309023312
2845820651088
1540150593104
2639662220880
1815028500048
2914540127824
1467135166816
2566646794592
1742013073760
1535854643552
1810732550496
1483510777504
1471364007312
1746241914256
1540083484048
2639595111824
1811000920656
2910512548432
1536123013712
1809860068944
2634493789776
2909371696720
1466262685264
2565774313040
1741140592208
2840652219984
1534982162000
1553303931488
2931719997088
1467336427920
2566848055696
1742214334864
2841725962640
1536055904656
2635567532432
1810933811600
2910445439376
1763420801360
2862932429136
1488542894416
2588054522192
1557262371152
2656773998928
1832140278096
2931651905872
1471699618448
2571211246224
1470558766736
2570070394512
1745436673680
1539278243472
2638789871248
1814156150416
2913667778192
1815228779168
2914740406944
2657109476768
2652748450208
2926552681040
1828114795088
1484517411408
2584029039184
1759395318352
2652748515920
2927626422864
1556458113616
2655969741392
2635634707104
1534982227616
2634493855392
1762683586976
2656036784544
1831403063712
1467136149152
2566647776928
1814960343392
2914471971168
2840450958672
1466061423952
2565573051728
1534780900688
2634292528464
2909170435408
1815297002128
1758387571360
2857899199136
1552229141152
2651740768928
1827107048096
2926618675872
1813886667168
2913398294944
1470557653648
2570069281424
1745435560592
2844947188368
1539277130384
2638788758160
1814155037328
2913666665104
2914807515552
1552968451408
1827846358352
1471698503328
2571210131104
1746576410272
2846088038048
1540417980064
2639929607840
2635634641488
1467337476768
2566849104544
1742215383712
2841727011488
1536056953504
2635568581280
1810934860448
2910446488224
1488543943264
2588055571040
1763421850208
2862933477984
1557263420000
2656775047776
1832141326944
2931652954720
2913666730592
2844679800416
2913398295200
2927693531728
1487738636624
2587250264400
1762616543568
2862128171344
2655969741136
1831336020304
1488879486304
2858637396304
1552967338320
2652478966096
1827845245264
2927356873040
1467404585616
1742282492560
2841794120336
1536124062352
2863000586832
1832208435792
2656842156624
2931720063568
1488611052112
2588122679888
1745503717024
1487470200400
2586981828176
1762348107344
2861859735120
1488543943056
2588055570832
1763421850000
2862933477776
1557263419792
2656775047568
1832141326736
2931652954512
1483442621008
2582954248784
1758320527952
2857832155728
1758053140880
2857564768656
1551894710672
2651406338448
1826772617616
2926284245392
2927692482144
1484247927440
2583759555216
1759125834384
2858637462160
1552967404176
2652479031952
1827845311120
2927356938896
1471631459920
2571143087696
1746509366864
2846020994640
1540350936656
1540419095184
1740939266656
2840450894432
1534780836448
2634292464224
1809658743392
2909170371168
1553236887888
2652748515664
1828114794832
2927626422608
1466263800144
2565775427920
1741141707088
2840653334864
1483443669328
2582955297104
1487737521504
2587249149280
1470357441184
2569869068960
1745235348128
2844746975904
1539076917920
2638588545696
1487469087312
2586980715088
1762346994256
2861858622032
1488609936992
2588121564768
1763487843936
2862999471712
1557329413728
2656841041504
1832207320672
2931718948448
2583826597280
1552230254240
2651741882016
1553302947216
2652814574992
1828180854160
2927692481936
2927357921888
1470289217872
2569800845648
1745167124816
1470557653328
1556188564048
2655700191824
1831066470992
2930578098768
1535787469392
1810665376336
1552967338576
2652478966352
2927356873296
1488878439072
2588390066848
1763756346016
1763420736096
2862932363872
1745436609104
2844948236880
1831403062688
2930914690464
1815027517856
2914539145632
1552163080528
2651674708304
2926552615248
1483443603792
2582955231568
2857833138512
1809928293024
2909439920800
2569800910160
1484316019280
2583827647056
1759193926224
2858705554000
1831134628496
2930646256272
1483443669648
2582955297424
1758388619872
1828181903008
1539008693920
2910244177568
1534780901024
2634292528800
2909170435744
1535854642848
2635366270624
1831335953824
2930847581600
1466061424288
2841725962592
1536055904608
2635567532384
1810933811552
1832207321440
2931718949216
1831066470752
2930578098528
2566579620192
2841457527136
1470289282656
2569800910432
1745167189600
2844678817376
1539008759392
2638520387168
1813886666336
2913398294112
1742281508448
2841793136224
1536123078240
2635634706016
1470624826976
2570136454752
1745502733920
2845014361696
1539344303712
2638855931488
1487805678992
2587317306768
1762683585936
1740872157520
2840383785296
1534713727312
2634225355088
2909103262032
1465994250576
2841457527120
1535787469136
2914539145616
1470290265440
2569801893216
1745168172384
2844679800160
1466262686048
1815295886672
2914807514448
1810934860112
2910446487888
1745436674464
2844948302240
1814156151200
1741945899424
1809658807712
2909170435488
1467135165856
2566646793632
1742013072800
2841524700576
1535854642592
2635366270368
1810732549536
2910244177312
1487738571088
1488812312912
2588323940688
1557531789648
2657043417424
2931921324368
1470290266448
2569801894224
1745168173392
2863200863904
1831067584848
2930579212624
1556524172640
2656035800416
1488878437728
1763756344672
1539344303456
2638855931232
2909438870880
1540418045280
2639929673056
1470624826720
1763421850272
2862933478048
1557263420064
2656775047840
1832141327008
2931652954784
2841458641568
2910178118304
1810666490528
2909104376480
1484316084880
2583827712656
1762415217296
1556256787088
1488611052176
2588122679952
1763488959120
1557330528912
2656842156688
2863000586896
2655969674592
1741208750688
2840720378464
1535050320480
1466263734688
2565775362464
1741141641632
2840653269408
1534983211424
2634494839200
2587250264672
1762616543840
2862128171616
1556458113632
2655969741408
1831336020576
2930847648352
1488812378720
2588324006496
1763690285664
1556189612624
2655701240400
2862128106064
2910245161632
1758388685392
2857900313168
1484584520272
2584096148048
2858974054992
1553303997008
2652815624784
2930914757200
1534714775200
2634226402976
2840384833184
1742282492256
2841794120032
1484248910176
2583760537952
1759126817120
2858638444896
1552968386912
2652480014688
1827846293856
2927357921632
1484248974992
2583760602768
1759126881936
2858638509712
1552968451728
2652480079504
1827846358672
2927357986448
1487470200464
2586981828240
1466330843536
2565842471312
1741208750480
2840720378256
1535050320272
2634561948048
1809928227216
2909439854992
1553235773856
2652747401632
2657110525328
2931988432272
1814155037072
2913666664848
1471631395216
2571143022992
1746509302160
2846020929936
1540350871952
2639862499728
1815228778896
2914740406672
1552163145296
2651674773072
1553236887120
2652748514896
2657043482192
2582752922192
1551960771152
2651472398928
2635300211280
1810666490448
2655701305760
1831067584928
2930579212704
2931652954528
1465995364768
2565506992544
1740873271712
1551894645088
2651406272864
1826772552032
2926284179808
2857631877520
1484316084624
2583827712400
1759193991568
2858705619344
1553035561360
2652547189136
1827913468304
2861926844816
2927425096080
1814961390944
2914473018720
2910445439328
1540351986080
2639863613856
2846022044064
2652748515680
1758321576288
2857833204064
1552163146080
2651674773856
1827041053024
2926552680800
1484517411168
1759395318112
1483510778192
2583022405968
2857900312912
1552230254928
2651741882704
2926619789648
1553303996752
2652815624528
2914473084576
1741141641888
2840653269664
1810933877408
2910445505184
2844678752672
2913398229408
1487469087136
1832207321504
2931718949280
1758052026784
2857563654560
2844679865744
2910178117008
1551894709648
1826772616592
2651406337424
1758053139856
2926284244368
1483175232912
2582686860688
2652546075216
2927423982160
1556255672912
2655767300688
1831133579856
2930645207632
1466061359696
2583022405024
1759395317088
2926619788704
1814156150160
2913667777936
1746309088912
2845820716688
1540150658704
2639662286480
1815028565648
2914540193424
2927626421584
1745436673360
1552163145040
2651674772816
1827041051984
2926552679760
1828114793808
1484517410128
2584029037904
1759395317072
2566915230352
1536123079312
2635634707088
2841793137296
2910512614032
1758320528016
2857832155792
1552162097808
2651673725584
1827040004752
2926551632528
1484516362896
2584027990672
1759394269840
2858905897616
2926618675616
2651405223504
1826771502672
2926283130448
1484247860816
2583759488592
1759125767760
1488542828112
2588054455888
1466263733856
2565775361632
1741141640800
2840653268576
1534983210592
2634494838368
1809861117536
2909372745312
1470289217168
2569800844944
1745167124112
1467336492704
2566848120480
1553302882704
2652814510480
1810733532816
2910245160592
1535787469152
2635299096928
1810665376096
1557262305632
2656773933408
2857563654496
1551893596512
2651405224288
2926283131232
1465995299216
2914540128656
1487470135696
2586981763472
1762348042640
2861859670416
1556189612432
2655701240208
1831067519376
2930579147152
1759192877392
2652546140752
2927424047696
1741140658576
2840652286352
1534982228368
2634493856144
1809860135312
2909371763088
1484516362640
2584027990416
1759394269584
2858905897360
1745167123792
1467067991376
1826772550992
2926284178768
1551894644048
2582686795088
1758053074256
2857564702032
1483175233872
1832208370080
2931719997856
1470558701984
2570070329760
1745436608928
2844948236704
1539278178720
1814156085664
2651741882960
2926619789904
1759394204000
2858905831776
1536055903568
2635567531344
1810933810512
2910445438288
1467336426832
2566848054608
1553035561616
2652547189392
1832475755856
2931987383632
1488878372176
2588389999952
1763756279120
2863267906896
1557597848912
2657109476688
2639662220624
2914540127568
2914808628816
1810666423648
2910178051424
1539009742176
2638521369952
1813887649120
2913399276896
1488811263328
2588322891104
1763689170272
2863200798048
2656036783456
1556256721488
2655768349264
1831134628432
1540150659744
1815028566688
2913466452640
2926351354528
2587048938144
2861926845088
1556256787104
2655768414880
1831134694048
1557330528928
1483509663328
2583021291104
1483442554272
1470289282400
2569800910176
1745167189344
2844678817120
1483174120080
2582685747856
2857563654800
1551893596816
1539008759136
2652546074272
1758388685408
1487805745760
2587317373536
1762683652704
2862195280480
2656036850272
2930914757216
2927693531744
2863269022304
1827108162144
1828114728336
1553302881680
1828180788624
2652814509456
2927692416400
2844678751632
1746576410000
2846088037776
2857564767904
1763421849248
2862933477024
1557263419040
2656775046816
2639595177632
1484248975008
2583760602784
1759126881952
2858638509728
1471431181968
2570942809744
1828113679776
2927625307552
1470624761248
2570136389024
1745502668192
2845014295968
1539344237984
2638855865760
1814222144928
2913733772704
2910245225824
1831336019552
2930847647328
2931921389152
1758321575520
2651674773088
1484517410400
2584029038176
1746577524304
2846089152080
1471699617360
2571211245136
1540419094096
2639930721872
1815297001040
1483510777424
2583022405200
1758388684368
1540351920784
2639863548560
1471431182752
1815028566432
1740940380576
1484316084640
2583827712416
1553035561376
2652547189152
1487537310112
2840383850144
2634225419936
2909103326880
2846089152864
2635635755360
1488879487328
2588391115104
1557598964064
2657110591840
1742282557792
2841794185568
2927357920592
1827846292816
1759126816080
2858638443856
1809861118624
2909372746400
2857564767648
1551894709664
2651406337440
1470357439888
2569869067664
1745235346832
2844746974608
1539076916624
2638588544400
1813954823568
2913466451344
2570941696608
1746307975776
2845819603552
1483241228896
2927626421600
1741208815248
2840720443024
1557329480032
2656841107808
2565842471264
1466263799136
2565775426912
1741141706080
2840653333856
1534983275872
2634494903648
1809861182816
2909372810592
1483443668320
1556458112352
1466062407264
2565574035040
1740940314208
2840451941984
1534781884000
2634293511776
1809659790944
2909171418720
2584096146768
1556525221200
1831403128144
1471699617104
1540419093840
2639930721616
2634226402720
2931988432224
2638856980816
1557330463312
2635567598240
1483442621088
2582954248864
1758320528032
2857832155808
1552162097824
2651673725600
1827040004768
1483174185312
2582685813088
1758052092256
2857563720032
1551893662048
2651405289824
1826771568992
2926283196768
1535050386080
1535049337488
2634560965264
1539344304784
2638855932560
1814222211728
2913733839504
1471698569872
2571210197648
1746576476816
2846088104592
2841457526368
1535787468384
2635299096160
2926283130464
2858637395344
1553302881888
2652814509664
1742013007440
2841524635216
1466061358672
2565572986448
1740939265616
2840450893392
2914539079248
1551960704592
1826838611536
1484314969680
1553235772832
1557598963360
2657110591136
1534780835408
2634292463184
1809658742352
1484248909392
1759126816336
1535854577232
2635366205008
1810732484176
2910244111952
1467135100496
1814155037264
2913666665040
1758119201104
2857630828880
1551960770896
2651472398672
1828180788832
1557330462304
1813887649376
2913399277152
2910177003104
2638789805664
1758387570272
1471631459984
2571143087760
1746509366928
2846020994704
1540350936720
2639862564496
1815228843664
2914740471440
1483442620048
1557262304912
2656773932688
2857563718992
1467135101280
2566646729056
1742013008224
2841524636000
1810732484960
2910244112736
2913465338208
1471430068576
1483509663376
2583021291152
1758387570320
2857899198096
1552229140112
2651740767888
1827107047056
2926618674832
1809659790992
1759462360736
2858973988512
1535855625888
2635367253664
1484516296352
2584027924128
1759394203296
2858905831072
1553235773088
2652747400864
2840652286368
1534982228384
2634493856160
1809860135328
2909371763104
2565774379424
1470557718944
2570069346720
1745435625888
2844947253664
2840719395216
1535049337232
2634560965008
2909438871952
1470624827792
2570136455568
1745502734736
2845014362512
1539344304528
2638855932304
1557530806864
2657042434640
1832408713808
2931920341584
1809658742096
2909170369872
1466061358416
2565572986192
1740939265360
2840450893136
1534780835152
2634292462928
1483241227600
1809928227472
2909439855248
1467135100240
2566646728016
2841524634960
1535854576976
2635366204752
1810732483920
2910244111696
1470289217120
2569800844896
1745167124064
2844678751840
1539008693856
2638520321632
1813886600800
2913398228576
2651673724304
1827040003472
1470557719200
2926283196752
1466330907984
2565842535760
2840720442704
1535050384720
2634562012496
2909439919440
1763690284368
2863201912144
1809592683088
2909104310864
1466263733600
2565775361376
2840653268320
1534983210336
2914539080080
2634494838112
2909372745056
1745167123856
2840384834128
1534714776144
2634226403920
1465995299408
2565506927184
1740873206352
1810733532768
2910245160544
1741945963872
2841457591648
1535787533664
2635299161440
1810665440608
2910177068384
1535049336160
2634560963936
1809927243104
1471363024208
2570874651984
1466330842448
2565842470224
1759395252640
2858906880416
1758052091216
1467136214416
2566647842192
1742014121360
2841525749136
1535855691152
2635367318928
1810733598096
2910245225872
1832141325712
1741140657824
1466062472864
2565574100640
1740940379808
2840452007584
1467136214688
2566647842464
1742014121632
1741947012512
2841458640288
1535788582304
2635300210080
1810666489248
2910178117024
1466061424032
2565573051808
1740939330976
2840450958752
1540419094112
1745503782496
2845015410272
1466330908256
2565842536032
1741208815200
2840720442976
1535050384992
2634562012768
1814223259232
2844679801168
1557263354192
2656774981968
1465995299152
2634226403664
1483175233120
2582686860896
1763756279440
2863267907216
1557597849232
2657109477008
1832475756176
2931987383952
1759395252880
2858906880656
1553236822672
2652748450448
1828114729616
2927626357392
2857564767632
2914808628560
1551893596768
1540350871904
1815228778848
1471362958944
2570874586720
1746240865888
2845752493664
1814960342624
2651473446304
2565574100384
1740940379552
2840452007328
2634293577120
1483242341792
1815027516816
2914539144592
1467069041232
2566580669008
1741946948176
2841458575952
1535788517968
1810666424912
1466330908000
2565842535776
2840720442720
1535050384736
2634562012512
2909439919456
1483510777184
1540418046608
1815295953552
1832475822752
1742215448224
2841727076000
1536057018016
2635568645792
1810934924960
2910446552736
1466061358688
1740939265632
1470356325984
2569867953760
1827845244304
2927356872080
1470356326992
2569867954768
1745234233936
2844745861712
1762414103120
2587047823952
2861925730896
2570136390224
1745502669392
2845014297168
1826772552352
2926284180128
1539075868240
2638587496016
1813953775184
2913465402960
1557263418960
1832141325904
2656775046736
2931652953680
2638789871184
1814156150352
1814156084832
2913667712608
2927356937552
1814961391264
2914473019040
1540082501216
2639594128992
1814960408160
2914472035936
1470558766688
2570070394464
1536055969440
1467403601552
2566915229328
1742281508496
2841793136272
1536123078288
1811000985232
1483242277520
1534780900960
1809658807904
1763487910480
2588121631312
2862999538256
1832207387216
2656841108048
2858906945888
2927626422624
1471699617440
1832140212832
2639862499936
1815228779104
2914740406880
2931651840608
1815027452512
2914539080288
1466061359712
2565572987488
1471430068832
1826838677152
2926350304928
2588322956960
2931988498080
1470625875616
2570137503392
1488543942304
2588055570080
1488610002592
1828180855200
2927692482976
1536123079072
2635634706848
1467403602336
2566915230112
1742281509280
1557329413472
2931718948192
2927423980896
1466061358432
2565572986208
1740939265376
1763421784416
2862933412192
2635366204768
2583759489632
2858637396576
1552967338592
2652478966368
2927356873312
2840652219728
2634493789520
2909371696464
1466262685008
2565774312784
1741140591952
1534982161744
1809860068688
2909103261008
1467336492448
2566848120224
1536123078032
1827039938896
1556525222480
2656036850256
1831403129424
1487805745744
1762683652688
2587317373520
2862195280464
2858972939616
1828180788576
2927692416352
2862128171408
1832476870048
2930579147360
1758053075552
2639595113056
1483175168608
1746509301072
2846020928848
1832208435856
2930646256208
2656842091088
1556189677200
2655701304976
1540082500944
1831402014304
2930913642080
1488812378768
2588324006544
1763690285712
2863201913488
1557531855504
2657043483280
1832409762448
2931921390224
1466263800464
2565775428240
1557530740064
2657042367840
1832408647008
2931920274784
1488609936736
2588121564512
1763487843680
2862999471456
2857833138784
1483443604064
2582955231840
1487469087376
2586980715152
1762346994320
2861858622096
2565506926160
2840384833104
1810666423888
2910178051664
2913667713616
1814156085840
1488812313168
1763690220112
1827846294176
2927357921952
2639863547488
1815229826656
2914741454432
1762348042832
2861859670608
1809860134560
2909371762336
1553302881872
1832207321744
2931718949520
2858705554064
2930847581536
1465994316368
2565505944144
1740872223312
1810732549728
2910244177504
2841457591712
1535787533728
2635299161504
1810665440672
2910177068448
1759394204064
2858905831840
1488543877472
2588055505248
1557263354208
2656774981984
1758053075296
2857564703072
1763488893264
1466062408016
1809658808976
2909170436752
2570941696352
1746307975520
2845819603296
2930914690720
1762616478304
2639930657376
1487470135904
1762348042848
2655701240416
1539277195680
2638788823456
1814155102624
2913666730400
2858906944848
1553236886864
2652748514640
2914539145888
1556458113424
2863201913440
1557531855456
2657043483232
1832409762400
2931921390176
1832141260112
1811001967952
2910513595728
2582753903952
2583760536912
1552968385872
2652480013648
1741208749392
2844745861776
2913465338512
1552967338640
2652478966416
1827845245584
2927356873360
2651405224592
2926283131536
1745167125136
1814222211472
2913733839248
1809928291936
2931652887888
1488543876432
2588055504208
1763421783376
2862933411152
1557263353168
2656774980944
2909439919712
1742282557856
2841794185632
1811002034592
2910513662368
1466263799200
2565775426976
1741141706144
2840653333920
2657110592080
2931988499024
1488879487568
1763757394512
2588391115344
2863269022288
1535855691424
2635367319200
2841525749408
1810733598368
1488812378512
2588324006288
1763690285456
2863201913232
1557531855248
2657043483024
1832409762192
2931921389968
2858637395536
1745435560528
2844947188304
1483442555472
2582954183248
1758320462416
1465995298464
2565506926240
1488543942288
1763421849232
2566647777616
1483242277200
2582753904976
1758120184144
2857631811920
1551961753936
2651473381712
1467403536720
1742281443664
1539076851296
2638588479072
1813954758240
2913466386016
1557598898528
2657110526304
1483175168352
2582686796128
1488878373216
2588390000992
2566848055648
1742214334816
1487469152608
2586980780384
1487737522768
2587249150544
1762615429712
2862127057488
1556456999504
2655968627280
1831334906448
2930846534224
1488878372448
2588390000224
1763756279392
1557597849184
1832475756128
2657042367904
1832408647072
2931920274848
1831403062624
1746241914208
1539345286496
1832408713872
2931920341648
1553236822624
1488542829200
2588054456976
2862932363920
1488878373536
2862932363936
1466329794960
2565841422736
1535049271696
2634560899472
1762414168400
2861925796176
1831133645136
1809658742416
2926618740384
1813886601616
2913398229392
1487469087120
2586980714896
1539008693648
2638520321424
2913398228368
1483443603024
2582955230800
1758321509968
2857833137744
1553236822416
2861858621840
1467067992464
2566579620240
1741945899408
2858972940688
2841457527200
1535787469216
2635299096992
1810665376160
2910177003936
1535787534928
2635299162704
1483442555216
2926551566672
2582954182992
1758320462160
2857832089936
1552162031952
2651673659728
2570069281104
1745435560272
2844947188048
1466330843808
2565842471584
1741208750752
2840720378528
1535050320544
1826771569312
1758119135568
1551960705360
1826838612304
2582752856400
2857630763344
2651472333136
1483241228624
1471363024544
2570874652320
1553034446240
2652546074016
1831402014112
2930913641888
1811000919456
2910512547232
2570941695312
2845819602256
2639661172048
2914539078992
1488543877776
2588055505552
1763421784720
2862933412496
1557263354512
2656774982288
1832141261456
2931652889232
1470625811088
2635300145488
1810666424656
2910178052432
1535788517712
2858973005216
1467404650080
2566916277856
2841794184800
1536124126816
2635635754592
2910513661536
2914539144848
1810934924704
2910446552480
1556256721504
2655768349280
1483242277472
2582753905248
1758120184416
2857631812192
1551961754208
2651473381984
2570942744160
2845820651104
2639662220896
1815028500064
2914540127840
1742282556816
2841794184592
1536124126608
2635635754384
1811002033552
2910513661328
1471364007328
2570875635104
1540083484064
1742281443936
2841793071712
1536123013728
2635634641504
1557262371168
1483443669664
2582955297440
1758321576608
2857833204384
2846089153168
1466330909328
2565842537104
2840720444048
1535050386064
2634562013840
1814961391200
2914473018976
1470357375648
2569869003424
1745235282592
2844746910368
1466061423968
2565573051744
2840450958688
1534780900704
1487738571344
1487536196176
1831067519568
2930579147344
1488610003280
2588121631056
2862999538000
1557329480016
2656841107792
2861858686288
1556188628304
2655700256080
1831066535248
2930578163024
1470558700944
2651405224544
1536124062304
1534983276176
1809861183120
2926552680080
2930847647376
2582753904992
2857631811936
1551961753952
2651473381728
1826839660896
1487738636640
2926351288672
2583827646816
1553035495776
1827913402720
1466263733920
2565775361696
1762348107360
2861859735136
1556189677152
2655701304928
1831067584096
2930579211872
2861859670672
1556189612688
2655701240464
1831067519632
2930579147408
1815228779152
2914740406928
1470356327056
2569867954832
1745234234000
1488812313232
2588323941008
2863201847952
1557531789968
2657043417744
2931921324688
2846021978768
2639862564448
2914740471392
2566647777952
2841525684896
2584029039008
1553236887968
2652748515744
1466263800224
1487805745488
2587317373264
1466330909072
1484314970448
1741208816016
2840720443792
1809928292752
1465995298144
2565506925920
1740873205088
2840384832864
1534714774880
2634226402656
1809592681824
2909104309600
2861859669408
2926351287632
1758120183120
2857631810896
1551961752912
2861859734928
1487470200208
2586981827984
1762348107152
1487469087328
2586980715104
1762346994272
2861858622048
1556188564064
2655700191840
1831066471008
2930578098784
2926283131552
2857563654816
1831067583840
1484247861920
1759125768864
1552967338656
1828180854176
2927692481952
1466061359760
2565572987536
1740939266704
2840450894480
1534780836496
2634292464272
1809658743440
2909170371216
1553034513040
1826771568272
2566849170000
1742215449168
2841727076944
1810934925904
1831402014048
2930913641824
2656035734880
1470558766480
2570070394256
1745436673424
2844948301200
1539278243216
2930847647120
2638789870992
2926552615264
1483443603808
2582955231584
1827040987488
2862194166352
1483509664336
1557329413536
1832207320480
1484316019296
2583827647072
1759193926240
2858705554016
1553035496032
2652547123808
1827913402976
2926350305616
1483241294160
1484315035984
2845014362448
1763690285392
2863201913168
1557531855184
2657043482960
1832409762128
2931921389904
1815297001808
2846021977440
1540351919456
1746240865936
2845752493712
1540082435728
2639594063504
2914471970448
2857563653776
1551893595792
2651405223568
2651674774176
2926552681120
1483443669344
2582955297120
2913465403744
2914808629600
2639863613088
1471632508576
2571144136352
2656774982048
2639862498896
2914740405840
1470557652560
1745435559504
1539277129296
2638788757072
1814155036240
2913666664016
1487737521744
2587249149520
1483510778512
2583022406288
2857900313232
1552230255248
1827108162192
2926619789968
1484583471504
2584095099280
1467403535952
2566915163728
1742281442896
1536123012688
2635634640464
1811000919632
1536055903632
2635567531408
1810933810576
2910445438352
1467336426896
2566848054672
1471699617424
2571211245200
2846089152144
1540419094160
1540350872224
2639862500000
1746308041104
2845819668880
1540149610896
2639661238672
1815027517840
2638856980880
1814223260048
2913734887824
2571211245968
2846089152912
2569867954576
1745234233744
2638587431312
2913465338256
1540149545360
2639661173136
1815027452304
1828180789648
1540149610848
2583759554912
1759125834080
2858637461856
1470290332064
2862932362896
1470557653344
2570069281120
1745435560288
2844947188064
1539277130080
2638788757856
1814155037024
2913666664800
1471631395168
1746509302112
1465995364960
2565506992736
1740873271904
1534714841696
1536056952480
1488543942240
2588055570016
1763421849184
2862933476960
1557263418976
2656775046752
2862932362640
1470289216912
2635367318944
2910245225888
1540350870864
2639862498640
1815228777808
2914740405584
1471631394128
2571143021904
1557263418768
2656775046544
2656773933664
1488878372192
2588389999968
1763756279136
2863267906912
1557597848928
2657109476704
1832475755872
1828114729312
2927626357088
1556188563024
1831066469968
2910513662288
1487737588368
2587249216144
1762615495312
1552163079504
1763757394592
2863269022368
1832476871328
1471699618464
2931988499104
2652815624864
1467136149088
2566647776864
1742014056032
2841525683808
2569869002336
2844746909280
1552968385936
1827846292880
1553235839568
1828113746512
2652747467344
2927625374288
1466330843552
2565842471328
1741208750496
2840720378272
2634561948064
1809928227232
2909439855008
2926283197024
1471699618400
2571211246176
1467337541280
1466062407328
1740940314272
2840451942048
1556525221520
1470625876320
1483510778208
2583022405984
1488610986640
2588122614416
1763488893584
2863000521360
1557330463376
1832208370320
1553302881952
2652814509728
1828180788896
1471430133344
2570941761120
1746308040288
2845819668064
2639661237856
1471363024288
2570874652064
1746240931232
2845752559008
1540082501024
1814960407968
2914472035744
1466262751632
2565774379408
2914808629904
1809927244432
2909438872208
2926350305680
2914741455504
1557598964384
1809592747600
2909104375376
2566916278688
1467404650912
1536124127648
2635635755424
2571211245984
2846089152928
2634293511520
2909171418464
1483241228960
2582752856736
2913734887008
1470625875552
2570137503328
1540419094944
2639930722720
2634494903712
1809861182880
2909372810656
1467337541024
2566849168800
1742215447968
2841727075744
1536057017760
2635568645536
1467404649872
2566916277648
1540417981024
2639929608800
2840719329888
1535049271904
2566915164768
1557262304848
2656773932624
1832140211792
2931651839568
2587316324768
1762682603936
2862194231712
1556524173728
2656035801504
1831402080672
2930913708448
1551893595808
2639594063520
1467135100560
2566646728336
1742013007504
2841524635280
1470624762464
2570136390240
1745502669408
2845014297184
1539344239200
2638855866976
1814223259984
2638788757920
2913666664864
1553236821328
2652748449104
1828114728272
2927626356048
1759395251536
1534982162016
1470557652576
2570069280352
1745435559520
2844947187296
1466329794128
2565841421904
1741207701072
2840719328848
1535049270864
2634560898640
1809927177808
2909438805584
2910512547408
1488812313184
2588323940960
1763690220128
2863201847904
1557531789920
2657043417696
1832409696864
2931921324640
1467135101344
1742013008288
2841524636064
1810732485024
2910244112800
2927424047712
2931651839632
2858637461920
1552967403936
2652479031712
1827845310880
1483509664096
2583021291872
2638855866720
1466330842512
2840720377232
2639930722704
1484517411216
2584029038992
1759395318160
2858906945936
1553236887952
2652748515728
1828114794896
2927626422672
1467135100304
2566646728080
1742013007248
2841524635024
1535854577040
2635366204816
1810732483984
2910244111760
1484315036048
2583826663824
1759192942992
2858704570768
1553034512784
2652546140560
1827912419728
2909438805328
1466329793872
2565841421648
1741207700816
2840719328592
1535049270608
2634560898384
1809927177552
1487804695968
2587316323744
1762682602912
2862194230688
1556524172704
1831402079648
1487536261776
1815297001056
1746577524320
2846089152096
2652748450400
2651473380688
1826839659856
1471632509344
2571144137120
1746510416288
2655969675856
1831335955024
2930847582800
1762415151712
2861926779488
1762616478288
1553236822608
2587250199120
1487537244768
2587048872544
1831134628448
2930646256224
1762348107408
2861859735184
1557262305936
2656773933712
2566646728272
1815295887968
2914807515744
1539277129312
2638788757088
2913666664032
2914740406688
1471362959008
2570874586784
2845752493728
1540082435744
2914471970464
1470624761424
2570136389200
1745502668368
2845014296144
1539344238160
2638855865936
1814222145104
2639929608592
2914807515536
1741141641808
2840653269584
1466263734864
1536056952224
2571211245216
1540419094176
2639930721952
2863201846864
1488812312144
2588323939920
1557531788880
2657043416656
1832409695824
2926618674784
1467067991648
2566579619424
2910513595792
2863201847632
1809861118288
2909372746064
1539278178640
1470558701216
2570070328992
1745436608160
2844948235936
1556457065056
2655968692832
1831334972000
2930846599776
1552967402896
2652479030672
1827845309840
2927356937616
2588054522528
2862932429472
1557262371488
2656773999264
1832140278432
2931651906208
2840450893152
1534780835168
2634292462944
1809658742112
2909170369888
2565573052064
2840450959008
2926552680032
1488610003600
2588121631376
2862999538320
1557329480336
2656841108112
1484517411232
1759395318176
2858906945952
1828114794912
2927626422688
1759193924944
2858705552720
1484316018000
2583827645776
1762616478048
1556458047840
1831335954784
1557330463328
2656842091104
1488610986592
2588122614368
1763488893536
2863000521312
2857900312144
1552230254160
1487470134880
1762348041824
1831067518560
2927423981216
2652547188368
2569801893456
2844679800400
2571143022176
2846020929120
2639862498912
1815228778080
2914740405856
1484583405152
2584095032928
1759461312096
2858972939872
1826838677856
2926350305632
1483241294176
2582752921952
1758387571280
1813886667088
2652546075280
2927423982224
2926283130512
1471698503248
2571210131024
1746576410192
2846088037968
1471631394192
1467337475680
2566849103456
2841727010400
1536056952416
2635568580192
2910446487136
2845753542240
1552230254224
1471632443040
2571144070816
2846021977760
1540351919776
2639863547552
1488811330144
2588322957920
1763689237088
2863200864864
1471362958992
1810732483936
2910244111712
2914540193184
1557262304592
2656773932368
2931651839312
2862932362576
2862127122000
1556457064016
2655968691792
1831334970960
2930846598736
1484248910496
2583760538272
1759126817440
2858638445216
1552968387232
1745234232928
1471430068640
2570941696416
1746307975584
2845819603360
2931921323600
1488812312928
2588323940704
2863201847648
1557531789664
2657043417440
2931921324384
2930847582816
1484517345888
2584028973664
1488543876704
2588055504480
1763421783648
2862933411424
1557263353440
1484517410192
2584029037968
1759395317136
2858906944912
1553236886928
1828114793872
1832409762464
2931921390240
1488812378784
1763690285728
1557531855520
1810733532576
2910245160352
2927424047456
1466330908320
2565842536096
2840720443040
1535050385056
2634562012832
2909439919776
1827040986704
1487738570320
2587250198096
1556458047056
1763690219088
1488879487632
2588391115408
1557598964368
2657110592144
2863269022352
2931988499088
1484248910240
2583760538016
1759126817184
2858638444960
1552968386976
2652480014752
1827846293920
1484316019088
2583827646864
1759193926032
2858705553808
1553035495824
2652547123600
1827913402768
1487536261728
1762414168672
1556255738464
2657043483296
1471364074080
2570875701856
1746241981024
2845753608800
2857833138528
1552163080544
2857900312928
1552230254944
2651741882720
2926619789664
1487536261520
2587047889296
2861925796240
1556255738256
1471632443024
2571144070800
2846021977744
1540351919760
2639863547536
1483443603088
2582955230864
1470290331216
2569801958992
1745168238160
2844679865936
1539009807952
2638521435728
1813887714896
2913399342672
1483443602768
2582955230544
2857833137488
1484516297360
2584027925136
1759394204304
1483242341776
2582753969552
1758120248720
1471698504032
2571210131808
1746576410976
2635634705808
1811000984976
2910512612752
1467403601296
2566915229072
1742281508240
2841793136016
1467069041248
2566580669024
1741946948192
2570069345952
2844947252896
1832409695568
1763690218832
2863201846608
2931921323344
1488812311888
1557531788624
1534983277200
1809861184144
2926351288992
1815296936352
1471431116448
1540150593184
2639662220960
1484516297104
1759394204048
1466329794192
2565841421968
1741207701136
2840719328912
1535049270928
2634560898704
1484584520032
1553303996768
2857564768848
1551894710864
2651406338640
1483175234128
2582686861904
1758053141072
1471364073040
2857630829152
1826838678112
2583022404944
2857900311888
1552230253904
2651741881680
2926619788624
1483510777168
2635367254688
1488610986656
2588122614432
1557330463392
2656842091168
1539075867984
2638587495760
1488811328848
2588322956624
1763689235792
1552229140816
1827107047760
2926618675536
2583021291856
1553034447248
2652546075024
1540083484320
2639595112096
1471364007584
2570875635360
1746241914528
2845753542304
2635367253648
1483509729936
2583021357712
1758387636880
2857899264656
2655767366240
2566849170064
1742215449232
2841727077008
1536057019024
2635568646800
1810934925968
2910446553744
1470558701152
2570070328928
1745436608096
2844948235872
1471363024224
2570874652000
1746240931168
2931719015056
1484316019104
2583827646880
1759193926048
2858705553824
2582753904272
1758120183440
2857631811216
1551961753232
2651473381008
1826839660176
2926351287952
2566915163792
1536123012752
2635634640528
1811000919696
2910512547472
1759193925008
2857631810960
1551961752976
1826839659920
1484316018064
2583827645840
2931988499040
2840720377168
1535050319184
2634561946960
1809928226128
2909439853904
1742282491216
2913733773968
1487738635872
2587250263648
2840652286608
1534982228624
2634493856400
1809860135568
2909371763344
2652747467424
2927625374368
1487738635664
2656773933728
2931651840672
1487536261472
2587047889248
1762414168416
1487804631632
2587316259408
1556524108368
2656035736144
1831402015312
2930913643088
1762682538576
1759461378448
2858973006224
1488609938064
2588121565840
1763487845008
2862999472784
2931719015072
1484517345696
2927692417424
2858973989264
2926350305952
1471430133408
2570941761184
2845819668128
1540149610144
2639661237920
2914539144864
1809591699792
2909103327568
1539008760144
2638520387920
2858906880608
1466329794144
2565841421920
1741207701088
2840719328864
1535049270880
2634560898656
1809927177824
2909438805600
2862999538016
2857900313248
2588055571104
1488542828176
2588054455952
2582686861648
2857564768592
1826772617552
1488812313248
2588323941024
2863201847968
1557531789984
2657043417760
2931921324704
1467136148896
2566647776672
1742014055840
2841525683616
1535855625632
2635367253408
2583826598240
2858704505184
1553034447200
2652546074976
1827912354144
2657110525280
1832476804448
1487536196192
2587047823968
1762414103136
2930645207648
2857630828176
1551960770192
2651472397968
2926350304912
2926619789984
1536055903648
1810933810592
2846089152160
2914808628896
2930645273168
1466061424976
2565573052752
2840450959696
1534780901712
2634292529488
2909170436432
1467403536800
1742281443744
2914741454496
2857900312208
1470356391328
2569868019104
2844745926048
1539075868064
1487470201424
2586981829200
1762348108368
1763690219152
2588054522208
2862932429152
2927626357344
1484315035280
2583826663056
2914741455184
1483443602784
2582955230560
2857833137504
1552163079520
2651674707296
2926552614240
2583759553872
1759125833040
2858637460816
1552967402832
2652479030608
1827845309776
2931651840656
2846021978448
1540351920464
2639863548240
1746240931488
2845752559264
1467135166800
2566646794576
1742013073744
2841524701520
1535854643536
1763488893600
2863000521376
1483510777488
2583022405264
2930847582608
1483509664400
1758387571344
1534714840672
1809592747616
1471698503312
2571210131088
1746576410256
2846088038032
1540417980048
2639929607824
1815295886992
2914807514768
2639863547232
2931988497744
2657042434720
2931920341664
1466329793888
2565841421664
1741207700832
2840719328608
1535049270624
2634560898400
1809927177568
2909438805344
1484315036256
2583826664032
2858704570976
1553034512992
2652546140768
2844948302432
2857630828896
1551960770912
2862999536976
1557329478992
2914741454480
1488812312208
2639930721936
1815027517008
1470624761440
1745502668384
1540149544608
2639661172384
1815027451552
2914539079328
2566916212128
2841794119072
1484584454544
2584096082320
1759462361488
2857899263584
2570070328720
2844948235664
1539278177680
2638789805456
2913667712400
2587316324960
2862194231904
2656035801696
2930913708640
1488610003616
2588121631392
2862999538336
1557329480352
1471632509536
1746510416480
1470558766672
2570070394448
1745436673616
2844948301392
1539278243408
2910245226848
1536124061088
2635635688864
2909171483984
1740940379472
2840452007248
1534781949264
2634293577040
1809659856208
2638789871200
2913667778144
2634292528480
2909170435424
1826838676832
2926350304608
2909372745376
1471699551888
2571211179664
1746577458832
2846089086608
1540419028624
2639930656400
1815296935568
2914808563344
2588121630368
2862999537312
1557329479328
2656841107104
1831133645408
2930645273184
1488879487648
1483241293152
2582752920928
2857630827872
1551960769888
1758120248736
2565505877328
2840383784272
1534713726288
2634225354064
1467403601312
2566915229088
1742281508256
2841793136032
1536123078048
2635634705824
1811000984992
2910512612768
1488812311904
1557531788640
1557262371472
1832140278416
2931719014736
1466263733584
2565775361360
2840653268304
1534983210320
2634494838096
2909372745040
1540351919440
2639863547216
2914741454160
1471632442704
2571144070480
2846021977424
2582753970528
2857631877472
1551961819488
1826839726432
1470356391504
2569868019280
1745234298448
2844745926224
1471430133392
2570941761168
2845819668112
1540149610128
2639661237904
2914808628880
