2509851285
2509851289
2509851286
2509851290
2526709413
2526709414
2526709417
2526709418
2505409945
2505409942
2505409946
2526644901
2526644902
2526644905
2526644906
2573556385
2573560481
2573556386
2573560482
2573572769
2573576865
2573572770
2573576866
2573572772
2573576868
1437158053
1437158054
1437158057
1437158058
1437223589
1437223590
1437157994
1437178513
1437178514
1437182609
2505677409
2505681505
2505677410
2505681506
2510899798
2510899802
2509871697
2509875793
2509871698
2506705510
1436173977
1504090769
1504090770
1504090785
1504090786
1504094881
1504094882
1504094865
1504094866
1504074340
1504074344
2509609569
2509613665
2509609570
2509613666
2509855124
2509859220
2509855128
2509859224
2505677204
2505677208
2505681304
2509871508
2509875604
2576980385
2576984481
2576980386
2576984482
1452903082
1436129681
1436129682
1436133777
1436133778
1452886441
1452902805
1452902806
1452902809
1452902810
2573568357
2573568358
2573568361
2573568362
2572786008
2572790104
2505483876
2505483880
2510903892
2509859426
1431915109
1431915110
2526710373
2505414228
2526710377
2526710374
2577042069
2577042070
2577042073
2577042074
2594802329
2594802330
2509920914
2509925010
1503237794
2572851876
2572851880
2573568422
2573568425
2573568426
2572786001
2572790097
2572786002
2572790098
2572851537
2572855633
2572851538
2509851237
2509851241
2526447269
2578008726
1436112481
1436116577
1436112482
1436116578
1436124821
1436124825
1436124822
1436124826
1452889697
1452893793
2577045864
2509850981
1436134036
2509850982
2509850985
2509850986
2509851045
2509851046
2509851049
2509851050
2509871505
2509874833
1504332453
1504332457
1504332454
1504332458
1504332438
1504332442
2509675172
2509675176
2509679268
2509679272
1499048274
1499044177
1436109465
1436109462
1436109466
1499826537
1499826538
1452886629
1452886633
1452886630
1452886634
1436109397
2509855137
2509859233
2509855138
2509859234
2509920673
2509924769
2509920674
2509924770
2526632353
2526636449
1452906916
1452906920
1452911012
1452911016
1436129636
1436129640
1436133736
1452906852
1452906856
1499048596
1499044504
1499048600
2509871506
2509875602
2572781157
2572781158
2572781161
2572781162
2509916757
2509916761
2509916758
2509916762
2509916821
2509916825
2509916822
2509916826
2526644821
2526644825
2505676449
2505680545
2505676450
2505680546
2505737893
2505737897
2505737894
2505737898
2509919905
2509924001
1452903081
1499109793
1499109794
1499113889
1499113890
1499048353
1499048354
2505677460
2505677464
2505681556
2505681560
2509871764
2509871768
2509875860
2509875864
2505677476
2505677480
2509870753
2509874849
2509870754
2509874850
1431930538
1521052264
1772718742
1504271000
1504270996
1772718746
1768524437
1768524438
1768524441
1768524442
2577050210
1436129684
1436129688
1436133780
1436133784
2505673365
2505673369
2505673366
2505673370
2505673381
2505673385
2505673382
2505673386
2509867669
2509867673
2505747044
1503234662
1503234666
1431935572
1431939668
1431672424
1436109402
1499044180
1499044184
1499048276
1499048280
2577025385
2577025386
2577025445
2577025446
2577025450
2505661009
2505665105
2505661010
2505665106
2505677393
2505681489
2505677394
2505681490
2509855313
2509859409
1431923298
1431935633
1436129953
1436134049
1436129954
1436134050
1437182626
1432980118
1432980122
1432984225
1436117652
1436117656
1431934625
1431938721
1431934626
1431938722
1500076644
1500080740
1500076648
1500080744
1504275092
1504025233
1504029329
1504025234
1504029330
2577812133
2577812134
2577812138
2505397857
2505401953
2505397858
1431668373
2505401954
2505414289
2505418385
2505414290
2505418386
2505414292
2594806433
2594810529
2594806434
2594810530
2505665122
2572782249
2572782250
2572765866
2572782229
2572782230
2572782234
2572782245
2572782246
2572782233
1431931493
1431931497
1431931494
1431931498
1431931477
1431931481
1431931478
1431931482
2572851620
2572855716
2572851624
2572855720
2578098856
1503283562
1499040153
1499040150
1499040154
1503283557
1503283561
1504271012
1504271016
1504275108
1504275112
1521048161
1521052257
1521048162
1521052258
1499027874
1499031969
1436133794
1452968358
1452968362
1452890532
1452894628
1452890536
1436191141
1436191145
2578012756
2578012760
2578016856
2594789972
2594789976
1431676328
1435866513
1435866514
1435870609
1435870610
1435866529
1435866530
1435870625
1435870626
1431672212
2593823137
2593823138
2593827233
2593827234
1436195496
1436199592
1503234709
1503234710
1452890785
1452894881
1452890786
1452894882
1437244068
1431939748
2505414244
2505418340
2505414248
2505418344
2509657697
2509661793
2509657698
2509661794
2505479780
2578016929
2578016930
2526632530
2526636626
2578029217
2593827425
1436109210
1499040361
1499040362
1499826602
1499826597
1499826601
1503308129
1499826581
1499826585
1499826582
1499826586
2526447205
2526447206
2526447210
2526644822
2526644826
2526644885
2505661025
2505665121
2505661026
2505677457
2505681553
2505677458
2505681554
2509855377
2509859473
1503299241
1503299242
1503233701
1503233702
1503299237
1503299238
1503233637
1503233638
1503233642
2505743009
2505743010
2505747105
2505747106
2509920929
2509920930
2509925025
2509925026
1431737937
1431737938
1431742033
1431742034
1431742050
1431737954
1431742049
2509608610
2509612706
1452705386
1499048610
1499110049
1499110050
1499114145
1499114146
1431923048
1431923044
1431918952
2510899813
2510899814
2510899817
2510899818
2510899877
1436113252
1436117348
1436113256
1431939752
1431915174
1431915178
2577816164
2577816168
2577820260
2577820264
2577832593
2577832594
2577836689
2577836690
2577816225
2577816226
2846509733
2846509734
2846509738
2526718552
2572790372
2577828458
1499027041
1504090728
1504094824
1503286946
1436112536
1436116628
1436116632
1521052260
1437227668
1437227672
1437231768
1436183124
1437158037
1437158038
2573900456
2573904552
2509675089
2509679185
2509675090
2509679186
2526648916
2577045857
2577049953
2577045858
2577049954
2509937234
2509933145
2509933146
1772788388
1772788392
1772792488
1772784293
1772784297
1772784294
1772784298
1772722849
1772726945
2573634149
2573634150
2573634153
2573634154
1436112484
1436116580
1436112488
1436116584
1452889700
1452893796
1452889704
1452893800
1436128916
1436128920
2505414241
2505418337
2505414242
2505418338
2505479777
2505483873
2505479778
2505483874
1499830932
1499830936
1499835028
1499835032
1499830948
1499830952
1499835044
1499835048
2526713508
2526713512
2526717608
2577045921
2577050017
2577045922
2577050018
2577045924
2577050020
2577045928
2577050024
1503287889
1503287890
1503291985
1503291986
1503292001
1503287906
1503292002
1503304273
1503304274
1499047585
1499047586
1499104933
1499104934
1499104937
1499104938
1503237777
1521064600
1521068696
2509608529
2509612625
2509608530
2509612626
2509674065
2509678161
2509674066
2509678162
2509674068
2509678164
1520868001
1520872097
1520868002
1520872098
1520081505
1520081506
1520085410
1503304353
1503308449
2509608545
2509612641
2509608546
2509612642
2509674081
2509678177
2509674082
2509678178
2509674084
2509678180
2509671061
2509671062
2509671065
2509671066
1504336548
1504340644
1504336552
1504340648
1768524389
1768524393
1768524390
1768524394
1768524453
1768524457
1436173993
1431673426
1431677522
1435916881
1435920977
1435916882
1435920978
1431738961
1431743057
1431738962
1431743058
2526644838
2509871780
2509875876
2509871784
2509875880
2505411226
2573830757
2573830761
2573830758
2573830762
2573830821
2573830825
2573830822
2573830826
2578074261
2578074265
1504291476
2572769617
2572773713
2572769618
2572773714
2509851221
2509851225
2509933225
2509875620
2509875624
2526648740
2526648744
2526652836
2526652840
1499044178
2577046164
2577050260
2577046168
2577050264
1500088982
1504270993
1504275089
1504270994
1504275090
1500088986
1504287377
1504291473
1504287378
1504291474
2572786017
2572786018
2578012772
2578016868
2578012776
2578016872
2594789988
2594794084
2594789992
2594794088
2578029204
2578029208
2842270369
1452890468
1452890472
1452894564
1452894568
2842270370
2842274465
2842274466
1436178856
1436182948
1436182952
1431935332
1431935336
1431939432
1436178836
1436178840
2526644650
2509932202
2526648930
1499028065
1436129956
1431935636
1431935640
1499044500
2526649000
2526647969
2526652065
2526647970
2526652066
2505660065
2505664161
2505660066
2505664162
2509854369
2509858465
1499027873
1499044242
1499048338
1499027809
1499031905
1499031970
1499044257
1499044258
2572851873
2572851874
2572855969
2572855970
1436133012
1436133016
1452906132
1452906136
1452910232
2577828505
2577828506
2509867605
2509867609
2505673301
2505673305
2505673302
2505673306
2509867606
2509867610
2509867621
2509867625
1499040170
1499023722
1499023717
1499023718
1499040149
1499023781
1499023782
1499023786
2573572504
2573576600
2577025381
2577025382
2509855140
2509859236
2509855144
2509859240
2526632356
2526636452
2526632360
2526636456
2509920676
2509924772
2509871521
2509875617
2509608338
2509612433
2509612434
2505414052
2505414056
2505418148
2505418152
2509608353
2509608354
2509612449
2505661028
2505661032
2505665124
2505665128
2509855380
2509855384
2509859476
2509859480
2505661092
2505661096
2572782165
2572782166
2572782169
2572782170
2572765797
2572765798
2572765802
2572782181
2572782182
2573568405
2573568409
2577029473
2577029474
2577033569
2577033570
2573568421
2577771105
2576975461
2576975462
2576975466
2576975525
2576975526
2576975530
2576979617
2576979618
1436179025
1436183121
1431935396
1431939492
1431935400
1431939496
1452890529
1452894625
1452890530
1452894626
1436117409
1436113316
1436178849
1436182945
2506705493
2506705494
2506705497
2506705498
2578074262
2578074266
2577767074
1499044196
1499044200
2505479761
2505479762
2505483857
2505483858
2526648920
2526653012
2526653016
1499043428
1499043432
1499043492
1499043496
1499047588
1499047592
1503233685
1503233686
2572790433
2572790434
2526710437
2526710438
2526710441
2526710442
2510981802
1499113825
1503287652
1503291748
1503287656
1503291752
1499109730
1499113826
1503304081
1503308177
1503304082
1431656017
1431656018
1431660113
1431660114
1431656034
1431660129
1431660130
1431656033
1431672417
1431672418
2526628517
2526628521
2526628518
2526628522
1436129940
1436129944
1499048593
1499048594
1499028129
1436134040
1499028130
1499032225
1499032226
1499044513
1499044514
1499048609
2577032865
2577032866
2572785313
2572789409
2572785314
2510899797
2510899801
2510899861
2510899862
2510899865
2510899866
2577812069
2577812073
2577812070
2577812074
2846464673
2846468769
2846464674
2846468770
2846526117
2846526121
2846526118
2846526122
2846530212
2846530216
2573572756
2573572760
2573576852
2573576856
2577767057
2577767058
2577771153
2577771154
2573572776
2577042021
2577042025
2577042022
2577042026
1431668329
1431668330
1431668389
1431668390
1431668393
1431668394
1431733861
1431733862
1431733865
1431733866
2505415336
2505419432
1499027105
1499031201
1499027106
1499031202
1499043489
2577029713
2577029714
2577033809
2577033810
2577046097
2577046098
1768528548
1768532644
1768594084
1768594088
1768598184
1768528552
1768532648
1772772001
1772776097
2505660769
2505660770
1431919009
1431919010
1431923105
1431923106
1504266858
1431659874
1431651926
1431651930
1431651941
1431651942
1431651946
1431655778
1431655777
2594802345
2509658705
2509662801
2505415249
2505419345
2505415250
2505419346
2505480785
2505484881
2505480786
2505484882
2573576612
2573576616
2572765605
1499044436
1499044440
1499048532
1499048552
1499048536
2572765606
2572765610
1503238737
1503238738
1436191333
1436191337
1452968549
1452968553
1452968550
1452968554
1436191334
1436191338
1436191397
1436191401
1436179108
1436179112
1436183204
1436183208
1436195492
1431935588
1452976808
1436199528
1431935592
1431939684
1452976740
1452976744
1436195428
1436195432
2594867877
2594867878
2594867881
2594867882
2576984465
2594785878
2594785882
2509937320
2509941416
2576984738
1504078436
1504078440
1504074401
1504074402
1504078497
1504078498
1431657041
1431661137
1431657042
1431661138
1431668374
1431668377
1431673432
1431677528
1431673425
1435862678
2526644629
2526644633
2526644630
2526644634
2572789410
2573818465
2505393770
2505410149
2505410153
2505410150
2505410154
2505413988
2505413992
2505418088
2509604197
1436133976
1436129876
1431997030
1431997033
1431997034
1436191381
1436191382
1436191385
1431931301
1431931302
1431931305
1431931306
2509933161
2577045860
2577049956
2577049960
2505681316
2505681320
2509920680
2509924776
2505677412
2505677416
2505681508
2505681512
2509920916
2509920920
2509925012
2509925016
1503291042
2505657001
1431738020
1431742116
1431738024
1431742120
1500097192
2572769633
2572769634
2572773729
1436117602
2572773730
2572786065
2572786066
2572790161
2572790162
2572769697
2526451297
2526451298
2526455393
2526455394
2578008742
2509679208
2572765541
2572765542
2572765546
2572781973
2572781974
2505673061
2505673062
2505673065
2505673066
2505673125
2505673126
2505673129
2505673130
2505677217
2505677218
2505656742
1431934616
1431938712
1431918180
1431922276
1431918184
2593823393
2593823394
2593827489
2593827490
2526452322
2526456418
2509933210
1499040101
1499040102
1499040105
1499040106
1499040085
1499040086
1499040089
1499040090
2505660836
2505664932
2505660840
2505664936
2505677220
2593827410
1435919953
1435919954
1436128930
2573838952
2577832600
2577836696
2576980321
2576980322
2576984417
2576984418
2572790116
2572790120
2572786004
2572786020
2572785252
2572785256
2572789352
2576975509
2576975510
2576975514
2572785316
2572785320
2578029220
2578033316
2578029224
2578033320
2509920913
2509925009
2573576849
2573572754
2573576850
1504074338
1504078434
1453951593
1453951590
1453951594
1436113489
1436117585
1436113490
1436117586
1436179026
2572790113
2572790114
2572851553
2572855649
2572851554
2572855650
1435933281
1435933282
1435937377
1435937378
1436183122
1432001105
1432001106
1432005201
1432005202
1436195409
1436109481
1436109482
2505401937
2505401938
1452885605
1452885609
1452885606
1452885610
2572790417
2572790418
2572769953
2572769954
2572774049
2572774050
2572786337
2572786338
2526714468
2526714472
2526718564
2526718568
1435928165
1435928169
1431659873
1431668117
1431668121
1431668118
1431668122
1499044244
1499048340
1503238545
1503242641
1503238546
1503242642
1499044248
1499048344
2505742946
2505747042
2509608609
2509612705
1436179044
1436183140
1436179048
1436183144
1436199524
1431939732
2509855314
2509859410
2509920849
2509924945
2509920850
2509924946
2526632529
2526636625
2572768929
2572773025
2572768930
2572773026
2572789412
2505480801
2505480802
1431914154
2593819238
2593819242
2842270372
2842274468
2842270376
2842274472
2846513825
2846517921
2846513826
2846517922
2842335908
2842335912
2578090661
2578090662
2578090665
2578090666
2526714449
2526718545
2526714450
2526718546
1436125861
1436125865
1436125862
1436125866
1452903077
1503238802
1431668309
1431668310
1431668313
1431668314
1431733845
1431733846
1431733849
1431733850
2509608337
2505397665
2505401761
2505397666
2505401762
2505414049
2505418145
2510908072
1452906913
1452906914
1452911009
1452911010
1452968357
1499826857
1499826858
1499810469
1499810470
1499810474
2576980577
2576980578
2576984673
2576984674
2572786260
2572786264
2572790356
2572790360
2572786276
2509858466
2509933157
2509933158
2509933162
2509933221
2509933222
2509933226
2509937252
2576980641
2576984737
2576980642
2509937256
2509941348
2509941352
2509654629
2509654633
2509654630
2509654634
1503234453
1503234454
2505419348
2505415256
2505419352
2509609553
2505410213
2505410217
2505410214
2509604517
2509604518
2509613649
2509604502
2509604506
1503304276
1503308372
1503304280
1503308376
1504266902
1504266906
1436191386
1436191317
1436191321
2509932965
2509932969
2509932966
2509932970
1499814481
1499818577
1499814482
1499818578
1499814497
1499818593
1499814498
1499818594
1431935576
1431939672
1436195476
1436195480
1436199572
1436199576
1436199588
1432001124
1432001128
2509871522
2509867365
2509867366
2509867369
2509867370
2509867429
2509867430
2509867433
2509867434
1431997093
1431997097
1431997094
1431997098
1436191398
1436191402
1431997029
2573642408
1504025249
1504025250
1504029345
1504029346
1431668325
1431668326
1435862630
1435862634
1435862629
2594871972
2594871976
1435927973
1435927977
1435927974
1435927978
1452705189
1452705190
1452705194
1499040358
1499040421
1499040425
1499040422
1499040426
1503283813
1503283814
1503283877
2509875618
1435911845
1435911846
1435911850
1435928229
1435928230
1435928233
1435928234
1435911781
1435911785
2577766993
2577771089
2577767009
2573572692
2573576788
2509855336
2509859432
2505661012
1521064596
1521048228
1521048232
1521052324
1521052328
1521064612
1521064616
1521068708
1521068712
1772767909
1452907169
1452911265
1452907170
1452911266
1453943393
1437227681
1437231777
1437227682
1437231778
1436113505
2577836626
1452907154
1452911249
1452714594
1435933266
1435937361
1435937362
1452710481
1452710482
1452714577
1452714578
2572765530
2572781909
2572781925
2572781926
2572781929
2572781930
2509858449
2509858450
1499047528
1452705446
1452705450
2506713697
2506713698
2506709601
2506709602
2578012836
2578012840
2509670042
2573814357
2573814361
2573814358
2573814362
2509919908
2509924004
2509919912
2509924008
2509867690
2526648932
2526648936
2526653028
2526653032
1435866722
1435870817
1435870818
2526644581
2526644585
2526644582
2526644586
2509855329
2509859425
2509855330
2509920865
2509924961
2509920866
2509924962
2526632545
2526636641
1520867937
1520867938
1520872033
1520872034
1504090724
2577820257
2527759013
2527759017
2527759014
2527759018
2509609554
2509613650
2509609617
2509609618
2509678225
2578094760
2509875873
2509875874
1504348837
1504348838
1504348841
1504348842
1504332437
2577828501
2577828502
1503238753
1503238754
1503242849
1503242850
1436113492
1436117588
1436117592
2509920868
2509924964
2509920872
2509924968
2505742948
2573572520
2572790420
2572790424
2577029480
2577033576
2577045905
2577050001
2577045906
2577050002
2509867622
2509867626
2509867685
2509867689
1431919204
1431923300
1431919208
1431923304
1436113556
1436113560
2509855393
1437158041
1437158042
1520081314
1431672465
1432984168
2573568666
2573552294
2573552298
2573552229
2573552230
2573552234
2573552293
2573568682
2573568677
2505476714
2509866661
2509866665
2509866662
2509866666
1453943396
1453943400
1452903002
1436125781
1436125785
1436125845
1436125849
1436125846
1436125850
1452903061
1452903065
1452903062
2509674088
1435932244
1435936340
2509874834
2505680548
2505680552
1431931557
1431931561
1431931562
1436109478
1436109477
1431931558
2509670054
1499810389
1499810390
1499810394
1499810405
1499810406
1499810410
1499826789
1499826790
2577046180
2577050276
2577046184
2577050280
2509671013
2509671014
2509671017
2509671018
2509933141
2509933142
2509933205
2509933209
2509933206
2526710357
2526710361
1503238498
1503242593
1503242594
1503304033
1503304034
1503308130
1503238561
1503238562
1503242657
2505742952
2505747048
1789561510
1789561514
1772718693
1772718694
1772718698
1772722850
2505738853
1436125797
1436125801
1436125798
1436125802
1436133988
2505738857
2505738854
2505738858
2505738917
2509604437
2509604438
2505410133
2505410137
2505410134
2509604453
1431672466
1431676561
1431676562
1431737953
2509875601
2526447014
2526447018
1504025169
1504029265
1504025170
1504029266
1504090705
1504094801
1504090706
1504094802
1504090708
1504094804
2572782185
2572782186
2509850261
2509850265
2509850262
2509850266
2509850277
2509850281
2509850278
2509850282
2505672341
2505672345
1436113569
1436191318
1436191322
1499830884
1499834980
2509675169
2509679265
2509675170
2509679266
2578029156
2578029160
2578033256
1452967589
1452967593
2594806372
2594806376
2594810472
2572847525
2572847529
2572847526
2572847530
1431737768
1431741864
1435932068
1435932072
1435936168
1431676324
1431672232
2505677474
1503283798
1503283802
1499040341
1499040345
1499040342
1499040346
1499040405
1499040409
1499040406
1499040410
2577046113
2577050209
2577046114
1503304084
1503304088
1503308180
1503308184
1504086437
1504086441
1504086438
1504086442
1499892133
1499892137
1435911765
1435911766
1435911770
1435928149
1435928150
1435928153
1435928154
1435911782
1436199505
2577041829
2577041830
2577041833
2577041834
2578033313
2593827426
2577828457
1504074337
1504078433
1499900514
1499900513
1499896417
1499896418
1504090721
1504090722
1435866705
1435866706
1435870801
1435870802
1435932241
1435866769
1435866770
1435870865
1435870866
1435932242
2594785957
2594785961
2594785958
2594785962
2526647956
2526647960
2526652056
1503304289
1503238817
1503238818
1503242913
1503242914
1503304290
1431914085
1431914086
1431914089
1431914090
1431930533
1431930534
1431930537
1431930517
1431930518
1432963685
1432963686
1500088933
1500088934
1500088937
1500088938
1500088997
1500088998
1500089001
1500089002
1500093089
1500093090
2577832548
2577832552
2577836644
2577836648
2594609761
2594609762
2594613857
2594613858
2577832612
2577832616
1504283285
1504283286
1499114148
1499110056
1499114152
2578074277
2578074278
2578074281
2578074282
2578078369
2577041065
1452906152
1504094884
1504094888
1499896420
1499896424
1499900516
1499900520
1499896484
1499896488
1499900580
1499900584
2573556322
2509937250
2509941346
2509937249
2509941345
1504271009
1504271010
1504275105
1504275106
1520085602
1503304340
1503304344
1503308436
1520085586
1503308440
2510969496
2510973592
2505672346
1431996069
1431996073
1431996070
1431996074
1436173989
1436190373
1436190377
1436190374
1436190378
1499834977
1504266901
1504266905
1504283289
1504283290
1504266917
1504266918
1435937426
1431677537
1431673442
1431677538
1435916900
1435920996
1435916904
1435921000
1431673441
1431738977
1435916961
1435916962
1435921057
1435921058
1435933329
1435933330
2509941409
1431935570
1431939666
1431935569
1431939665
1436195410
2526644842
2572786072
2572790168
2576980369
2576980370
2576984466
2505672361
2505672358
2505672362
2509915797
2509915801
2509915798
2509915802
2509915813
2509915817
2509915814
2573568613
2573568614
2573552213
2573552214
2573552218
1504086613
1504086614
1499039398
1499039402
1431672225
1431672226
1431676321
1431676322
1431672228
2505414225
2505414226
2505418321
2577832536
2577836632
2594609745
2594613841
2594609746
2594613842
1499048360
1499048292
1499048296
1503287649
1503287650
1499044260
1499044264
1499048356
2526653089
2505410198
2505410201
2526653096
2505738837
2505738841
2505738838
2505738842
1499040165
1499040169
1499040166
1503283558
2505414050
2505418146
2505414036
2505414040
2505418136
2846460518
2846460522
1431676513
1431676514
2509673896
2509677992
1499830868
1499834964
1499830872
1499834968
1499896404
1499900500
1499896408
1499900504
1504074321
1504078417
1452907156
1452911252
2572847721
2572847722
2577025621
2577025622
2509661796
2509661800
2573572513
2573576609
1436108457
2573572514
2573576610
2573633957
2573633961
2573633958
2509653589
2509653590
2509653594
2509653605
2509653606
2509653609
2509653610
2509669973
2509669974
2594802278
1431922273
2594794081
1435936344
2594794082
2509855378
2509859474
2573572753
2573638241
2573642337
2573638242
2573642338
2577816161
1503304036
1503304040
1503308132
1503308136
1499109716
1499109720
1499113812
1499113816
1499109732
1499109736
2509612689
2509612690
2509674129
2509674130
2509678226
2577046177
2577046178
2577050273
2577050274
2577771170
2505655909
2505655910
2505655913
2505655914
2505655973
2505655974
2505655977
2505672342
2526653073
2526653074
2594802281
2573834913
2573834914
2505484964
2505484968
1504029281
1504025186
1504029282
1499830881
2505656997
1435919972
1435919976
1431672404
1431672408
1431676500
1431676504
1431672468
1431672472
1431676564
1431676568
1452972708
1452976804
1452972712
1499044452
1499044456
1499048548
1503287905
1499044516
1499044520
1432980073
2509855122
2509859218
1431930469
1431930470
1431930473
1431930474
1431914069
1431914070
1431914073
1431914074
1520085601
1500097185
1500097186
1500076641
1500076642
1500080737
1500080738
1500088981
2573638244
2573638248
2573642340
2573642344
2577832596
2577836692
2573638308
2573638312
1435862693
1435862694
1435928166
1435928170
1431935380
1431935384
2578012817
2578012818
2578016913
2578016914
2578029201
2578029202
2578033297
2578033298
2578012833
2578012834
2577046100
2577046104
2577050196
2577050200
2593823313
2593823314
2593827409
1436195473
1436195474
1436199569
1436199570
1432001185
1432001186
1432005281
1432005282
1436195489
1436195490
1431734949
1431734950
1431734953
1431734954
1431669349
1431669350
1431669353
1431669354
1431734885
1431734886
2578008725
2578008729
2578008730
2578008741
2578008745
2578008746
2578025109
2578025110
1431672168
1431676264
1435862421
1435862422
1435862426
1452705381
2505484897
2505484898
2509658724
2509662820
2509658728
2509662824
2509675153
2509679249
2505418322
1503308388
1503308392
1499114088
1499109972
1499109976
1499114068
1499114072
1499109988
1499109992
2577832609
2577836705
2577832610
2577836706
2509915818
1499105877
1499105878
1499105881
1499105882
2505742930
2509937233
2509941329
2505747026
1435933352
1435937448
1504266853
1504266854
1504266857
1504283237
1504283238
1504283241
1504283242
1504266837
1504266838
2506721962
2505415265
2505415266
2505419361
2505419362
2505415329
2505415330
2505677473
1435867793
1435871889
1431661153
1431733925
1431733929
1431733926
1431733930
1435928218
1435928214
1435871905
1435871906
1431673508
1431673512
1431677604
1431677608
1435867809
1435867810
1431673492
1431673496
2526456417
2509855394
2509859489
2509859490
2509657505
2509661601
2509657506
2509661602
2505479588
2505479592
2505483688
2509673892
1436129873
1431669418
1431669414
1431669413
1431669417
1435863717
1435863718
1435863722
1431669398
1431669402
2577828265
2572786024
2572786084
2572786088
2846464657
2846468753
2846464658
2846468754
2505657002
2572781989
2572781993
2572781990
2572781994
1432005218
2573638232
2573642328
2577832532
2577836628
2526648980
2526653076
2526648984
2526653080
2509937300
2509941396
2577046161
2577046162
2577050257
2577050258
1431677521
2509936292
2509936296
2509940392
2577029537
2577033633
2577029538
2577033634
2578025125
2578025129
2578025126
2578025130
1499830676
1499830680
1431939736
1452907153
1452911250
2505677396
2505681492
2505677400
2505681496
2509920852
2509924948
2509920856
2509670053
2509670057
2509670058
2509671001
2509671002
2572851540
2572851544
2572855636
2572855640
2572851556
2572851560
2526647972
2526647976
2526652068
2526652072
2509937297
2509937298
2509941393
2509941394
1432971880
1431935585
1431935586
1431939681
1436129889
1436129890
1436133985
1436133986
1437157989
1437157990
1452710497
1452710498
1452714593
1435937444
1435933345
2573576802
2573572706
2577767010
2577771106
2573556321
2505418388
2505418392
2509657700
2509657704
1453939284
1453939288
1453943384
1453939300
1453939304
1452910248
1437162068
2572790436
2572790440
2577029793
2577029794
2577033889
2577033890
2526648737
1431922280
2505655893
2505655894
2505655897
2505655898
2505660001
2505660002
1504094818
2576980625
2576984721
2576980626
2573818466
2573822561
2573822562
2573830805
2573830806
2573830809
2573830810
2573818529
2573818530
2572855652
2576984657
2576984658
2509916837
2509916841
2509916838
2509916842
1431935652
1431935656
1504094817
2510903905
2510903906
2510908001
2510908002
2509675105
2509675106
2509679201
2509679202
2509609633
2509609634
2526631586
2526635682
2505411173
2505411174
2505411177
2505411178
2505411237
2505411238
2505411241
2505411242
1504086698
2505476709
1503287908
1503292004
1503287912
1503292008
1503304292
1503304296
2577041765
2577041766
2577041769
2577041770
1435862613
1435862614
1435862618
1435862677
1435862682
2577828441
2577828442
1504070310
1499826793
1499826794
1499826853
1499826854
1504070245
2572851796
2572851800
2572855892
2572855896
1436179042
1431734890
1431734869
1431669337
1431669397
1431669401
1431734889
2509654693
2509654694
2509654698
2509671081
2578025061
2578025062
2578008677
2578008678
2578008681
2578025065
2578025066
2578012769
2578012770
1431918936
1431923032
1431918948
1499027793
2505402977
2505398882
2505402978
2505415313
2505419409
2505415314
2505419410
2505415316
2505419412
2505415320
2505475685
2505475689
2505475686
2505419416
2509613713
2509613714
2505415332
1499024038
1499024042
1504094872
1432001188
1432005284
2505411221
2505411225
2509605542
1504090772
1504090776
1504094868
1504090788
1504090792
1520081569
1520085665
1520081570
1520085666
2526710378
2576979601
2576979602
2576983697
2576983698
2572790100
2509855076
2509859172
2509855080
2509859176
2509871460
1435863638
1435863642
1435863653
1435863654
1452886693
1452886697
1452886694
1452886698
1452903078
1436128913
1436133009
2505746856
2526628453
2526628457
2526628454
2526628458
2509855400
2509859492
2509859496
1452705382
2572765861
2572765862
2576976533
2576976534
2576976550
2576976538
2509932197
2509932201
2509932198
2577812054
2577812058
1453935190
1453935193
1453935194
1437157973
1437162129
1437162130
1437166225
1437166226
1453939297
1453939298
2509657761
2509657762
2509661857
2509661858
2572781913
2572781910
2572781914
2572781977
2572781978
2573572500
2526627430
2526627434
2526627493
2526627497
2526627494
2526627498
2509870737
2509870738
1431939746
1432001121
1432001122
1432005217
1504086617
1504086618
1504086694
2577820321
2577820322
2510908052
2510908056
2527681124
2527681128
2527685220
2527685224
2509851301
2509851305
2509851302
2509851306
2505743016
2505747112
1521068705
1521068706
1521060521
1521126053
1521126054
1521060522
1521126057
1521126058
1521060517
1521060518
2526632289
2526636385
2526632290
2526636386
1503234458
1432967780
1432967784
1432971876
1436179041
1436183137
1436183138
2505681572
2505681576
2509920932
2509925028
2509920936
2509925032
2505743012
2505747108
1436129700
1436133796
1436129704
1436133800
1499027810
1499031906
1499044241
1499048337
2572786324
2572786328
2577029732
2577033828
2577029736
2577033832
2572851812
2572855908
1499105701
1499105705
1499105702
1499105706
1503300005
1499040357
1435915857
1435915858
1431672401
1431676497
1431672402
2509678184
1503242834
1503308369
1503308370
2509858392
2526631508
2526631512
2526635608
2509854356
1453955688
1453959784
2509854360
2509858452
2509875810
1431915177
2505411157
2505411158
2505411161
2505411162
2505411222
2505476693
2505476694
1431931289
1431931290
1499023957
1499023958
1499023962
1499023973
1499023974
1499023978
1504021158
1504021162
2509675156
2509679252
2509675160
2509679256
2505660772
2505664868
2505660776
2505664872
2573572456
2505673321
2505673322
1504090536
1452902057
1452902054
1452902058
1452967590
1452967594
1452968613
1452968617
1504070229
1504070230
1504070234
1499826773
1499826777
1499826774
1499826778
1499826837
1499826841
2526452385
2526452386
2526456481
2526456482
1499834776
2505475669
2505475673
2505475670
2505475674
2505475690
2509669977
1499044497
1499044498
1503308385
1503308386
1435936337
1435936338
1435932305
1435932306
1435936401
1435936402
2509916581
2509916585
2509916582
2509916586
2572781221
2572781222
2572781225
2572781226
1504025185
2509605462
2509605466
2509605461
2526643814
2526643818
2526643877
2526643881
1436109413
1436109417
2526643878
2526643882
1431931285
1431931286
1431914857
1431914858
1431914917
2509669989
2509669993
2509669990
2509669994
1521044070
1521044074
1504266921
1504266922
1452906900
1452906904
1436178072
1436182168
1436195425
1452705365
1452705366
1452705370
1452902822
1452902826
2505681570
2593819222
2593819226
1499830945
1499835041
1499830946
1499835042
1499896481
1499900577
2526648913
2526653009
2526648914
2526653010
2505681569
2578016916
2578016920
2526447270
2526447274
1503300006
1503300010
1436116644
1436112552
1436116648
1452889764
1452893860
1452889768
1503300009
1500088985
1504283306
1436108389
1436108390
1436108393
1436108394
1436108453
1436128914
1436133010
1436108454
1436129938
1436134034
2509937313
1504287393
1504287394
1504291489
1504291490
1504283301
1504283302
2509937316
1431919201
1431919202
1431923297
1503300186
1503300197
1503300198
1503283797
1432984212
1432984216
1432988312
2505410138
2505410197
2505410202
1436117352
2594802277
2594802282
2594802341
2594802342
2594802346
1452976738
2526631528
2526635624
2509870740
2509870744
2509874836
2509874840
2506709604
2506709608
2506709588
2506709592
2509941330
2577041066
1499830628
1499830632
1499834728
1499830692
1499830696
1436113320
1436117412
2509855316
2509859412
2509855320
2509859416
1521048225
1521048226
1521052322
1521052321
1436183188
1436179092
1436179096
1436183192
1504078418
2509604442
2509604501
2578094756
1452901990
1452901994
1521044069
1521044073
1521060501
1521060502
1521060505
2509657682
2509661778
2509661777
2509657681
1436113506
1436117601
2509855074
2509859170
2577050193
2577050194
1452710561
1452710562
1435933284
1435933288
1435937380
1435937384
1452714657
1452714658
1435933348
1431939682
1436179089
1436183185
1436179090
1436183186
2509674148
1436199585
1436199586
1436179105
1436179106
1436183201
1436183202
2509671077
2577828521
2573568597
2573568601
2573568598
2573568602
2573568661
2573568665
2573568662
1435929258
2505676456
2572786321
2572786322
2572851809
2572855905
2572851810
2572855906
2577029729
2577033825
2527697569
2527701665
2527697570
2527701666
2505673109
2505673110
2505673113
2505656677
2505656678
2505656681
2505656682
2505656741
2578008682
2594785893
2594785897
2526653090
1499032161
1499028066
1499032162
1435915876
1435915880
1499830888
1499834984
1452911268
1452907176
1452911272
2577828262
2577828266
2577828437
2577828438
1431918945
1431918946
1431931237
1431931238
1431931241
1431931242
1431914837
1431914838
1431914841
1431914842
2509941412
2509669978
2509670037
2509670041
2509670038
1504266841
1504266842
2577828517
2577828518
2509919906
2509924002
2509875857
2509871762
2509875858
2573638305
2573642401
2573638306
2573642402
1436174762
1452894632
2578025113
1431939745
1431935650
2509850213
2509850214
2509850217
2509850218
2509866598
2509866602
1521048152
1435929193
1435929194
2506705509
2506705513
2506705514
1437166232
1499814561
1436108438
1436108442
2526631588
2526635684
2526631592
2526635688
1431737944
1431742040
2505659992
1431923041
1431923042
1504275042
1452907106
1436108437
1436108441
1436173973
1436173974
1436173978
1436108373
1436108374
2572855976
1503308452
1503304360
1503308456
1503304354
1503308450
1504336545
1504336546
1504340641
1504340642
1436128932
1436128936
1431934612
1436133032
1431938728
2594789985
2594789986
2594802325
2594802326
2594790049
2594790050
1431935649
1452910952
2577041061
2577041062
1435929253
1435929254
1435929257
2526710182
2526447189
2594785894
2594785898
2509875794
2509871713
2509871714
2509875809
2509675108
2509675112
2509679204
2509613729
2509613730
2526452321
1452906146
1452910242
2505742945
2505747041
1521060453
1521060454
1521060457
1521060458
1521044053
1521044054
1432963749
1432963753
1432963750
1432963754
2505418324
2505414232
2505418328
2505397841
1504086633
1504086634
1431676498
1504086693
1504086697
1435933332
1435933336
1435937428
1435937432
2505681256
1431738980
1504275032
2577041813
2577041814
2577041817
2577041818
1436112545
1436112546
1436116641
1436116642
1436113554
1436117650
1431939729
1431935634
1431939730
1436129937
1436134033
1436113570
1436117665
1436117666
2526714532
2526718628
2526714536
2526718632
1503242897
1431939480
1431923108
1431923112
2526644645
2526644649
2526644646
2572846757
2572846758
2572846761
2572846762
2505664097
2505664098
2509850198
2509850202
1499105957
1499105958
1499105961
1499105962
1503300261
1503300262
1503300265
1503300266
2526644889
2526644886
2526644890
2572786273
2572790369
2572786274
2572790370
1436191142
1436191146
1768589989
1768589993
1768589990
1768589994
2526648996
2526653092
1435932328
1435936424
2505656661
2505656662
2505656665
2505656666
2578008661
2578008665
2578008662
2578008666
2594785877
2594785881
1504070249
1504070250
1432001192
1432005288
1499048530
1499048616
2572847461
2577025638
2577025641
2577025642
1504094820
1436173994
2526636388
2526636392
1431914853
1431914854
2505394790
2505394794
2509851033
1437166177
1437166178
1437174421
1437174422
1437162145
1437162146
1437166241
1437166242
1453939361
1453939362
1437162084
1437166180
1453955732
1453955736
1453959832
1436113300
1436113304
1436117396
1436117400
1431919012
1431919016
2578016865
2578016866
2572847466
2509850197
2509850201
2509854353
2509854354
1452886373
1452886374
1452886377
1452886378
1436175018
1435912805
1435912806
1521052248
1504270932
1504270936
1521048148
2578025114
2526648738
1452911000
2505676436
2505676440
2505680536
2505676452
2526644837
2526644841
1452890708
1452890712
1452894804
1452894808
1503287969
1503292065
1503287970
1503292066
2509920664
2509924760
2509920660
2526632292
2526632296
2509871700
2509875796
2509871704
2509875800
1452902761
1452902758
1452902762
2509605477
2509605478
2509605482
2509605541
2509605546
2573576785
2573576786
1431918177
1431918178
1431922274
1431930521
1431930522
1431918241
1431922337
1499110052
1452893864
1503308433
1503308434
1435929174
1435929177
1435929178
1435863701
1435863702
1435863706
1435863637
2572851793
2572851794
2572855889
2572855890
2526636644
2526636648
2593819301
2593819302
2593819306
2509851029
2509851030
1436174741
1436174742
1436174745
2572847705
2572847706
1503291745
1503291746
1503287713
1503291809
1503287714
1503291810
2526710358
2527681188
2527681192
2527685284
2527685288
2505480804
2505480808
2505484900
2505484904
2505480868
2505480872
1503299946
1520077221
1520077222
1520077226
1503234725
1452902037
1452902041
1452902038
1452902042
1436173990
2505681313
2505681314
2573560417
2505476713
2505476710
2509871761
2509858468
2509858472
2510924449
1499105637
1499105638
1499105641
1499105642
1503283878
1503283882
1436174746
2526632546
2526636642
2505677156
2505677160
1431672484
1431672488
2505410218
1431734873
1431734870
1431734874
1435929173
1436117416
2576976229
2576976230
2576976234
2576976293
2576976294
2576976298
2576983714
2572773970
1432971874
2510920360
1436133028
1520077414
1520077418
1436129697
1436129698
1436133793
1452907160
2509604454
2509604458
2509604522
1435919778
1503234474
2526648977
2526648978
1432980074
1432984226
1432988321
1432988322
1432980069
1432980070
1503304337
1503304338
1436129880
1436133972
1452907092
1452907096
2577767073
2577771169
1431676520
1431672420
1431676516
2509670998
1521048164
1521048168
1431739048
1431743144
1499834792
2506721898
2510924436
2510924440
2527697556
2527697560
2527701656
1437162148
1437162152
1437166244
1437166248
2573814373
2573814377
2505660008
2505664100
2505664104
1435932257
1435932258
2578078370
2578082465
2578082466
2594794072
2578012820
2578012824
1499031138
1499039333
1499031137
1499027042
1436132968
1452910244
1504094632
1452976721
1452976722
1452907089
1452907090
1452911185
1452911186
2594876072
2509937314
2509941410
2577836641
2577832546
2577836642
1503241873
1503237778
1503241874
1500076628
1500076632
1500080728
1437174425
1437174426
1437174441
2572786340
2572786344
2572855972
2577828522
2572772961
2572772962
2509874792
2526647908
2526647912
2526652008
2509870756
2509870760
2509874852
2509874856
2509871464
2509875560
2509605525
2509605526
2509605530
2509670997
1503304100
1503304104
1503308196
1503308200
1436129874
1436133969
1436133970
2526643861
2526643865
2526643862
2526643866
2505476773
2505656938
2577762982
1435937441
1435933346
1435937442
1452890721
1452894817
1452890722
1452894818
2573818456
2573822552
2573818452
1452713553
1452709458
1452713554
2572847462
2572847465
1432963689
1432963690
1432980117
1432980121
1452889698
1452893794
1436112529
1436116625
1436112530
1436116626
2509671078
2509671082
1437157974
1437157977
1437157978
1503242658
1453935189
2505476697
2505476698
1436109157
1436109158
1436109161
1436109162
1436109221
1436109222
1499105621
1499105622
1499105625
1499105626
1436178852
2509851238
2509851242
1499048273
1499109729
2505742929
2505747025
2509916773
2509916777
2509916774
1504352936
1504357032
2572789416
1452968537
1452968538
2576976277
2576976278
2576976282
1432001108
1432005204
1432001112
1432005208
1499105893
1499105897
1499105894
1499105898
1503283817
1503283818
1503237793
1503241889
2509674132
2509674136
2509678228
2509678232
1500154533
1500154537
1500154534
1500154538
2526648676
2526648680
2526652776
2506721893
1503234406
1503234410
1503234405
1452971684
1452971688
1452975784
1452906148
2577836712
1503282854
1432967777
1432967778
1432971873
2572781206
2572781210
2572785300
2572785304
2572789400
2506726049
2506726050
2506730145
2506730146
1452894801
1452894802
2506726040
2506730136
2510920340
2510920344
1503304356
1435929237
1435929238
1435929241
1435929242
1499031890
1437182610
2573822568
2510899881
2510899882
2510916261
2510916262
2510916265
1452906145
1452910241
1437162081
1437162082
2573572705
2573576801
1452907105
1452911201
1452911202
1452890705
1452890706
2509854305
2509854306
2509858401
2509858402
2577046120
2577050216
2593823329
2593823330
1452968361
2576976469
1436109401
1436109398
1437157993
1437174374
1437174377
1437174378
1437174373
2527697508
2527697512
2527701608
2505672357
1452972641
1452972642
1452976737
1452972705
1452972706
2509867418
2509867417
1436182946
1436178850
2577762986
2505418404
2505418408
2577832356
2577832360
2577836456
1499892326
1499892330
1436109205
1436109206
1436109209
1431742052
1431742056
1452885593
1452885594
2526631521
2526635617
2526631522
2526635618
2526643813
2526643817
1504086682
1504086677
1504086678
1504086681
1436112548
1435932248
1435932260
1435936356
1435936360
1435932264
2573576872
2505409898
2572847449
2572847450
2572769889
2572769890
2572773985
2572773986
1436195426
1436199521
1436199522
1432967841
1432967842
1432971937
1432971938
2526653025
1436194468
1436194472
1436198568
1504270945
1504275041
1436109141
1436109142
1436109145
1436109146
1452907172
2572790184
1521060506
2846460581
2846460582
2846460586
1499044193
1499044194
1499048289
1499048290
1452906088
1452906084
1452910184
1436178068
2572847781
2572847782
2572847785
2572847786
1499043490
1504074322
2573839009
2573839010
2573896357
2573896361
2573896358
2573896362
1437178472
2573576552
1431915113
1431915114
1452890728
1499826598
1452890724
1499892134
1499892138
1452709457
1436117346
1436113249
2526714529
1504021141
1504021142
1504021146
1499896228
1499896232
1499900328
1499048612
2526714465
2526714466
2526718561
2526718562
1432000168
1432004264
1436178084
1436182180
1436178088
1436182184
1436124841
1436124842
1435929190
1452902053
1503241890
1499043476
1499043480
1499047576
1432980133
1432980134
1432980137
2509916565
2509916569
2509916566
2509916570
1503286945
1503291041
2526710186
2526447190
1431939489
1431935394
1431939490
1436117668
1436117672
1499044449
1499044450
1499048545
1499048546
2510916197
2510916198
2510916201
2510916202
1431997014
1431997018
2526648929
2526653026
2526648993
2526648994
2505414296
2509608593
2509608594
2572851816
2572855912
1431657057
1431657058
1431661154
1431919188
1431923284
1431919192
1431923288
1435936353
1435936354
1452902997
1452903001
1436109226
2573818468
2573818472
2509855332
2509859428
2526632548
2526632552
2509855396
1504086630
1436125545
1436125546
1431996837
1431996838
1431996841
1431996842
2509871777
2509871778
1431922344
1436112532
1431918242
1431922338
2509850965
2509850966
2509850969
2509850970
2509851034
2509855121
2577836708
2509871512
2509875608
2505677224
1431939688
1436174998
1436175002
2509858456
2526631524
2526635620
2509919892
1452911204
1452911208
1499818657
1499818658
2526632532
2526632536
2526636628
2526636632
1499834961
1499834962
1499896401
1499896402
1499900497
1499900498
1431934564
1431934568
1431938664
2573568406
2573568410
2506721945
2510916245
2510916246
1436182936
2510916249
2510916250
1437227688
1437231780
1437231784
1436133025
2573822625
2573822626
1431668133
1431668137
1431668134
1431668138
1431668378
1504287384
1504291480
1504270948
1504275044
1504270952
1504275048
1435929189
2505741988
2505741992
1437162132
1437166228
1499834786
1436129892
1436129896
1436133992
1452907108
1452907112
1453951653
1453951654
1504090712
1499826533
1499826534
1499830689
1499830690
2505393509
2505393510
2505393514
2505393573
2505393574
2505393578
1499114084
1452894820
1452894824
1504270946
2573556305
2573556306
2573560401
2573560402
2573572689
2573572690
1452968614
2509871716
2509871720
2509875812
2509875816
1452886613
1452886617
1452886614
1452886618
2577050004
2577050008
1431672216
1431676312
1452976724
1452972632
1452976728
2577828453
2577828454
1436128929
1436133026
2510924456
1504086629
1436174949
1436174953
1436174950
1436174954
1452903066
1503299941
1503299942
1503299945
1503234469
1503234470
2573560418
2506721897
1431919266
1431923362
2510924450
2573839016
1437239973
1437239974
1437239977
1436108377
1436108378
1499027794
1499031889
2505672293
2505672294
2505672297
2505672298
1499109713
1499113809
1499109714
1499113810
2577771090
2509854376
2577024677
2577024678
2577024682
2505665112
1453935205
1453935209
1453935206
1453935210
1453951637
1453951641
1521044057
2509941400
1520863845
1520863846
1520863850
1436124777
1436124778
2576976549
2576976554
2526632354
2526636450
1503299989
1503299993
1503299990
2509866597
2509866601
1431668069
1431668073
1431668070
1431668074
1503234714
1503234726
2573642404
2577042090
1437239978
1437178529
1437178530
1437182625
2509674145
2505676392
2505680488
2505660004
2509870692
2509870696
1452885670
1452885673
1452885674
1435936404
1435936408
2509653418
2505475493
2505475497
2505475494
2505475498
1503300245
1503300246
1503300249
1503300250
1520077413
1499109028
1499109032
1431914149
1431914150
1431914153
2573572696
2573576792
2577816145
2577816146
2577820241
2577820242
2526652824
1504287380
1500093076
1500093080
1453935269
1453935270
1453935273
1453951657
1453951658
1453935274
2573633962
1452911188
2577820258
2577028769
2577028770
2510981797
1503234661
1499039401
1499023013
1499022949
1499022950
1499022954
1499028049
1499032145
1499028050
1499032146
2577025626
1452893858
1436178081
1436182177
1436178082
1436182178
2572847717
2572847718
1436174997
1436175001
1503238497
1452903013
1452903017
1503299994
1499834788
2509867670
2509867674
1436195240
1436199336
1452972452
1452972456
1503308178
1503304097
1503304098
1503308193
1499826842
1499826838
1431738017
1431738018
1431742113
1431742114
2510916266
2510920353
2510920354
2593819237
2578029218
1503234646
1503303336
1452890792
2505660833
2505660834
2505664929
2505664930
1435919969
1435919970
1436113297
1436113298
2573822564
2573834900
2573834904
2527677029
1435867729
1435871825
1435867730
1435871826
1435933265
1453943394
1453951589
2509867413
2509867414
1772726946
2510899878
2526451361
2526451362
2526455457
2526455458
2577046116
1431673489
1431677585
1431673490
1431677586
1431743074
1499039334
1499039337
1499039338
1431738978
1499022934
1499022938
2526451281
2526455377
2526451282
2526455378
2509854370
2573572516
1436109225
2509871524
2509871528
2509937060
2509937064
1435915873
1435915874
2572847701
2572847702
1500076705
1500080801
1500076706
1500080802
2577029476
1432000936
1432005032
1504283305
1436195236
2526710362
2505418401
2505418402
1521044058
2572847445
2572847446
1452911192
1431656097
1431656098
2576976470
2576976474
1499044433
1499044434
1499048529
2576983713
2510903969
2510903970
2526718625
1437174438
1437174442
1499113128
2510920337
2510920338
2510924433
2510924434
2509679188
2509675096
2509679192
2526452305
2526456401
2526452306
2526456402
1503242898
2526710181
2526710185
1499830929
1499830930
1499835025
1499835026
1499814562
2527677013
2527677014
2527677017
2527677018
2527677030
2527677033
2527677034
2527681121
2527681122
2509851222
2509851226
1431673428
1431677524
1431738964
1431743060
2509653413
2509653414
2505479784
2572764757
2572764758
1431673444
1431677540
1431673448
1431677544
1431934628
1431934632
1436179032
1436183128
2506709665
2506709666
2506713761
2506713762
2505742756
2505742760
2572786068
2572790164
2509854372
2509924952
2505742932
2505747028
2505402017
2505402018
2505414305
2505414306
1431918244
1431922340
1431918248
2577025701
2577025702
2577025706
2577762965
2577762966
2577762970
2572786257
2572786258
2572790353
2572790354
1431669333
1431669334
1431669338
1435862373
1435862374
1435862378
1435862437
1435862438
2573638056
2573642152
1521064609
1521064610
2572850852
2572850856
2506721957
2506721958
2506721961
2509674152
2572786081
2572790177
2572786082
2572790178
2505393749
2505393750
2505393754
2505393765
2505393766
2509669797
2509669801
2509669798
2509669802
2526447013
1499892325
1499892389
1499892390
1499892393
1499892394
1499892329
2573572708
2573572712
2573576804
2573576808
2577816162
2505480792
2505484888
2509675092
2509653669
2509653670
2509653674
1452972644
1452972648
1503308194
1452968618
1504021157
1503234730
2505738661
2505738662
2505738665
2505738666
2509937236
2509941332
2505415272
2505419368
1437174437
1436199506
1435912810
2506721946
2505664164
2505660072
2505664168
2510973604
2510973608
2509854308
2509854312
1436129960
1436134056
2573568617
2573568618
2573568678
2573568681
2505393829
2505393830
1503282858
1499113828
1499113832
2526628437
2526628441
2526628438
2526628442
2572773793
2572769698
2572773794
2572790180
2509855060
2509855064
2509859160
2526632276
2526714456
2572786280
2572790376
2572769873
2510981801
1436174933
1436174937
1431655841
1431659937
1431655842
1431659938
1499024037
2572851617
2572855713
2572851618
2572855714
1452911256
1431676577
1431676578
1432988264
1452972625
1452972626
1437223593
1437223594
2577762981
2576976485
2576976486
2576976490
1452968533
1452968534
2505656745
2505656746
2505673114
2594794145
2594794146
2572855634
1503234645
1503234650
1520081313
1435866786
1435870881
1435870882
1435866721
1503300181
1503300185
1503300182
2505673317
2505673318
1436199512
2578033314
1452713570
1435932308
1435932312
1452709473
1452709474
2594609825
2594613921
2594609826
2594613922
1436124837
1436108458
2526448229
2526448230
2526448234
1504332441
2506787493
2506787494
2506787497
2506787498
1435867745
1435871841
1435867746
1435871842
2572855656
2577045908
2577045912
2572773969
2572769874
1499834978
1431739042
1431743138
1431673505
2593819045
2593819046
2593819050
2594605670
2594605674
1431660193
2577762917
2577762918
2577762901
2577762922
2577042005
2577042006
2577828261
2505664865
1432984164
1499109796
1499109800
1499113892
1499113896
2509674146
2509678241
2509678242
1431676580
1431676584
2509866650
2577042009
1503242833
1503238801
2509674072
2509678168
2577050212
2509866645
2509866646
2509859217
1431737940
1431742036
1431737956
1431737960
1436124773
1436124774
1452705445
1435920993
1435916898
1435920994
1431743076
1431738984
2526652833
2526652834
2527767208
2509937304
1435912809
2505419425
2505419426
2505480865
2505484961
2505480866
2505484962
2509658785
2509662881
2572765781
2572765782
2572765786
1431677601
1431673506
1431677602
1431657121
1431661217
2505476774
2577812053
2505664866
2509855073
2509859169
1436175013
1436175017
1436175014
1453939364
1453939368
1453943460
1453943464
1437162088
1437166184
2576980561
2576980562
2509678244
2509678248
1436124838
2509919896
2509923992
2505479764
2505479768
2505483860
2505483864
1453955684
1437162136
1504021093
1504021094
1504021098
2526648724
2526648728
1499834785
2505655978
2509866649
1435928213
1435928217
1452890465
1452890466
1452894561
1452894562
2505398945
2505403041
2505398946
2505403042
2505419428
1436174757
1436174758
1436174761
2578016932
2578016936
1431915173
2573572452
2510903953
2510903954
2510908049
2510908050
1452976801
1452976802
1435932321
1435936417
1435932322
1435936418
2510908068
2594605669
1431672482
2510903956
2510903960
2510969492
1500076708
1500076712
2577832545
2505746088
1437182568
1437178468
1504021077
1504021078
1504021082
2577029730
2577033826
2846534312
2526447194
1435866785
2573634213
2573634217
2573634214
2573634218
2509654613
2509654614
2509654618
1431935393
1452886438
2577025637
1436125786
1520863830
1520863834
1499892309
1499892313
1499892310
1499892314
2505656998
2505656933
2505656934
2505656937
2509867686
1436117393
1436117394
1452713569
2506721941
2506721942
2594810536
1431915098
1431915093
1431915094
1431915097
1436125589
1436125593
1436125594
1436125610
1436125590
2572781209
2572781205
2506713764
2506713768
2510903972
2510903976
2506705573
2506705577
2506705574
2506705578
2510969508
2510969512
1452885669
1436113553
1436117649
1432963669
1432963673
1432963670
1432963674
2510920296
2510924392
2506713700
2506713704
2506725988
2506725992
2506730088
2577762902
2577762906
1435862698
2576984722
2578078360
2578082456
1435915937
1435915938
1435920033
1435920034
2506730148
2506730152
2573634133
2573634137
2573634134
2573634138
1432988328
1431919268
1431923364
1431919272
1431923368
1504275096
2505656917
2505656918
2505656921
2505656922
1436125541
1436125542
1436113250
1436117345
2505397921
2505397922
1499114081
1431914918
2526627429
2526627433
1452901989
1452901993
1452885589
1452885590
2510965413
2510965414
2510965417
2510965418
2526632609
2526632610
2526636705
2526636706
1436113314
1436117410
1432005220
1432005224
1452706469
1452706470
1452706474
2505414308
2505414312
1435932324
1435936420
1431919265
1431923361
2505661016
2505665108
2526448214
2526448218
1437223573
1437223574
1437223577
1437223578
1453955748
1453955752
1453959844
1453959848
1431914922
1431914921
1500072533
1500072534
1500072537
1500072538
1436113572
1436113576
1432980138
1520863910
1520863914
1452713634
2509916778
2594605654
2594605658
1437227684
2526627413
2526627414
2526627417
2526627418
1504336536
1521064552
1521064548
1521068648
1431931541
1431931542
2509941336
2505397842
1452706389
1452706390
1452706394
1452706405
1452706406
1789561509
1431652965
1431652966
1431652970
2572854952
2505661089
2505665185
2505661090
2506721894
2505665186
1436109414
1436109418
1503283621
1503283622
1503283626
2510965397
2510965398
2510965401
2510965402
1436113496
1499830882
2577766994
1431931545
2510924452
2527697572
2527697576
2527701668
2527701672
1503282853
2573642321
1432984228
1432984232
1432988324
2577042010
1500080804
1500080808
2509658721
2509662817
1436179028
1499109970
1499114066
1499109969
2578078356
1437178536
1432967844
1432971940
1432967848
1432971944
1437182632
2505398865
2505402961
2505398866
2505402962
2577033572
1500093028
1500093032
1500097128
1431672481
2509662802
2526448213
2505475749
2505475750
2505475753
2505475754
1436125605
1436125606
1436125609
1504094808
1435867794
1435871890
1437182628
1431931546
2578033300
2578033304
1503300201
1503300202
1436174934
1436174938
1452902821
1452902825
2577832529
2577832530
2577836625
2526714530
2526718626
1452902757
1452890788
1452894884
1503233690
1435911786
2573818532
2573818536
2526448293
2573822628
2573822632
2506709668
2506709672
2506726052
1500097176
2505479841
2505483937
2505479842
2505483938
1500072614
1500072617
1500072618
2526628266
1452903014
1452903018
1504287332
1504287336
2594605653
2510903896
2510907992
2510903908
2594605733
2594605734
2594605738
1504287396
1504291492
1437178516
2510969505
2510969506
2510973601
2510973602
1431660194
2526628197
2526628198
2526628201
2526628202
2526628261
2526628262
2526628265
1768508069
1768508070
1768508074
1768524454
1768524458
1768508005
1768508006
1452894888
1452706410
1436113508
1436113512
1436117604
1436117608
1453951642
1453951638
1452886357
1452886358
2842340008
2594806436
2593818278
2593818282
1499114082
2505738918
2505738921
2505738922
1504287400
1504291496
1436109461
1452889761
1452889762
1452893857
2505676388
2509612450
2509658722
2509662818
2526628181
2526628185
2577042085
2577042086
2577042089
1503303332
1503307432
1431918164
1431918168
1431922264
2506726056
2594806420
2594806424
2594810520
1452709538
1768508010
2842249829
2842249830
2842249834
2842249893
2842249894
1431938724
2526628182
2526628186
1768516193
1768516194
1768507989
1768507990
1436134052
1772772002
1772776098
1432000932
1504070246
1431739041
1431743137
1504090532
2594790052
2594790056
2594794148
2594794152
1452886361
1452886362
1436128872
1436128868
2573839000
2842266214
2842266217
2842266218
2842249818
2842253921
2842253922
2842258018
2842249813
2505394858
1436113313
2505665188
2505665192
1452902998
1454017189
1454017190
1454017193
1453959842
2527763112
1504336532
2527677093
2527677097
2527677094
2527677098
1499830865
1499830866
2509854292
2509854296
2578078372
2578082468
1431651685
1431651686
1431651690
1499039397
2509858404
2509858408
1500093092
2863303333
2863303334
2863303338
2510981798
2527681186
1503233706
1499039385
1499039382
1520867921
1520872017
1437178532
2505397601
2505401697
2505397602
2505401698
2505409941
2573834852
2573834856
2573834916
2573834920
2527693413
2527693414
2527693417
2509604245
2509604246
2509604250
1453943457
1453943458
1453955745
1453955746
1453959841
2505479844
2505479848
2505483940
2505483944
2505409957
2505409958
2505409961
2505409962
2573839012
1431651669
1431651670
1431651674
1499039381
2505409893
2505409897
2505409894
1433045669
1433045670
1433045673
1433045674
2509604198
2509604202
2509604261
2509604262
2509604266
2573638225
2573638226
2573642322
2510920356
2526448298
1772722833
1772722834
1772726929
1772726930
1772767910
1772767914
2573638052
1499109985
1499109986
2594806440
1436195412
1436195416
1436199508
2527685217
2527685218
2527693461
2527693462
2527693465
2527693466
2527681185
2510985896
2509675154
2509679250
1431677592
1431743080
1435933268
1435937364
2572768865
2572768866
2842266213
2842266277
2842266281
2842266278
2842266282
2505476777
1432000164
1768512098
1768528532
1768528536
1768532632
1435912869
1435912870
1435912874
2509937240
2526714452
2526718548
2526635681
1520085409
2510908065
2510908066
2573638228
2573642324
2577045156
2577045160
2577049256
1520077477
1520077478
1520077482
1504291432
1432967764
1432967768
1432971864
2842258017
2842266261
2842266265
2842266262
2842266266
2842270356
2842270360
2510908004
2510903912
2510908008
2510920292
1521044133
1521044137
1521044134
1521044138
1452886437
1452886442
2505742936
2505747032
1435911589
1435911590
1435911594
1431652005
1431652006
1431652010
2526631585
1437182612
1437178520
1437182616
1500072549
1500072550
1500072553
1500072554
1500072613
2506726036
1520077397
1520077398
1520077402
1452713633
2509941160
1431737764
2505393834
1431651925
2573814374
2573814378
2573814437
2573814438
2573814441
2573814442
2593819221
1431743073
1768512097
1431739044
1431743140
1499114065
2505476778
2572764762
1520863909
2509658786
2509662882
1504340632
2510989992
1452976552
2526632612
2526636708
2526632616
2526636712
2578078376
2578082472
1520863829
1452709537
1431997017
1431997013
1436125782
2842249814
1436116568
1436112468
1436112472
1435937425
2526448294
1520076454
1520076458
1520076453
1499022933
2527693477
2527693478
2527693481
2527693482
1454021284
1454021288
1454025384
1431919185
1431919186
1431923281
1431923282
1435915681
1435919777
1435915682
1436117336
1499896482
1499900578
2505659988
2505664088
1431677588
2842249898
2527693418
2510985892
1500093096
1500097188
1437244072
1433049764
1433049768
1433053864
1520867922
1520872018
1499039386
2505398881
2526714276
2526714280
2526718376
2506791588
2506791592
1436113236
1436113240
2506795688
1520081489
1520081490
1520085585
1768528545
1768532641
1768528546
1768532642
1772718741
1772718757
1772718758
1772718762
2505660068
2594810532
1437162072
1437166168
2526632280
2572764837
2572764838
2572764842
2846460565
2572764773
2572764774
2572764778
2505419364
2505415268
1768528484
1768528488
1768532584
1504352932
1521134248
2593818277
2505660756
2505660760
2505664856
2527763108
2505415252
2846460517
2842270308
1431733669
1431733670
1431733673
1431733674
1500158628
1500158632
1499023014
1499023018
1435862442
1437248168
2527685282
2527681108
2527681112
2527685208
1504070309
1504070314
1431918932
2573900452
1431672164
1452972628
2842331813
2842331817
2842331814
2842331818
1431738968
1431743064
1435933272
1435937368
1768512161
1768516257
1768512162
1768516258
1431651749
1431651750
1431651754
2509658706
2505480788
2505484884
1452890452
1452890456
1452894552
2842270312
2842274408
2846460566
2846460570
1435916897
2842253985
2842258081
2842253986
2842258082
1768507994
1521130152
1454017194
1431657122
1431661218
1435912789
1435912790
1431653034
1431653029
1431653030
2527685281
2505394789
2505394853
2505394854
1431652954
1431652949
1431652950
2526636376
2506713688
2505393493
2505393494
2505393498
2505394773
2505394774
2505394778
1452889684
1452889688
1452893784
1435863658
1499023701
1499023702
1499023706
1435912794
2572765525
2572765526
1500162728
1521130148
2842274456
