1466011288912
1763774433936
1487504017040
2587015644816
1762381923984
2861893551760
1539295283552
2638806911328
1814173190496
2913684818272
1483460970128
2582972597904
2857850504848
1557280656032
2656792283808
1553320970912
2652832598688
1828198877856
2927710505632
1470391519632
2569903147408
1745269426576
2844781054352
2926652557984
1471447435936
1539026847328
2638538475104
1813904754272
2913416382048
1467370571168
2566882198944
1742248478112
2841760105888
1810967954848
2910479582624
1484550440352
1471665276560
2571176904336
1746543183504
2846054811280
1466348145040
2565859772816
1741226051984
2840737679760
1535067621776
2634579249552
1809945528720
2909457156496
1483528014224
2583039642000
2913750878880
1763706537632
1746544428704
1535804574368
2635316202144
1810682481312
2910194109088
2634326280864
2909204187808
1556491142544
2656002770320
1831369049488
2930880677264
1488912189856
2588423817632
1763790096800
2863301724576
1466029180256
2565540808032
1740907087200
2840418714976
1534748656992
2634260284768
1809626563936
2909138191712
1483209049440
2582720677216
1552196897376
2651708525152
1827074804320
2926586432096
1557364542032
1484350098000
1488645065296
2588156693072
1763522972240
2863034600016
1832242448976
2931754076752
1553069574736
2583861725776
1487502903952
2587014531728
1762380810896
2861892438672
1759160961680
2858672589456
1470575019360
2570086647136
1745452926304
1483459857040
2582971484816
1758337763984
2857849391760
2844964554080
1762699577952
1763522775648
1484600706720
2584112334496
1759478613664
2858990241440
1813904754064
2913416381840
2638537362016
1813903641184
2913415268960
1810683791968
2910195419744
2926317208992
1488913500512
2588425128288
1763791407456
2863303035232
1832225409696
2914557430368
2926384384608
1534797940128
2634309567904
1809675847072
2909187474848
2931938364000
1488560196192
1483258332576
2582769960352
1488645064288
2588156692064
1763522971232
2863034599008
1483544529488
2583056157264
2571227235744
1814995274128
1557297431968
2656809059744
1832175338912
2931686966688
1552196897168
2651708524944
1827074804112
2926586431888
1470591535776
1483476633184
2582988260960
1758354540128
2857866167904
1553337746848
2652849374624
1828215653792
2927727281568
1471397103968
2570908731744
1746275010912
2845786638688
1488913566368
2588425194144
2863303101088
1551928460944
2651440088720
1826806367888
2926317995664
1471665474128
2571177101904
1746543381072
2846055008848
2845049226592
2841826953568
1466079447440
2565591075216
1740957354384
2840468982160
1534798924176
2634310551952
1809676831120
2909188458896
1483259316624
2582770944400
2841543051856
1466346898784
2565858526560
1466028132944
2565539760720
1740906039888
2840417667664
1741224805728
2840736433504
1540166583712
2639678211488
1815044490656
2914556118432
1557564623184
2657076250960
1832442530128
2931954157904
1832443774368
1557548828000
2657060455776
2931938362720
2651708524960
1741158746784
2840670374560
1828131046992
2927642674768
1552263218768
2651774846544
1827141125712
2926652753488
1551911750304
2651423378080
1826789657248
2914573224272
2926301285024
1470307371680
2569818999456
1745185278624
2844696906400
1813920418144
1540167894368
2639679522144
1815045801312
2914557429088
1557548893856
2657060521632
1832426800800
1539042510176
2638554137952
1813920417120
2913432044896
2863301985888
1556558972576
2656070600352
1831436879520
2930948507296
2910480565840
1470658644576
2570170272352
1745536551520
2845048179296
2841558517136
1540436396448
2639948024224
1815314303392
2914825931168
1814188919200
2913700546976
1488896460112
2588408087888
1763774367056
2863285994832
1540167960224
2639679588000
1483209247072
2582720874848
1535067425424
2634579053200
2909456960144
1758087154016
2857598781792
1551928723808
2651440351584
1466280839776
2844964488864
1539042576032
2638554203808
1557616265632
1483476371872
1471380063568
2570891691344
1746257970512
2845769598288
1488896525968
2588408153744
1470390142288
2569901770064
1745268049232
2844779677008
2863286060688
1742048200016
2841559827792
2840736630096
1466347095376
2565858723152
1539026847376
2638538475152
1813904754320
2913416382096
1487487239824
2586998867600
1762365146768
2861876774544
1466079447456
2565591075232
1740957354400
2840468982176
1534798924192
2634310551968
1809676831136
2909188458912
1483259316640
2582770944416
2652849638048
1470658644368
2570170272144
1745536551312
1553052599904
1745201990304
1539043886688
2638555514464
1813921793632
2913433421408
1470642849184
2570154476960
1745520756128
2845032383904
2909473736288
1470390208144
2569901835920
1745268115088
2844779742864
1484550113616
2584061741392
1759428020560
2858939648336
2931937577632
1466297878928
2565809506704
1741175785872
2840687413648
2634528983440
2909406890384
1483477748112
2582989375888
1814977447584
2846106192544
1745453713056
1535821613728
2635333241504
1810699520672
2910211148448
1758087152976
2857598780752
1551928722768
2651440350544
1826806629712
2926318257488
1483460707920
2582972335696
1758338614864
2857850242640
1552180184656
2651691812432
1552179398304
2639879539360
1488627042720
2588138670496
1763504949664
2863016577440
2566614484640
1535822333600
2635333961376
1810700240544
2910211868320
1484282726048
2583794353824
1488895412880
2588407040656
1763773319824
2863284947600
2582719826576
2857597733520
1551927675536
2651439303312
2926317210256
1745201203856
1484534384288
2584046012064
1759412291232
2858923919008
1539043886480
2638555514256
2571228546400
1471464933792
2570976561568
1746342840736
2845854468512
2909473736080
1536073009760
2635584637536
1810950916704
2910462544480
1535083088480
2634594716256
1809960995424
2909472623200
2566933514656
1742299793824
2841811421600
1488628353376
2588139981152
1763506260320
2863017888096
1832426801824
1487502969184
2587014596960
1762380876128
2861892503904
1536090768992
2635602396768
1488896723536
2588408351312
1763774630480
2863286258256
1487771339344
2587282967120
1762649246288
2862160874064
2566597773728
1741964052896
2841475680672
1483459922272
2582971550048
2857849456992
1557549091216
2657060718992
1832426998160
2931938625936
2566665078432
1742031357600
1552196110928
2651707738704
1831368985168
2930880612944
1539311209040
2638822836816
1827074017872
2926585645648
1487771601488
2587283229264
1484551490128
1488912189024
1467152467552
2566664095328
1742030374496
2841542002272
1539295480480
1540452125344
1557564556704
1832442463648
1470659955024
2570171582800
1745537861968
2845049489744
1814257338704
2913768966480
1831168772432
2930680400208
1557280654992
2656792282768
1832158561936
2931670189712
1553052599712
2652564227488
1827930506656
2927442134432
1828198876816
2927710504592
1471380326992
2570891954768
1746258233936
2845769861712
1539042773392
2638554401168
1742232488288
2841744116064
1810951965024
2910463592800
1484534450528
2584046078304
1540183623072
1556289554768
2655801182544
1831167461712
2930679089488
1758338549152
1488829678928
2588341306704
2863219213648
1557549155664
2657060783440
1828148610384
2927660238160
1484551226704
2584062854480
2651758135632
1827124414800
2926636042576
1556273759584
2655785387360
1831151666528
2930663294304
1466011354464
2565522982240
1740889261408
2840400889184
1809608738144
2909120365920
1483191223648
1466029180304
1831101400464
2930613028240
2656808863120
1810700305808
2910211933584
1488577758608
2588089386384
1763455665552
2862967293328
1826855978576
2926367606352
1741964051856
2841475679632
1810683528592
2910195156368
1762700690832
2862212318608
1470307370384
2569818998160
1745185277328
2844696905104
2863217902992
1758069392784
2857581020560
1540117367120
2639628994896
1814995274064
2914506901840
1466011354528
2565522982304
1740889261472
2840400889248
1809608738208
2909120365984
1553051486624
2652563114400
1827929393568
2927441021344
1540435019104
2639946646880
1815312926048
2914824553824
1535084398928
2634596026704
1557565933216
2657077560992
1832443840160
2931955467936
1556273825440
2655785453216
1831151732384
2930663360160
2914490386080
2635317511760
2910195418704
1466364660064
2565876287840
2840754194784
1535084136800
2634595764576
2909473671520
2656807814752
1466029376912
2565541004688
1740907283856
2840418911632
1746527454544
2846039082320
1540369024336
2639880652112
1815246931280
2914758559056
1484534449488
2584046077264
1759412356432
2858923984208
1540435084960
1483276158288
2639946712736
1815312991904
2914824619680
1553052797280
2652564425056
1827930704224
2927442332000
2926316947808
1762448967056
2656875972176
1487838774864
2587350402640
1762716681808
2862228309584
1556558251600
2656069879376
1831436158544
2930947786320
1471666587216
2566613698960
1741979978128
2841491605904
2635333175696
1810699454864
1466096552288
2565608180064
2840486087008
1534816029024
1487821997472
2587333625248
1762699904416
1488913565328
2588425193104
2863303100048
1467085030992
2566596658768
1471379998288
2570891626064
1746257905232
2845769533008
1540099475024
2639611102800
1814977381968
2914489009744
2932022250080
1557564820128
2657076447904
1832442727072
2931954354848
1534730831504
2634242459280
1809608738448
2909120366224
1483191223952
2582702851728
2841491343968
1556272712352
1466011354784
2565522982560
1740889261728
2840400889504
1534730831520
2634242459296
1809608738464
2909120366240
1483191223968
2582702851744
1553052863136
2652564490912
1551927478944
2651439106720
1826805385888
2926317013664
1540436395616
2910194305616
1535804770896
2635316398672
1810682677840
2639948023392
1815314302560
1539311011424
2638822639200
1814188918368
2913700546144
2639880850016
1746527716768
2846039344544
1470659888544
2570171516320
1745537795488
2845049423264
1470659626320
2570171254096
1745537533264
2845049161040
1539379103056
2638890730832
1814257010000
2913768637776
2857934062928
2651775632720
1746543380816
2846055008592
1471665473872
2657076447568
1536089983312
2635601611088
1488845343056
1815314302624
1540100524704
2914490059424
2845786573472
1467354777248
1742232684192
2841744311968
1536074253984
1466029180320
2565540808096
1740907087264
2840418715040
1534748657056
2634260284832
1809626564000
2909138191776
1466363611792
2565875239568
2840753146512
2909472623248
1483543480976
2583055108752
1556274023008
2655785650784
1831151929952
2930663557728
1488644082080
2588155709856
1763521989024
2863033616800
1487487437216
2586999064992
1762365344160
2861876971936
1488912452240
2588424080016
1763790359184
2863301986960
1758405659040
2857917286816
2566614485328
1741980764496
2841492392272
2587015645584
1484551423648
2639963751776
2584063051424
1759429330592
2858940958368
1540436395408
2639948023184
1815314302352
1540435282528
2639946910304
1815313189472
1471648696736
2571160324512
1746526603680
2846038231456
1471448156816
2570959784592
1746326063760
2845837691536
2863219148192
1488895478112
2588407105888
1763773385056
2863285012832
1471380260512
2570891888288
1746258167456
2845769795232
2913482377552
1470373366096
2569884993872
1745251273040
2844762900816
1539092842832
2638604470608
1813970749776
2857647802704
1483258267984
1556274022800
2655785650576
1831151929744
2930663557520
1488627041888
2588138669664
1763504948832
2863016576608
1551928789392
2651440417168
1826806696336
2926318324112
1556289488288
2655801116064
1831167395232
2930679023008
2930881464672
1745252649552
2844764277328
1539094219344
2638605847120
1813972126288
2913483754064
2655785716304
1556274088528
1483259644496
1746325341536
2926635976096
1471733369184
2571244996960
2846122903904
1553338009232
2652849637008
1828215916176
2927727543952
1470324083280
2569835711056
1745201990224
1540435282320
2639946910096
1471464932960
1746342839904
1810967955856
2910479583632
1466348145056
2565859772832
1741226052000
2840737679776
1535067621792
1540166846096
2639678473872
1815044753040
2914556380816
2845854534048
1557280720224
2656792348000
2931670254944
1471733435040
1556290798944
2655802426720
1831168705888
2930680333664
1746611341984
1553321035104
1828198942048
2841559763552
1535889705568
2635401333344
1810767612512
1556559301024
2656070928800
2930948835744
1539311208784
2638822836560
1814189115728
2913700743504
1553068525984
2652580153760
1827946432928
2927458060704
2930613028448
1540452058464
2639963686240
1815329965408
2914841593184
1556290864800
2655802492576
1831168771744
2930680399520
1535083087440
2634594715216
1809960994384
2909472622160
1742299792784
2841811420560
1832175143328
1539311274640
1814189181584
2913700809360
1467437353360
1763505998160
2863017625936
2845032646032
1539362588048
1557279607136
2656791234912
1832157514080
2931669141856
2565522983264
1534730832224
2634242460000
1483191224672
2582702852448
2844762900128
2846055007904
1553319922016
2652831549792
1828197828960
2927709456736
1467438729872
2566950357648
1742316636816
2841828264592
1811036113552
2910547741328
1556542260832
2656053888608
1831420167776
1483191224720
2582702852496
1487755675040
2587267302816
1762633581984
1553051485792
2652563113568
2927441020512
2862145209760
1742048134736
2841559762512
1535889704528
2635401332304
1471465195088
2570976822864
1746343102032
2845854729808
1540184671824
1484264900000
2583776527776
1759142806944
2858654434720
1466297812304
2565809440080
1557279672992
2931669207712
1556289751712
2655801379488
1553319987872
2652831615648
1828197894816
2927709522592
2844764276128
1745521018512
2845032646288
1484282005840
2583793633616
1759159912784
2858671540560
2931735988896
1540117564064
2639629191840
1467153516880
2566665144656
1742031423824
2841543051600
2635384621392
2910262528336
2652564490576
1740890573392
2840402201168
1809610050128
2909121677904
2652564490832
2863303101008
2910194109008
1827930507856
2656052775520
1831419054688
2930930682464
1814978758032
1466011355744
2565522983520
1740889262688
2840400890464
1809608739424
2909120367200
1483191224928
2582702852704
1487754561952
1553321298528
1828199205472
2587266189728
2862144096672
1488846129808
2588357757584
1763724036752
2863235664528
1763505212048
2863016839824
2913768965472
1483544791456
2583056419232
1826856700512
1466011355792
2565522983568
1740889262736
2840400890512
1809608739472
2909120367248
1483191224976
2582702852752
1466011355808
2565522983584
1740889262752
2840400890528
1809608739488
2909120367264
1483191224992
2582702852768
1484266276512
2583777904288
1759144183456
2858655811232
1540368960096
2639880587872
1815246867040
2914758494816
2859008132688
1488912517472
2588424145248
2863302052192
2587267500384
2862145407328
2587014859344
1466096552336
2565608180112
1740974459280
2840486087056
1832242252176
1534816029072
2656052775312
1551927478608
1470323099984
2569834727760
2861892503888
1831100352848
2930611980624
2655734073680
1539042576720
2638554204496
2651439106384
1483543546448
2583055174224
1540385999520
1553321298320
2652832926096
1828199205264
2927710833040
1827073821072
2926585448848
2582703900320
1551911749280
2651423377056
1557564819088
2657076446864
1832442726032
2931954353808
1553336763808
1556272711312
2655784339088
1831150618256
2930662246032
2652848391584
1828214670752
2845032647008
1745536812384
1552180118944
2651691746720
1827058025888
2926569653664
1471448222048
2570959849824
1746326128992
2845837756768
1553052862096
1827930769040
2927442396816
1487755938464
2587267566240
1762633845408
2862145473184
1471716592208
2571228219984
2565791418720
1484265163424
1540368959888
2639880587664
1815246866832
2914758494608
2583776791200
1466297878944
2565809506720
1741175785888
2634528983456
2909406890400
1483477748128
2582989375904
1556542458192
2656054085968
1540100523664
2639612151440
2914490058384
1832443577760
1815062644128
1557547844960
2657059472736
1832425751904
2931937379680
2582720873824
2857598780768
2651440350560
2926318257504
1466280838752
2565792466528
1553338074464
2655785649744
2652849702240
1828215981408
2927727609184
1488644081040
2588155708816
1763521987984
2863033615760
2586999063952
1484349835872
2927643724432
1832509901152
1483208198816
1815045605728
1556542524048
2656054151824
1831420430992
2930932058768
1553002203552
2652513831328
1827880110496
2927391738272
1742031096160
1540385736032
2639897363808
1815263642976
2914775270752
1540166911328
1553051749008
2652563376784
1827929655952
2927441283728
1556557989536
1831435896480
1534797940304
2634309568080
1809675847248
2909187475024
2840400889232
2932004423328
1466297877904
1741175784848
1809895261584
1483477747088
2582989374864
1466296765024
2565808392800
2844964292256
2927726496096
1466096552352
2565608180128
1740974459296
2840486087072
2634327656864
1809693936032
1556559300192
2651439303248
1826805582416
2926317210192
2656070927968
1831437207136
2930948834912
2639696299680
2583861463440
2858739370384
1487772714400
2587284342176
1762650621344
1553068525152
2652580152928
1827946432096
2927458059872
2862162249120
2931737299552
1831084820064
1832241464928
1758086104720
2857597732496
1551927674512
1466012665168
2565524292944
2840402199888
2651439302288
2926317209232
1831101336224
2930612964000
1759495390800
2859007018576
1552180382368
1827058289312
1745519773088
2845031400864
1471733434000
1746611340944
1540384688800
2639896316576
1815262595744
2845032712864
1467086144928
2566597772704
1741964051872
2841475679648
1535805621664
2635317249440
1556559299984
2634527868496
2909405775440
1483476633168
2582988260944
1556558187104
1831436094048
2930947721824
1470306584976
2569818212752
1745184491920
2844696119696
1539026061712
2638537689488
1813903968656
2913415596432
1762649508256
2862161136032
1471464146592
1487571061392
1762448968336
2857649179040
1470643176800
1466011552080
2565523179856
1740889459024
2840401086800
2583039642256
2857917549200
2570154804576
2587014792864
2861892699808
1759411308192
2858922935968
1483543479968
2583055107744
1540385999456
2639897627232
1815263906400
2914775534176
1539093891680
2638605519456
2913483426400
2566866208096
1742232487264
2841744115040
2635585684832
1810951964000
2910463591776
1484534449504
2584046077280
1471463950752
1471732320912
2571243948688
2846121855632
1758337829200
2857849456976
1552179398992
1488846195040
2588357822816
1763724101984
2857665627552
1484281940384
2583793568160
1742030374560
2841542002336
1557548108176
2657059735952
1556558186896
1831436093840
2588089386592
1763455665760
2862967293536
1487754561120
1762632468064
1467085031008
2566596658784
2841474565728
1535804507744
2635316135520
2910194042464
1484264900192
2583776527968
1484534711904
2584046339680
1759412618848
2858924246624
2931955205776
1758422697568
2857934325344
1557279671952
2656791299728
2931669206672
1815314040160
1556289750672
1831167657616
2930679285392
2858738649440
1552197158304
2651708786080
1827075065248
2926586693024
1471465261408
2570976889184
1828197893776
2927709521552
2656002771296
1483275306592
2638538475872
1540385999248
2639897627024
1815263906192
2914775533968
1539093891472
1466364659040
2565876286816
2840754193760
1740974197328
2840485825104
1535084135776
2634595763552
1470373627488
2569885255264
1745251534432
1467370506592
2566882134368
1742248413536
2841760041312
2635601611104
2910479518048
2913415529888
2639629190800
1557564884320
2657076512096
1832442791264
2931954419040
1466363611808
2587266188688
2927710832208
1810699453840
2910211081616
1467102070160
2566613697936
1741979977104
1471397037456
2570908665232
1746274944400
2845786572176
1540116514192
1759412618640
1483544790416
2583056418192
2858923133536
1746342119056
2926368392800
2914489337440
1535083415888
2634595043664
2909472950608
1552985426576
2652497054352
1827863333520
2927374961296
2930864686752
2638890797472
1814257076640
2913768704416
1832442464672
1535888394656
1810766301600
1467370505552
1742248412496
1471665472848
2571177100624
2857647802720
1551977744736
2651489372512
1826855651680
2914824881824
1539110733472
1813988640416
2913500268192
1553270638944
1828148545888
2927660173664
1827929721184
1488576645520
1763454552464
2909457221280
1466363610768
1535083087504
1551979121248
2651490749024
1759411505552
2858923133328
1553002202720
2652513830496
1827880109664
2927391737440
1487755937424
1540099475808
2639611103584
2914489010528
1759143069328
2858654697104
1557615938208
2862967229024
1832493845152
2932005472928
1553270704800
2652782332576
1828148611744
2927660239520
1471715542624
1470658905504
2845048440224
2565858527632
1741224806800
2840736434576
2634578004368
1809944283536
2909455911312
1483526769040
2583038396816
1540099541664
2639611169440
1814977448608
2914489076384
1539109620384
2863302773408
1746259281568
2841743329952
1759428281696
2858939909472
1551977743696
2651489371472
1826855650640
2926367278416
1466078397776
2565590025552
1556491864672
2656003492448
1831369771616
2930611915152
2930881399392
1556273039968
2655784667744
2571161373344
1487486454176
2586998081952
2861875988896
1467168983632
2566680611408
1466079774288
2565591402064
1535888460368
2635400088144
2639695055440
1488643820112
1740957681232
1487754824336
2587266452112
1762632731280
1483526769056
2583038396832
1758404676000
2857916303776
2841491409232
1467101874512
2566613502288
1484618336912
1759496243856
1488895674016
1762716617312
1484550440608
2584062068384
1759428347552
1483258332832
2639612480096
2914490387040
1539110931040
2638622558816
1813988837984
2913500465760
1467437353376
2566948981152
1742315260320
1466348144032
2565859771808
1741226050976
2840737678752
1809945527712
2909457155488
2910530701920
2845836708496
2863218951584
1832242449056
1487571126624
2587082754400
1762449033568
2861960661344
1467438729888
2566950357664
1742316636832
2841828264608
1758405986656
2857917614432
1556491864464
2656003492240
1467170227808
1487771600480
2587283228256
2862161135200
1557548894624
2657144341920
1556223428240
2655735056016
1831101335184
2844981003920
2930612962960
1483192207952
2582703835728
1553337026192
2652848653968
1828214933136
2927726560912
1470575741280
1827058288272
1745453648224
2844965276000
1540100852112
2639612479888
1814978759056
2914490386832
1470574757216
1471463949920
1746341856864
1540116317600
2639627945376
1814994224544
2914505852320
2639896315536
2914774222480
2909472884128
1467437352336
2566948980112
1742315259280
2841826887056
1811034736016
2910546363792
2571243947408
1467153516896
2566665144672
1742031423840
2841543051616
1831167722848
2930679350624
2570087434912
1467438728848
2566950356624
1742316635792
2841828263568
1536158205584
2635669833360
1811036112528
2910547740304
1484618598032
2584130225808
2927442135696
1483258530400
1758136437344
2846039345808
2845049424528
1535017093456
2634528721232
1809895000400
2909406628176
1814172337504
2841475877472
2841474565456
1535804507472
1810682414416
2910194042192
2652496004432
1467085030736
2566596658512
1827862283600
1539362392720
1814240299664
1483208001888
2582719629664
1758085908832
2857597536608
1551927478624
2651439106400
1826805385568
2926317013344
1470323100000
2569834727776
1539294496416
1814172403360
1826873477472
2914557494608
1828131768912
2927643396688
1467371293328
1742249200272
1536090770064
1810968677008
1484551162512
2584062790288
1740973344400
2840484972176
1809692821136
2909204448912
1483275306640
2582786934416
1540116515168
1557632977568
2657144605344
1832510884512
2932022512288
1536156830048
2635668457824
1811034736992
2910546364768
1488628026000
2926385171104
2570976889504
1810750835280
2910262463056
2635384556112
1557279409760
1539379168864
1534747544144
2634259171920
1809625451088
2909137078864
2638890796640
1814257075808
2913768703584
1470592583072
2570104210848
1745470490016
1535888393824
2635400021600
2910277928544
2844982117792
1540116581024
2639628208800
2846123231904
1484265227616
2583776855392
1536156895904
2910529915472
1831100351824
1557280393552
2930611979600
1814978431312
1832158300496
2583777577296
2926317012304
1540100524368
1556206717536
2655718345312
1831084624480
2930596252256
1488560129696
2863234681488
1758421715360
2857933343136
1488829351584
2588340979360
2863218886304
2582786999968
2857664906912
2639879604832
2914757511776
1539378055776
2638889683552
1814255962720
2913767590496
1471716854176
2571228481952
1746594761120
2846106388896
1470591469984
2570103097760
1745469376928
1539025732960
2638537360736
1813903639904
2913415267680
1487486125408
2586997753184
1762364032352
2861875660128
2845853747856
1470307568272
2569819196048
1745185475216
2844697102992
1762632796512
2862144424288
1471448417952
2569834661536
2844712568480
1763724364368
1809676831312
2909188459088
2570154478160
2656859130448
1815045540432
2930596252048
2586998081120
1762716617104
1557615937168
2657127564944
1832493844112
2932005471888
1827074868576
2840484972192
2634326541984
1809692821152
1552179135904
2651690763680
1827057042848
2926568670624
1535889704272
2635401332048
1810767611216
2910279238992
1471715609168
2571227236944
1746593516112
2930931009872
1535889770128
2635401397904
1809894147680
2909405775456
2913700742752
1831368984160
2930880611936
1745469638240
1810767677072
2910279304848
1535066572432
2634578200208
1809944479376
2909456107152
1534731094432
2634242722208
1556205930912
2655717558688
2930595465632
1831150945872
2930662573648
1540100851280
1539110930000
2638622557776
1813988836944
2913500464720
2846106126944
1551978793568
2651490421344
2584113121888
2914557168224
2909456894560
2638873954912
2913751861856
1557347502688
2927660436048
1534731093392
2634242721168
1809609000336
2909120628112
2913415595408
2858738387344
2571244012880
1746610292048
2846121919824
1470575740240
2570087368016
1745453647184
2844965274960
1534999528784
2634511156560
2909389063504
2583861791056
2840669586768
2583038593360
1540116514208
1540367976096
2639879603872
1557296383392
2656808011168
1832174290336
2931685918112
1815245883040
2914757510816
1536074253712
2635601349008
2639896577376
1815262856544
2914774484320
1553269851488
2652781479264
2927659386208
1557564818784
2657076446560
1832442725728
2931954353504
2652497118544
2927375025488
2841744378512
1552262956704
2651774584480
1814255961760
1466364922512
2565876550288
1741242829456
2840754457232
1467371357776
2566882985552
1742249264720
1471666325072
2571177952848
1746544232016
2846055859792
1551928526416
2651440154192
1826806433360
1814239250848
2913750878624
1552246245792
2651757873568
1827124152736
2926635780512
2656052840864
2930930747808
2927373912656
1539093104976
2638604732752
1813971011920
2913482639696
1467420838224
2566932466000
1746593712464
2846105340240
1471715805520
2571227433296
2914506114704
1534731879840
2634243507616
1809609786784
2909121414560
1556206716496
2565875501648
1540183427680
2914572962400
1539094218336
2638605846112
1813972125280
2913483753056
1827946236512
2930663622240
1832241203808
1470374741600
1745252648544
1551994522256
2651506150032
2926384056976
2566865094032
1742231373200
2841743000976
1471648433552
2571160061328
1746526340496
2846037968272
2651422262672
1826788541840
2926300169616
2638872970640
1556541212048
2656052839824
2570153493904
2656874857808
1552985754192
1483192207968
2582703835744
1758070114912
2857581742688
1551911684704
2651423312480
2926301219424
2930596186720
1763437774240
2588071495072
2862949402016
1535888459344
2635400087120
1810766366288
2910277994064
2639695054416
1467168982608
2566680610384
1742046889552
2841558517328
1487772452448
2571177952864
2846055859808
2656808863328
2655735121504
2931686770272
1484551226976
1759429133920
2858940761696
1557631665568
2657143293344
1832509572512
2932021200288
1809676044640
2909187672416
1488627239264
2588138867040
1763505146208
1831150881120
1758404872544
2857916500320
1746593712480
2639964474016
1758338550096
1540453172896
2846123230880
1553338074784
1828215981728
1557633042080
2657144669856
2932022576800
1815331079840
1813921728912
1535000316560
2634511944336
1809878223504
2909389851280
1539295283856
2638806911632
1814173190800
2913684818576
2926569720464
1470575807120
2926384055648
1539026781776
1813904688720
2913416316496
2655718278736
1831084557904
2930596185680
2840469244240
1740973081952
1483459593632
2582971221408
1758337500576
2857849128352
2587266188704
1762632467872
2862144095648
2571160061344
1746526340512
2846037968288
1763505932944
1759210965648
2858722593424
1758405659280
2857917287056
1813971798672
2913483426448
2588139653776
2566933252752
1809895197008
2909406824784
2638823885136
2913701792080
1552197159248
1810750899552
2845838017888
1553052861792
2652564489568
1827930768736
2927442396512
1557347829088
2656859456864
2914775272096
2652782267040
1471666260640
2571177888416
1487838513744
2587350141520
2635401397664
1535871945376
1810749852320
2910261480096
2570959063712
1557346781856
2656858409632
1471666326096
2571177953872
1746544233040
2565608179296
2840486086240
2639946975840
2914824882784
1557615217248
2657126845024
1832493124192
2932004751968
1763773647456
1539042575712
2638554203488
1813920482656
1535805557088
2635317184864
1810683464032
1540100524384
1557280393568
2639897364112
1815263643280
2914775271056
1471666259600
2571177887376
1746544166544
2846055794320
2931686705568
1487771665744
2587283293520
1809625777488
2909137405264
1539042837840
1813920744784
2913432372560
1832224623248
2656858344080
2931736251024
2638872971600
1540166911632
2639678539408
1815044818576
1557346780816
2656858408592
1832224687760
2931736315536
1471447434896
2570959062672
1745520757408
2583844686496
1488628026016
2588139653792
1483527752352
1814240234144
1557548894608
1553253927312
2652765555088
2657060522384
1815313253968
1557615216208
2657126843984
1832493123152
2932004750928
1467420902992
2566932530768
1540100523344
1471381046608
2651774585424
1540099476112
2639611103888
2914489010832
1552984378000
2652496005776
1557279345296
2656790973072
2638890731920
2913768638864
1556558973328
2656070601104
2930948508048
2570171255184
2845049162128
2635584571984
2639879539280
1471648434768
2571160062544
1746526341712
2846037969488
1470591796576
2570103424352
1745469703520
2844981331296
2583793632608
1488576972128
2588088599904
1763454879072
2862966506848
1814189180256
2570976889424
1746343168592
2845854796368
1466364987984
2565876615760
1741242894928
2840754522704
2863034665552
1763523037776
1487839824464
1466011616672
2565523244448
1534731093408
2634242721184
1483191485856
2582703113632
1484282791568
1488577758864
1763455665808
2582989112976
1758355392144
2857867019920
1534732076368
2634243704144
1557615151504
2657126779280
1471447370128
2570958997904
1484332272016
2583843899792
1470323361376
1552179397984
1556474365280
1809878485392
1831352272224
1758337828192
1741241583200
2840753210976
1487839757712
2587351385488
1487571389024
2587083016800
1762449295968
2651775961696
1742048201312
2841559829088
1471465261664
2570976889440
1470659955296
2570171583072
1815044754064
1553270703776
2652782331552
1828148610720
2927660238496
2930881463968
1832443578016
2931955205792
2863034600080
1827947481744
2927459109520
2656876169872
2931754076816
1540435282336
1815313189280
2931736250784
1553320184224
1828198091168
1470642063776
2588156429904
2910547675728
1811036047952
1536158141008
1483208000864
2582719628640
1484601755216
1759479662160
2858991289936
2652765750672
2927643657616
2656052839840
1831419119008
2930930746784
2571161176480
1815061333600
2652579956320
2927457863264
1809878223520
2909389851296
1762381137296
1471397102992
1746275009936
1759159911824
2569818932832
2638823688528
2913701595472
1556272777568
1556492126560
2656003754336
1832426736208
2931938363984
1487504213392
2587015841168
1539295282832
2638806910608
1831101597072
2930613224848
2582704096672
2926384319072
2634511092304
1483192273232
2582703901008
1487487240528
2586998868304
1762365147472
2861876775248
1487772648784
2587284276560
1539312256336
1814190163280
1552197158224
1556492125520
2656003753296
2639963490976
1810968676000
1553270638240
2652782266016
1540385015200
2587014858144
1762381137312
2861892765088
1832442791328
2931954419104
1745469703584
1484282004896
2638822836880
2913700743824
1539311209104
1470591732368
1552196110992
1827074017936
2909205564048
1483276421776
2582788049552
2652581268112
1827947547280
2927459175056
1557364607632
2656876235408
2639694988688
1759412357536
1471649548704
1553253927328
1553320248928
2652831876704
1828198155872
2927709783648
2651506214480
1556205865296
2655717493072
1763437775520
1810682415776
2910194043552
1540099476128
2639611103904
2587082754640
1762449033808
2861960661584
1809693674064
2909205301840
1551995636304
2651507264080
1826873543248
2926385171024
1831168510544
2587351124384
2862229031328
2913768638880
1539379104160
2638890731936
1814257011104
2913416382816
1552180185440
2926569720160
2844965341536
1471381113184
2570087434592
2858655549792
1488560982368
2927442069840
1471397038752
1810951964048
2910463591824
2635584572000
1810950851168
2910462478944
1540369024400
2639880652176
1540367911520
2639879539296
1815245818464
2914757446240
1553252813408
1535084464800
2634596092576
2909473999520
2638891059872
2913768966816
2844781054624
1557364607648
1827930507920
1759142807184
2858654434960
1488559867536
1540099475088
2639611102864
2914489009808
1552264005008
1759428282768
2858939910544
1488845343120
2588356970896
1763723250064
1540384950672
2639896578448
2635584570960
2910462477904
1540367910480
2639879538256
1815245817424
1551928527440
2914757445200
2657059407440
1484600773008
2910463526496
2565590287776
1487553496656
2587065124432
1484349901136
2583861528912
1759227808080
2858739435856
1488644868432
1540184475984
1553069377872
2652581005648
1557364345168
1539092842896
2638604470672
1745252649616
2844764277392
1487554611856
1762432518800
1539094219408
2638605847184
2913483754128
1556274088592
2655785716368
2931669992784
1557280458064
2638872906064
1539361278288
1814239185232
1552246180176
1827124087120
1556541147472
2930930682192
2570171517584
1814240561744
1552247556688
1556542523984
2656054151760
1831420430928
2930932058704
1484350098080
2858739632800
2656876169888
2931754076832
1488645065376
1763522972320
1540184672928
1815062579872
1488628288160
1534731093328
2909120628048
2657144605280
1832510884448
2932022512224
1540184671888
2639696299664
1815062578832
2914574206608
2652581201552
1466028132960
2565539760736
1740906039904
2840417667680
2652765488464
2931670256208
1556290800208
2584130160208
2859008067152
2652849636944
1557632976464
2657144604240
1832510883408
2932022511184
1553321036368
2652832664144
2858722920848
1488628353424
2588139981200
1763506260368
2863017888144
1553052862864
2652564490640
2927442397584
1762365147536
1814978496912
1539295283600
1814173190544
1552985491856
2652497119632
1827863398800
2927375026576
1557280459152
1466028132752
2565539760528
1471397037712
1746274944656
1557616265552
1557547844944
1539042576784
2638554204560
1813920483728
2913432111504
1551927478672
2651439106448
1826805385616
2926317013392
1831100352912
1746325277264
2583843899984
1488627239504
2588138867280
1763505146448
1540166847056
2639678474832
2634310550928
1483476437328
2582988065104
1762649311568
1552195914064
1466029376928
2840401938848
1534731880864
2634243508640
2909121415584
2582703901088
1556206717344
2655718345120
1831084624288
1758355588448
2857867216224
1487772648800
2638823884128
2913701791072
1552197158240
1809962108320
2909473736096
2652848326992
1552196111008
1827074017952
2588339930704
1763706209872
2863217837648
1535804507728
1556557924944
2656069552720
1831435831888
2930947459664
2652849703504
2930680138336
1813988641376
2913500269152
1466096290400
2565607918176
1740974197344
1809693674080
2909205301856
2655802231392
1539311208080
1814189115024
2913700742800
1552196109968
1758069392800
2910463591840
1540369024416
1488829416864
1552179399056
2651691026832
1467353466464
2566865094240
1536072943200
2635584570976
2910462477920
1758154065248
2634242655568
1809608934736
2909120562512
2638537622864
2913415529808
1483544528464
2926367606160
2583776528032
1759142807200
2858654434976
1488559867552
2588071495328
2862949402272
1483276158544
2582787786320
1758154065488
2857665693264
1487571125840
2587082753616
1556290602576
2655802230352
1557296450128
1466280772960
2565792400736
2840670307680
1758422435232
2857934063008
2926653539744
2913768637856
1552264005024
1759428282784
2858939910560
1488845343136
1763723250080
2863234877856
1553269852576
2652781480352
2927659387296
2639879538272
1815245817440
2914757445216
2657059407456
1488644868448
2588156496224
1763522775392
1553069377888
1557364345184
2656875972960
1832242252128
1484550374800
2584062002576
1759428281744
2858939909520
1553269851536
2652781479312
1828147758480
1810967889296
1556272712096
1745252649632
1831151995552
1470374742688
1762432518816
2638605847200
1466079775392
1740957682336
2840469310112
2857916238176
1539361278304
1814239185248
2926635714912
1487823047264
1814240561760
2913752189536
1552247556704
2651759184480
1556542524000
2656054151776
1467170030928
1742047937872
1746342905168
2845854532944
1827058092384
1483258267024
2582769894800
1758136173968
2651489371536
1826789656160
1470659954000
2570171581776
1759226759824
1487554610832
2587066238608
1466079774352
2634310879584
1535083087456
2634594715232
1809960994400
2909472622176
1809944216912
2910546430544
2932021267024
1539362653776
2638874281552
1814240560720
2913752188496
2857917613648
1827125462608
2926637090384
1471465195168
1746343102112
2570976822944
2845854729888
1540184671904
1815062578848
1483192208016
2582703835792
2857581742736
2926301219472
2635584636304
1763791406688
2910547674720
2914842642016
2932022511200
2652849636960
2927727543904
2570960112032
2931737364896
1553052862880
2652564490656
1827930769824
2927442397600
1470643111584
1745521018528
1488628353440
2566664030800
1742030309968
2841541937744
1471447370320
2840670308944
1470575741520
2570087369296
1762633517648
1552180120144
2651691747920
2857850178128
2634511878736
1553321298272
2652832926048
1487486125712
1762364032656
2909473998480
1470323100064
2569834727840
1745201007008
2844712634784
1539042576800
2638554204576
1813920483744
1551927478688
1826805385632
1488628352400
2588139980176
1471447370336
2570958998112
1746325277280
2845836905056
1763506259344
2863017887120
1488627239520
2588138867296
1762649311584
1827073821024
2651707541856
2844981070176
1467371358816
2566882986592
1742249265760
2841760893536
1536141428048
1811019334992
2914825930064
2639948023120
1483275044176
2582786671952
1466078661216
2565590288992
1740956568160
2840468195936
1534798137952
2634309765728
2587014595984
1466028131728
2565539759504
1740906038672
2840417666448
1484265949584
2583055174032
2570958997072
2845836904016
1763505145424
2863016773200
1535871878736
1467102856528
2566614484304
1467371358608
1742249265552
2569817884320
1471379998368
1746257905312
1484264900256
1487771403600
1488829352272
2588340980048
2863218886992
2566614550160
1741980829328
1487838446992
2565524292960
2840402199904
2639946909072
2651691812176
2926569719120
1552180184400
1762649507488
1552196109984
2582719891024
2569902884448
1745269163616
2844780791392
1762449032800
1557548108192
1470575019408
1539294496144
1536090048096
1810967955040
1487503230560
1470591796832
1534814979680
2634326607456
1471716591184
1534814979472
1809692886416
1826856961360
1483259577680
1553052796240
1740957615440
2845837952336
1831420364112
1466078661264
2565590289040
1740956568208
2840468195984
2634309765776
2909187672720
1483258530448
2582770158224
2910279042400
1759227807072
1488644867424
2588156495200
1483275372880
2587081967952
2861959874896
1534814980432
2634326608208
1763521727136
1762432517792
2861944145568
1470374741664
1745252648608
1539094218400
1813972125344
1466079774368
2565591402144
1487821669728
2587333297504
1484617288288
1470643177056
2570154804832
1745521084000
2583039706720
2587334674016
1814240560736
2913752188512
1483192208032
1556206652064
1831084559008
1759226758800
1553052796256
2652564424032
1552247489888
1827125396832
2926637024608
2566665078112
1742031357280
1827929655968
1466078661280
2565590289056
2634309765792
1557346716320
2656858344096
1483460643424
1758338550368
1487755610720
2587267238496
1762633517664
2862145145440
2913684752992
1483192206992
2634578266704
2909456173648
1470592780688
1762650556816
1487772649872
2862162184592
1540167959968
1471448483232
2588139980192
1539312257424
2656859456928
1470575740496
2570087368272
2844965275216
1539295217232
2638806845008
2913684751952
1466296829280
2565808457056
1741174736224
2840686364000
1763774694752
2863286322528
1832494171488
2587333363024
1762699642192
2862211269968
1831419118928
2930930746704
1832492860752
1763773384016
2863285011792
1471715871392
2588407368352
1487502968224
2587014596000
1762380875168
1759143856544
2861892502944
1534747608480
2634259236256
1809625515424
2909137143200
1466028131744
1746325276256
2845836904032
1488627238496
2588138866272
1763505145440
1483544529232
2583056157008
2857934063952
1552264005968
2651775633744
2926653540688
1814189180560
1535821612688
2840484710992
1487771403616
1762649310560
2863218887008
2638822638944
1832509573456
2846105405072
1471715870352
1746593777296
2931669927312
1759143855504
1488895477088
2588407104864
1466078463328
2565590091104
2840467998048
1534797940064
2634309567840
1536073991504
2635585619280
1759412290896
2639611168416
2639612217936
2914490124880
1763438889552
1557280459344
2587267304016
2862145210960
1535000316496
2635584572048
2846037969552
2584044964496
2858922871440
1488828304016
2840485759328
2639628207776
2652513109664
2571176838544
1466348144016
2566933513616
1832494106000
2932005733776
1536141165968
1811019072912
2588341045856
1470307371616
1809878223456
2638806911584
1814173190752
1484350163296
2583861791072
2858671539808
2566866405728
2840469243296
2634310813088
2909188720032
1467153450400
2566665078176
1467086341520
2566597969296
2844780005728
1483275372896
2582787000672
2638621575520
2913499482464
1471733631632
1759496440464
1488913500816
1763791407760
2635669833312
2910547740256
2651422591312
1832426015056
1746258233680
2845769861456
2639611431248
1466095502672
1470390469968
2569902097744
2858722855248
2583860479648
1467420640656
2841810175376
1471715607952
1551977809296
1539378054544
1536158205328
2635669833104
1811036112272
2910547740048
2862229031312
1742047873424
1810767350160
1811035785616
1484618271120
1483192207008
1487487174304
2586998802080
2861876709024
1758087219792
2857598847568
2913433422416
1551928789584
2638537689440
1466011617632
2565523245408
2840401152352
1534731094368
2634242722144
2651758856528
1810951898448
2584046011728
2858738386320
1466078463392
2565590091168
1487821735328
1471733368160
2582703901328
2857581808272
2638538476176
1758404871504
2656003753360
2565607852448
1488644802976
1487839496608
1534798923152
1540368958864
1539093890448
1763455928656
2930864620960
1763505931680
2863017559456
1466364659104
2587082754704
1466096290448
1740974197392
1484349115024
2583860742800
2844965537360
2913482442128
2846039016800
1759143922336
1488560982688
2582972336800
1741157894480
2582971484496
2862144358736
1814172338512
2651690961232
2930863835472
1557547780768
1832425687712
1488828304032
2588339931808
2846037969568
2587351190096
2862229097040
2926384055952
2909204186464
1827863660112
2927375287888
1471648433808
1534747871568
2634259499344
1809625778512
2909137406288
1534732142240
1551910963600
1488560195984
2841474894224
1742316374352
2909455845776
2651757808016
1809945594512
1483528080016
2840469243472
1470374676048
2569886303824
1745252582992
2657076447632
1470324082256
2569835710032
1745201989200
2844713616976
2846106125904
2656808797792
2931686704736
1470659626592
1745537533536
1815246866016
2914758493792
1488913500832
2910547675808
2582703114656
1758069393824
2857581021600
1551910963616
2651422591392
1826788870560
1470390469984
2569902097760
2910480303760
1484618532496
2584130160272
2858991289744
1551928460960
1826806367904
1539026848400
1467153450320
1742031357264
1471448417616
2570960045392
1487504280160
2587015907936
2565541071456
2566664030864
1742030310032
2841541937808
2635383507600
2570958998160
1832425751888
1535000577632
1745469442448
2635332979360
2565539693904
1470324409936
2569836037712
1745202316880
2844713944656
1539043886672
2638555514448
1813921793616
2913433421392
1470592779680
2570104407456
2844982314400
1742031095456
1467103185248
1535822661984
1741175524000
2840687151776
1470574954848
2570086582624
1483459856736
2582971484512
1758337763680
2857849391456
1487754824032
1745537600096
2845049227872
1762717469280
2862229097056
1814257076832
2913768704608
2910212195664
1814995535184
2657076185760
1466279986512
2565791614288
1741157893456
2840669521232
2587266450768
1762632729936
1471648433824
1827141977680
2926653605456
1466364724816
1470659692112
2570171319888
1745537599056
2845049226832
2583056221776
1762717468240
1467370572368
2566882200144
1483191487120
2845769533088
1466029378192
2565541005968
2913701594448
1762431208016
2861942835792
2910547478880
1487823047328
2909457222304
1467170030992
1470374676064
2569886303840
1539094152800
2638605780576
1813972059744
1809625712992
1534731093344
2634242721120
1471381308816
2846122968400
2840736368016
1809944216976
2909455844752
2639963489952
1467168917072
2863033288272
1535888393808
2846123165344
2914842642080
2863286257232
2565591336528
2639679522384
2914825864784
1467152206160
2566663833936
2841541740880
1471447173456
1488627042640
2635383310672
1810749589840
2910261217616
1471716919712
2571228547488
2570960045408
1467421887120
2566933514896
1742299794064
2931736251040
1815044754080
2570958998176
1746325277344
2845836905120
1763505146528
2844981070240
1745469442464
2909188457888
1811019335056
1534748919392
2569836037728
2844713944672
1488845079888
1763722986832
1535821284688
1810749785744
1471447369360
1746325276304
2845836904080
1471715804752
1467152205392
1488845079904
2588356707680
1763722986848
1466296501600
2931687032160
2570909779296
1470391256736
1487754823008
2587266450784
1470659692128
1745537599072
2583056221792
2857934128736
2931954420320
1813970814560
2913482442336
2857647867488
1551977809504
2651489437280
1826855716448
2914573223264
1487839496800
2652781545040
2926367345248
1483258333792
2582769961568
2857647868512
2857850177872
2565809178960
2840687085904
2584044964240
1467152402832
2566664030608
1487822980752
2587334608528
1762700887696
2862212515472
2655801444752
2930679351696
2844780005776
2840467998288
2841828001120
1488913302880
2566933252496
1487487175056
2926652819792
1745536813392
2845048441168
2638890010960
1484349835680
2583861463456
1484349049168
2583860676944
2588155644240
2635384555168
1758405920416
2857917548192
1487822980768
2587334608544
1762700887712
2635584636320
2909473932640
1762364361296
1831083838032
1557346518352
2931736053072
1471447172432
2570087368336
1483460642448
2582972270224
2857850177168
2588408415648
2845836707472
1746325276320
2656858343072
2845836904096
2858738649488
2652849375888
2932022250128
1832158366288
1828131768736
2927643396512
2571227432544
2926300498528
1556290538064
2655785388624
2926569654864
2930930747728
1471447172768
1832426734992
2931938362768
1553253860752
1488644803232
1557632715424
2657144343200
1826805582240
1741158942096
1809676831376
1557280393872
2656792021648
2931669928592
1466079447712
2565591075488
2862212516432
2565859773008
1487822981712
2587334609488
1831420365392
1831419053472
2930930681248
2844780005792
2861959874976
2840485038496
1745251337824
2845048441184
1540369286480
1815247193424
2914758821200
1483192534352
2931938690384
2930679350672
1466363938128
2932005734736
1828199139664
2927726298784
2926318324368
2909121676640
1483192534368
1551912011104
2846038297248
2840401152672
1762364361376
2857581021856
2926300498592
1557548108448
2930880350544
2926569653920
1745453647520
2844965275296
2862949403296
1535017289040
2634528916816
2909406823760
1745470686544
1535084397904
2634596025680
2927375026784
1832158366304
1763438889568
1551910963552
1556290538080
2652514158992
2927392065936
2583794682256
1759160961424
2858672589200
1552196962640
2651708590416
1827074869584
2926586497360
1484266014288
2862229292432
1556474300816
2655985928592
2930863835536
1470574954896
1487754824080
2587266451856
1762632731024
2862144358800
1470391191120
2569902818896
1745269098064
2844780725840
1553001417296
2931685919312
2862966442576
1552196962656
2651708590432
2588088535712
1557364279648
1488644802912
2582704162192
2651423638928
1470307632528
1552985752976
2634578265680
1484618336656
1535067621984
1809945528928
1552247491168
2651759118944
1827125398112
2926637025888
1556542458464
2656054086240
1831420365408
2930931993184
1534730766992
2634242394768
2909120301712
1471464932688
2566948981328
1536156830288
1758405920336
2857917548112
2588423817808
1539362588240
2638874216016
1810683790752
2910195418528
2846106388064
1471464212128
2930679350688
1484333320608
1759211227552
1534748853584
2565875565920
2840753472864
1535083414880
2634595042656
2635669833120
1811036112288
2910547740064
2635384554896
1810750834064
2910262461840
1535872927120
2570154739360
1557616198992
2657127826768
1536141362512
1832494105936
2932005733712
1811019269456
2930881464720
2635651943056
2639946910352
1466028066192
2565539693968
1487771338064
2587282965840
2914757773984
2913767852704
2846055860640
1534731094608
2634242722384
1809609001552
1470574954912
2570086582688
2844780725856
2926368393568
1809877370256
2909388998032
1488845408912
2588357036688
1466079511888
1466078464656
2652849441184
2927727348128
1471464932704
2914572896928
1471463885472
2570975513248
1539362588256
2638874216032
2913752122976
1552247490144
1827125397088
2926637024864
1556542457440
2656054085216
1540183361168
1471463884432
2914841331280
2652848326224
2657143293520
2932021200464
1827125398096
2926637025872
1553051552144
2652563179920
2927441086864
1811018287456
2910529915232
2845786310288
2932004489552
1742031357344
2841542985120
1540167894432
1471448417696
1557616199008
1832494105952
2932005733728
1488896722272
2583793305232
2634527606112
2914824816272
1556205931104
2655717558880
1487486454368
2586998082144
1466011616592
2845786375520
2565791614368
1741157893536
1809877370272
2634310616416
2909188523360
2634327591568
1471380325712
2570891953488
1540099802448
2639611430224
1466297813344
2634528917856
2651759118688
1813970814608
2635332978064
2651690699088
2926568606032
1556474038608
1831351945552
2655985666384
2930863573328
1557279344976
2656790972752
2913750877776
2926635779664
1540183361184
2863033288352
1471463884448
1809962304848
2909473932624
2931753028240
1831420365200
2861893749136
2588408351120
1763774630288
2863286258064
1536156829280
1763790095968
1553051552160
2652563179936
1487504214608
1552179071328
2651690699104
2926568606048
1551911684432
2588425127264
1488912452256
2588424080032
2926301285008
2932004488528
1484266015376
2652497119888
2656792087184
2931669994128
1483544594768
1540435281568
1535083152720
1551995570832
1536089785744
2566950292064
1487504214624
2858940762704
2584062855760
1557297433232
2656809061008
1832175340176
2931686967952
2914573945232
1759411243408
2858922871184
1539025734032
2638537361808
1813903640976
2913415268752
1488913238352
2651507459472
1466348145296
2565859773072
2656003557984
2930881464928
2930595137952
2639678474896
1832494107024
2910530898320
2930931993168
1763774629280
2588408350112
2863286257056
2845770909344
2638823950992
1534732142928
1758354606432
2857866234208
2587350140320
2862228047264
2844982119056
2914506050192
2656808012432
2931685919376
2840417862992
1470592584352
1762650360480
1741157697104
2930662246992
2638604470864
2913752124064
1745521019552
2635401069968
1471733368144
2571244995920
2846122902864
1539362588304
2638874216080
1483544855904
2655734073936
1831100353104
2930611980880
2846106389152
1758086105440
1809676043616
1483192535392
2582704163168
1551912012128
2651423639904
1470307633504
2656858081952
2909121676624
2840401152656
1832174291616
1540116515488
2639628143264
2566883247504
1742249526672
2841761154448
1540116514448
2914506049168
2840737482064
1534730767008
2634242394784
2909120301728
1539092842064
2638604469840
1470592779856
2570104407632
1745470686800
1539362588320
2638874216096
1814240495264
1534732077456
1484617221776
1832494172816
2932005800592
1466364988000
2565876615776
2639611103824
2587014597216
1762380876384
2861892504160
2566933513632
2841811420576
1811019269536
2910530897312
1826805384784
2926317012560
1483476370848
2655717231200
2930595138144
1810682415712
2639611103840
1487487501664
1466012665184
1535888721488
2862228047440
1539294496336
1540116514464
2638874215824
2840737482080
2909456958816
1539092842080
2635602463056
2910480370000
1466280772944
2565792400720
2840670307664
2857850176848
1488559868560
2565607064976
2635585881488
1466363872592
1741241779536
2840753407312
2634594977104
1540451796640
2639963424416
2932021200544
2931668880032
1488559868576
1470306257568
1535871944096
2910529652112
1826805384800
1488846391632
1557565868368
1467370572384
2566882200160
2566613501280
1742299793760
2583843703120
2858721610064
1466078464336
2651489438048
2863286258320
1535804507536
2635316135312
2582787786336
1762364295760
2861875923536
2588425127312
1488845343376
1763723250320
2588072871312
1484601756064
2584113383840
1759479663008
2858991290784
2926300170896
1551928527200
1810750900880
2930613290400
1534748656976
2634260284752
1488644081312
2844982314592
2909472687456
2652849702224
2909187672656
2857647868240
1470306518608
2909188457824
1556542457424
2656054085200
1759209916832
1759211293344
2909138126160
2587014597280
2657143294544
2583844751760
2841828264544
1467354516048
1811019007312
2910210885008
1814240233040
1536141363792
2861942769312
1487570340432
2587081968208
2931669927568
2651691746960
2926569653904
1832494106976
2588408351328
1466348145248
2909389784736
1467085096352
1470306256224
1745184163168
1487553301072
2863235991120
2927643396704
1826806695520
2841491408288
1810699257248
2910210885024
1535888721296
2565876614752
1741242893920
2840754521696
2565876614544
2840754521488
2932005735072
1470390470224
1484332272032
2863016577680
1483208198496
1556222380624
2931753093472
1551994784080
1466095502688
2565607130464
2840485037408
2566866142816
2635585619552
1759429134688
2913701594704
2910530964112
1484551226784
2846037968528
2565809243472
1741175522640
2840687150416
2634528720208
2909406627152
2863286258336
1535804507552
2635316135328
1810682414496
2910194042272
2910480565664
2931685721488
2570171582048
2566932202832
1484332075600
1741175522656
2840687150432
2909406627168
1831419120208
2930930747984
1540368960144
1557548829328
2857647868256
2930595399328
1551910635152
1809692886688
1534816027984
2656054085008
1831420364176
1831167724176
1470592517712
1488576711248
1763454552720
1553068591504
2652580219280
1827946498448
2927458126224
1467420575136
1832509573728
1540368959120
1467101873552
2566613501328
2863217838736
1466096551264
2857664907936
1487487502928
2586999130704
2909137143136
2914758493856
1534814979744
2910530898528
1832426736288
1467169244576
1535888721312
1539310945872
2638822573648
2913700480592
1552264333648
1551994848912
1815314237840
2910462739856
2931668879776
2914842707616
2931670256288
1483477484960
1745201989216
1810699191712
1832157250960
2909473999184
2840754522464
1466364986704
2565876614480
2840754521424
2909473998160
2652580219296
1466364986720
2565876614496
2840754521440
2846039017824
1488896723600
2588408351376
1763774630544
1832509639312
1483191159120
2857580693840
1551910635856
2926300170576
2583860742560
2932021267104
1470306257296
1471464212816
2932005734992
1557363559072
1763774630560
1488896723616
1746594760336
1483191159136
1551910635872
1487487502944
2586997753168
1762364032336
1740889195856
2634242393424
2909120300368
1811019269520
1556205603408
1831083510352
1759429396880
2587351452048
2862229358992
1759429396896
2565522916704
2840400823648
2909120300384
1831083509088
2930595136864
1470659955104
2570171582880
1745537862048
1487839824288
1487839823248
2587351451024
1471379998032
2909389785696
1488627239568
2588138867344
1470659954080
2570171581856
2845049488800
2926569654944
2909120301456
2910462739872
1539109946784
1758422762912
1466364988064
1535000249696
2638891058512
1827879126688
1811036113504
2931668880016
2909472687440
2566950357408
2910210884944
1467169244752
2914775533200
1488627239584
2909473998176
1484600773024
1759478679968
1557631666832
2657143294608
2932021201552
1540099475104
2931753093776
1552264333664
2863033617056
1740956566864
2840468194640
1763791473248
1759429134752
2587351452240
1762717731408
2862229359184
2846123231568
2914842708304
1488913565344
1487839824480
1762717731424
1470659954256
1488913565008
2588425192784
2863303099728
1557631666848
2657143294624
1470306257552
2569817885328
1831100353120
1470659954272
1487486126672
2914842708368
1831168510560
1488559867216
2930948835984
2587351452304
2909473999504
1488559867232
2863033617040
2930948834720
2909187671376
1831437208144
2930948835920
1488561244816
1488912190112
1763791473296
2863303101072
2932022577808
1488913566352
2932022577824
1466011288928
