4549248
4565632
4613760
4630144
4614784
4631168
4613504
4629888
4614528
4630912
4875648
4892032
4876672
4893056
8824128
9087360
8809088
4871488
4875584
4872512
4876608
9065792
9069888
9066816
4544128
4548224
4545152
4609664
4610688
4609408
8742528
8739456
8743552
8803968
8808064
8804992
9070208
8808000
8824384
8809024
8825408
8803712
4871552
4872576
8807808
8804736
8808832
8738112
8742208
8739136
8743232
8803648
8807744
8804672
8808768
8825472
8758592
4548992
4547904
4564288
4548928
4565312
4613440
4629824
4614464
4630848
4547968
4543872
4610432
4872832
4876928
4609600
4613696
4610624
4614720
4610368
4891968
4892992
4630080
4631104
4875904
4892288
4893312
4564352
4565376
4564608
9070912
8803904
8804928
9065856
9069952
9066880
9070976
9066112
9067136
9071232
8738176
8742272
8739200
8743296
8738432
8759616
8825152
8758656
8759680
8824192
8825216
9086272
9087296
9086336
8759936
8824448
9087616
8758912
9086592
4609344
4544896
4543808
4544832
4871808
