1379021440336
1379021506128
2478533133904
1653899413072
1383384894112
2482896521888
1658262801056
2757774428832
1654234908240
2753746536016
1379021456976
2478533084752
1653899363920
2753410991696
1383316424272
2482828052048
1379088565840
2478600193616
1379021720160
2478533347936
1653899627104
1654235170144
2753746797920
1654169159328
2753680787104
1383586219680
2483097847456
1658464126624
2757975754400
2757773134432
1379089877648
2478601505424
1653967784592
2753479412368
1383384844944
2482896472720
1658262751888
2757774379664
1653899675232
2753411303008
1383316735584
2482828363360
1658194642528
2757706270304
1379290203744
2478801831520
1654168110688
2753679738464
1383383796368
2482895424144
1658261703312
2757773331088
1383652231824
2483163859600
1658530138768
2758041766544
1654168062608
2753679690384
1654169111136
1658194381152
2757706008928
2753680738912
1383586171488
2483097799264
1658464078432
2757975706208
1379358313040
2478869940816
1654236219984
2753747847760
1379021720224
2478533348000
1653899627168
2753411254944
1383316687520
2482828315296
1658194594464
2757706222240
1379290155680
2478801783456
1379290925712
2478802553488
1379021441360
2478533069136
1653899348304
2753410976080
1383316408656
2482828036432
1658194315600
2757705943376
1379289876816
2753478084944
1658195642000
2757707269776
1383383533152
2482895160928
1658261440096
2757773067872
1379357001312
2478868629088
1383651968608
2483163596384
1379358362016
2478869989792
1654236268960
2753747896736
1383653329312
2483164957088
1658531236256
2758042864032
2478601487712
1653967766880
2753479394656
1383586170448
2483097798224
1658464077392
2757975705168
2478802830928
1654169110096
2753680737872
1383383598688
2482895226464
1658261505632
2757773133408
1379088812704
2478600440480
1653966719648
2753478347424
1383383780000
2482895407776
1658261686944
2757773314720
2757774183072
1654169159072
2753680786848
1383586219424
2483097847200
1658464126368
1383653345616
2483164973392
1658531252560
1379357329744
2478868957520
1654235236688
1654168127824
2753679755600
1383585188176
2483164956048
1658531235216
2758042862992
1379357248096
2478868875872
1654235155040
2753746782816
1383652215392
2483163843168
1658530122336
2758041750112
1379021785440
2478533413216
1653899692384
1379021441376
2478533069152
1653899348320
2753410976096
1383316408672
2482828036448
1658194315616
2757705943392
1379289876832
2478801504608
1383652018848
2483163646624
1658529925792
2758041553568
2757707318864
1379291252304
2478802880080
1383653328464
2483164956240
1658531235408
2758042863184
1654236268112
2753747895888
1654169159248
1654169110880
2753680738656
1383586171232
2483097799008
1658464078176
2757975705952
1379290925456
2478802553232
1379358050976
2478869678752
1654235957920
2753747585696
1383653018272
2483164646048
1658530925216
2758042552992
1379022767504
2478534395280
1653900674448
2753412302224
1383317734800
2482829362576
1658195641744
2757707269520
1379291269520
2478802897296
1654169176464
2753680804240
1379089614416
2478601242192
1653967521360
2753479149136
1379358049872
2478869677648
1654235956816
2753747584592
1383384581712
2482896209488
1379021785504
2478533413280
1653899692448
2753411320224
1383384827216
2482896454992
1658262734160
2757774361936
2757975704912
1379088631136
2478600258912
1653966538080
1383383598432
2482895226208
1658261505376
2757773133152
2753478347168
1658261686688
2757773314464
1379290941088
2478802568864
1654168848032
2753680475808
1383585908384
2483097536160
1658463815328
2757975443104
1383653017232
2483164645008
1658530924176
2758042551952
1379088549200
2478600176976
1653966456144
2753478083920
2482895144272
1383651951952
2483163579728
1658529858896
1383383516496
1658261423440
1379290155664
2478801783440
2757974657680
1379022816864
2478534444640
1653900723808
2753412351584
1383317784160
2482829411936
1658195691104
2757707318880
2483096470880
1658462750048
1653900395872
2753412023648
2482829084000
1658195363168
2757706990944
1383652215136
2483163842912
1658530122080
2758041749856
1383383860560
2482895488336
1658261767504
2757773395280
1379357328720
2478868956496
1654235235664
2753746863440
1383652296016
2482829362512
1379088827744
2478600455520
1653966734688
2753478362464
1383586170208
2483097797984
1658464077152
2757975704928
1383651968400
2483163596176
1658529875344
2758041503120
1379088893328
2478600521104
1653966800272
2753478428048
1383383860624
2482895488400
2483097520464
1379022489936
2478534117712
1653900396880
2753412024656
1383317457232
2482829085008
1658195364176
2757706991952
1379290925392
1379021456800
2478533084576
1653899363744
2753410991520
1383316424096
2482828051872
1383652279952
2483163907728
1658530186896
2758041814672
2753411303056
1383316735632
2482828363408
1658194642576
2757706270352
1379290203792
1379022505568
2478534133344
1653900412512
2753412040288
1383317472864
2482829100640
1658195379808
2757707007584
1379290941024
2478802568800
1653899627088
2753411254864
1383316687440
2482828315216
1658194594384
2757706222160
1379290155600
2478801783376
1379088829008
2478600456784
1379290137952
2478801765728
1379358050720
2478869678496
1383383516560
2482895144336
2757773051280
1379356984720
2478868612496
1654234891664
2753746519440
1383651952016
2483163579792
2483163580064
1658529859232
2758041487008
1654167782816
2753679410592
1658194331216
2757705958992
1654167799376
2753679427152
1383584859728
2483096487504
1658462766672
2757974394448
1658530990688
2758042618464
1379021456992
2478533084768
1653899363936
2753410991712
1383316424288
2482828052064
1658194331232
2757705959008
1379289892448
2478801520224
1654234908304
2753746536080
1379289892496
2478801520272
1654167799440
2753679427216
1383584859792
2483096487568
1658462766736
2757974394512
1658195445328
2757707073104
2482829347472
1383384909456
2482896537232
1658262816400
2757774444176
1379291203216
2478802830992
1379021457056
2478533084832
1653899364000
2753410991776
1383316424352
2482828052128
1658194331296
2757705959072
1379289892512
2478801520288
1379290940832
2478802568608
1654168847776
2753680475552
1383585908128
2483097535904
1658463815072
2757975442848
1654235956624
2753747584400
1658463029648
2483096750480
2757974657424
1379291187792
2478802815568
1383383583328
2482895211104
1658261490272
2757773118048
1383652296288
2483163924064
1658530203232
2758041831008
1383317457248
2482829085024
1658195364192
2757706991968
1383653001568
2483164629344
1658530908512
2758042536288
1379290925408
2478802553184
2478533396128
1653899675296
2753411303072
1383316735648
2482828363424
1658194642592
2757706270368
1379290203808
2478801831584
1654168110752
2482828380816
1658194659984
2757706287760
2753411254880
1383316687456
2482828315232
1658194594400
2757706222176
1379290155616
2478801783392
1654168062560
2753679690336
1383585122912
1383384648016
2482896275792
1658262554960
1654169176656
2753680804432
1383586237008
2483097864784
1658464143952
2757975771728
1654235236944
2753746864720
1379358378576
2478870006352
1653899348368
1383586219616
2483097847392
1658464126560
1379021718864
2478533346640
1653899625808
2753411253584
2482828313936
1658194593104
2757706220880
1379290154320
2478801782096
1653966521936
1658261489232
2478600242768
1383383582288
2482895210064
2753478149712
2757773117008
1379088614992
1379021785696
2478533413472
1653899692640
2753411320416
1383316752992
2482828380768
1658194659936
2757706287712
1379290221152
2478801848928
1379356984736
2478868612512
1654234891680
2753746519456
1658529858976
2758041486752
1379358361248
2478869989024
1654236268192
2753747895968
1383653328544
2483164956320
2753412105552
1383317538128
2482829165904
1658195445072
2757707072848
1383653000800
2483164628576
1658530907744
2758042535520
2478534379920
1379089877664
2478601505440
1653967784608
2753479412384
1383384844960
2482896472736
1658262751904
2757774379680
1654235170400
2753746798176
1383653344928
2483164972704
1658531251872
2758042879648
1379358378640
2478870006416
1654236285584
2753747913360
1379089943184
2478601570960
1653967850128
2753479477904
2757707073872
2753680722256
1383586154832
2483097782608
1658464061776
2478601242976
1653967522144
2753479149920
2757975443808
1379357002080
2478868629856
1654234909024
2753746536800
2478534134112
1379021785760
1383584844192
2483096471968
1379088550304
2478600178080
1653966457248
2753478085024
1383383517600
1658462833232
2757974461008
1379289958992
2478801586768
1654167865936
1383653345680
2483164973456
1658531252624
2758042880400
1658261506448
2757773134224
1383652034960
2483163662736
1379021457824
2478533085600
1383653328528
2483164956304
1658531235472
2758042863248
1379022816912
2478534444688
1653900723856
2753412351632
1654236268176
2753747895952
1383384843920
2482896471696
1658262750864
2757774378640
2753479132752
1383384565328
2482896193104
1658262472272
2757774100048
1383585891920
1383384844880
2482896472656
1658262751824
2757774379600
1383653280336
2483164908112
1658531187280
2758042815056
1379022768720
2478534396496
1654167783008
2753679410784
1383584843360
2483096471136
1658462750304
1379021505888
2478533133664
1653899412832
2483097798240
1658464077408
2757975705184
1379088614736
2478600242512
1653966521680
1383584860752
2483096488528
1658462767696
2757974395472
1654235957840
2753747585616
1383586171472
2483097799248
1658464078416
2757975706192
1379021458016
2478533085792
1653899364960
2753410992736
1383316425312
2482828053088
1658194332256
2757705960032
1379289893472
2478801521248
1379358049936
2478869677712
1379022505616
2478534133392
1653900412560
1383585908368
2482896209552
1658262488720
2753479215760
1383384582800
2482896210576
1658262489744
2757774117520
1379021458080
2478533085856
1653899365024
2753410992800
1383316425376
2482828053152
1658194332320
2757705960096
1379289893536
2478801521312
1379358360992
2478869988768
1654236267936
2753747895712
1383653328288
2483164956064
1658531235232
2758042863008
1379089877408
2478601505184
1658195363472
2757706991248
1379088811680
2478600439456
1653966718624
2753478346400
1383383778976
2482895406752
1658261685920
2757773313696
1379022816928
2478534444704
1653900723872
2753412351648
1383317784224
2753679410848
1658462750368
2757974378144
1379088549536
2478600177312
1379022768736
2478534396512
1653900675680
2753412303456
1383317736032
2482829363808
1658195642976
2757707270752
1379291204192
2478802831968
1379358312800
2478869940576
1379358034320
2478869662096
1654235941264
2753747569040
1379289958736
1383653001616
2483164629392
1658530908560
2758042536336
1379089598864
1379022490000
2478534117776
1653900396944
2753412024720
1383317457296
2482829085072
1658195364240
2757706992016
2753479411024
1383384843600
2482896471376
1658262750544
2757774378320
1379022767440
2478534395216
1653900674384
2753412302160
1383317734736
2753412040352
1383317472928
2482829100704
1658195379872
1654169109856
2753680737632
1379358311760
2478869939536
1654236218704
2753747846480
1383653279056
2483164906832
1658531186000
2758042813776
1654168831376
2753680459152
1383585891728
2483097519504
1658463798672
2757975426448
1379358049952
2478869677728
1654235956896
2753747584672
1383653017248
2483164645024
1658194380112
2757706007888
1654167848272
2753679476048
1383584908624
2483096536400
1658462815568
2757974443344
1379289941328
2478801569104
1379357264528
2478868892304
1654235171472
2753746799248
1383384630624
2482896258400
1658262537568
2483164693856
2758042600800
1379089663328
2478601291104
1653967570272
2757774165344
1379021523536
2478533151312
1653899430480
2753679493712
1383584926288
2483096554064
1383383778720
2482895406496
1658261685664
2757773313440
1379022490016
2478534117792
1653900396960
2753412024736
1383317457312
2482829085088
1658195364256
1654168062624
2753679690400
1383585122976
2483096750752
1658463029920
2757974657696
1653966736032
2753478363808
2478600260256
1653966539424
2753478167200
1379357246816
2478868678032
1654234957200
2753746584976
1653966521744
2753478149520
1383383582096
1654235170192
1658530137488
1379021718928
2478533346704
1653899625872
2753411253648
1383316686224
2482828314000
1658194593168
1383317538400
2482829166176
1658195445344
2757707073120
1379089679952
2478601307728
1383384828560
2482896456336
1379089861264
2478601489040
1658261489312
2757773117088
1654167865952
2753679493728
1383584926304
2483096554080
1658462833248
2757974461024
1379088632416
2478600260192
1379358049696
2478869677472
1654235956640
2753747584416
1383653016992
2483164644768
1658530923936
2758042551712
1383652231568
2483163859344
1658530138512
2758041766288
1379357264272
2478868892048
1379358296656
2478869924432
1654236203600
2753747831376
2753478165840
1658261505360
2757773133136
1653967522208
2753479149984
1653900658320
2753412286096
1383317718672
2482829346448
1658195625616
2757707253392
2482896275808
1658262554976
2757774182752
2483096749456
1654168061344
2753679689120
1383585121696
2483096749472
1379088827808
2478600455584
1653966734752
2753478362528
1379291186768
2478802814544
2753680721488
1383586154064
2483097781840
1658464061008
2757975688784
1383383582304
2482895210080
1658261489248
2757773117024
1383653280400
2483164908176
1658531187344
2758042815120
1379022768784
2478534396560
1653900675728
2753412303504
1653900477792
2753412105568
1383317538144
2482829165920
1658195445088
2757707072864
1383384828304
2482896456080
1658262735248
2757774363024
1658194396512
2757706024288
1379289957728
2478801585504
1654167864672
1653967767136
2753479394912
1654236023376
2753747651152
1379022572112
2478534199888
1653900479056
2753412106832
1383317539408
2482829167184
1658195446352
2757707074128
1383586154848
2483097782624
1658464061792
2757975689568
1379358034592
2478869662368
1654235941536
2753747569312
2758042536608
1654234974800
2753746602576
1379357067856
2478868695632
1658529942096
2758041569872
2482896275040
1658262554208
2757774181984
1379089876640
2478601504416
1653967783584
2753479411360
1383384843936
2482896471712
1658262750880
2757774378656
1379022768800
2478534396576
1653900675744
2753412303520
1383317736096
2482829363872
1658195643040
2757707270816
1383317522000
2482829149776
1658195428944
2757707056720
1379290990160
2478802617936
1654168897104
2753680524880
1383585957456
2483097585232
1379021522576
2478533150352
1653899429520
2753411057296
2757706008160
1379358312032
1379088614752
2478600242528
1653966521696
2753478149472
1383383582048
2482895209824
1658261488992
2757773116768
2478869939808
1379089876368
2478601504144
1653967783312
2753479411088
1379358311824
2478869939600
2483096553040
1658462832208
2757974459984
2483096734352
1658463013520
2757974641296
1379291007584
2478802635360
1379289941648
2478801569424
1654167848592
2753679476368
1383584908944
2483096536720
1383383582352
2482895210128
1658261489296
2757773117072
1653967571536
2753479199312
1653899430544
2753411058320
1383316490896
2482828118672
1658194397840
2757706025616
1379088632464
2478600260240
1379358116512
2478869744288
1379358034336
2478869662112
1654235941280
2753747569056
1383653001632
2483164629408
1658530908576
2758042536352
1379357067600
2478868695376
1654234974544
2753746602320
1379022767520
2478534395296
1658531251616
2758042879392
2753746519648
1379358311776
2478869939552
1654236218720
1383585891744
2483097519520
1658530907536
2758042535312
2478801585488
1383584925008
1658463013264
2757974641040
1379357264544
2478868892320
1383652231840
2483163859616
1383384647008
2482896274784
1658262553952
2757774181728
1379021785424
2478533413200
1653899692368
2753411320144
1383316752720
2482828380496
1654167866016
2753679493792
1658462833312
2757974461088
1379088632480
2483096749728
1658463028896
2757974656672
1658262538576
2757774166352
1383384631632
2482896259408
1654234973584
1383652033936
2483163661712
1658529940880
2758041568656
2753746601360
1383652230800
2483163858576
1658530137744
2758041765520
1379357263504
2478868891280
1654235170448
2753746798224
1379089679968
2478601307744
1653967586912
2753479214688
1383384647264
1379089861280
2478601489056
2757706287456
1379088894544
2478600522320
1653966801488
2753478429264
1383383861840
2482895489616
1658261768784
2757773396560
1379357264288
2478868892064
1654235171232
2753746799008
1383652231584
2483163859360
1658530138528
2758041766304
1654167864736
2753679492512
1383584925088
2483096552864
1658462832032
2757974459808
1379088631200
2478600258976
1383384827536
1379089860240
2478601488016
2483163858320
1379357263248
2478868891024
1383652230544
2483164890704
1658531169872
2758042797648
1379358295632
2478869923408
1654236202576
2753747830352
1383653262928
1658463865488
2757975493264
1658463012176
2757974639952
1379089679712
2478601307488
1653967586656
2753479214432
1379089861024
2478601488800
1653967767968
2753479395744
1383384828320
2482896456096
1658262735264
2757774363040
1379088894288
2478600522064
1653966801232
2753478429008
1383383861584
2482895489360
1658261768528
2757773396304
2478801504592
1654167783760
2753679411536
1383584844112
2483096471888
1658462751056
2757974378832
1379088550224
2478600178000
1653966457168
2757707336016
2753479477584
1383384910160
2478534199968
1653900479136
2753412106912
1383317539488
2482829167264
1658195446432
2757774100832
1653966457184
2753478084960
1383383517536
2482895145312
1658261424480
1379022489952
2478534117728
1653900396896
2753412024672
1658463880592
2757975508368
2753747649936
1383384647056
2482896274832
1658262554000
2757774181776
1383653082512
2483164710288
1379089859984
2478601487760
1383384827280
2482896455056
2482895209888
1658261489056
2757773116832
1654168832400
2753680460176
1383585892752
2483097520528
1658463799696
2757975427472
1654234892688
2753746520464
1654236202320
2753747830096
1379358295376
2478869923152
2753747568288
1383653000864
2483164628640
1658530907808
2758042535584
1658463013536
2757974641312
1654234973776
2753746601552
1379357248144
2478868875920
1379022834016
2478534461792
1653900740960
2753412368736
1383317801312
2482829429088
1658195708256
2757707336032
1379291269472
2478802897248
1379021441616
2478533069392
1653899348560
2753410976336
1379291203984
2478802831760
1383586171280
2483097799056
1383383599520
2482895227296
1658261506464
2757773134240
1379022570912
2478534198688
1653900477856
2753412105632
1383317538208
2482829165984
1658195445152
2757707072928
1379291006368
2478802634144
1379088894352
2478600522128
1383585105552
2483096733328
1658463012496
1653966538128
2753478165904
1379089663568
2478601291344
1653967570512
2753479198288
1383384630864
2482896258640
1383652215184
2483163842960
1379357247888
2478868875664
1658194659744
2757706287520
1379290220960
2478801848736
1654168127904
2753679755680
1383585188256
2483096816032
1658463095200
2757974722976
2757773051216
1379356984656
2478868612432
2478533068112
2753410975056
1383652230752
2483163858528
1653967571296
2753479199072
1658262538592
2757774166368
1379290138000
2478801765776
1654168044944
2753679672720
1383585105296
2483096733072
1379357263520
2478868891296
1654235170464
2753746798240
1654167784032
2753679411808
1383584844384
2483096472160
1658462751328
1379088550496
2478600178272
1653966457440
1379021769040
2478533396816
1653899675984
2753411303760
1383316736336
2482828364112
1379021440352
2478533068128
1383384566352
1379022490192
2478534117968
1653900397136
2753412024912
1654168832656
2753680460432
1383585893008
2483097520784
1658463799952
2757975427728
2483163646544
1658529925712
2758041553488
1379022571920
2478534199696
1653900478864
2753412106640
1383317539216
2482829166992
1658195446160
2757707073936
1654167784096
2753679411872
1383584844448
2483096472224
1658462751392
2757974379168
1379088550560
2478600178336
1653899413136
2753411040912
1383316473488
2482828101264
1658194380432
2757706008208
1379357263264
2478868891040
1383652230560
2483163858336
1658530137504
2758041765280
1379358295648
2478869923424
1654236202592
2753747830368
1383653262944
1658462815824
2757974443600
1379021458000
2478533085776
1379022490208
2478534117984
1653900397152
2753412024928
1383317457504
2482829085280
1658195364448
1379290925664
2478802553440
1379088894304
2478600522080
1653966801248
2753478429024
1383383861600
2482895489376
1658261768544
2757773396320
2757707336096
1379291269536
2478802897312
2478868678992
1654234958160
2753746585936
1379358313104
2478869940880
1383384827488
2482896455264
1658262734432
2757774362208
1379358033232
1658194315920
2757705943696
1658531236512
2758042864288
1379021506912
2478533134688
1383584909664
2483096537440
1658462816608
2757974444384
2478801782352
1383585121872
1379289942368
2478801570144
1654167849312
2753679477088
1379021505936
2478533133712
1653899412880
2753411040656
1383316473232
2482828101008
1658194380176
2757706007952
1653966538400
2753478166176
1383383598752
1379358295392
2478869923168
1654236202336
1379289942432
2478801570208
2478869661024
1654235940192
2753747567968
1379290138960
2478801766736
1654235154768
2753746782544
1658530122064
2758041749840
1379356986016
2478868613792
1654234892960
2478534462032
1653900741200
2753412368976
1658195708496
2757707336272
1654168061536
2753679689312
1383585121888
2483096749664
1658463028832
2757974656608
1379088828000
2478600455776
1653966734944
2753478362720
1654169110944
2753680738720
1383586171296
2483097799072
1658464078240
2757975706016
1383585105568
2483096733344
2757974640288
1653899347344
2753410975120
1383316407696
2482828035472
1383652214416
2483163842192
1383653083808
2483164711584
1379291202960
1379089663584
2478601291360
1653967570528
1658529859168
2758041486944
1383384630880
2482896258656
1658261686624
2757773314400
1379290138976
2478801766752
1654168045920
2753679673696
1658195625296
2757707253072
1379291186512
2478802814288
1379088549280
1379022834000
2478534461776
1653900740944
2753412368720
1383317801296
2482829429072
1658195708240
1379089859936
1653900658016
2753412285792
1383317718368
2482829346144
1658195625312
2757707253088
1653967587984
1383384648336
2482896276112
1658262555280
2757774183056
1379291203152
1379022767696
2478534395472
1653900674640
2753412302416
1383317734992
2482829362768
1658530121104
2758041748880
1658530990672
2758042618448
1654167849552
2753679477328
1658462816848
2757974444624
2478801570400
1379021702560
2478533330336
1653899609504
2753411237280
1383316669856
2482828297632
1658194576800
2757706204576
1379290138016
2478801765792
1379291187856
2478802815632
1653966523040
2753478150816
1383383583392
2482895211168
1658261490336
2757975689552
1654169094480
1654234958432
2753746586208
1383652018784
1379290991248
2478802619024
1653967587728
1383383860832
2482895488608
1658261767776
2757773395552
1379021719184
2478533346960
1379291007328
2478802635104
1654168914272
2753680542048
1383585974624
2483097602400
1658463881568
2757975509344
1654234957392
2753746585168
1379357050448
1379022752096
2478534379872
2753680722272
1379358296416
2478869924192
1654167864912
2753679492688
1383584925264
1654236220064
2753747847840
2478802552224
1379021703568
2478533331344
1653899610512
2753411238288
1379290154656
2478801782432
1654168061600
2753679689376
1658529925472
2758041553248
1383653279376
1379088614800
2478600242576
2483164907152
1658531186320
2758042814096
2478600439376
2483163842128
1658530121296
2758041749072
1379357247056
2478868874832
1654235154000
2753746781776
1383652214352
1658529924432
2758041552208
1379021457760
2478533085536
1383383844448
2482895472224
1658261751392
2757773379168
1379357247120
2478868874896
1653966718608
2753478346384
1379357051232
2478868679008
1653899413856
2753411041632
1383316474208
2482828101984
1654236219024
2753747846800
1379089876624
1379022767760
2478534395536
1653900674704
2753412302480
1383317735056
2482829362832
2483164906896
1658531186064
2758042813840
1379022752144
2482896537936
1379089942864
1383317522832
2482829150608
1658195429776
2757707057552
1379089681056
2478601308832
1653967588000
2753479215776
1383384648352
2482896276128
1658262555296
1383383844432
2482895472208
1658261751376
2757773379152
1658530121120
2758041748896
2753412367696
1383317800272
1658195707216
2757707334992
1379022571104
2478534198880
1653900478048
2753412105824
1383316735392
2482828363168
1658194642336
2757706270112
1379290203552
2478801831328
1379088877920
2478600505696
2753478412640
1383383845216
2757773379936
1654168913504
2753680541280
1383585973856
2483097601632
1658463880800
2757975508576
1654234958416
2753746586192
1658530990496
2758042618272
1654167864976
2753679492752
1383584925328
2483096553104
1379089680800
2478601308576
1653967587744
2753479215520
1383384648096
2482896275872
1658262555040
2757774182816
1379291186832
2478802814608
1654169093776
2753680721552
2483097586016
1654236023136
2753747650912
1383653083488
2483164711264
1658530990432
2758042618208
1658529925520
2758041553296
1383384844896
2482896472672
1658262751840
2757774379616
1379021784400
2478533412176
1383316751696
1383584925344
2483096553120
2757707319888
1658531170704
2758042798480
1654167849376
2753679477152
1383584909728
2483096537504
1653966522784
2753478150560
2757774427728
1658462832272
2757974460048
1654236285520
2753747913296
1379022834256
1379357050208
2478868677984
1658261440864
1658530989712
2758042617488
1379089925776
2478601553552
1379021768352
2753747634768
2483096552848
1654168897936
2753680525712
1658463865232
2757975493008
1379022555536
2478534183312
1653900462480
2753412090256
2753747912016
1379022832976
2478534460752
1379089942880
2478601570656
1653967849824
2753479477600
1383384910176
2482896537952
1658262817120
2757774444896
1379089664400
2478601292176
1379088877152
2478600504928
1653966784096
1379290991008
2478802618784
1379358377312
2478870005088
2482896536928
1658262816096
2757975770464
1653966457424
2753478085200
2478868612688
1654234891856
2753746519632
1379290989904
2478802617680
1654168896848
2753680524624
1383585957200
2483097584976
1658463864144
2757975491920
1658531170976
2758042798752
1379357330000
2478868957776
1654235235728
2753746863504
1383584909968
2483096537744
1658462816912
2757974444688
1658531169936
2758042797712
2757974378080
1379356984928
1379089679776
2478601307552
1383383517520
2482895145296
2758042617184
1658530989408
1379291187536
2478802815312
1379021703504
2478533331280
1653899610448
2753411238224
1658194577744
2757706205520
1379357067936
2478868695712
1654234974880
2753746602656
1383316407632
1658194314576
2757705942352
1383653263712
2483164891488
1379022834336
2478534462112
1653900741280
2753412369056
1658195708576
2757707336352
1379291269792
2478802897568
1379357067680
2478868695456
1654234974624
2753746602400
1383652034976
2483163662752
1658529941920
2758041569696
1379088565600
2478600193376
1653966472544
2753478100320
1383383532896
2482895160672
1658261439840
2757773067616
1658262816352
2757774444128
1379358099856
2478869727632
1658262537872
2757774165648
1653967570576
2753479198352
1383316736656
2482828364432
1658194578000
2757706205776
1379357066640
2478868694416
1379022833056
2478534460832
1653900740000
2753412367776
1658195707296
2757707335072
1383585172048
2483096799824
1658463078992
2757974706768
1379289876112
2478801503888
1379356984976
2478868612752
1654234891920
2753746519696
1658530137696
2758041765472
2757774443872
1379089941856
2478601569632
1653967848800
2753479476576
1383384909152
2757774165392
1653967570320
2753479198096
1383384630672
2482896258448
1654169094736
2753680722512
1383586155088
2483097782864
1658464062032
2757975689808
1383652214096
2483163841872
1658530121040
2758041748816
1658194578016
2757706205792
1379290989920
2478802617696
1383585957216
2483097584992
2478869726544
1383653066064
1379089615184
2478601242960
1383384582480
2482896210256
1654234958480
2753746586256
1383586155152
1383585974672
2483097602448
2757974443664
1658531170896
2758042798672
1653967505040
2753479132816
1383653067408
1658530974352
2483164695184
2758042602128
2757773379920
2753411303776
1379358313056
2478869940832
1654236220000
2753747847776
1653900659296
1383317719648
2482829347424
1658195626592
1658531169616
2758042797392
2753679674000
1383585106576
1383317457488
2482829085264
2478801832336
1654168111504
2753679739280
1653967833440
2753479461216
2478801767072
1383585106592
1379357066656
2478868694432
1654234973600
2753746601376
1658529940896
2758041568672
1379089615456
2478601243232
1653967522400
2753479150176
1383384582752
2482896210528
1658262489696
2757774117472
1379021768336
1653899675280
1654167849568
2753679477344
1383584909920
2483096537696
1658462816864
2757974444640
1654168914592
2753680542368
1383585974944
2483097602720
1658463881888
2757975509664
1379021440416
2478533068192
1653899347360
2753410975136
1658194314656
2757705942432
1379089663392
2478601291168
1383383845264
2482895473040
2483097782928
1653967832656
2753479460432
1383384893008
2482896520784
1658262799952
1658262489440
2757774117216
1383383844496
2482895472272
1658261751440
1383383860896
2482895488672
1658261767840
2757773395616
2753411040608
1658194380128
2757706007904
1379290940768
2478802568544
1383585908064
2478802881168
1383585974688
2483097602464
2757974705488
1379357051296
2478868679072
1654234958240
1658529925536
2758041553312
2482895488416
1658261767584
2757773395360
1379289942672
2478801570448
1654167849616
2753679477392
1658261752144
1654234892640
2753746520416
1658529859936
2758041487712
1379290220112
2478801847888
1383652280720
2483163908496
1658530187664
2758041815440
1658261490064
1383652017552
2483163645328
1658529924496
2758041552272
2753412285856
1658195625376
2757707253152
1379289877088
2478801504864
1379291253392
1383585958544
2483097586320
2482895209872
1658261489040
2757773116816
1379357050256
1653966785184
2753478412960
1379357313632
2478868941408
2482896193872
1658262473040
2757774100816
1379089598800
2478601226576
1653967505744
2753479133520
1383384566096
1658194643296
2757706271072
1379088877200
2478600504976
1653966784144
2753478411920
1379089614432
1653967521376
2753479149152
1658262488672
2757774116448
2483096488288
1383651969376
1654168898192
2753680525968
1379358115168
2478869742944
1654236022112
2753747649888
1379358116256
2478869744032
1654236023200
2753747650976
1383653083552
2483164711328
1383653082784
2483164710560
1658530989728
2758042617504
1379021522336
2478533150112
1653899429280
2753411057056
1658194396576
2757706024352
1383586220384
1379022554528
2478534182304
1653900461472
2753412089248
1383317521824
2482829149600
1658195428768
2757707056544
1379357313424
2478868941200
1654235220368
2753746848144
1383653280352
2483164908128
1658531187296
2758042815072
1383384582496
2482896210272
1379088893600
2478600521376
1653967850144
2753479477920
1383384910496
2482896538272
1658262817440
2757774445216
2483163597152
1658529876320
2758041504096
1654236007056
2753747634832
1658531251536
2758042879312
1379358115488
2478869743264
1653966718544
1383383778896
2482895406672
1658261685840
2757773313616
1654167783776
2753679411552
1383584844128
2483096471904
1658462751072
2757974378848
1658195691152
2757707318928
2483096733280
2483097848160
2478802880864
2758042880672
1383653344608
2483164972384
2758041486672
1658262537808
2757774165584
1379022554720
2478534182496
1653900461664
2753412089440
1658195428960
2757707056736
1379358050656
2478869678432
1383653017952
2483164645728
1379022752336
2478534380112
1653900659280
2753412287056
1658195626576
2757707254352
1653967784544
2753479412320
1658195692128
2757707319904
1379358378656
2478870006432
1654236285600
2753747913376
1658531252896
1379358033488
2478869661264
1379021784736
2478533412512
1653899691680
2753411319456
1383316752032
2482828379808
1658194658976
2757706286752
