1395932874064
2516919354960
1692285634128
2791797261904
1395932890704
2495444518480
1670810797648
1395999999568
2495511627344
1670877906512
2770389534288
1395933153888
2495444781664
1670811060832
1395932891728
2495444519504
1670810798672
1692354053792
2791865681568
1396000328032
2495511955808
1670878234976
2770389862752
1413180197216
2512691824992
1688058104160
2787569731936
1400295295328
2499806923104
1688057825680
2787569453456
2791864420752
1670811108960
2770322736736
1413113071200
2512624698976
1687990978144
2787502605920
1400228169312
2499739797088
1675106076256
2774617704032
1675106028176
2774617655952
1417407990416
2516919618192
1692285897360
1400296278672
2499807906448
1675174185616
2774685813392
1692353006224
1692352742736
2787503343952
1400295017120
2499806644896
1675172924064
2774684551840
1395933153952
2495444781728
1670811060896
2770322688672
1413113023136
2512624650912
1687990930080
2787502557856
1400228121248
2499739749024
1396001293728
1670811125088
2770322752864
1413113087328
2512624715104
2495512921504
1670879200672
2770390828448
1413181162912
2512692790688
2516986448208
1692352727376
2791864355152
2512624372048
1687990651216
2787502278992
1400227842384
2499739470160
1413179853136
1692353070416
2791864698192
1413180196176
2512691823952
1688058103120
2787569730896
1400295294288
2499806922064
1675173201232
2774684829008
1692285683088
2791797310864
1395932939664
2495444567440
1670810846608
2770322474384
1413112808848
2512624436624
1687990715792
2787502343568
1692285634144
2791797261920
1395999999584
2495511627360
1670877906528
2770389534304
1413179868768
2512691496544
1688057775712
2787569403488
1396001375648
2495513003424
1670879282592
2770390910368
1417475884640
2516987512416
1692353791584
2791865419360
2791797525088
1692286682528
2791798310304
1675105765712
1395934267984
2495445895760
1670812174928
2770323802704
1413114137168
2512625764944
1687992044112
2787503671888
1400229235280
2499740863056
1675173906848
2774685534624
1675106093392
2774617721168
1417408055632
2516919683408
1692285962576
2791797590352
1396000328016
2774618769744
1417409104208
2516920731984
1692353841824
2791865469600
1395933219168
2495444846944
1670811126112
1395932875104
2495444502880
1670810782048
2770322409824
1413112744288
2512624372064
1687990651232
2787502279008
1400227842400
2499739470176
2516987775648
2774684567888
1400295033168
2499806660944
1395934250576
2495445878352
1670812157520
2770323785296
1413114119760
2512625747536
1687992026704
2787503654480
1400229217872
2499740845648
2495445632352
1670811911520
2770323539296
1413179934112
2512691561888
1688057841056
2787569468832
1400295032224
2499806660000
1675172939168
2774684566944
1417474901408
2516986529184
1396001097312
2495512725088
2516986792336
2770323802512
1413114136976
2512625764752
1687992043920
2787503671696
1400229235088
2499740862864
1675107142032
2774618769808
1396001048144
2495512675920
1670878955088
2770390582864
1413180917328
2512692545104
1688058824272
2787570452048
1400296015440
2499807643216
1675173186128
2774684813904
1417475148368
2516986776144
1692353055312
2791864683088
1400296082016
2499807709792
1675173988960
2774685616736
1395933219232
2495444847008
1670811126176
2770322753952
1413113088416
2512624716192
1687990995360
2787502623136
1400228186528
2499739814304
2516986447184
1692352726352
2791864354128
1395999982928
2495511610704
1670877889872
2770389517648
2512691479888
2774685533520
2770390566224
1395934267728
2495445895504
1670812174672
2770323802448
1413114136912
2512625764688
1687992043856
2787503671632
1400229235024
2499740862800
1395934250592
2495445878368
1670812157536
2770323785312
1413114119776
2512625747552
1687992026720
2787503654496
1400229217888
2499740845664
2770323540640
1413113875104
2512625502880
1687991782048
2787503409824
1400228973216
2499740600992
1675106880160
2774618507936
1687991698784
2787503326560
1400228889952
2499740517728
1395932874080
2495444501856
1670810781024
2770322408800
1413112743264
2512624371040
2791797573200
1400296082064
2499807709840
1675173989008
1417408038480
1675106076240
2774617704016
2516919666256
1395933202000
2495444829776
1400295294560
2499806922336
1675173201504
2774684829280
1417475163472
2516986791248
1396000326992
2495511954768
1670878233936
2770389861712
1675107075408
2774618703184
1417409037648
2516920665424
1396000327008
2495511954784
1670878233952
2770389861728
1396000327056
2495511954832
1670878234000
2770389861776
1413180196240
2512691824016
1688058103184
2787569730960
1400295294352
2499806922128
2787503327568
1400228890960
2499740518736
1395933923664
2495445551440
1670811830608
2770323458384
1413113792848
2512625420624
1675173906768
1395932890528
2495444518304
1670810797472
2770322425248
1413112759712
2512624387488
2499806578000
2770322736784
1413113071248
2512624699024
1687990978192
2787502605968
1400228169360
2499739797136
1675106076304
2774617704080
1417408038544
1395933939296
2495445567072
1670811846240
2770323474016
1413113808480
2512625436256
1687991715424
2787503343200
1400228906592
2499740534368
1670811060816
2770322688592
1413113023056
2512624650832
1687990930000
2787502557776
1400228121168
2499739748944
1692285897296
2791797525072
1395934004880
2495445632656
1670811911824
2770323539600
1413113874064
2512625501840
1687991781008
2787503408784
1413179852176
2512691479952
1688057759120
2787569386896
1400294950288
2499806578064
1675172857232
2774684485008
1417474819472
2516986447248
1675105748384
2774617376160
2770322425424
1413112759888
2512624387664
1687990666832
2787502294608
1400227858000
2499739485776
1675105764944
2774617392720
1417407727184
2791865468256
2770322737504
2787502606688
1413113071968
2512624699744
1687990978912
2774617704800
1395932890720
2495444518496
1670810797664
2770322425440
2499739485840
1675105765008
2774617392784
1417407727248
2516919355024
1692285634192
2791797261968
1395932890768
2495444518544
1670810797712
1413181228448
2512692856224
1688059135392
2787570763168
2495512938128
1670879217296
2770390845072
1413181179536
2512692807312
1688059086480
2787570714256
2499806660240
1675172939408
2774684567184
2770322670928
1396000049824
1395932890784
2495444518560
1687990666912
2787502294688
1400227858080
2499739485856
1675107124624
2774618752400
1675173906016
2774685533792
1396001048976
2774684830304
1400296343200
2499807970976
1675174250144
2774685877920
2774685534560
1395933923680
2495445551456
1670811830624
2770323458400
1413113792864
2512625420640
1687991699808
1400228890976
1675106879904
2774618507680
1417408842144
2516920469920
1692286749088
2791798376864
1675106076320
2774617704096
1417408038560
2516919666336
1692285945504
2791797573280
1396000310944
2495511938720
1670878217888
1395933201744
2495444829520
1670811108688
2770322736464
1413113070928
2512624698704
1687990977872
2787502605648
1400228169040
2774617703760
2495511955040
1670878234208
2770322688608
1413113023072
2512624650848
1687990930016
2787502557792
1400228121184
2499739748960
1675106028128
2774617655904
1417407990368
1675105814176
2774617441952
1417407776416
2516919404192
1692285683360
2791797311136
2770389583504
1413179917968
2512691545744
1688057824912
2787569452688
1400295230112
2499806857888
1675173137056
2774684764832
1675107142224
2774618770000
1417409104464
2516920732240
1692287011408
2791798639184
1395932875152
2495444502928
1670810782096
2770322409872
1413112744336
1400228119888
2499739747664
1675106026832
2774617654608
1417407989072
2516919616848
1692285896016
2791797523792
1396000261456
2495511889232
1413179868832
2512691496608
1688057775776
2787569403552
1400294966944
2499806594720
1675172873888
1395934004624
2495445632400
1670811911568
2770323539344
1413113873808
2512625501584
1687991780752
2787503408528
1400228971920
2499740599696
1395933219424
2495444847200
1670811126368
2770322754144
1413113088608
2512624716384
1687990995552
1675172874832
2774684502608
1417474837072
2516986464848
1692352744016
2791864371792
1417476213088
2516987840864
1692354120032
2791865747808
2770390845088
1417475934816
2516987562592
1692353841760
2791865469536
1413179918752
2512691546528
1688057825696
2787569453472
1400295016864
2499806644640
1675172923808
2774684551584
1417474886048
2516986513824
1417408825760
2516920453536
1692286732704
2791798360480
1413180197472
2512691825248
1688058104416
2787569732192
1413180982688
2512692610464
1688058889632
2787570517408
2770323802768
1413114137232
2512625765008
1687992044176
2787503671952
2791865748112
2791797590672
1675173202576
2774684830352
2791798639248
1395932891472
2495444519248
1670810798416
2770322426192
1413112760656
2512624388432
2770389535072
1417408776544
2516920404320
1692286683488
2791798311264
1413179869536
2512691497312
1688057776480
2787569404256
1396001048928
1692353005216
2791864632992
1395933219488
2495444847264
1670811126432
1413179853216
2512691480992
1688057760160
2787569387936
1400294951328
2499806579104
1675172858272
2774684486048
1417474820512
2516986448288
2774684829024
1417475163488
2516986791264
1692353071504
1675172940176
2774684567952
1417474902416
2516986530192
1692352809360
2791864437136
2770390845840
1396001311120
2495512938896
1417475147360
1413113021792
2512624649568
1687990928736
2787502556512
1400228119904
2516986725728
2791797310880
1395932891552
1395934250640
2495445878416
1670812157584
2770323785360
1413114119824
2512625747600
1687992026768
2787503654544
1400229217936
2499740845712
1396000048528
2495511676304
2499806643600
1675172922768
2774684550544
1417474885008
2516986512784
2499806578256
1417475868240
1395999983184
2495511610960
1670877890128
2770389517904
1413179852368
2787503326800
1400228890192
2499740517968
1413179918992
2512691546768
1688057825936
1400296278608
2499807906384
1675174185552
2774685813328
1417476147792
2516987775568
1692354054736
2791865682512
1395934202448
2495445830224
1400227858832
2499739486608
1670877890144
2770389517920
2499740797520
1675107076688
2516919355984
1692285635152
2791797262928
1396001311312
1417409038928
2516920666704
1692286945872
2791798573648
2516986774928
1692353054096
2791864681872
1395932891744
2495444519520
1670810798688
2770322426464
1413112760928
2512624388704
1687990667872
1413112760672
2512624388448
1687990667616
2787502295392
1395933939344
2495445567120
1670811846288
2770389535056
2512692545168
1688058824336
2787570452112
2516920403600
1692286682768
2791798310544
2791864371536
2774618704208
2516987579024
1400295230096
2499806857872
1675173137040
2774684764816
1417475099280
2516986727056
2516920732304
1395932891792
2495444519568
1675107142240
2774618770016
1417409104480
2516920732256
1692287011424
2791798639200
1395932891808
2495444519584
1670810798752
2770322426528
1413112760992
2512624388768
1687990667936
2787502295712
1400227859104
2499739486880
1417476213328
2516987841104
1692354120272
2791865748048
1675174251088
2774685878864
1413181246112
2512692873888
1688059153056
2787570780832
2791798360720
1400228956816
2499740584592
1675106863760
2774618491536
1417408826000
2516920453776
1692286732944
2774618770064
2499739469456
1400228907680
2499740535456
1675106814624
1395934250656
2495445878432
1670812157600
2770323785376
1413114119840
2512625747616
1687992026784
1413180114528
2512691742304
1688058021472
2787569649248
1675105748640
2774617376416
1417407710880
2774617392464
1692285633872
2791797261648
1400227857744
2499739485520
1675105764688
1417407726928
2516919354704
1395934202464
2774684747360
2495445830240
1670812109408
2770323737184
1413114071648
2512625699424
1687991978592
2787503606368
1400229169760
1417476196000
2516987823776
1692354102944
2791865730720
1400228103760
2499739731536
1670877955424
1413114136144
2512625763920
1687992043088
2787503670864
1400229234256
2499740862032
2495512660368
1670878939536
2770390567312
1413180901776
2512692529552
1688058808720
2787570436496
1396001032592
1395933923728
2495445551504
1692352808544
2791864436320
1417476146512
2516987774288
1692354053456
2791865681232
1395934201168
2495445828944
1670812108112
2770323735888
1413114070352
2512625698128
2770323474080
1413113808544
2512625436320
1687991715488
2791864634000
1400295279200
2499806906976
1675173186144
2774684813920
1417475148384
2516986776160
1417475082912
2516986710688
1692352989856
2791864617632
1692287010144
2516920730976
2791798637920
2787502343504
1400227906896
2499739534672
1675105813840
2774617441616
1417407776080
2516919403856
1692285683024
2791797310800
1396000048464
1417408824928
2516920452704
1692286731872
2791798359648
2495445895520
1670812174688
2770323802464
1413114136928
2512625764704
1687992043872
2787503671648
2512692873552
1417476213072
2516987840848
1692354120016
2787570780496
2791865747792
1413181245776
1688059152720
2770390911312
1675106863504
2774618491280
1417408825744
2516920453520
1692286732688
2791798360464
1395933989264
2495445617040
1670811896208
2770323523984
1417408038496
1417475933536
2516987561312
1692353840480
1396001097056
2495512724832
1670879004000
2770322474336
1395932957264
2495444585040
1670810864208
2770322491984
1413112826448
2512624454224
1687990733392
2791797328464
2787502361168
1396000310864
2495511938640
1670878217808
2770389845584
1413180180048
2512691807824
1688058086992
2787569714768
1413181163168
2512692790944
1688059070112
2787570697888
1395933923744
2495445551520
1670811830688
2770323458464
1413113792928
2512625420704
1687991699872
2787503327648
1400228891040
2499740518816
1413180196432
2512691824208
1688058103376
2787569731152
1417476146528
2516987774304
2791865681248
2787503605088
1400229168480
1675106028192
2774617655968
1417407990432
2516919618208
1692285897376
2791797525152
1396000262816
2495511890592
1670878169760
2770389797536
1417475950240
2516987578016
1692353857184
2791865484960
1675106879136
2774618506912
1417408841376
2495512741520
1670879020688
2770390648464
1413180982928
2512692610704
1688058889872
2787570517648
2791797246544
1400228955536
2499740583312
1675106862480
2774618490256
1417408824720
2516920452496
1692286731664
2791798359440
1670877955472
1692352744096
2791864371872
1395932939680
2495444567456
1670810846624
2770322474400
1413112808864
1395933152656
2495444780432
1670811059600
2770322687376
1413113021840
2512624649616
1687990928784
2787502556560
1400228119952
2499739747728
1692353055072
2791864682848
1396000311648
2495511939424
1670878218592
2770389846368
1413180180832
1675105831520
2774617459296
1417407793760
2516919421536
1692285700704
2791797328480
1396000066144
2495511693920
1670877973088
2770389600864
2791798557008
1688059086160
2787570713936
1688058807888
2787502541392
1417476147808
2516987775584
1692354054752
2791865682528
1400228169056
1396001114528
2495512742304
2516986529104
1692352808272
2791864436048
1400227923280
2499739551056
1417407792464
2516919420240
2512691807568
2499806905680
1417475147088
2516986774864
1688058086736
2787569714512
1400295277904
1675173184848
2774684812624
2791798622864
1675173988704
2774685616480
1692286667424
2791798295200
1675106026912
2774617654688
1417407793744
2516919421520
1692285700688
1417407989152
2516919616928
1692285896096
2791797523872
1396000261536
1675106878880
2774618506656
1417408841120
2516920468896
1692286748064
2791798375840
2512692808336
1688059087504
2787570715280
1395934202512
2495445830288
1670812109456
2770323737232
1413114071696
2512625699472
1687991978640
1417475869328
2516987497104
2791865404048
1692353776272
1692353856912
2791865484688
1675105749328
2774617377104
1417407711568
2516919339344
1692285618512
2791797246288
2774684502624
1395933219216
2495444846992
1670811126160
2770322753936
1413113088400
2512624716176
1687990995344
2787502623120
1400228186512
2499739814288
2787503655504
1400229218896
2499740846672
1675107125840
2774618753616
1417409088080
2516920715856
1692286995024
2791798622800
1400295016032
2499806643808
1675172922976
2774684550752
1687990732128
2787502359904
1400227923296
2499739551072
1675105830240
2774617458016
2516986791584
1395934005840
2495445633616
1670811912784
2770323540560
1413113875024
2512625502800
1687991781968
2787503409744
1400228973136
2499740600912
1413179868752
2512691496528
1688057775696
2787569403472
1400294966864
2499806594640
1675172873808
2774684501584
1417474836048
2516986463824
1396001098320
2495512726096
1396001114784
2495512742560
1670879021728
2770390649504
1396000048544
2495511676320
1670877955488
2770389583264
1413179917728
2512691545504
1688057824672
2787569452448
1400295015840
2499806643616
1395934202528
2495445830304
1670812109472
2770323737248
1413114071712
2512625699488
1687991978656
2787503606432
1400229169824
2499740797600
1692286731856
1395933988432
2495445616208
1670811895376
2770323523152
1413113857616
2512625485392
1687991764560
2787503392336
1400228955728
1417408842384
2516920470160
2499739732320
1400296342944
2499807970720
1675174249888
2774685877664
1675173971616
2774685599392
2495512937872
1670879217040
2770390844816
1413181179280
2512692807056
1688059086224
2787570714000
1400296277392
2499807905168
1395934201232
1396000327328
2495511955104
1670878234272
2770389862048
1400294967648
2499806595424
1675172874592
2774684502368
1417474836832
2516986464608
1692352743776
1395934251344
2495445879120
1670812158288
2770323786064
1413114120528
2512625748304
1687992027472
1417409087824
2516920715600
1692286994768
1396001376864
2495513004640
1395934005856
2495445633632
1670811912800
2770323540576
1413113875040
2512625502816
1687991781984
2787503409760
1400228973152
2499740600928
1417408826016
2516920453792
1692286732960
2791798360736
1396001098384
2495512726160
1692353841808
2791865469584
1400296065680
2499807693456
1675173972624
2774685600400
1417475934864
2516987562640
2499806905952
1400227907216
2499739534992
1675105814160
2774617441936
1417407776400
2516919404176
1692285683344
2774684486304
1675105764704
2774617392480
1692353856848
2791865484624
2770390648144
1395932939936
2495444567712
1670810846880
1675172873552
2774684501328
2791864370512
1670810864272
2770322492048
1413112826512
2512624454288
1687990733456
2787502361232
1400227924624
2499739552400
2774684568208
1417474902672
1417474836112
2516986463888
1692352743056
2791864370832
1396001375824
2495513003600
1670879282768
2770390910544
1413181245008
2512692872784
1688059151952
2787570779728
1400296343120
2499807970896
1675106862736
2774618490512
1417408824976
2516920452752
1692286731920
2791798359696
2787570518432
1395934201248
2495445829024
1670812108192
2770323735968
1413114070432
2512625698208
1687991977376
2787503605152
1400229168544
2499740796320
2791798572432
2499740535376
1675106814544
2774618442320
1417408776784
2516920404560
1692286683728
2791798311504
1396000246416
1396001376608
2495513004384
1670879283552
2770390911328
1413181245792
2512692873568
1688059152736
2787570780512
1400296343904
2499807971680
1417475949920
2516987577696
1692353856864
2791865484640
2512625501536
1687991780704
2787503408480
1400228971872
2499740599648
1675106878816
1395933219152
2495444846928
1670811126096
2770322753872
1413113088336
2512624716112
1687990995280
2787502623056
1400228186448
2499739814224
1675105831584
2774617459360
1417407793824
2516919421600
1692285700768
2791797328544
1396001098128
2495512725904
1670879005072
2770390632848
1413180967312
2512692595088
1688058874256
2787570502032
1400296065424
2499807693200
1396000310880
2495511938656
2499806661264
1675172940432
1688058808672
1675172939152
2774684566928
1417474901392
2516986529168
1692352808336
2791864436112
1675107140960
1413181244752
2512692872528
1400296342864
2499807970640
1675174249808
1396001375568
2495513003344
1670879282512
2770390910288
1688059152800
2787570780576
2770323522960
1413113857424
2512625485200
1687991764368
1670878954832
2770390582608
2787503392144
1396001113760
2495512741536
1670879020704
2770390648480
1413180982944
2791865747040
2516919683744
1692285962912
2791797590688
2499806579280
1675172858448
2774684486224
1417474820688
2516986448464
1692352727632
1395999984208
2495511611984
1670877891152
2770389518928
2512692595360
1688058874528
2787570502304
2499806923408
1396000328336
2495511956112
1670878235280
2770389863056
1413180197520
2512691825296
1688058104464
2787569732240
1400296016480
2499807644256
1675173923424
2774685551200
1675106814368
2774618442144
2787502623072
1400228186464
2499739814240
1675106093408
2774617721184
1417408055648
2516987823520
1692354102688
2791865730464
1400228103504
1675106010448
2774617638224
1417408776528
2516920404304
1692286683472
2791798311248
2516919338576
1395932874320
2495444502096
1670810781264
1413112743504
2512624371280
1687990650448
2787502278224
1692285617744
1400295229024
2499806856800
1675173135968
2774684763744
2516986529120
1692352808288
2791864436064
1692286731936
2791798359712
1675105830304
2774617458080
1417407792544
2516919420320
1692285699488
2791797327264
1396000064928
2495511692704
1670877971872
2770389599648
1396000310624
2495511938400
1670878217568
2770389845344
1413180179808
2512691807584
1688058086752
2787569714528
1400295277920
2499806905696
1692352989600
2791864617376
1396001114768
2495512742544
1670879021712
2770390649488
1413180983952
2512692611728
1688058890896
2787570518672
2791865485968
1692353858192
1417408824672
1413180983632
1675105749344
2774617377120
1417407711584
2516919339360
1692285618528
2791797246304
1396001113504
2495512741280
1670879020448
2770390648224
2512691480912
1688057760080
2787569387856
1400294951248
2499806579024
1675172858192
1417474820432
2770389862800
1413180197264
2512691825040
1688058104208
2787569731984
1400295295376
2499806923152
1417475164560
1675107125856
2774618753632
1417409088096
2516920715872
1692286995040
2791798622816
1413181229648
2512692857424
1688059136592
2787570764368
1396001360464
2495512988240
1670879267408
2770390895184
1400296327760
2499807955536
1417475933520
2516987561296
1400296277664
2499807905440
1675174184608
1395999983952
2495511611728
1670877890896
1395932875088
2495444502864
1670810782032
2770322409808
1413112744272
1687991699792
2787569452624
1417475164768
2516986792544
1675107141968
1400296343888
2499807971664
1675174250832
2774685878608
1396001376592
2495513004368
1670879283536
1417475949984
2516987577760
1692353856928
2791865484704
1395934005920
2495445633696
1670811912864
2516919338320
1692285617488
1675105748304
2774617376080
2791797245264
1400294966880
2499806594656
1675172873824
2774684501600
1417474836064
1692352743008
1413179853152
2512691480928
1688057760096
2787569387872
1400294951264
2499806579040
1675172858208
2774684485984
1417474820448
2516986448224
1413179934368
2512691562144
1675107124816
2774618752592
1417409087056
2516920714832
1692286994000
2791798621776
1688057841312
2787569469088
1396001113488
2495512741264
1670879020432
2770390648208
1413181245024
2512692872800
1688059151968
2787570779744
1675106797968
2774618425744
1417408760208
2516920387984
1692286667152
2791798294928
2512691480976
2787569387920
1413179853200
1692285618576
1417476147552
2516987775328
1692354054496
2791865682272
1417476196944
1675105749408
2774617377184
1417407711648
2516919339424
1692285618592
2791797246368
1395999984032
2495511611808
1670877890976
1417475869280
2516987497056
1692353776224
2791865404000
1395934267744
1687992027488
2787503655264
1400229218656
2499740846432
1675107125600
2774618753376
1417409087840
2516920715616
1692286994784
2791798622560
1417408760224
1413181244816
2512692872592
2516920388000
1692286667168
2791798294944
1413180131936
2512691759712
2512692857168
1688059136336
2787570764112
1400296327504
2499807955280
1675174234448
2774685862224
1688058038880
1688058824096
2787570451872
1396001098400
2495512726176
1670879005344
2770390633120
1413180967584
2512692594320
1688058873488
2787570501264
1417476213408
2516987841184
1692354120352
2791865748128
1395932875344
2495444503120
1670810782288
2770322410064
1413112744528
2791864355408
2512691481168
1688057760336
2787569388112
1400294951504
1395934004640
2495445632416
1670811911584
2770323539360
1413113873824
2512625501600
1687991780768
2787503408544
1400228971936
2499740599712
1675106093456
2774617721232
1417408055696
2516919683472
2791864699280
1396000328080
2495511955856
1670878235024
1417475869072
2516987496848
1692353776016
2791865403792
2774684501344
1417474835808
2516986463584
1692352742752
2791864370528
1413179868512
2512691496288
1688057775456
2787569403232
1395999999328
1417475081824
2516986709600
1692352988768
2791864616544
1413114119504
2512625747280
1687992026448
2787503654224
1675107124560
2774618752336
1417409086800
2516920714576
1692286993744
2791798621520
1400296064656
2499807692432
1675173971600
2774685599376
1417475933840
2516987561616
1692353840784
2791865468560
2770390632080
1413180966544
2791797574288
1675106077328
2774617705104
1417408039568
2516920470112
1692286749280
2791798377056
1675106814560
2774618442336
1417408776800
2516920404576
1692286683744
2791798311520
1413179853408
2512691481184
1400294951520
2499806579296
1675172858464
2774684486240
2516987513424
1692353792592
2791865420368
1675173923408
2774685551184
1396001049168
2495512676944
1670878956112
2770390583888
1413180918352
1413181180576
2512692808352
1688059087520
2787570715296
1670879021472
2770390649248
2516919683488
1692285962656
2791797590432
1396001098144
2495512725920
1670879005088
2770390632864
1413180967328
2512692595104
1688058874272
2787570502048
1400296065440
2499807693216
2495444501840
2770322408784
1413112743248
1670810781008
2512624371024
1687990650192
2787502277968
1400227841360
2499739469136
1417407710544
1417476130464
2516987758240
1692354037408
2791865665184
1675106813520
2774618441296
1417408775760
2516920403536
1692286682704
2791798310480
1688059151712
2787570779488
1396001375584
2495513003360
1670879282528
2770390910304
2791864370784
1675106862496
2774618490272
1692353005968
2791864633744
1417408824736
2516920452512
1692286731680
2791798359456
1692286749328
2791798377104
1396001097104
2495512724880
1670879004048
2770390631824
1692353776208
2791865403984
1396001032784
2495512660560
1670878939728
2770390567504
1413180901968
2512692529744
1688058808912
2787570436688
2499739797904
2770322737552
1413113072016
2512624699792
1687990978960
1396000328352
2495511956128
1692285618784
2791797246560
1395999984224
2495511612000
1670877891168
2770389518944
1417409037664
2516920665440
1417474835856
2516986463632
1692352742800
2791864370576
2512692546128
1688058825296
2787570453072
1675106814304
2774618442080
1687990650208
2787502277984
1417474819424
2516986447200
2495511610720
1670877889888
2770389517664
1413179852128
2787570452816
1413180918096
1417475885392
2516987513168
1692353792336
2791865420112
2512692545872
2499807889760
1400296000080
2499807627856
1675173907024
2774685534800
1417475869264
2516987497040
1395933923920
2495445551696
1670811830864
2770323458640
1692285961888
2791797589664
1417474819664
2516986447440
1692352726608
1400294950480
2791864354384
2512691480144
1688057759312
1675172857424
1675173201552
2774684829328
1417475163792
2516986791568
2770389862032
1413180196496
2512691824272
1395999984272
2495511612048
2499740519056
1675106798224
2774618426000
2791798295184
2791864355472
2516987496016
1400296343952
1675105749664
2774617377440
1417407711904
1417475884704
2516987512480
1692353791648
2791865419424
1400295033440
2512624388752
1687990667920
2787502295696
1400227859088
2499739486864
1675105766032
2774617393808
1417407728272
2516919356048
1692285635216
1395999983968
2495511611744
1413114054224
2512625682000
1687991961168
2512691825056
1688058104224
2787569732000
1400295295392
2499806923168
1675173202336
2774684830112
1396001360480
2495512988256
1670879267424
2770390895200
1413181229664
1395933923936
2774618769760
2495445551712
1670811830880
2770323458656
1413113793120
2512625420896
1687991700064
2787503327840
1400228891232
2787569453392
1417474885968
2516986513744
1692352792912
2791864420688
1396000049488
2495511677264
1670877956432
2770389584208
1413179918672
1413179852112
1688057759056
2787569386832
1400294950224
1395932875408
2495444503184
1670810782352
1670877891216
2770389518992
1413179853456
2512691481232
1688057760400
2787569388176
1400294951568
2791798621792
2774617442656
1417407777120
2516919404896
1692285684064
2791797311840
2495511677280
2770389584224
1417475934560
2516987562336
1692353841504
2499739747920
1675106027088
2774617654864
1417407989328
1675174233680
2774685861456
1417476195920
2516987823696
1692354102864
2791865730640
1400296082080
2499807709856
1675173989024
2774685616800
2516919355792
1692285634960
2791797262736
1395932891536
2495444519312
1670810798480
2770322426256
1413112760720
2512624388496
1687990667664
1400295278160
2499806905936
1413113793104
2512625420880
1687991700048
2787503327824
1400228891216
2499740518992
1400295016848
2499806644624
1675172923792
2774684551568
1417474886032
2516986513808
1400229235344
2499740863120
1675107142288
1417409104528
1692287011472
1400295294624
2499806922400
1675173201568
2774684829344
1670879267168
2770390894944
1413181229408
2512692857184
1688059136352
2787570764128
2499807626592
1675173905760
2774685533536
2774618424672
1417408759136
2516920386912
1692286666080
2791798293856
1396001031520
1675106011472
2774617639248
1395933137232
2495444765008
1670811044176
2770322671952
1413113006416
2512624634192
1687990913360
2516919339680
1692285618848
2791797246624
1675106027104
2774617654880
1417407989344
2516919617120
1692285896288
2791797524064
1396000261728
2495511889504
1670878168672
2770389796448
1688058825312
2787570453088
1692354054816
2791865682592
1395932874128
2495444501904
1670810781072
2770322408848
1413112743312
2512624371088
1687990650256
1417475148432
1692353055376
2516986776208
2791864683152
1675174184352
2774685812128
1400295999136
2499807626912
1675173906080
2774685533856
2770389796512
1692352793184
2791864420960
1417475082592
1692352989536
2516986710368
2791864617312
1417408760144
2516920387920
1692286667088
2791798294864
2774618425680
1675106797904
1396001049184
2495512676960
1670878956128
2770390583904
1413180918368
2512692546144
1395934267792
2495445895568
1670812174736
1395933202064
2495444829840
1670811109008
2516919666320
1692285945488
2791797573264
1400295213712
2499806841488
1400229152080
2499740779856
1675107059024
2774618686800
1692285617568
2791797245344
1395999983008
2495511610784
1670877889952
2770389517728
1413179852192
2512691479968
1413180966496
2512692594272
2512692790624
2770323719520
1413114053984
2512625681760
1687991960928
1675106813536
2774618441312
1417408775776
2516920403552
1692286682720
2791798310496
2495512938064
1670879217232
2770390845008
1413181179472
2512692807248
1688059086416
2787570714192
1395934201424
2495445829200
1670812108368
1675173922384
2774685550160
1417407990352
2516919618128
1670879200912
2770390828688
1396001097120
2495512724896
1670879004064
2770390631840
1413180966304
2512692594080
1688058873248
2787570501024
1400296064416
2499807692192
1413180966288
2512692594064
2787502606736
1417476213152
2516987840928
1692354120096
2791865747872
1692285684304
2791797312080
1396000049744
2495511677520
1670877956688
2770389584464
1395932940880
2495444568656
1670810847824
2770322475600
1395933136272
2495444764048
1670811043216
2770322670992
1396000245136
2495511872912
1670878152080
2770389779856
1413180114320
2512691742096
1413180197536
2512691825312
1688058104480
2787569732256
2495444568672
1670810847840
2770322475616
1413112810080
2512624437856
1687990717024
2787502344800
1400227908192
2499739535968
1400228186768
2499739814544
1395933136288
2495444764064
1670811043232
2770322671008
1413113005472
2512624633248
1687990912416
2787502540192
1400228103584
2499739731360
1413180918112
2512692545888
1688058825056
2787570452832
1400296016224
2499807644000
1675173923168
2774685550944
1417475885408
2516987513184
1675107060048
2774618687824
1417409022288
2516920650064
1692286929232
1692352726624
2791864354400
1395933201808
2495444829584
1692353054368
2791864682144
2499740797536
1675107076704
2774618704480
1413113858704
2512625486480
1687991765648
2787503393424
1395932940944
2495444568720
1670810847888
2770322475664
1413112810128
2512624437904
2791798376800
1395933922704
2495445550480
1670811829648
2770323457424
1413113791888
2512625419664
1687991698832
2787503326608
1400228890000
2499740517776
2495445566816
1670811845984
2770323473760
1395932940960
2495444568736
1670810847904
2516986726032
1692353005200
2791864632976
1395933152912
2495444780688
1417407990096
2516919617872
1692285897040
2791797524816
1688057776784
2787569404560
1400294967952
2499806595728
1692352744080
2791864371856
1417475950928
2516987578704
1692354119328
2791865747104
2512625682784
1687991961952
2787503589728
1400229153120
1417476130208
2516987757984
1692354037152
2791865664928
1400295278944
2499806906720
1675105830480
2774617458256
1417407792720
2516919420496
1692285699664
2791797327440
2770322425488
1400228103824
2499739731600
1395933922720
2495445550496
1670811829664
2770323457440
1413113791904
2512625419680
1687991698848
2787503326624
1400228890016
2499740517792
2499739732368
2512691479904
1688057759072
2787569386848
1400294950240
2499806578016
1395999982944
1396000327072
2495511954848
1670878234016
2770389861792
1400295294368
2499806922144
2770322687648
1413113022112
2512624649888
1687990929056
2787502556832
1400228120224
2499739748000
1675106027168
2774617654944
1417407989408
1396001359456
2495512987232
1670879266400
2770390894176
1413181228640
2512692856416
1688059135584
2787570763360
1417474901664
2516986529440
1692352808608
2791864436384
2512691742288
1670878152272
1400295212624
2499806840400
1675173119568
2774684747344
2787569649232
1413180114512
1417475081808
2516986709584
1413113071184
1417476212320
2516987840096
1692354119264
1400295016784
2499806644560
1675172923728
2774684551504
1675105814864
2770389535120
2499740519008
1675106798176
1417408760416
2516920388192
1692286667360
2791798295136
2495511692896
1670877972064
2770389599840
2770323802784
1413114137248
2512625765024
1687992044192
1395933136480
2495444764256
1670811043424
2770322671200
1413113005664
2512624633440
1687990912608
2787502540384
1400228103776
2512692873872
1688059153040
2787570780816
1400296344208
2499807971984
1675174251152
2774685878928
1417476213392
2516987841168
1692354120336
2774685862304
1675106011552
2774617639328
1417407973792
2516919601568
1692285880736
2791797508512
1396000246176
2495511873952
1670878153120
2770389780896
1417475099232
2516986727008
1692353006176
2791864633952
1417475884448
2516987512224
1692353791392
2791865419168
2791865420128
2791797261712
2512624387472
1687990666640
2787502294416
1400227857808
2499739485584
1688058103440
2787569731216
1692286666320
2791798294096
1395934267024
2495445894800
1670812173968
2770323801744
1413114136208
1675107141264
2774618769040
1417409103504
1413181163152
2512692790928
1688059070096
1395934185104
2495445812880
1670812092048
1395933136544
2495444764320
1670811043488
2770322671264
1417475099024
1417476195680
1675174233440
2774685861216
2516987823456
2516986726800
2770390893920
1396000049504
1395932940640
2495444568416
1670810847584
2770322475360
1413112809824
2512624437600
1687990716768
2787502344544
1400227907936
1692286944912
2791798572688
1396001310352
1395934201488
2495445829264
1670812108432
2770323736208
1413114070672
2512625698448
1687991977616
2770389846688
1413180181152
2512691808928
1688058088096
2787569715872
1400295279264
2499806907040
1675173186208
2774684813984
1417475148448
2499740518752
1675106797920
2774618425696
1417409104288
2516920732064
1692287011232
2791798639008
2774685534544
1417475869008
2516987496784
1692353775952
2791865403728
1396001032528
2495512660304
1670878939472
2770390567248
1413180901712
2499807971728
1675174250896
2774685878672
1417476213136
2516987840912
1417476147872
1675173987920
2774685615696
1417475950160
2516987577936
1395934004816
2495445632592
1396000310928
2495511938704
1670878217872
2770389845648
1413180180112
2512691807888
1688058087056
2787569714832
1400295278224
2499806906000
1400296081824
2499807709600
1675173988768
2774685616544
2499807954256
1417408038224
2516919666000
1692285945168
2787503589776
1400229153168
2499740780944
1675107060112
2774685796752
1417476131216
2516987758992
1692354038160
2791865665936
2774618687888
2791798621536
1413181228384
1396001048160
2495512675936
1670878955104
2770390582880
1413180917344
2512692545120
1688058824288
1400229234064
2499740861840
1675107141008
2774618768784
1417409103248
2516920731024
2770323801488
2516919618144
1692285897312
1396000262736
2495511890512
1670878169680
2770389797456
1413180131920
2512691759696
1688058038864
2787569666640
1692353006160
2791864633936
2770322410128
1400227842704
2499739470480
1675173201312
2774684829088
1670879283808
2770390911584
1675172923040
2774684550816
1400295279008
2499806906784
1675173185952
2774684813728
1400228956496
2499740584272
2791797573008
1396001359248
2495512987024
1670879266192
2770390893968
1395934004832
2495445632608
1670811911776
2770323539552
1413113874016
2512625501792
1687991780960
2787503408736
1400228972128
1395933219408
2495444847184
1670811126352
2770322754128
1413113088592
2512624716368
1687990995536
2787502623312
1400228186704
2499739814480
2516919617104
1692285896272
2791797524048
1395933201824
2495444829600
1670811108768
2770322736544
1413113071008
2512624698784
1687990977952
2787502605728
1400228169120
2499739796896
1396001048992
2495512676768
1670878955936
2770390583712
1675105830544
2774617458320
1417407792784
1675173184912
2774684812688
1417475147152
1396000310672
2495511938448
1670878217616
1675173905824
1396001047904
2495512675680
1670878954848
2499807693152
2774685600096
1675106863456
2774618491232
1417408825696
2516920453472
1692286732640
2791798360416
2791865469280
1395933989216
1417475098960
2516986726736
1692353005904
2791864633680
1396000262480
2495511890256
1670878169424
2770389797200
1400295032144
2499806659920
2512624372112
1687990651280
2787502279056
1400227842448
2499739470224
2791797246352
1675105749392
2774617377168
1417407711632
2516919339408
2787502623328
1400228186720
2499739814496
1675106093664
2774617721440
1417408055904
1400295213456
2499806841232
1670812158608
2770323786384
1413114120848
2512625748624
1687992027792
1675107125904
2774618753680
1417409088144
2516920715920
1692286995088
1692352792976
1395933218128
2495444845904
1670811125072
2770322752848
1413113087312
2512624715088
1687990994256
2787502622032
1400228185424
2499739813200
1675105830560
2774617458336
1417407792800
2516919420576
1692285699744
2791797327520
1692286944928
2791798572704
1400296080992
2499807708768
1675173987936
2774685615712
1400296262304
2499807890080
1692353070752
2791864698528
1417475934624
2516987562400
1692353841568
2791865469344
1400295295568
2499806923344
2516987840160
1688057825952
2787569453728
1675105814944
2774617442720
1417407777184
2516919404960
1692285684128
2791797311904
2495512987216
1670879266384
2770390894160
1413181228624
2512692856400
1688059135568
2787570763344
1675173185104
2512691497376
1688057776544
2787569404320
1400294967712
2499806595488
1692285961568
2791797589344
1417475147168
2516986774944
1692353054112
2791864681888
1396001032800
2495512660576
1670878939744
2770390567520
1413180901984
2512692529760
1688058808928
2787570436704
1400296000096
2499807627872
2770323786128
1396001376848
2495513004624
1670879283792
2770390911568
1413181246032
2512692873808
1688059152976
2787570780752
1400229235360
2499740863136
1675107142304
2774618770080
2774618506896
1417408841360
2516920469136
1692286748304
2791798376080
1396001113744
1395999999376
2495511627152
2770389534096
1413179868560
2512691496336
1688057775504
2787569403280
1400294966672
2499806594448
1675106797152
2774618424928
1675173185120
2774684812896
1687992043168
2787503670944
1400229234336
2499740862112
1675107141280
2774618769056
1417409103520
2787570435664
1396001031760
2495512659536
1670878938704
2770390566480
2499807626832
1675173906000
2774685533776
1413180900944
2512692528720
2516987840144
1395933137488
2495444765264
1670811044432
2770322672208
1396001359504
2495512987280
2791864682128
1400296326800
2499807954576
1675174233744
2774685861520
2787569469776
1413179935056
2512691562832
1688057842000
1675173923488
2774685551264
1395933202080
2495444829856
1670811109024
2770322736800
1413113071264
2512624699040
1687990978208
2787502605984
1400228169376
2499739797152
1413113809552
2512625437328
1675173972368
2774685600144
1417475934608
2516987562384
1692353841552
2791865469328
1687991765392
2787503393168
1400228956560
2499740584336
1396001032544
2495512660320
1670878939488
2770390567264
1413181245856
2512692873632
1395934266704
2495445894480
1670812173648
2770323801424
1413114135888
2512625763664
1687992042832
2787503670608
1400229234000
2499740861776
1692352808352
2791864436128
1413180983904
2512692611680
1688058890848
2787570518624
1675106093712
2774617721488
1417408055952
2516919683728
1692285962896
1400295295632
1400295278240
2499806906016
1413180196448
2512691824224
1688058103392
2787569731168
1417407973712
2516919601488
1692354119056
2791865746832
2495513003408
1396000262752
2495511890528
1675172858512
2774684486288
1417474820752
2516986448528
1692352727696
1395933989280
2495445617056
1670811896224
2770323524000
1413113858464
2512625486240
1687991765408
2787503393184
1400228956576
2499740584352
2512692872544
1400296342880
2499807970656
1675174249824
2774685877600
2774618768736
1417476212064
2516987839840
2770322754208
1413113088672
2512624716448
2495445567888
1670811847056
2770323474832
1413113809296
2512625437072
1687991716240
2787503344016
1417475164832
2791797245520
2787569387088
2774684485200
2499739469392
1417407710800
1400295229008
2499806856784
1675173135952
1396000261712
2495511889488
1675105748624
2770322752912
1413113087376
2512624715152
1687990994320
2787502622096
1400228185488
2499739813264
2495511938464
1670878217632
2770389845408
1413180179872
2512691807648
1688058086816
2787569714592
1400295277984
1413112825168
2512624452944
1687990732112
2787502359888
2787569666400
1400295229792
2499806857568
1675173136736
2774684764512
2512692528528
1688058807696
1417476147616
2516987775392
1692354054560
2791865682336
2499806579088
1675172858256
2774684486032
1692352727440
2791864355216
1400294951312
1395999984016
2495511611792
1413179852384
2512691480160
1688057759328
2787569387104
1400294950496
2499806578272
1675172857440
2774684485216
1417474819680
2516986447456
2791865731728
1400296327824
2499807955600
1675174234768
2774685862544
1417476197008
2516987824784
1692354103952
2499739747680
1675106026848
2774617654624
1417407989088
2516919616864
1396001376912
2495513004688
1670879283856
2770390911632
1413181246096
1417475081888
2516986709664
1692352988832
2791864616608
2516920714896
1692286994064
1692353775264
2791865403040
1395933137248
2495444765024
1395934185824
2495445813600
1670812092768
2770323720544
1413114055008
1670812109392
2770323737168
1413114071632
2512625699408
1687991978576
2787503606352
2774618704464
1400229169744
1670878217824
2770389845600
1395934268064
2787502295440
1675107125664
2774618753440
2495445895840
1670812175008
1670879267216
2770390894992
1413181229456
2512692857232
1688059136400
2787570764176
1670879201680
2770390829456
1413181163920
2512692791696
1688059070864
2787570698640
1413114055056
2512625682832
1687991962000
1670811044256
2770322672032
1413113006496
2512624634272
1687990913440
2787502541216
1400228104608
2499739732384
1417476212112
2516987839888
1413114135952
2512625763728
1687992042896
2787503670672
1675172873632
2774684501408
1417474835872
1413180900960
2512692528736
1688058807904
2787570435680
1400295999072
2499807626848
1687992026512
2787503654288
1400229217680
2499740845456
1692352743072
2791864370848
1396000246352
2495511874128
1670878153296
2770389781072
1413180115536
2512691743312
1688058022480
2787569650256
1413113005648
2512624633424
1687990912592
2787502540368
1395933922912
2495445550688
1670811829856
2770323457632
1413113792096
2512625419872
1687991699040
2787503326816
1400228890208
2499740517984
1417475082832
2516986710608
1692352989776
2791864617552
1675106011728
2774617639504
1417407973968
2516919601744
1692285880912
2791797508688
1692285879888
2791797507664
1396001049232
2495512677008
1395933136464
1400296262048
2499807889824
1675174168992
2774685796768
1395934266784
2495445894560
1670812173728
2770323801504
1413114135968
2512625763744
1687992042912
2787503670688
1400229234080
2499740861856
1692286683808
2791798311584
1413179852432
2791797245584
1400228906640
2499740534416
1675106813584
1417408775824
2770323523168
2495512659296
1670878938464
1413180900704
2512692528480
1688058807648
2787570435424
1400295998816
1417475868000
2516987495776
1670811044192
2770322671968
1413113006432
2512624634208
1687990913376
2787502541152
1400228104544
1400295213392
2791864617296
1692352989520
1688057760416
2787569388192
1675106011744
2774617639520
1417407973984
2516919601760
1692285880928
2791797508704
1396000246368
1400296344160
2499807971936
1675174251104
2774685878880
1688059069856
2787570697632
1675107060304
2774618688080
1417409022544
2516920650320
1692286929488
2791798557264
1400295213648
2499806841424
1675173120592
2774684748368
2516919338656
1400295999824
2499807627600
1692285617824
2791797245600
1400296016272
1675173923216
1413180130912
2512691758688
2770322672224
1413113006688
2512624634464
1687990913632
2787502541408
1400228104800
2499739732576
1692352726672
2791864354448
1395999983248
2495511611024
1670877890192
2770389517968
1400296016288
2499807644064
2774685797008
1395934186128
2495445813904
1670812093072
2770323720848
1413114055312
1675173135776
2774684763552
2495512939104
1670879218272
2770390846048
1675173185168
2774684812944
1395933137568
2495444765344
1670811044512
2770322672288
1692352988512
2791864616288
2774618507600
1675174169168
2774685796944
1417476131408
2516987759184
1692354038352
2791865666128
1396001294928
2495512922704
1670879201872
2770390829648
1400296261216
2499807888992
1675174168160
2774685795936
1688057824864
2787569452640
1675106797200
2774618424976
1417408759440
2516920387216
1692286666384
2791798294160
1396001031824
2495512659600
1670878938768
2770390566544
2495511610768
1670877889936
2770389517712
2787503654560
1670879266448
2770390894224
1413181228688
2512692856464
1688059135632
2787570763408
2774684813648
1400295278928
2499806906704
1413180180816
2512691808592
1417475148112
1417475148192
2516986775968
1417476196704
1400296327520
2499807955296
1675174234464
2495512939088
1670879218256
2770390846032
1413181180496
2512692808272
1688059087440
2787570715216
2787503327888
1400228891280
2499806661216
1417476196960
2516987824736
1692354103904
2791865731680
1687991960912
2787503588688
1417409021264
2516920649040
1692286928208
1413181244832
2512692872608
1688059151776
2787570779552
1396000311696
2495511939472
1400228170144
2499739797920
1675107124640
2774618752416
1417409086880
2516920714656
1692286993824
2791798621600
1692353776032
2791865403808
2791865730448
1400295213664
2499806841440
1675173120608
2774684748384
1417475082848
2516986710624
1413112810064
2512624437840
1687990717008
2787502344784
1400227908176
2499739535952
1692352793168
2791864420944
1413179918928
2512691546704
2516986530128
1692352809296
2791864437072
1417474902352
1413113873760
2787503588704
1400229152096
2499740779872
2787570697568
1400296260960
2770390828384
2499807888736
1675107059040
1692352988576
2791864616352
1675106011808
2774617639584
1417407974048
2516919601824
1692285880992
1675174185296
2774685813072
2791797508768
1670811830672
2770323458448
1413113792912
2512625420688
1687991699856
2787503327632
1400229153360
2499740781136
1688058021264
1400295212432
2499806840208
1692285879696
2791797507472
1675173119376
2774684747152
1417475081616
2516986709392
1417475951008
2516987578784
1687991977296
2787503605072
1400229168464
2499740796240
1675105815136
2774617442912
1417407777376
2516919405152
1692285684320
1396000049760
1675173922448
2774685550224
1417475884688
2516987512464
1417475163744
2516986791520
1692352791888
2791864419664
1400296064352
2499807692128
1675173971296
2774685599072
1400296261008
2499807888784
1675174167952
2774685795728
1417476130192
2516987757968
1395932874144
2495444501920
1670810781088
2770322408864
1417474819408
1396000245152
2495511872928
1670878152096
2770389779872
2770322737744
1413113072208
2512624699984
1687990979152
2787502606928
1400228170320
2499739798096
1692354038416
2516987759248
2791865666192
2787502606944
1400228170336
2499739798112
1413112809040
2512624436816
1687990715984
2787502343760
1400227907152
1395932874336
2495444502112
1670810781280
2770322409056
1413112743520
2512624371296
1687990650464
2787502278240
2495512987040
1670879266208
2770390893984
1395933922960
2495445550736
1670811829904
2770323457680
1413113792144
2512625419920
1687991699088
2787503326864
1400228890256
2499740518032
1417409086864
2516920714640
1692286993808
2791798621584
1413112808800
1395932939616
2495444567392
1670810846560
1675106813344
2774618441120
1417408775584
2516920403360
1688058037856
2787569665632
1395933153680
2495444781456
1670811060624
1395933989456
2495445617232
1670811896400
2770323524176
1400296065616
2499807693392
1675173972560
1417407726944
2516919354720
1692285633888
2791797261664
1395932890464
2495444518240
1670810797408
1400228906336
2499740534112
1675106813280
1395934186064
2495445813840
1670812093008
2770323720784
1413114055248
2512625683024
1687991962192
2787503589968
2512624700064
1687990979232
2787502607008
1400228170400
2499739798176
1413180130704
2512691758480
1675173922192
2774685549968
1417475884432
2516987512208
1692353791376
2791865419152
1670878954896
1688059069840
1417407727008
2516919354784
1692285633952
2791797261728
1688057759136
2787569386912
1675172857248
2774684485024
1417474819488
1670879003984
2770390631760
1395933989472
2495445617248
1670811896416
2770323524192
1413113858656
2512625486432
1675173972576
2774685600352
1675106863520
2774618491296
1670878235232
1400296065360
2499807693136
1675173972304
2774685600080
1688058087760
2787569715536
1396001311328
1692352727392
2791864355168
1413179918688
2512691546464
1688057825632
2787569453408
1675105814880
2787569666656
1413113087568
2512624715344
1687990994512
2787502622288
1400228185680
2499739813456
1675106092624
2774617720400
1417408054864
2516919682640
1396001032848
2495512660624
1400227924560
2499739552336
1675105831504
2774617459280
1688057760144
1395932940688
2495444568464
1670810847632
1400295278176
1395932875168
2495444502944
1670810782112
2770322409888
1413112744352
2512624372128
1687990651296
2787502279072
1400227842464
2499739470240
1692354053712
2791865681488
1675105815120
2774617442896
1417407777360
2516919405136
1400295277968
1670878939792
2770390567568
1413180902032
1396001376928
2495513004704
1670879283872
2770390911648
1396001359264
1413180966240
2512692594016
1688058873184
2787570500960
2516986775888
1692353055056
2791864682832
1675173185872
2516919682656
1692285961824
2791797589600
1396000327264
1417408776864
2516920404640
1670878152288
2770389780064
2770389583248
1413179917712
2512691545488
1688057824656
2787569452432
1400295015824
1675105813904
2774617441680
1417407776144
2516919403920
1675106797984
2516987513488
1692353792656
2791865420432
2791797328208
1675173120672
2774684748448
1692286944608
2791798572384
1675107075424
2774618424720
1417408759184
2516920386960
1692286666128
2791798293904
1400228955744
2499740583520
1675106862688
2774618490464
1413112759952
2512624387728
1687990666896
2787502294672
2512624436640
1687990715808
2787502343584
1400227906976
2499739534752
1675105813920
2774617441696
1417407776160
2516919403936
1692285683104
1396001293984
2495512921760
1670879200928
2770390828704
1692285634912
2791797262688
2791864371552
1395932891488
1670811896464
1395933989520
2495445617296
1675105765024
2774617392800
1417407727264
2516919355040
2770389861968
2516919617168
1692285896336
2791797524112
1396001047968
2495512675744
1670878954912
2770390582688
1413180917152
2512692544928
1670878169488
2770389797264
1688058038672
2787569666448
2499806857616
1675173136784
2774684764560
2774685615456
1413179934048
2512691561824
1688057840992
2787569468768
1675173987680
1413181164112
2512692791888
1688059071056
2787570698832
1400296262224
2499807890000
1400296278624
2499807906400
1675174185568
2774685813344
1400229218960
2499740846736
1417475950944
2516987578720
1692353857888
2791865485664
1400296016208
2499807643984
1675173923152
1688057842272
2787569470048
1675106026896
2774617654672
1417407989136
2516919616912
1692285896080
2791797523856
1395932956064
2495444583840
1670810863008
2770322490784
1413112825248
2512624453024
1687990732192
2787502359968
1400227923360
2499739551136
1417474885216
2516986512992
1692352792160
2791864419936
2774685862240
1395934251360
2495445879136
1670812158304
2770323786080
1395933988256
2495445616032
1670811895200
2770323522976
1413113857440
2512625485216
1687991764384
2787503392160
1400228955552
2499740583328
1670878218640
1395933202832
2495444830608
1670811109776
1692352791952
2791864419728
2787503343968
1395933940064
2495445567840
1670811847008
2770323474784
1413113809248
2512625437024
1400228907360
2499740535136
1413113858448
2512625486224
2499739813536
1675106092704
2774617720480
1417408054944
2516919682720
1400295033424
2499806661200
1692353774944
1675105765776
2774617393552
1417476212128
2516987839904
1692354119072
2791865746848
2512625681744
1670879217248
2770390845024
1400296277600
2499807905376
1413180196512
2512691824288
1675106077088
2516986726816
1692353005984
2791864633760
1417474820768
2516986448544
1692352727712
2791864355488
1675172873872
2774684501648
2774617393568
1417407728032
2516919355808
1692285634976
2791797262752
1396000000416
2495511628192
1670877907360
2770389535136
1413179869600
1396001032608
2495512660384
1670878939552
2770390567328
2512692529568
1688058808736
2787570436512
1400295999904
2499807627680
1692354119312
1396001375888
2495513003664
1675172939344
2774684567120
1417474901584
2516986529360
1395932956256
2495444584032
1670810863200
2770322490976
1413112825440
2512624453216
1687990732384
2787502360160
1400227923552
2499739551328
1396001310048
2495512937824
1670879216992
2770390844768
1413181179232
2512692807008
1688059086176
2787570713952
1675174184288
1675106796960
2774618424736
1417408759200
2516920386976
1692286666144
1675106011536
2774617639312
1417407973776
2516919601552
2791797508496
1692353857168
2791865484944
1395932956320
2495444584096
1670810863264
2770322491040
1413112825504
2512624453280
1687990732448
2787502360224
1400227923616
2499739551392
1413180130960
2512691758736
1688058037904
2787569665680
1400228907408
2499740535184
1417408776608
2516920404384
1692286683552
1400296326560
1395934251424
2495445879200
1670812158368
2770323786144
1413114120608
2512625748384
1687992027552
2787503655328
1400229218720
2499740846496
1417475098208
2516986725984
1692353005152
2791864632928
2770389797280
1413180131744
2512691759520
1688058038688
2787569666464
1417475099040
2791864616528
1692352988752
1688058021456
2770389780048
1396000245328
2495511873104
1675106010704
2774617638480
1417407972944
2516919600720
1395933940128
2495445567904
1670811847072
2770323474848
1413113809312
2512625437088
1687991716256
2787503344032
1400228907424
2499740535200
1396000261520
2495511889296
1670878168464
2770389796240
1675107059296
2774618687072
2512624633488
1687990912656
2787502540432
2495511627104
1670877906272
2770389534048
2787503606416
1400229169808
2499740797584
1400296080800
2499807708576
1675173987744
2774685615520
1400296261984
1413179935328
2512691563104
1400295017104
2499806644880
2774618686816
1417409021280
1413181162832
2495512659616
1670878938784
2770390566560
1413180901024
2512692528800
1688058807968
2787570435744
1675174234704
1413179934288
2512691562064
1688057841232
2787569469008
1400295032400
2499806660176
1670879282576
2770390910352
1400296344224
2499807972000
1675174251168
2774685878944
1687991978384
2787503606160
1400229169552
2499740797328
1675107076496
2774618704272
2495512676704
1670878955872
2770390583648
1687991716192
2774617393504
1417407727968
2516919355744
1692285879952
1670811043472
2770322671248
1400295033184
2499806660960
1675172940128
2774684567904
2495512676752
1670878955920
2770390583696
1413180918160
2512692545936
1688058825104
2787570452880
1396001031584
2495512659360
1670878938528
2770390566304
1675173120400
2774684748176
1417475082640
2516986710416
1692352989584
2791864617360
1396000246160
2495511873936
1670878153104
2770389780880
1413180983712
2512692611488
1688058890656
1395934185056
2495445812832
1675174168224
2774685796000
1692353055328
2791864683104
2774684747408
1417475081872
2516986709648
2499739731344
1675106010512
2774617638288
1417407972752
2516919600528
1400295294544
1675106880080
2774618507856
1417408842320
2516920470096
1692286749264
2791798377040
2774618703200
2499740796256
1675172873616
2774684501392
1417476131168
1400228104784
2499739732560
2787569453648
1675172857168
2774684484944
1675173922464
2774685550240
1417474902624
2516986530400
1692352809568
2791864437344
1413180130720
2512691758496
1688058037664
2787569665440
1400295228832
2499806856608
1413180115344
2512691743120
1688058022288
2787569650064
1688058103456
2787569731232
1417408825952
2516920453728
1692286732896
2791798360672
1670810798736
2770322426512
1413112760976
1692353792352
2499739535712
2791798556304
2787570697872
2516920649360
1692286928528
1417407728288
1396001293664
2495512921440
1670879200608
1413181162848
1688059069792
1417474901600
2516986529376
1417475163808
2787503671968
1675107076512
2774618704288
1417409038752
1670879218064
1395932957024
2495444584800
1670810863968
2770322491744
1413112826208
2512624453984
1687990733152
2787502360928
1400227924320
2499739552096
1692285879968
2791797507744
1692352988816
2791864616592
1417475868320
2516987496096
1396000311888
2495511939664
1400295279184
2499806906960
1692353857952
2791865485728
1396000064864
2495511692640
1670877971808
2770389599584
1400295032160
2499806659936
1413180115360
2512691743136
1688058022304
2787569650080
1400295213472
2499806841248
2499806643856
1692352988560
2791864616336
1675106077280
2774617705056
1417408039520
2516919667296
1417475951184
2516987578960
1692353858128
2791865485904
1670878235296
2770389863072
1400294967904
2499806595680
2512625683088
1687991962256
1417409038944
2516920666720
1692286945888
2791798573664
1692354053472
1675172924000
2774684551776
1417474886240
2516986514016
1396001114704
2495512742480
1670879021648
2770390649424
1413180983888
2512692611664
1688058890832
2787570518608
1675174167968
2774685795744
2770322425184
1413112759648
2512624387424
1687990666592
2787502294368
1400227857760
2499739485536
1400294966624
2499806594400
1675172873568
1400228955792
1417409022352
2516920650128
1692286929296
2791798557072
1400227906960
2499739534736
1417475951248
1395932957328
2495444585104
1400295016800
2499806644576
2516920665760
1675105813856
2774617441632
1417407776096
2516919403872
1692285683040
1395933940320
2495445568096
1670811847264
2770323475040
1413113809504
2512625437280
1687991716448
2787503344224
1400228907616
2499740535392
1675173136992
2774684764768
1396001311136
2495512938912
1670879218080
2770390845856
1396000000656
2495511628432
1670877907600
2512691497616
1396000245408
2495511873184
1670878152352
2516919667360
1692285946528
2791797574304
1670878218912
1395933152864
2495444780640
1670811059808
2770322687584
1413113022048
2512624649824
1687990928992
2787502556768
1400228120160
2499739747936
1670811108752
2770322736528
1413113070992
2512624698768
1687990977936
2787502605712
1413179869856
1395933152928
2495444780704
1670811059872
1417474885280
2516986513056
1692352792224
2791864420000
2512692529488
1688058808656
2787570436432
2516919666080
1692285945248
2791797573024
1396000310688
1396001360528
2495512988304
1670879267472
2770390895248
1413181229712
2512692857488
1688059136656
2787570764432
1395934251664
2495445879440
1413180918176
2512692545952
1688058825120
2787570452896
2499740599904
1675106879072
2774618506848
1417408841312
2516920469088
1692286748256
2791798376032
1675106093648
2774617721424
1417408055888
2516919683664
1692285962832
2791797590608
1675107059344
2774618687120
1417409021584
1395934251680
2495445879456
1670812158624
1692287010192
2791798637968
2787570763152
1675174233488
2774685861264
1417476195728
2516987823504
1692354102672
1675173972384
2774685600160
1396001310368
2495512938144
1417409104544
2516920732320
1692287011488
2791798639264
2512624650640
1687990929808
2787502557584
1400295229840
1396000262560
2495511890336
1670878169504
2791865747088
1395933218464
2495444846240
1670811125408
2770322753184
1413113087648
2512624715424
1687990994592
2787502622368
1400228185760
1400296278416
2499807906192
2516920403616
1692286682784
2791798310560
2499806840480
1675173119648
2774684747424
1413180967520
2512692595296
1688058874464
2787570502240
2495444764240
1670811043408
2770322671184
1413113022864
1413181180512
2512692808288
1688059087456
2787570715232
1417475147408
2516986775184
1692353054352
2787503655568
1395934005664
2495445633440
1670811912608
2770323540384
1413113874848
2512625502624
1687991781792
2787503409568
1400228972960
2499740600736
1417475099216
2516986726992
