1464853677392
1486597294736
2586108922512
1761475201680
2860986829456
1555316771472
2654828399248
1830194678416
2929706306192
2856692845152
1486596967072
2586108594848
1761474874016
2860986501792
1555316443808
2654828071584
1830194350752
2929705978528
1757179905616
2856691533392
2860718065232
1555048007248
2654559635024
1829925914192
2929437541968
1469417096784
2568928724560
1744295003728
1464853957216
2564365584992
1739731864160
1469148907920
2568660535696
1744026814864
2843538442640
1537868384656
2637380012432
1812746291600
2912257919376
1830195381920
2929707009696
1761475134880
2860986762656
2925411272352
1744296102560
2843807730336
1740001397408
2839513025184
1533842967200
2633354594976
1551022507600
2650534135376
1825900414544
2925412042320
1486598277728
2586109905504
1761476184672
2860987812448
1555049121104
2654560748880
1829927028048
2929438655824
1537869251920
2637380879696
1739732714832
2839244342608
1533574284624
2633085912400
1756912765328
2856424393104
1550754335120
2650265962896
1825632242064
2925143869840
1469149956496
2568661584272
1744027863440
2843539491216
2929438575264
1761475201632
2860986829408
1469418211680
2568929839456
1744296118624
2843807746400
1757181281936
2856692909712
1551022851728
2650534479504
1825900758672
2925412386448
1744026634896
2843538262672
1537868204688
2637379832464
1812746111632
2912257739408
1486328597136
2585840224912
1761206504080
2860718131856
1551022524064
2650534151840
1825900431008
2925412058784
1555316442720
2654828070496
1469149775456
2568661403232
1744027682400
2843539310176
1537869252192
2637380879968
1464853957264
2564365585040
1739731864208
2839243491984
1533573434000
2633085061776
1808451340944
2907962968720
1482033826448
2581545454224
1812746093984
2912257721760
1761475986848
2860987614624
1757181200720
2856692828496
1469418391888
2568930019664
1538137868624
2637649496400
1813015775568
2912527403344
1469149956768
2568661584544
1744027863712
2843539491488
2637648185760
1537869433504
1465123162784
2564634790560
1740001069728
2839512697504
1533842639520
2633354267296
1808720546464
2908232174240
1486598277520
2586109905296
1761476184464
2860987812240
1555317754256
2654829382032
1830195661200
2929707288976
1469417163344
2568928791120
1744295070288
2843806698064
1538136640080
2637648267856
1813014547024
2912526174800
1486597032528
2586108660304
1813014464144
2912526091920
1486329629088
2585841256864
1761207536032
2860719163808
1555049105824
2860986485072
2839243213136
1533573155152
2633084782928
1808451062096
2907962689872
1482033547600
2856691517776
1469417081168
1533574481568
2633086109344
1486597999248
2586109627024
1761475906192
2860987533968
1761207748240
2860719376016
1555049318032
2654560945808
1829927224976
2929438852752
2581545519520
1756911798688
2856423426464
1550753368480
2650264996256
1825631275424
2925142903200
1469417424224
2568929052000
1744295331168
2843806958944
1482302261904
2581813889680
1757180168848
2856691796624
1551021738640
2650533366416
1469148661344
2568660289120
1744026568288
2843538196064
1537868138080
2637379765856
1482033613472
2581545241248
1756911520416
2856423148192
1550753090208
2650264717984
1825630997152
2925142624928
1469149775248
2568661403024
1744027682192
2843539309968
1537869251984
2637380879760
1812747158928
2912258786704
1469417145952
2568928773728
1744295052896
2843806680672
1538136622688
2637648250464
1813014529632
2568660290144
1744026569312
2843538197088
1537868139104
1830195448224
2929707076000
1829927290272
2929438918048
1744026880672
2843538508448
1465123440224
1469148710240
2568660338016
1744026617184
2843538244960
1537868186976
2637379814752
1486328579424
2585840207200
1555317754272
2654829382048
1465123161744
2564634789520
1740001068688
2839512696464
1533842638480
2633354266256
1808720545424
2908232173200
1482303030928
2581814658704
2856424458848
1550754400864
2650266028640
1825632307808
2925143935584
1486597211792
2586108839568
1761475118736
2860986746512
1555316688528
2654828316304
1830194595472
2929706223248
1555316509024
2654828136800
1740001135184
2839512762960
2633086174800
1825632242080
2925143869856
1761474922912
2860986550688
2581545519440
1761206764960
2860718392736
1538136836704
1555317476000
2654829103776
1808720628384
2908232256160
1464854022496
2564365650272
1739731929440
2925142559072
1469148645728
2568660273504
1744026634640
2843538262416
1537868204432
2637379832208
1812746111376
2912257739152
1486328596880
2585840224656
1761206503824
2860718131600
2843807728992
2912527467856
1469149972816
2568661600592
1744027879760
2843539507536
2856424130976
1550754072992
2650265700768
1825631979936
2925143607712
2585841257040
2860719163984
1464854792784
2564366420560
1739732699728
1533574269520
1555049106000
1829927012944
2929438640720
1808452437584
2907964065360
1486598325840
2586109953616
1761476232784
2860987860560
1537869497936
2637381125712
1812747404880
2912259032656
1538136574304
1469418472864
1739732649360
2839244277136
1533574219152
2633085846928
1808452126096
2907963753872
2568930100640
1744296379808
2843808007584
1812746044832
2912257672608
1465123162528
2564634790304
1740001069472
2839512697248
1469150038672
2568661666448
1744027945616
2843539573392
1537869515408
2637381143184
1812747422352
2912259050128
1813015840416
2912527468192
1812747356832
2912258984608
2856691599696
1465122195792
2564633823568
1740000102736
2839511730512
1533841672528
2633353300304
1808719579472
2908231207248
1551021541712
1825631013200
2925142640976
1469418194592
2568929822368
1469149711008
2568661338784
1744027617952
2860719163040
1469149971872
2568661599648
1744027878816
2843539506592
1830195726736
2929707354512
1830194596496
2929706224272
2585840420512
1469417343312
1538136820048
1739731929488
2839243557264
1533573499280
2633085127056
2581545519504
1464854742608
2564366370384
1739732649552
2839244277328
1808452126288
2907963754064
1482034611792
1761207486032
1469148907088
2568660534864
1744026814032
1469417359776
2568928987552
1465123439968
2564635067744
1533842916704
2633354544480
1482303309152
2581814936928
1829925963088
1486328579408
2585840207184
1469417409168
2568929036944
1744295316112
2843806943888
2637648513680
1813014792848
2912526420624
1469417081504
2568928709280
1744294988448
2843806616224
1469148923552
2568660551328
1744026830496
2843538458272
1757180937616
1465123161488
2564634789264
1740001068432
2839512696208
1533842638224
2633354266000
1808720545168
2908232172944
1482303030672
2654561012128
1465122392736
2564634020512
1555048254112
2654559881888
1533841869472
2633353497248
1808719776416
2908231404192
1761475904848
2654560666960
1825631978832
2925143606608
1744027600208
2843539227984
1537869170000
1830195448464
2929707076240
1486328595872
2585840223648
1761206502816
2860718130592
1555048072608
2654559700384
1829925979552
2929437607328
1550754155104
2650265782880
1825632062048
2925143689824
1808451389024
2907963016800
1486596966032
2586108593808
1761474872976
2860986500752
2654828070544
1830194349712
2929705977488
1464853677408
2564365305184
1739731584352
2839243212128
1533573154144
2633084781920
1482033546592
2581545174368
1469418392160
2568930019936
1744296299104
2843807926880
1813015775840
2912527403616
1761474873760
2860986501536
2860718130512
1469148726608
2568660354384
1744026633552
2929437607248
1486328595792
2585840223568
1761206502736
1757181216080
1829926962848
1486598064480
2586109692256
1761475971424
2860987599200
1740001396368
2839513024144
1533842966160
2633354593936
1808720873104
2908232500880
1464853693792
2564365321568
1739731600736
2839243228512
1533573170528
1555317753424
2654829381200
2564634789536
1740001068704
2839512696480
1533842638496
2633354266272
1808720545440
2908232173216
1550753368736
2650264996512
1486329628256
2585841256032
1761207535200
2860719162976
1555049104992
1756912568656
1482303309200
2581814936976
1465123177872
2564634805648
1740001084816
2839512712592
2860718065040
1482034596176
2581546223952
1756912503120
2856424130896
2568929757520
1744296036688
2843807664464
1538137606480
2637649234256
1813015513424
1465122391696
1551021525600
2650533153376
1825899432544
2568929838416
1744296117584
1756911781520
2856423409296
1550753351312
2650264979088
1825631258256
2925142886032
1469148972688
2568660600464
1744026879632
2564366370400
1739732649568
1555317474656
2654829102432
2839244277344
1533574219360
2633085847136
1808452126304
2907963754080
2633353497168
1808719776336
2908231404112
1464853957200
2564365584976
1739731864144
2839243491920
1533573433936
2633085061712
1808451340880
2586108856976
1469418391952
2568930019728
1744296298896
2843807926672
1825900414352
2925412042128
1757179889040
2856691516816
2907962688912
1830194660768
2929706288544
1744027862672
2843539490448
1537869432464
2637381060240
1812747339408
2912258967184
1486328793440
2585840421216
1761206700384
2860718328160
1555048270176
1829926226512
2929437854288
2637649562272
1756911453600
1555049104784
1482033563216
2581545190992
1756911470160
2856423097936
1469148661328
1486328515168
2585840142944
1761206422112
2860718049888
1739731600992
2839243228768
1533573170784
2633084798560
1813015513440
2912527141216
1464854808160
2564366435936
1812747355488
2912258983264
1533574284896
2633085912672
1739732896416
2839244524192
1756911470224
2856423098000
1550753040016
2650264667792
1825630946960
2925142574736
1469148661392
2568660289168
1744026568336
2843538196112
2839243557456
1533573499472
2633085127248
2929437870672
1825631275600
2925142903376
1486328859296
2585840487072
1761206766240
1555048336032
2654559963808
1464853694112
2564365321888
1739731601056
2839243228832
1533573170848
2633084798624
1482033563296
2581545191072
1829927029152
2929438656928
1465122392480
2564634020256
1740000299424
1469417163408
2568928791184
1744295070352
2843806698128
1538136640144
2637648267920
1829925898912
1551022836048
2650534463824
1825900742992
2925412370768
1465123424864
2564635052640
1740001331808
2839512959584
1533842901600
2633354529376
1808720808544
2908232436320
1482303294048
2581814921824
1555317818784
1757180938592
2856692566368
1551022508384
2650534136160
1825900415328
2925412043104
2654829446560
2929437526416
1825632306768
2925143934544
1464854727008
2564366354784
1739732633952
2839244261728
1808452110688
2907963738464
1482034596192
2581546223968
2856424130144
1550754072160
2650265699936
1808451389088
1812747077216
2912258704992
1757181282720
2856692910496
1551022852512
2650534480288
1825900759456
2925412387232
2839243491936
1533573433952
2633085061728
1756912764560
2856424392336
1825632241296
2925143869072
2912527485520
2637648202080
1482303097504
2581814725280
1757181004448
2856692632224
1482034939552
2581546567328
1756912846496
2856424474272
1469418146400
2568929774176
1744296053344
2843807681120
1538137623136
2637649250912
1813015530080
2912527157856
1813015857568
2929438837072
2912527485344
1808720627344
2908232255120
1761475134864
2860986762640
1825899629200
1551021720928
1538136902224
2637648530000
1813014809168
2912526436944
2856692910672
1482303375952
2581815003728
1744026896976
1537868122512
1555049056928
2654560684704
1482033810000
2856692827728
1551022769744
2650534397520
1465123423824
2564635051600
1740001330768
2839512958544
1486598325664
2925143606672
2586109953440
1761476232608
2860987860384
2633085060432
1808451339600
2907962967376
1757180167504
2856691795280
1551021737296
2650533365072
1825899644240
2925411272016
1825899382112
2925411009888
1812746045088
1486329891472
2585841519248
1761207798416
2860719426192
1555049368208
1829927275152
2929438902928
1825900694112
2925412321888
1486329563808
1739731929696
2839243557472
1808451406432
2907963034208
1482033891936
2581545519712
1482302310048
2581813937824
1757180216992
2856691844768
1551021786784
2650533414560
1825899693728
2925411321504
1469418146192
2568929773968
1744296053136
2843807680912
1538137622928
2637649250704
1469417358944
2568928986720
1744295265888
2843806893664
1538136835680
2637648463456
1537869186704
2637380814480
2912258721424
1486597031264
2586108659040
1761474938208
2860986565984
1830194414944
2929706042720
1555316754848
2654828382624
1756912584032
2856424211808
1825632060768
2925143688544
2585840224848
1761206504016
2860718131792
1464854989216
2564366616992
1739732896160
2839244523936
1533574465952
2633086093728
1808452372896
2907964000672
1538137885344
2843538524496
1812746373456
2912258001232
1761206765904
2860718393680
1757181281680
2856692909456
1486597212576
2586108840352
1761475119520
2860986747296
1830194596256
2929706224032
2633084865184
1808451144352
2907962772128
1482033629856
2581545257632
1756911536800
2856423164576
1550753106592
2650264734368
2856691796576
2585840404128
1538137933152
2637649560928
1761206683296
2860718311072
1555048253088
2654559880864
1829926160032
2929437787808
2633085127312
1808451406480
2907963034256
1469148710304
2568660338080
1465123424608
2564635052384
1740001331552
2839512959328
1808720808288
2908232436064
1830195463584
2929707091360
1829927225680
1551022852432
2650534480208
1825900759376
2925412387152
1757180234064
2856691861840
2860719442256
1464853694816
2564365322592
1739731601760
1757181020496
2856692648272
2839243229536
1533573171552
2633084799328
1808451078496
2907962706272
1465122196064
2564633823840
1740000103008
2839511730784
1482302065248
2581813693024
1486328514976
2585840142752
1761206421920
2860718049696
1464853694864
2564365322640
1482034677328
2581546305104
1756912584272
1739731601808
2839243229584
1533573171600
2633084799376
1808451078544
1739732895120
2839244522896
1808452371856
2912258966928
2907963999632
1482034857360
1533574530704
2633086158480
1808452437648
2907964065424
2581814920608
1757181199776
2856692827552
1825900676512
2925412304288
1740001068624
2839512696400
2633354266192
1808720545360
2908232173136
1469150020960
2568661648736
1744027927904
2843539555680
1486329842256
2585841470032
2860719376976
1469418391120
2568930018896
1469417407840
2568929035616
2839243540064
1533573482080
2633085109856
1756911453792
2856423081568
1550753023584
2650264651360
2925142558304
1469148644960
2568660272736
1744026551904
1486328777120
1812746357408
2912257985184
1533842900304
2633354528080
1808720807248
2581814920528
1757181199696
1465123423568
2564635051344
1740001330512
2925412304208
2908232435024
1757180233040
1469418407584
2568930035360
1744296314528
2843807942304
1538137884320
2637649512096
1465123161760
1551021475168
2650533102944
1744296053328
2843807681104
1813015530064
2912527157840
1555048073808
1486597294688
1739731602016
2581813691984
1757179971152
2856691598928
1551021540944
2650533168720
1825899447888
2925411075664
1469417162320
2568928790096
1465122376336
2564634004112
1740000283280
2839511911056
1808719760016
1486598079904
2586109707680
1739732649616
2839244277392
1482034611856
2581546239632
2929438853776
1555049122448
2654560750224
1829927029392
2929438657168
2839243229840
1533573171856
2633084799632
1808451078800
2907962706576
1464853695136
2564365322912
1533573171872
2633084799648
1808451078816
2907962706592
1482302064288
1469149776224
2568661404000
2581813692064
1757179971232
2856691599008
1551021541024
2650533168800
1825899447968
2925411075744
1829926241696
2929437869472
1830194334032
2929705961808
1486328792400
2585840420176
1555048269136
2654559896912
1829926176080
2929437803856
1469148973728
2650264651408
2929437525584
2860718048848
1555047990864
1486328514128
2585840141904
1761206421072
1537868203424
2637379831200
2633084864928
1482033629600
2581545257376
1756911536544
2856423164320
1550753106336
1486597294480
2586108922256
1830194678160
2929706305936
1486596966048
2586108593824
1813015577952
2912527205728
1486596966816
1739732699744
2839244327520
1533574269536
2633085897312
1808452176480
2907963804256
1812747094368
2912258722144
1551022851680
2650534479456
1761474923152
2860986550928
1761206765200
2860718392976
1555048334992
2654559962768
1756911453856
2856423081632
1550753023648
2650264651424
1825630930592
2925142558368
1464855005792
1739732912736
2839244540512
1533574482528
2633086110304
1555048007328
2654559635104
2839244522848
1533574464864
2633086092640
1808452371808
2907963999584
1825899448672
2925411076448
1813014546784
2912526174560
1486597032288
2586108660064
1761476233808
1537869171088
2637380798864
1812747078032
2912258705808
1825900415376
2925412043152
1538137606544
2637649234320
1813015513488
2912527141264
1761206683280
2654829103712
2839244539216
1533574481232
2633086109008
1756912780624
2856424408400
1825632257360
2581546501456
1744027616928
2843539244704
1812747093664
2912258721440
1537868203408
2637379831184
1829925979536
1533574219424
2633085847200
1756912518816
2908231404176
1761475136144
2860986763920
2929706240656
1465122392720
2564634020496
1533841869456
2633353497232
1808719776400
1744295266960
2650534200976
1555317820064
2654829447840
2843807680080
1538137622096
2637649249872
2929707009440
1757180937632
2650534135200
1825900414368
2925412042144
1757179970896
2856691598672
1825899628944
2925411256720
1486597212560
2586108840336
1555316689296
2654828317072
1830194596240
2929706224016
1825899431248
2925411059024
1739732698448
2839244326224
1808452175184
1469417145680
1744295052624
2843806680400
1538136622416
2637648250208
1482033825424
1756912567648
2856424195424
1825632044384
2925143672160
1482302065232
1757181003104
2856692630880
1551022572896
1537868204624
2637379832400
2912257739344
1465122196048
2564633823824
2637379816016
1464854792544
1551022508448
2650534136224
1825900415392
2925412043168
2564366420320
1486597999008
2586109626784
1829926947232
2929438575008
1555317475744
1825899644576
1486597228192
1757181200976
1813015790944
1486598276448
2586109904224
1555317753184
2654829380960
1830195660128
2929707287904
1829927224672
2929438852448
2654828333728
1555316705952
1744026831520
2843538459296
1537868401312
2637380029088
2856423361184
1830194612896
2929706240672
1469417360032
2637380863376
1756911519120
2856423146896
1550753088912
2650264716688
1825630995856
2925142623632
1486328579472
2585840207248
2860987598224
2564633806240
1740000085408
2839511713184
1533841655200
2633353282976
1486328579488
2585840207264
1829926176144
2929437803920
1825632044448
1551021737360
2650533365136
1482302260624
2581813888400
1555049104720
2654560732496
1829927011664
1482034660688
2581546288464
1550754137424
2650265765200
1825632044368
2925143672144
1761206504032
2860718131808
1812746095248
2912257723024
1829925980768
2929437608544
1757179972192
2856691599968
1486597032544
2586108660320
2925142624912
1486328580752
2654560749904
1830194677328
2929706305104
2650533153360
1551021525584
1482302048848
2581813676624
2839511729488
1744295069008
2843806696784
1538136638800
2637648266576
1482302063952
1761474938192
2650265962144
1464854988448
1555049301664
2654560929440
1464854021712
2564365649488
1739731928656
1756911797840
2856423425616
1550753367632
2650264995408
1537868400032
2586108855712
1757180167584
2856691795360
1551021737376
2650533365152
1825899644320
2925411272096
2581814920800
1486598260320
2586109888096
1761476167264
2860987795040
1555317737056
2654829364832
1538136835488
2637648463264
1469417358752
2568928986528
2654559896992
1813014742432
2912526370208
1761206699424
2860718327200
1486597227936
2860718311056
1756912585056
1830194349456
2929705977232
1537869449872
2637381077648
1740001348240
2839512976016
1808720824976
2908232452752
1744296315536
2843807943312
1538137885328
1469149955680
2568661583456
1464855005584
2860718393696
1538136638816
2637648266592
2637649513104
1813014545760
2912526173536
1744295069024
2843806696800
1464853759328
1813015792272
1538137688656
2637649316432
1813015595600
2912527223376
1740001151568
1533842721360
2633354349136
1756912585296
1551022590544
2581813676368
2856691583312
1555316492624
2654828120400
1482033890640
2581545518416
1486328857936
1829926241616
2929437869392
1469149973152
2568661600928
2843539507872
2860719377056
1829927226016
2929438853792
1740001348256
2839512976032
1464853759648
2564365387424
1739731666592
1533573236384
2633084864160
2839511713360
1808719562320
2908231190096
1555316491856
1469417145936
1486597015120
2586108642896
1756912567904
2856424195680
1550754137696
2650265765472
1825632044640
2925143672416
2581814724192
1551022573152
1757181199712
2856692827488
1486598260064
1482302064224
2581813692000
1486598276496
2586109904272
1808452388240
2907964016016
1465123440016
2564635067792
1740001346960
2839512974736
2637648448160
1812747355536
1482302245536
2581813873312
1757180152480
2856691780256
1551021722272
1757181020768
2856692648544
1551022590560
2650534218336
1825900497504
2925412125280
1533842720144
2633354347920
2908232254864
1744026617488
2843538245264
1812746094224
1486328579728
2585840207504
2860987598480
1555317540496
2654829168272
1830195447440
1551022786960
2650534414736
1825900693904
2925412321680
1744027682128
2843539309904
1756912584016
2856424211792
1740001150288
2839512778064
1830195463504
2929707091280
1740000282256
1533573220000
2633084847776
1808720610976
2908232238752
1482303096480
2581814724256
1825899448976
2925411076752
1830194416272
2929706044048
1482302309792
2581813937568
1533574481312
2633086109088
1482034873760
2581546501536
1469418407328
2568930035104
1464853759392
2564365387168
1739731666336
2839243294112
1744027666016
2843539293792
1812747142752
2912258770528
1756912765536
2856424393312
1550754335328
1808451390032
2907963017808
1486328776336
1757179970912
2856691598688
1825899447648
2925411075424
1469417343392
2568928971168
1744295250336
2843806878112
1538136820128
2637648447904
1757180152224
2856691780000
1739732714848
2839244342624
1482034677088
2581546304864
1538137687392
2637649315168
1744295332176
1813014808912
2912526436688
1482033891664
1829926242640
1538136640160
1825631013536
2925142641312
1757179972256
2856691600032
1533573237408
1486597032608
2586108660384
1469149776528
2568661404304
1812747160208
2912258787984
1825632062096
2925143689872
1465122375248
1825899627920
2925411255696
1482302244240
2581813872016
1482302064016
2581813691792
1469417162128
2568928789904
1825631012240
2925142640016
1825900497488
1757181020752
2856692648528
1482302064032
2581813691808
1550753352016
2650264979792
1464854006096
2564365633872
1808451389776
2907963017552
1482302327136
2581813954912
2633084848800
1808451127968
1744026618528
2843538246304
1812746095264
2912257723040
1739732961888
2839244589664
1744295053920
2843806681696
2925411060320
1813014530656
2650533168544
1825899447712
2925411075488
1744026633632
2843538261408
1486597031328
2586108659104
2581813889376
1537869253008
2637380880784
1812747159952
2633085126240
1464854808976
1550754155152
1464854809232
2564366437008
1825900497552
2925412125328
1830195464848
1808451126928
2907962754704
1756911519376
2856423147152
1825630996112
2925142623888
1538137688400
2637649316176
1533842721104
2633354348880
2637648250448
1813014529616
2912526157392
2650533152336
2564633806416
1740000085584
1469148711248
2568660339024
1829925915216
1825630947920
1808451127712
1829925964192
2929437591968
1830195661472
2929707289248
1464853678416
2564365306192
1465123162448
1464854726992
2564366354768
2637379750224
1757180938576
2856692566352
1533574203728
2633085831504
1739732978000
2839244605776
1756912847184
2856424474960
1825632323920
2856424213152
1825632062112
2925143689888
1829927029408
1812747422048
2912259049824
1555047991648
2586109626720
2650264652128
1761207470432
2860719098208
1761474922848
2860986550624
1465123178128
2564634805904
1486328857952
1464854807952
2564366435728
2907963819408
1739731649936
2839243277712
1533573219728
2633084847504
1808451126672
2907962754448
2568660338064
1744026617232
2843538245008
1830195382672
2929707010448
1757179890064
2856691517840
1825899366800
2925410994576
1486597293392
2586108921168
2564633806160
1740000085328
2839511713104
1533841655120
2633353282896
1808719562064
2908231189840
2925143868816
1538136557984
1486329563552
1555049040288
2839244605792
1482034940256
2581546568032
1464855071312
2564366699088
1555049384528
2654561012304
1756912847440
2856424475216
2637381143120
1812746029648
2912257657424
1550753024592
2929705962064
1538136558160
2637648185936
1813014465104
2912526092880
2650264652368
1825630931536
1469418408352
2568930036128
1537869252000
2637380879776
1740001150368
2839512778144
2839511910752
2633353480544
1808720823696
2908232451472
1533573483104
2633085110880
2907963017824
1537868450400
2637380078176
1812746357344
2912257985120
1550753024608
2650264652384
1482301983328
2581813611104
1555316771232
2654828399008
1830194678176
1465122458016
1740000364960
2839511992736
1469148989856
1533573154128
2633084781904
1825899365712
2925410993488
1482301982032
2581813609808
2856691516752
1551021458768
2929438657184
1739732716192
2839244343968
1537869253280
1761206699664
2860718327440
1464854005328
2564365633104
2839243540048
1533573482064
2633085109840
1808451389008
2907963016784
1469148972624
2568660600400
1538136819104
2637648446880
1486598081120
2586109708896
2929707092576
2860987796048
1537868122704
2637379750480
1464853678672
2564365306448
1808720546384
1744027682448
2843539310224
1830195382880
2929707010656
1761474857568
2860986485344
1830194334304
2929705962080
2925142559328
1469148644704
2568660272480
2929707272848
1486328513888
1761206420832
2860718048608
1555047990624
1808452438624
2907964066400
1761475906128
2860987533904
1744027601488
2843539229264
1537869171280
2637380799056
1812747078224
2912258706000
2586108578448
1761474857616
2860986485392
1482033547920
1756912847248
2856424475024
1825632323984
2925143951760
1533574285728
2633085913504
1537869253024
2637380880800
1813014726288
2912526354064
1757180938912
1482033547936
2581545175712
1756911454880
2856423082656
1825630931616
2925142559392
2843807991392
1813015840352
2912527468128
1757181020512
2856692648288
1551022590304
2650534218080
1813015595360
2912527223136
1829927029088
2929438656864
1486597015136
2586108642912
1533573171808
2633084799584
2856423098976
2650264668768
1739732634208
1533574204000
1808452110944
1537869171296
1469418210640
1757181019472
2856692647248
1825900496208
2925412123984
1808719824528
2908231452304
1761476168080
2637381142944
1830195726752
2929707354528
1740000020128
2839511647904
1537868187984
2637379815760
1812746094928
2912257722704
1533573220688
2633084848464
1533573498528
1829926946128
2929438573904
1740001068368
2839512696144
2633354265936
1482033629584
2581545257360
1756911536528
1744026568272
2843538196048
1551021525344
1825899432288
2925411060064
1538136623456
2637648251232
1533841656160
2633353283936
1537868383888
2637380011664
2586109904544
2929437590944
1482033612192
2581545239968
2925143624032
1812746094992
2912257722768
1555316492688
2654828120464
1757179954528
2856691582304
1825899431264
2925411059040
1756911470944
2856423098720
1482303097248
2581814725024
1482301983072
2581813610848
1829926946144
2929438573920
1739732632928
2839244260704
1486329907808
1555048253776
2654559881552
1829926160720
1486328515232
2585840143008
2929437526688
1482301983392
2581813611168
1757179890336
2856691518112
1808719512912
2908231140688
1830194611808
2929706239584
1761475135072
1825631209056
2925142836832
1829927013008
2929438640784
2929437525392
2860987599440
2929707076176
2654559634768
1756912846416
2856424474192
1829927290448
2929438918224
2650266043984
1825632323152
2925143950928
2860718311776
2929437788512
1756911716704
2856423344480
1551021721952
2650533349728
1486597212512
1469418408272
2568930036048
1465122392656
2564634020432
2843538441552
2912257918288
2856692827472
1537869515104
2637381142880
2856423081376
1533841589664
2633353217440
2654828053920
2860986484128
1756911535696
2856423163472
2843539294608
1482034661776
2581546289552
1808720807264
2908232435040
1482303292768
2581814920544
1744027878992
2843539506768
1825632257616
2925143885392
1829927224912
2929438852688
1538136819280
2637648447056
1551022573904
2650534201680
2929438656160
1812746095184
2925142559312
1756911454800
2856423082576
1829925898832
2929437526608
1486328515152
2585840142928
2568928970128
1538136819088
1555048336016
2654559963792
1465122375072
2564634002848
1740000282016
1551022589536
2650534217312
1538137687648
2637649315424
1830195463776
2929707091552
1830195645088
2929707272864
1757181201056
2650534398624
1813015775904
1469417425488
2568929053264
2586108922448
1464854989136
2564366616912
1812747078304
2912258706080
2637649234592
1740001347168
2839512974944
1550754350688
1808720611984
2908232239760
1469149760144
2568661387920
2654828333408
1550754071952
2650265699728
1486596950624
2586108578400
1555317737104
2654829364880
2856423360144
1825630947984
2925142575760
1744026814880
2843538442656
2637380012448
1829927028128
2929438655904
1555316427152
1551022835280
2650534463056
1550754400848
2650266028624
2585841519184
2929706042960
1740001150304
2839512778080
1813015594336
2912527222112
2925412305312
1538137605536
2637649233312
1830195381664
1830194416288
1551021722000
1555316704928
2654828332704
1537868400288
2637380028064
2564634003024
1740000282192
2839511909968
1533841851984
2633353479760
1469417162384
2568928790160
1744295053648
1761206487376
2860718115152
1739731666528
2839243294304
1533573236320
1812747339360
2912258967136
2912257919392
2929437788576
2637381126480
2633354528400
1757179972000
2856691599776
1813014546848
2912526174624
1538137672288
2637649300064
1808719759008
2908231386784
1757180151456
2856691779232
1551021721248
2650533349024
1465122375328
1830195644064
2929707271840
1482302048608
2581813676384
1761207535248
2860719163024
1465122112928
2564633740704
1813015578192
2912527205968
1482303112784
2581814740560
1469148906896
2568660534672
2908231451984
1538136884560
2637648512336
1761207732624
2654560930192
2581546289568
2654560733600
1469149759904
2568661387680
1744027666848
2843539294624
1555049318048
2654560945824
1533573481824
1830195448160
2929707075936
1757181004128
2856692631904
2929438917984
2856424196432
1550754138448
1537868466848
2637380094624
2633085127328
1829926242976
2929437870752
2581546550672
1482303112800
2581814740576
1757180234320
2856691862096
1537868466768
2637380094544
1533842703696
2633354331472
1533573154384
2633084782160
1465123505488
2564635133264
1744026551888
1537869236576
1812747143520
2912258771296
1550753368672
2650264996448
1744027600464
2843539228240
2637380798032
2568660617632
2650533430608
2637379831456
1465122195104
2843806959968
1744295332192
1555047990608
2654559618384
2564365305168
2839244588624
1830195643808
2929707271584
1551021802832
1830194677072
2929706304848
1469417424208
1465122456912
2564634084688
2568929051984
1757179955616
2856691583392
1829926225488
2929437853264
1550753351248
1825631274336
1740000363872
2839511991648
1537868449376
2637380077152
2839511910032
1808719758992
2908231386768
1825632061072
2925143688848
2581814740624
1813014791824
1464854005392
2564365633168
1533573482128
2633085109904
1533841917600
2633353545376
1830195710560
1756912503376
2929707338336
1739732978272
2839244606048
1825632324240
1533841590928
1555316508064
2654828135840
1830194415008
2929706042784
1465122194848
2564633822624
1744296101472
2843807729248
1538137671264
2637649299040
1756912568720
1550754138512
2650265766288
1533841918544
2637380880032
1744296117920
2843807745696
1829927028384
2856424196512
2650265766304
2564366420384
1825632322912
2925143950688
2637649577312
2585841534304
1550753352080
1555316771488
1533573499552
2568929053344
1538136902304
2637648530080
1829925897808
1538136885584
2637648513360
1551021787472
2650533415248
1808452127072
2907963754848
2860718392720
2637380093600
1808451405472
2907963033248
2929705960784
1830194398864
2929706026640
1538136622736
2637648250512
1756911471248
2856423099024
1830194677152
2929706304928
1469417097808
2568928725584
1740000086432
2839511714208
1813014530464
2856423344464
1756911716688
2929706223952
2912257672544
2654828397920
1555316491664
2654828119440
1830194398608
2929706026384
2839511713168
1537869515424
2637381143200
1538137950880
2637649578656
2856424131152
1825631980112
2925143607888
1829926947408
2912526419552
2637649577376
2581814675024
1555049040208
1829926947152
1537869171024
2637381061200
1812747340368
2912258968144
2564634003040
2856692910416
1538136884816
2637648512592
1482302309968
2581813937744
1761207552416
2654559881808
2929707272784
1464854989392
1465122374992
2564634002768
1533841851728
1555316704912
1825899694432
2925411322208
1482303096224
2581814724000
1829927209616
2564634872224
1757181020576
2856692648352
1551022590368
1533841917264
2633353545040
1538137687712
2637649315488
1825899431584
2925411059360
1537868384928
2637380012704
2564366617168
1830195645008
1829927209552
2929438837328
1555317738064
1465122129296
2912527222160
2637380077904
2843806943584
1761207798112
2860719425888
1555049367904
2654560995680
1550754334096
2929438837344
1465122178464
2929438574240
2929437541776
1829925914000
2929438574160
2650264717904
1465122129232
1465123505744
2564635133520
1464853940896
2564365568672
1482302326432
2581813954208
1761476249952
2860987877728
1744296380768
2843808008544
2633354332560
1469417145696
2568928773472
1464853742944
2564365370720
2637648250256
2564365370784
1830194595232
2856692647584
2585840470608
1830194334288
1830195645072
1813014792800
2912526420576
1829927275104
1761475118688
2860986746464
2564633806176
1757181266576
1761206749840
2860718377616
1825632307856
1744027929232
1757179890000
1744296101200
2637380798800
2912258705744
1756912568672
2856424196448
2908231387536
2856692828752
1551022770768
1825900677712
2564633822880
1533841671840
2633353299616
1555316754768
2654828382544
1555048254032
1482301998432
2843808008864
1464853940560
2564365568336
1744027667088
2843539294864
1813015579280
2912527207056
1533842901584
2633354529360
1533841935008
2912526437024
1825631996304
2925143624080
2929438574928
2929706042704
2568928708176
1825632307536
2925143935312
1756911535520
2856423163296
1757179970976
1825632307552
2925143935328
2650533086544
1830194333008
1465122112848
2564633740624
1550753367712
2912257918544
1757181281952
2856692909728
1829926963600
2637379749200
1537868121424
1757180233376
2856691861152
1825899710112
2925411337888
1537868383824
2637380011600
1812746290768
1829926159952
1739731863136
2839243490912
1465123490448
1538136639136
2637648266912
1533842639184
1538137868880
2637649496656
2912527403600
1830195464608
2929707092384
1537868383904
2568660338272
2908232518304
2637649233488
1537868122784
2637379750560
1538136884896
2637648512672
1555316688464
2654828316240
1538136638880
2637648266656
2637380028000
1813015841424
2912527469200
2912526355024
1555316689488
1829927291552
2929438919328
2568660600224
1537868465824
1538136901280
2637648529056
1538136835728
2637648463504
1756912585120
2856424212896
1830195727008
2929707354784
