353649744
93718800
93719056
93718816
93719072
89295120
93489424
93489472
94521728
93980816
89228576
89229856
89229840
89212192
89228672
89228832
93980768
94472768
94472832
94472736
93423120
93423136
89229584
89229600
93424144
93424160
93472320
89212448
89228928
89294368
89295136
89295376
89295392
93489680
93489728
110266896
110659728
110659968
111315472
94521984
93489696
93980832
110659744
93489792
110266912
110660224
111315488
93472384
90278432
89213472
89229952
90262048
90278528
90343968
94538112
111315232
93473312
94538368
93424256
89228864
93472272
93423168
94472512
94538048
93472288
93718624
93718688
93473296
94472720
94521872
94521888
89229888
93424192
90278272
94521920
94472576
110659200
89213456
90262032
90261792
93488768
93423232
94538304
111446656
111708800
93488512
93489536
93488704
93488672
110265888
94472480
93489440
93422976
89229632
89229696
93422880
90278176
110659680
89212432
90261776
90278464
94538272
111446400
178424352
