1104143451200
1108505790528
2208017418304
1104479258688
2203990886464
1108774225984
2208285853760
1104144762944
2203656390720
1108439730240
2207951358016
1104413198400
2203924826176
1108708165696
2208286640192
2203656128640
2208286640256
2208285852800
1104412935232
2203924563008
1108707902528
2208219530304
1104412935296
2203924563072
1108707902592
1104210822208
2203722449984
1108505789504
2208017417280
1104479257664
2203990885440
1108774224960
2208285852736
1104144761920
2203656389696
2203722450048
1108505789568
2208017417344
1104479257728
2203990885504
1108774225024
1104211609728
2203723237504
1108506577024
2208018204800
1104144761984
1104480044096
2203991671872
1108775011392
2208286639168
2203656389760
1108439729280
2207951357056
1104143451264
2203655079040
1108438418560
2207950046336
1104411886720
2203923514496
1108706854016
2208218481792
1104210560128
2203722187904
2203722188864
2208017156160
1104144500800
2203656128576
1108439468096
2207951095872
1104413197440
2203924825216
1108708164736
2208219792512
1108505527424
2208017155200
1108775273600
2208286901376
1104412148864
2203923776640
1108707116160
2208218743936
1104210822272
2208219530368
1108774226048
2208285853824
1108505528448
2208017156224
1104478996608
2203990624384
1108773963904
2208285591680
1104144500864
1104210823296
2203722187840
1108505527360
1104412936320
2203924564096
1108707903616
2208219531392
1104480045184
2203991672960
1108775012480
1108439468160
2207951095936
2208218743872
1104143713344
2203656127552
1108439467072
2207951094848
1108439729216
2207951356992
1104211608640
2203723236416
1108506575936
1108505790592
2208017418368
1104143714432
2203655342208
1104479258752
2203990886528
1104412936256
2203924564032
1108707903552
2208219531328
1104211609664
2203723237440
1108506576960
2208018204736
1104480307264
2203991935040
1108775274560
2208286902336
1104143714368
1108438681664
1104210823232
2203722451008
1108775274624
2208286902400
2203722451072
2203991935104
1104480307328
2208017155136
2203655078976
2207950046272
1108438418496
1104411886656
1104480306240
2203991934016
1108775273536
2208286901312
1104143452288
2203655080064
1108438419584
2207950047360
1104143452224
2203655080000
1108438419520
2207950047296
1104480306304
2203991934080
