5479073872
5479073888
5474699776
5475764480
5479942400
5479958784
5474714880
5655496993
5655496225
5655496994
6603016712
6619793928
5479991840
6553733640
6604065288
6620842504
5462099204
5474690304
5478880512
5478884608
5462104320
5474691328
5478881536
5478885632
5462103552
5474879560
5474879632
5541824000
5546001920
5546018304
5547051520
6549547520
6553737728
6553741824
5474752000
5463148808
5479926024
5479934208
5545994752
5463157248
5479991560
5479934464
5547043328
5479999744
5547035144
5478892800
5655496210
5655496226
5478893824
5671917056
5671904768
5671921152
5478893056
5672888576
5541792032
5672282244
5673069057
5673323017
5542840608
6598830592
6603020800
6603024896
5541857568
6598822432
5547100704
6620842528
6620875264
10915809800
6553077896
6620186760
5480024576
6604065312
6620850688
5672872449
5672872450
5479352448
6553081984
5474751744
5475141704
5478942984
5457905928
5474683144
5478941960
5458954504
5474887808
5475739904
5479082112
5463214600
5479991816
5480000000
5547100680
5545985296
5655501314
5655513602
5656545798
5546002688
5673077250
5672290818
5673323026
5924526594
5479995904
5541792264
5545986564
5545986568
5479106688
5542840840
5547035140
5546002944
5546019328
5541857824
6615599648
6615992480
5479073952
5672872456
5924530690
5924596226
5480024320
5941402112
5941389824
5941406208
5479336096
6603016736
6552685060
6552685064
5474683424
5671885314
5672868354
5672933890
5475732000
6548891776
6553086080
5474748960
6548490760
5457905156
5462166020
5462166024
5457970692
5457970696
5462164996
5462165000
5457975808
5457979904
5462170112
5479368768
6553086016
6603049216
6620194880
5545986320
5672278152
5673064962
5673323014
5547034896
6548498944
6552689152
6552693248
5546051856
6548883592
5474715904
5672274020
5672274024
5474715136
5672282180
5671917824
5672282184
5474716160
5672901120
5671922176
5672970752
5462100228
5474690560
5478880768
5478884864
5463148804
5474691584
5478881792
5478885888
5462165764
5462107648
5545986312
5462108672
5479073936
5475813632
5475830016
5480007936
5541791008
5475141792
6615992456
5475830272
6599871008
6616656384
5475141768
5541857800
5459020296
5475797512
5475805696
5542906376
5541825024
5932980736
5681322496
5541791264
5672933640
5672937732
5672937736
5541890304
6616025152
6615632128
6620219456
6553077892
5478877712
5671889409
5672937985
5479926288
6553668100
6603033088
6603049472
5478876680
5478950144
5479336068
5479336072
5475801600
5474747912
5474756096
5541856776
5475149952
5474757120
5541865984
5474683168
5457905160
5474682376
5474755840
5541791240
5457979648
5475149888
5474756864
5541865728
5673323018
5462099460
5462099464
5457975552
5462169856
5462173952
5457906180
5457906184
5462100484
5478877472
5474764032
5671918080
5672966656
5545985312
5474765056
5541824768
5546019072
6553077828
6553077832
5479942656
6549481984
6553672192
6553676288
5478976000
6619802112
5478877448
5924592136
5924596228
5924596232
5546068480
5924595976
5475141728
6598822176
6548883528
6603016480
5475764736
6599813632
6604007936
5478876676
5478946048
5545985540
5479340096
6619793952
5542906400
6616648224
6616680960
5542840864
6616025216
6616680704
6620219520
5479368832
5546051104
5941373441
5941373442
5546084864
6619826688
5475174464
5479352384
5474683408
5671889410
5475174528
6553668104
5478877728
5475158144
5479926304
5478943248
5462165768
6620858880
5474781696
6615607808
5541791248
5545985552
5545985568
5541856800
5672933896
5672937988
5672937992
5541890560
6615632384
5478974720
5474781440
5478959360
5478975744
5474879648
5546052100
5546052104
5479991584
5547100676
5462100232
5457910272
5462099208
5479336004
5479336008
5463153152
5475740160
5479073864
5462104576
5478876424
5545985288
5462108416
5672307202
6619798016
5478958336
5655529985
5655505410
5655529986
5656545802
5478894080
5672888832
5671905792
5672954368
5478909184
5655497250
5478910208
5672274088
5478909440
5672904960
5479082048
5545994496
5928790528
5932984832
5474683400
5474879624
5458954760
5475731976
5475805440
5457971720
5474748936
5458962944
5457971460
5474879584
5672905216
5479336016
5479336032
5475748352
5479959040
5474780416
6620194944
5462174208
5457971716
5459020292
5463214596
5474682384
5474682400
5478876688
5478876704
5475158080
5458958848
5475801344
5479995648
5479336080
5475813888
5480008192
5541792288
5941369346
5541874176
5474748944
5546068224
6619810048
6619826432
6620809728
5672872194
6553081920
6603032832
5478943264
5475797520
5475797536
5479991824
5474747936
5478942224
5478942240
5545986336
5672282248
5673069058
5546051076
5546051080
5479926048
5546056192
5546060288
5478943008
5474752768
5478947072
5478951168
5546051848
5547034912
5681326592
5673093634
5673323042
5924592130
5681326336
5541873920
5546084608
5541792272
5545986576
5545986592
5547035152
5672937986
6603999752
5474912320
5474682144
5478876448
5546051872
6620186720
5547067904
5671921920
5672970496
5478910464
5479073924
5463149060
5479926276
5478943236
5479991812
5545985544
5474683396
5478877700
5478877704
5479926280
6604065296
5672872452
5677132032
5677132288
6603016720
5475141712
5479344192
5546060032
5479344256
5478951424
5478942216
5478950400
5474879620
5479073928
5541857808
5546052112
5546052128
5542906384
5547100688
5546051088
5478941984
5458954756
5474912384
5474748704
6620186696
6620785152
5672954112
5478943240
5475797280
5478942212
5475145856
5479340160
6603016708
6553733636
6604065284
5671889154
5672937730
6620875008
7015148032
5547035168
5474748680
5475797256
5474764288
5474765312
5462100488
5463149064
5478958592
5478959616
7015115266
6620186768
6620186784
5924981258
6620776992
5655505409
5656545801
5673093633
5672307201
5673323041
5672868360
5478946304
5474753024
5478947328
5475141764
5457914368
5457914112
5474887744
5457913344
5457971464
5457910016
5457905924
5457904904
5474682120
5457904900
5478974976
5671885058
5671889153
6548891712
5474698496
5474699520
5474698752
5475141776
5542873600
5479930368
5546055936
5671905536
5672872193
5479106624
6619810304
6549539336
6847334562
5474780672
5924595972
