292411425872
584554416272
309658667104
584536574048
292747233376
567625140320
309927102560
584805009504
567574546512
309876508752
584754415696
309658404944
584536311888
292746971216
567624878160
309926840400
584804747344
292411426896
584469464224
292680123552
567558030496
309859992736
584737899680
292478796944
567356703888
292429531232
567307438176
309609400416
584487307360
292697966688
567575873632
309877835872
584755742816
309928150096
584806057040
584537621584
292748280912
567290643536
309592605776
584470512720
292681172048
567559078992
309861041232
292697965712
567575872656
309877834896
584755741840
292411688032
567289594976
309591557216
584469464160
292680123488
567558030432
309859992672
584737899616
309659469984
584537376928
292747232336
292478796880
309592343648
584470250592
292680909920
567558816864
309860779104
584738686048
292479583328
567357490272
309659452512
584537359456
292411689040
309591558224
292680124496
567558031440
309859993680
584737900624
292478797904
567356704848
567307438240
309609400480
584487307424
567307159632
309609121872
584487028816
292429252688
309659469920
584537376864
292748036192
567625943136
309927905376
584805812320
292495575200
567373482144
309675444384
584553351328
292764010656
567641917600
309943879840
584821786784
292696639584
567574546528
309876508768
584754415712
292495312992
567373219936
309675182176
584553089120
292763748448
567641655392
309943616656
584821523600
292746970256
567624877200
309926839440
584804746384
292428203152
567625942160
309927904400
584805811344
292495575136
567373482080
309675444320
584553351264
292764010592
567641917536
309943879776
584821786720
292681172064
584537621600
292748280928
584554398816
292496622688
567374529632
292697966752
567575873696
309877835936
584755742880
292412490848
567290397792
309592360032
584470266976
292680926304
567558833248
309860795488
584738702432
292428465312
567306372256
309608334496
584486241440
292696900768
567574807712
309876769952
584754676896
584805811280
309659468880
584537375824
292495574160
567373481104
309675443344
584553350288
292411705424
567289612368
309591574608
584469481552
292680140880
567558047824
309860010064
584737917008
292411689056
567289596000
309591558240
584469465184
292680124512
567558031456
309859993696
584737900640
292478797920
567356704864
292428465296
567306372240
309608334480
292411688080
567289595024
309591557264
584469464208
292496378016
567374284960
309676247200
584554154144
584821785680
292495574096
567373481040
292696638624
567574545568
309876507808
584754414752
292495312032
567373218976
309675181216
584553088160
292763747488
567641654432
292496377952
567374284896
309676247136
584554154080
292764813408
567642720352
309944682592
584822589536
584554136672
292429268128
567307175072
309609137312
584487044256
292697703584
567575610528
584755479712
292496376976
567374283920
309676246160
584554153104
292764812432
567642719376
309944681616
584822588560
292428482704
567306389648
309608351888
584486258832
309944666192
584822573136
292697688144
567575595088
309877557328
584755464272
292681173072
584470250576
292680909904
567558816848
584738686032
292479583312
567373235280
292765058128
567642965072
309944927312
292429268064
567307175008
309609137248
584487044192
292697703520
292746970208
567624877152
309926839392
584804746336
292428203104
567306110048
309608072288
567575610464
292764812368
567642719312
309944681552
584822588496
292496376912
567374283856
309676246096
584554153040
292411688096
567289595040
309591557280
292428482640
567306389584
309608351824
584486258768
292696918096
567574825040
309876787280
584754694224
567625925776
309927888016
584805794960
309675197584
584553104528
309658666128
584536573072
292747232400
567625139344
292411425952
567289332896
584469202080
292679861408
567557768352
309859730592
584737637536
584822572128
292764796000
567642702944
309944665184
292746987664
567624894608
309926856848
584804763792
292478552208
567356459152
292496623696
567374530640
309676492880
584554399824
292697950288
567575857232
309877819472
584755726416
292765059152
567642966096
309943616672
584821523616
292478552144
567356459088
292763763792
567641670736
309943632976
584821539920
567356458064
309675197520
584553104464
292696654928
567574561872
309876524112
292429514896
567307421840
309609384080
584487291024
567557784720
309859746960
584737653904
292412475488
567290382432
309592344672
584470251616
292680910944
567558817888
309860780128
584738687072
292479584352
567357491296
292496360592
567374267536
309676229776
584554136720
292429251728
567307158672
309609120912
584487027856
292495311968
567373218912
309675181152
584553088096
292748298400
567626205344
309928167584
584806074528
292429514832
567307421776
309609384016
584487290960
292411442256
567289349200
309591311440
584469218384
292679877712
567557784656
309859746896
584737653840
567574546576
309876508816
584754415760
292763748496
567641655440
309943617680
584821524624
567289333904
309591296144
584469203088
309659732064
584537639008
292748298336
567626205280
309928167520
584806074464
292495590480
567373497424
584553366608
567625155664
309927117904
584805024848
584737915984
567356720208
292748019856
567625926800
309927889040
584805795984
292412737632
567290644576
309592606816
584470513760
292479846496
567357753440
292428220576
567306127520
584485996704
292696656032
567574562976
309876525216
584754432160
292496622736
567374529680
309676491920
584554398864
292697949328
567575856272
309877818512
584755725456
292765058192
567642965136
292748297360
567626204304
309928166544
584806073488
584804762720
567289349216
292495328352
567373235296
309675197536
584553104480
309876524128
584754431072
292763763808
292748036256
567625943200
309927905440
567625926736
309927888976
584805795920
292428220512
567306127456
309608089696
584485996640
292696655968
567574562912
309876525152
584754432096
292479861840
567357768784
292428466320
567306373264
309608335504
584486242448
292495575184
567373482128
292764010640
309943879824
292412474512
567290381456
309592343696
584470250640
292428219536
567306126480
309608088720
584485995664
584806073424
292763764816
567641671760
309943634000
584821540944
292496640160
567374547104
309676509344
584554416288
292765075616
567642982560
584822851744
292696639648
567574546592
309876508832
584754415776
292495313056
567373220000
309675182240
584553089184
292763748512
567641655456
292412474448
567290381392
309592343632
309591573600
584805812384
584754431056
584806058064
309675460688
584553367632
584536574032
292747233360
567625140304
309927102544
584805009488
309608073296
292411426912
292679862368
567557769312
309859731552
584737638496
292478535776
567356442720
292478796960
292412736672
567290643616
309592605856
584470512800
292681172128
567559079072
309861041312
584738948256
292479845536
567357752480
292496640096
567374547040
309676509280
584554416224
292765075552
567642982496
309944944736
584822851680
292429531280
567307438224
309609400464
584487307408
309876770960
292429252768
567307159712
292411426976
567289333920
584469203104
292679862432
567557769376
309859731616
584737638560
292478535840
567356442784
309676230800
584554137744
292764797072
567642704016
309944666256
584822573200
292429530272
567307437216
309609399456
584487306400
292697965728
567575872672
309877834912
584755741856
292765074576
567642981520
309944943760
584822850704
292747232352
567625139296
309927101536
584805008480
309877573792
584755480736
567289596064
584469465248
292680124576
567558031520
309859993760
584737900704
292478797984
567356704928
292429252704
567307159648
309609121888
584487028832
292697688160
567575595104
309877557344
584755464288
292764797008
567642703952
292429530208
567307437152
309609399392
584487306336
292697950304
567575857248
309877819488
584755726432
309676508240
584470266960
292680926288
567558833232
309860795472
584738702416
292479599696
567357506640
292748035152
567625942096
309927904336
292748035232
567625942176
309927904416
584805811360
292747249808
567625156752
309927118992
584805025936
309658421328
584536328272
292428220496
567306127440
584485996624
292495574176
567373481120
309675443360
584553350304
292764009632
567641916576
309943878816
584821785760
584487028880
292697688208
567575595152
309877557392
584755464336
292496361616
567374268560
309659731024
292496639056
567374546000
292680139920
567558046864
309860009104
292428219472
567306126416
309675443296
584553350240
584485995600
567289333840
584469203024
292679862352
567557769296
309859731536
584737638480
292479599712
567357506656
309659468896
584537375840
567641933904
309943896144
584821803088
567356721232
309658683472
584536590416
292411704400
567289611344
309591573584
584469480528
292680139856
567558046800
309860009040
567356703904
584536573088
292412737680
567290644624
309592606864
584470513808
292681173136
567559080080
309861042320
584738949264
292681173152
567559080096
309861042336
584738949280
292748282000
567626188944
309928151184
584806058128
292496376992
567374283936
309676246176
584554153120
584485980240
567306111056
292763748432
567641655376
309943617616
584821524560
292696639568
584469218448
292679877776
292495591568
567373498512
292680911008
567558817952
584738687136
309658404960
584536311904
292428204128
567306111072
309608073312
584485980256
292412752992
309592622176
292681188448
567559095392
309861057632
584738964576
292479861856
567357768800
292748281936
567626188880
292496376928
567374283872
309676246112
584554153056
292428482656
567306389600
309608351840
584486258784
292696918112
567574825056
309876787296
584754694240
567625139360
584805008544
309609121952
292495591504
584487028896
584822589520
292428204176
567306111120
309608073360
584485980304
292696639632
292681172112
567559079056
309861041296
584738948240
292763764896
292411705440
567289612384
309591574624
584469481568
567356721248
567373497488
292764026000
567641932944
309943895184
584821802128
309658682512
567625155728
292412737696
567290644640
309592606880
584470513824
584805009552
292429252752
567307159696
309609121936
292428204112
584738948176
292428481616
292428204192
567306111136
309608073376
584485980320
292697688224
567575595168
309877557408
584755464352
292746986656
567624893600
309926855840
584804762784
292428219552
567306126496
584485995680
292429514912
567307421856
309609384096
584487291040
292496623760
567374530704
309676492944
584554399888
292478551184
567356458128
309658420368
584536327312
292746986640
567624893584
309926855824
584804762768
292697966672
567575873616
309877835856
292496640080
309591311456
584469218400
567357507664
309659469904
584537376848
584487045200
309944928336
584822835280
292746986576
567624893520
309926855760
584804762704
309658420304
584536327248
292478551120
292680139936
567558046880
309860009120
584737916064
292429513872
567307420816
309609383056
292495329440
567373236384
309675198624
292748297376
567626204320
309928166560
584806073504
584553105568
567641916560
584821785744
309658421392
309659453536
584537360480
292765075536
567642982480
584822851664
567626204256
584806073440
292478552224
292680909984
567558816928
584738686112
292495328400
567373235344
292479600736
584738702480
292479599760
567357506704
309659468944
584537375888
292748035216
292429268112
309609137296
292696656016
567574562960
309876525200
584754432144
584536328336
292496361632
567374268576
309676230816
584554137760
292764797088
567642704032
309944666272
584822573216
292496639136
567374546080
309676508320
584554415264
292765074592
309609399440
584487306384
292496639120
567374546064
309676508304
584554415248
292479861904
567357768848
309659731088
584537638032
292496361568
567374268512
309676230752
584554137696
292764797024
567642703968
309944666208
584822573152
292429251744
567307158688
309609120928
584487027872
292697687200
567575594144
309877556384
584755463328
292765059168
567642966112
309944928352
584822835296
292747249824
567625156768
309927119008
584805025952
292697687136
567575594080
309877556320
292764795984
567642702928
584822572112
567356459168
309658421408
584536328352
292696901712
584536590432
292681188512
567559095456
309861057696
584738964640
292478813328
292411704416
567289611360
584469480544
584536589392
292747248720
292411425936
292429269072
567307176016
309609138256
292697704528
567575611472
584755480656
292479846560
567357753504
309659715744
584537622688
292748282016
567626188960
584806058144
292495591584
567373498528
584553367712
567289332816
584469202000
309659715680
567373498464
584553367648
292764026976
567641933920
309943896160
292697704592
567575611536
309877573776
584755480720
567626187920
309928150160
584806057104
292428481696
567306388640
309608350880
584486257824
309675459728
584553366672
292495590544
567357752400
309659714640
584821802064
567290661008
292478814288
567574545488
309876507728
584470530192
292479600800
567357507744
584536327264
567642981536
584822850720
567290661024
584470530208
292412736592
292763747408
567641654352
292763747424
567641654368
309943616608
584821523552
292412474464
567290381408
309943632992
309927101584
567289332880
309591295120
584469202064
292411688016
567289594960
309591557200
584469464144
567558030416
309859992656
584737899600
292428203168
567306110112
309608072352
584485979296
292765074512
567642981456
584822850640
292412490832
292412490896
567290397840
309592360080
584470267024
309877572704
584755479648
292696901728
567574808672
309876770912
584754677856
292764010576
567641917520
309943879760
584821786704
292747248800
567625155744
309927117984
584805024928
292697704608
292697703504
567575610448
584755479632
292748280992
567626187936
584806057120
309658666064
584536573008
292495590560
567373497504
584553366688
584821523536
309943616592
292680910928
567558817872
584738687056
567559095376
584536574112
