1116776711504
2216306427280
1133974668688
2233486296464
1116861908368
2216373536144
1134041777552
2233553405328
2233553422688
1116793750944
2216305378720
1133973620128
2233485247904
1116776727968
2216288355744
1133956597152
2233468224928
1116843836832
2216355464608
1134023706016
2233535333792
1116793505184
2216305132960
2233485002080
1116860613984
2216372241760
1134040483168
2233552110944
1116776727904
2216288355680
1133956597088
2233468224864
1116843836768
1133974424144
2233486051920
1116861663824
2216373291600
1134041533008
2233553160784
2233469257120
1116844869024
2216356496800
1134024738208
2233536365984
1116794537376
2216306165152
1133974406560
2233486034336
1116861646240
2233552357776
1133973621136
2233485248912
1116860860816
2216372488592
1134040730000
1116793750880
2216305378656
1116861663648
2216373291424
1134041532832
2233553160608
1116860859728
2216372487504
2233552356688
1116776990368
2216288618144
1133956859552
2233468487328
1116844099232
2216355727008
1134023968416
2233535596192
1116843838032
2216355465808
1134023707216
2233535334992
1116861663584
2216373291360
1134041532768
2233553160544
2216306428560
1116776990048
2216288617824
1134040745312
2233552373088
1116793767264
2216305395040
1133973636448
2233485264224
1116845148752
2216356776528
1134025017936
2233536645712
1116794817104
2216306444880
1133974686288
2233486314064
1116861925968
2216373553744
1116778022304
2216289650080
1133957891488
2233469519264
1116845131168
2216356758944
1116861662608
2216373290384
1134041531792
2233553159568
1116843820384
2233535579728
1116793751120
1116778022480
2216289650256
1133957891664
1116776973904
2216288601680
1133956843088
2233468470864
1116844082768
1133973358176
2233484985952
1116860597856
2216372225632
1134040467040
2233552094816
2216289388128
2233469257312
2216306181472
1116777777760
2216289405536
1133957646944
2233469274720
1116844886624
2216356514400
1134024755808
2233536383584
1116794554976
2216306182752
2233553159504
1116776974752
2216288602528
1133957645968
2233469273744
1116844885648
2216356513424
1134024754832
2233536382608
1134041532048
2233553159824
1116794554000
1116793768272
2216305396048
1116844870288
2216356498064
1134024739472
2216355465616
1134023707024
2233535334800
1116777776464
2216289404240
1133957645648
2233469273424
1116844885328
2216356513104
1134024754512
2233536382288
1116794553680
2216306181456
1116844870224
2216356498000
1134024739408
2233536367184
1116793506448
2216305134224
1133973375632
1116860615312
2216372243088
1134040484496
2233552112272
1133974406800
2233486034576
1116778022544
2216289650320
1133957891728
2233469519504
1116845131408
2216356759184
2216306427536
1116778039904
2216289667680
1133957909088
2233469536864
2216356776544
1134025017952
2233536645728
1116794817120
2216306444896
1133957908112
1116845147792
2216356775568
1134025016976
2233536644752
1116778038928
2216289666704
1116794816144
2216306443920
1116793505424
2216305133200
1133973374608
1116793489056
2216305116832
1133973358240
2233484986016
1116860597920
2216372225696
1134040467104
2233552094880
1116777760416
2216289388192
1116843837776
2216355465552
1134023706960
2233535334736
2216372242768
1134040484176
2233552111952
2233485003088
1116860614992
1116794800528
2216306428304
1116861926048
2216373553824
1116776727952
1134041795232
2233553423008
1116777761168
2216289388944
1133957630352
2233469258128
1116844870032
2216356497808
1134024739216
2233536366992
1116794538384
2216306166160
2233552373328
1116776990288
2216288618064
1133956859472
1116844099152
2216355726928
1134023968336
2233535596112
1116793767504
1116861924688
2216373552464
1134041793872
2233553421648
2216289666384
2216289404576
1133957645984
1116844885664
2216356513440
1116776991376
2216288619152
1133956860560
1116844100240
2216355728016
2233535597200
1116860877456
2216372505232
1116793505360
2216305133136
1133973374544
1133974669648
2233486297424
2216288355936
1116776727888
1133956597344
2233468225120
1116843837024
2233535333984
1116861925984
2216306166432
1133974407840
2233486035616
1116794553696
1133974422880
2233486050656
1116861662560
2216373290336
1134041531744
2233553159520
1116777776480
2216289404256
1133957645664
1133974685344
2233486313120
1134040746320
2233552374096
2216288618832
2233468488016
2216355727696
1134023969104
2233535596880
1133973375648
1116860615328
1134040484512
1116861925008
1134041794192
2233553421968
2216373537168
1134041778576
2233553406352
1133974669712
2233486297488
1116861909392
1116778023312
2216289651088
1133957892496
2233469520272
2233552112016
1116778038944
2216289666720
1133957908128
2216356775584
1134025016992
2233536644768
1116794816160
2216306443936
1133974685280
2233486313056
1133973375328
2233485003104
1116860615008
2216372242784
1134040484192
2233552111968
1116793767568
2216305395344
1133973636752
2233485264528
1116860876432
1134040745616
2233552373392
1116777776784
1116861924944
2233468224912
1116843836816
2216355464592
1134023706000
2233535333776
1116793505168
1133973374352
1116778038624
2216289666400
1133957907808
2233469535584
1116844870048
2216356497824
1134024739232
2233536367008
2216306166176
2216356775248
1134025016656
2233536644432
1116844868944
1116777760080
2216289387856
1133957629264
2233469257040
1116794537296
2216306165072
1133974406480
2233486034256
2216288356000
1133956597408
1134041793888
1116845147488
2216373552480
2233469273440
1116844885344
2216356513120
1134024754528
2233536382304
2216355464544
1134023705952
2233535333728
1116793505120
1116776991392
2216288619168
1133956860576
2216355728032
2233535597216
1116793768608
2216305396384
2233485002128
1116778022288
2216289650064
1133957891472
2233469519248
1116845131152
2216356758928
1116794799504
1133973620112
1116776711584
2216288339360
1133956580768
2233468208544
1116843820448
2216355448224
2233535317408
2216305116576
1116794537552
2216306165328
1133974406736
2233486034512
1116861925792
2216373553568
1134041794976
2233553422752
1116860860064
2216372487840
1134040729248
2233552357024
2216288618848
2233468488032
1116844099936
2216355727712
1134023969120
2233535596896
2216305396064
1116860876176
2216372503952
1134040745360
2216288617872
2233485002064
1116793505104
2216305132880
2233535579552
1116778023328
2216289651104
1133957892512
2233469520288
2216356759968
1134025001376
2233536629152
1116794800544
2216306428320
1116861925728
2216373553504
1134041794912
1134041531984
2233553159760
1133973636688
1116860876368
2216372504144
1134040745552
2216288339552
2233468208736
1116843820640
2216355448416
2233535317600
2216305116768
1133974407584
2233486035360
1116861647248
2216373275024
1134041516432
1116860860000
2216372487776
1134040729184
2233552356960
1134025000592
2233536628368
1133957629584
1116844869264
2216356497040
1134024738448
1116794537616
2216306165392
2216306443680
2216288339616
1133956581024
2233468208800
1116843820704
2216355448480
2233535317664
2233485002144
2216372241824
1134040483232
2233552111008
2216373552528
1134041793936
2233553160848
2216356514448
2233536383632
1116794555024
2216306182800
1116861663888
2216306166112
1133974407520
1116861647184
2216373274960
1134041516368
2233553144144
2233486312800
2216306443616
1133974685024
1116794537360
2216306165136
1133974406544
2216373290656
2233553159840
1133973637792
2233485265568
1134024755536
2233469274448
2233536383312
1133974423888
2233486051664
2233553160528
1116777777488
2216305134160
2233552374416
1116776990112
2233468487072
1116844098976
2216355726752
1134023968160
2233535595936
1116793767328
2216305395104
2216355727760
1134023969168
2233535596944
2233553422992
1116794817168
2216306444944
1133974686352
2233486314128
1116861926032
2216373553808
2216289667728
2216373290592
1134041532000
1133973637728
1116860859808
2216372487584
1134040728992
2233552356768
2233486050720
2216289667408
2216289405600
1133957647008
1116844886688
2233536383648
2216306182816
2233468487056
2233484986960
1116777777504
1133957646688
2233469274464
2216356514144
1134024755552
2233536383328
1116794554720
2216306182496
1134024754576
2233536382352
1116794553744
1133974422928
1133974669984
2233486297760
1134041778832
2233553406608
2216356776272
1134025017680
2233536645456
2216373553488
2233553422672
2233486313808
2233535334032
1133956581728
1116776712544
2216288340320
1116778023264
2216289651040
1133957892448
2233469520224
1116845132128
2216356759904
1116778039968
2216289667744
1133957909152
2233536645792
1116794817184
2216306444960
2216356759952
1116776974736
2216288602512
1133956843920
2233468471696
2216355711376
1116793751952
2216305379728
2216373290400
1116776712608
2216288340384
1133956581792
2233468209568
1116843821472
2216305117600
1133973375376
2233485003152
1116860615056
2216372242832
1116776728976
2233468225936
1133974669920
2233486297696
2233485249184
2233535333968
1116778039648
2233469536608
2216356776288
1134025017696
2233536645472
2216306444640
2216289666448
2216356775312
1134025016720
2233536644496
1133973637712
1116860877392
2216372505168
1134040746576
1116777777744
2216289405520
1133957646928
2233469274704
2216288340576
2233468209760
1116843821664
2216355449440
2233535318624
1116793490016
2216305117792
2216305117840
1133973359248
2233484987024
1116860598928
1116793490064
2216372226704
1116776729232
1116776712864
2216288340640
1133956582048
2233468209824
1116843821728
2216355449504
2233535318688
1116777776544
1116844885408
2233536382368
1116794553760
2216372504976
2216288618896
2233484986704
1116793506208
2216305133984
2233552112032
1116860614288
1133974669728
2233486297504
1116778038688
1133957907872
2216356775328
2233536366160
1134025016736
2233536644512
1116861909328
2216373537104
1134023705936
1116861647520
2216373275296
1134041516704
1116776991136
1133956860320
2216355727776
2233535596960
1116793768352
2216305396128
1116861925024
2216373552800
1134041794208
1133957646992
2233469274768
1134041516640
2233553144416
1116861924960
2233553421920
2216306165408
1133974406816
2233486034592
2233536644448
1116860614032
2233552110992
1116777777552
1133973621328
2233485249104
2233536383376
2233552094800
2233535317584
1116793488976
2216305116752
2233484985936
1116860597840
1116776711760
2216355449488
1116861647264
1116861924768
2216373552544
1134041793952
2216356776336
2233536645520
1133973620304
2233485248080
2216372487760
1134040729168
2233552356944
1116861647200
2233553421664
1116861924704
1116777777568
1116844886432
1116794554784
1116861646224
2216373274000
1134041515408
2216289405264
1116860877472
2216372505248
2216288339536
1133956580944
2233468208720
1133974406496
1116860877408
1116793767584
1116778039712
2233536645536
2216306444704
1116776973920
2216288601696
1133956843104
2233468470880
1116844082784
2216355710560
1134023951968
2233535579744
1116793751136
2216305378912
2233553159584
2216355726736
1116860598864
1134025000528
2233536628304
1133973636704
1116776974672
1133956843856
2233468471632
1134023952720
2233535580496
1116793751888
2216305379664
1133973358944
2233484986720
1116860598624
2233468209504
1116843821408
2216373537440
1134041778848
2233553406624
1133957909136
1116860877216
2216372504992
1116861909600
2216288339280
2233468208464
1134041778784
1116861646416
2233553143376
2216289388112
1133957629520
2233469257296
1116844869200
2216356496976
1133974668960
2233553144208
1116776712592
2216288340368
1133956581776
2233468209552
1116843821456
2216355449232
1134023690640
1116793489808
1133973359008
1116860598688
1116777761184
1133957630368
2233469258144
1116843821648
2216355449424
1134023690832
2233535318608
2216305117776
2233552095824
1133974668896
2216306427472
1133974668880
2233486296656
2216373536336
2233469519440
1116860598608
2216372226384
1116776728928
2233535334752
1116793506144
1133973357968
2216373537184
1134041778592
2233553406368
1116844869216
2216356496992
2233536366176
2233486034528
1116861646432
2216373274208
2233468471888
2233535580752
2233485002320
1116794554768
2233553160592
2233484986000
1116860597904
1134040467088
2233552094864
1116776711824
1116794799520
2216306427296
1133974668704
2233486296480
1116776728992
2216289650272
1133957891680
2233469519456
1116845131360
2216356759136
1134025000544
2233536628320
1116794799712
2216306427488
1116843820368
1116793488720
2216305116496
2233484985680
1116860597584
1116793751968
2216305379744
1133973621152
2233485248928
1116861646496
2216373274272
1134041515680
2233553422944
1133973621408
2216288602720
2233468471904
1116844083808
2216355711584
1134023952992
2233535580768
2216305379936
2233468470928
1134023952016
2233535579792
2216305378960
1133956843936
1134041515616
2233553143392
2233485249120
1134023951696
1133956842832
2233468470608
1116793750864
2216372488784
1133956843872
2233486297680
2216373537360
2216288340560
2233468209744
2233485248144
2233484986976
2216372226656
2233469258336
2233484985696
1116860597600
1116776711520
1133974424224
2233486052000
2233486035536
2233553144400
2233469258320
2233468470944
1116844082848
2216355710624
1134023952032
2233535579808
2216305378976
1116843820688
2216355448464
1133974424160
2233468471952
2233536367248
1116776973664
2216288601440
1133956842848
1116844082528
2216306181776
1116860598944
2216372226720
1134040468128
2233552095904
1134025001552
2233536629328
2216355448400
1134023689808
2216305379680
1133973621088
2233485248864
1116844886608
2216356514384
2216306182736
2216289667664
1133957909072
1116776728144
2216288355920
1133956597328
1116843837008
2216306181712
1133974423120
2233536367200
2216373275232
2216373274256
1134041515664
2233553143440
2216288356960
1133956598368
1116843838048
1116793506400
2216305134176
1116860876448
1134024738128
2216373273936
2233553143120
2233552095888
2216305378640
1133973620048
2233485247824
2233469520480
2216356760160
1134025001568
2233536629344
1116794800736
1133956598416
1116843838096
2216355465872
1133974423904
2216288340304
2233468209488
1116843821392
1134023690576
2216305117520
1134041532752
2216288357024
1133956598432
1116843838112
2233535335072
2216305133152
1133973374560
2216372242016
1116845148816
1134025018000
1133956580704
2233468208480
1134025000272
1116861908304
2216356497056
1134041794128
2233536366240
2233535580816
2216373536416
1134041777824
1134025000352
1116844868960
1133957629280
2233469257056
2216306165088
1116860876192
1116776990304
2216288618080
1133956859488
1116793767520
2216305395296
1116861908576
2216356759200
1134025000608
2233536628384
2216306427552
2233468208528
1116843820432
1134023689616
1116776728912
2216288356688
1116794799456
1133974668640
2233486296416
2216355711648
2233535580832
2216305380000
2233486035280
1133973357920
2216373291616
1134041533024
2216288602464
2216289404496
1133957645904
1116844885584
2233468470672
2233486314080
1134041795152
2216373536160
1134041777568
2216288356944
1116793506192
1134023689552
2233469519184
2233553144464
1133957908048
2216306443856
1133974685264
2233485247840
1133957891424
1116845131104
2216372488864
2216305133904
1116844083616
2216355711392
2233469258064
1134024739152
2216289404512
1116844885600
2216288601504
1116844082592
2233552357984
2233536629392
1116860859792
1116860597648
2216372225424
2216372243040
1134040483472
1116843837072
2233486313824
2233469520208
2216289666656
1133957908064
1133974422864
1134024738192
1133973374304
2216288619104
2216305396320
1116844099216
2216372488608
2233536629408
2216372226448
2233486297440
