1396216710480
2792097859216
1396283819408
2495795447184
1671161726352
2517270300048
1692636579216
2512975332752
2770941805968
1417708340624
2787853239696
2517219968400
1675658036624
2775169664400
1396216726928
2792433419936
2770606246224
1413396580688
2512908208464
1688274487632
2787786115408
1675406362272
1671178521232
2770690149008
1413480483472
2512992111248
1688358390416
2787870018192
2774917990048
1417708324512
2517219952288
1417758672208
2517270299984
1400578803024
2500090430800
1675456709968
1400796906896
2500308534672
1675674813840
2775186441616
1417976776080
2517488403856
1692854683024
2792366310800
1675674797472
1396233487968
2495745115744
1671111394912
2770623022688
1413413357152
2512924984928
1688291264096
2787802891872
1400528455264
2500040083040
2770874698336
1675741906512
1400863999568
1396300596816
2495812224592
1671178503760
2770690131536
1413480466000
2512992093776
1688358372944
2787870000720
1413748902544
2513260530320
1688626809488
2788138437264
1396501940896
2496013568672
1671379847840
2770891475616
1413681810080
2513193437856
1688559717024
2788071344800
1417959982432
2517471610208
1692837889376
2792349517152
1400780129632
2500291757408
1675658036576
2775169664352
1417959998816
2517471626592
1692837905760
2792349533536
2792081099344
1688341595472
2787853223248
1417758655824
1692636562768
2517270283600
2792148190544
1396283819344
2495795447120
1671161726288
2770673354064
1400864000400
2500375628176
1675741907344
2775253535120
1418043869584
2517555497360
1692921776528
2792433404304
2513193437600
1400595564176
2500107191952
1675473471120
2774985098896
1417775433360
2517287061136
1692653340304
2792164968080
2517270300304
1692636579472
2792148207248
1417775450464
2517287078240
1692653357408
2792164985184
1400847223136
2500358850912
1675725130080
2775236757856
1418027092320
2517538720096
1692904999264
2792416627040
1396569049504
1400578786912
2500090414688
1675456693856
2774968321632
1417758656096
2517270283872
1692636563040
2792148190816
1396300597664
2495812225440
1671178504608
1396569049744
1671446956688
2770958584464
1413748918928
1688626825872
2788138453648
1692569453984
2775236773200
1692905014608
2792416642384
1418027107664
2517538735440
1688358373792
1396233505424
2770606245456
1413396579920
2512908207696
1688274486864
2787786114640
2495745133200
1671111412368
2770623040144
1413413374608
1400864015712
2500375643488
1675741922656
2775253550432
1396552272480
2496063900256
1671430179424
2770941807200
1413732141664
2513243769440
1688610048608
2788121676384
2770874698144
1413665032608
2513176660384
2788054567328
1413665032592
2513176660368
1688542939536
2788054567312
1400780130704
2500291758480
1675658037648
2775169665424
1417959999888
2517471627664
2495728354720
1671094633888
2770606261664
1396300597600
2495812225376
1671178504544
2770690132320
1413480466784
2512992094560
1688358373728
2787870001504
1400595564896
2500107192672
2788071344544
1675406362976
2774917990752
1417708325216
2517219952992
1692586232160
2792097859936
1417959982672
1396233487952
2495745115728
1671111394896
2770623022672
1413413357136
2512924984912
1688291264080
2787802891856
1400863999632
2500375627408
1675741906576
1396233505360
1692586248784
1417708341840
2517219969616
1417976777296
2792148190608
2495745133136
1671111412304
2770623040080
1413413374544
1400578786704
2500090414480
1675456693648
2774968321424
1692636562832
1671446956448
1418043868768
2517555496544
1692921775712
2792433403488
1396233487776
2495745115552
1671111394720
2770623022496
1413413356960
2512924984736
1688291263904
2787802891680
1400528455072
1400528471376
2500040099152
2770958566800
1396569032080
2513260529040
1396216727888
2495728355664
1671094634832
2770606262608
1413396597072
2512908224848
1688274504016
2787786131792
1400511695184
2500023322960
1400847222368
2500358850144
1675725129312
2775236757088
1418027091552
2517538719328
1692904998496
2792416626272
1400780113312
1396552272272
2496063900048
2770941806992
2513243769232
1688610048400
2788121676176
2500291741088
1688559700320
2788071328096
1417976759712
2517488387488
1692854666656
2792366294432
2517471627936
1396485146192
2495996773968
1671363053136
1413665032800
1688542939744
2788054567520
2792349533856
2788071327312
1692653341008
2500107192656
1675473471824
2774985099600
2517287061840
2496080676512
1396233487712
2495745115488
1671111394656
2770623022432
1413413356896
2512924984672
1688291263840
2787802891616
1400528455008
2500040082784
1413748901200
2513260528976
1688626808144
2788138435920
2517555496272
1675473470800
2774985098576
1413480465744
2512992093520
1396485162656
2495996790432
1671363069600
2770874697376
1413665031840
2513176659616
1688542938784
2788054566560
1400796891488
1675674798432
2775186426208
1417976760672
1692854667616
2792366295392
1400796907168
1400595581344
2500107209120
1675473488288
2774985116064
1417775450528
2517287078304
1692653357472
2792164985248
1396569048416
2496080676192
2770958583136
1413748917600
2513260545376
2788138452320
1418027091344
2517538719120
1692904998288
2792416626064
1692636564128
2500308519328
1675674798496
2775186426272
1675406362208
1688358390352
2774917989984
1417708324448
2517219952224
1692586231392
2792097859168
2788138452384
1396569048480
2496080676256
1671446955424
2770958583200
1688610030992
2788121658768
1675389585040
2774901212816
1417691547280
2517203175056
1692569454224
2792081082000
1396485146256
1400796906832
2500308534608
1417976776016
2517488403792
1692854682960
2792366310736
1396552256160
2496063883936
1671430163104
2770941790880
1413732125344
2513243753120
1688610032288
1396501940832
2496013568608
1671379847776
2770891475552
1413681810016
2513193437792
1688559716960
2788071344736
2792349534880
1418043884896
2517555512672
1692921791840
2792433419616
1396216710816
2495728338592
1671094617760
2770606245536
1413396580000
2512908207776
1688274486944
1396552271504
2496063899280
1671430178448
2770941806224
1413732140688
2513243768464
1688610047632
2788121675408
2500375628112
1675741907280
2775253535056
2517555497296
1692921776464
2792433404240
1413480465824
2512992093600
1688358372768
1396233505168
2495745132944
1671111412112
2770623039888
1413413374352
2512925002128
1688291281296
2787802909072
1400528472464
2500040100240
1400595564112
2500107191888
1675473471056
2774985098832
1417775433296
2517287061072
1692653340240
2792164968016
1400528455056
2774917989776
1417708324240
1692586231184
2792097858960
1675674814112
2788138452560
1675389601360
2774901229136
1417691563600
2517203191376
1692569470544
1396485162576
2495996790352
2775253534096
1400864016800
1675741923744
2775253551520
1418043885984
1692921792928
2792433420704
1396569049680
1671446956624
2770958584400
1413748918864
2513260546640
1688626825808
1400864016736
2512975333712
2500375644512
1675741923680
2775253551456
1400595580576
2500107208352
1675473487520
2774985115296
1396501940624
2496013568400
1671379847568
2770891475344
1413681809808
2513193437584
1688559716752
2788071344528
1396233505104
2495745132880
1671111412048
2770623039824
1413413374288
2512925002064
1688291281232
2787802909008
1400528472400
2500040100176
1396485163360
2495996791136
1671363070304
2770874698080
1413665032544
2513176660320
1688542939488
2788054567264
2792416627360
1396569032096
2496080659872
1671446939040
1413748901280
2513260529056
1688626808224
2792433404512
2500375627344
1418043868752
2517555496528
1692921775696
2792433403472
2775253534288
1671161743968
2770673371744
2792366294416
1675389602192
2774901229968
1417691564432
2517203192208
1692569471376
2792081099152
1396485163408
2495996791184
1671363070352
2770874698128
2512975317600
1688341596768
2787853224544
2496013552288
2770891459232
2513193421472
2788071328416
1417976760736
2517488388512
1692854667680
2792366295456
2496080677280
1396552272208
2496063899984
1671430179152
1413732141392
2513243769168
1688610048336
1413748917664
2513260545440
2500375643808
1675741922976
2775253550752
1400578803104
2500090430880
1396216727184
2495728354960
1671094634128
1400511679056
2500023306832
1675389586000
2774901213776
1417691548240
2517203176016
1692569455184
2792081082960
1417960000160
2495795463760
1671161742928
2770673370704
1413463705168
2512975332944
1688341612112
2787853239888
1396501939856
2496013567632
1671379846800
1413681809040
1688559715984
2774968337744
1692636579152
1688274486608
2787786114384
1400511677776
2500023305552
1675389584720
2774901212496
1396216727200
2495728354976
1671094634144
2770606261920
1413396596384
2512908224160
2495728338272
1671094617440
2770606245216
1413396579680
2512908207456
1688274486624
2787786114400
1400511677792
2500023305568
2792081099424
2495996790368
1671363069536
2770874697312
2513176659552
1688542938720
2788054566496
2500023305616
1675389584784
2774901212560
1417691547024
2517203174800
1692569453968
2792081081744
1400780113296
1413480465808
1396569033360
2496080661136
1396216710560
2495728338336
1671094617504
2770606245280
2512908207520
1688274486688
2517538719056
1692904998224
2775236756816
2792416626000
1675725129040
2500358849872
2792416643488
1396283819680
2495795447456
1671161726624
2770673354400
1413463688864
2512975316640
1688341595808
2787853223584
1400578786976
2792433403280
2792097859232
2496063883872
1671430163040
2770941790816
2513243753056
1688610032224
2788121660000
2788054550944
2770958584224
1418043885920
2517555513696
1692921792864
2792433420640
1400847238560
2500358866336
1675725145504
2775236773280
1418027107744
2500291742288
2517538735520
1692905014688
2792416642464
1675456711312
2774968339088
1417758673552
2517270301328
1692636580496
1400511695440
2500023323216
2792148208272
2496063899216
1671430178384
2770941806160
1413732140624
2513243768400
1688610047568
2788121675344
1396485162384
2495996790160
1671363069328
1413665031568
2513176659344
1688542938512
2787870000480
2500023323040
1675389602208
2774901229984
1417691564448
2517203192224
1692569471392
1396283819616
2513176643152
1688542922320
2788054550096
1396569048656
2770958583376
1413748917840
2513260545616
1396216710752
1671094617696
2770606245472
1413396579936
2787786114656
1400511678048
2500023305824
1400780130976
2500291758752
1675658037920
2775169665696
1671178520224
2770690148000
2517219951952
1396216710800
2495728338576
1671094617744
2770606245520
1413396579984
2512908207760
1688274486928
2787786114704
2500023305872
1396552255888
2496063883664
1671430162832
2770941790608
1413732125072
2513243752848
2788121659792
1413463706208
2512975333984
1688341613152
2770623023712
1413413358176
2512924985952
1688291265120
2787802892896
2500308534944
1400595580512
2500107208288
2774985115232
1396501940560
1671379847504
2770891475280
1413681809744
1688559716688
2788071344464
1417775449696
2517287077472
1692653356640
2792164984416
1417708340640
2792148191904
1671363053216
1400847239824
2500358867600
1675725146768
2775236774544
1418027109008
2517538736784
1692905015952
2792416643728
2770874680992
1400595564960
2500107192736
1675473471904
2774985099680
1417775434144
2517287061920
1692653341088
2792164968864
2517203192480
1692569471648
1396569032032
2496080659808
1671446938976
2770958566752
2513260528992
1688626808160
2788138435936
1396283837072
2495795464848
2770673371792
1413463706256
2512975334032
2787853240976
1400578804368
2500090432144
1396300597840
2495812225616
1671178504784
2770690132560
1413480467024
2512992094800
1688358373968
2787870001744
2500308518224
1675674797392
2775186425168
2788054549920
1400595580304
2500107208080
1417775449488
2517287077264
2792164984208
2513260546464
1688626825632
2788138453408
1396501924448
2496013552224
1671379831392
2770891459168
1413681793632
2513193421408
1688559700576
2788071328352
1671178521248
2770690149024
1413480483488
2512992111264
1688358390432
2787870018208
2775186441888
1400864015968
2500375643744
2775253550688
1418043885152
2517555512928
1692921792096
2792433419872
1396552255120
2496063882896
1671430162064
2770941789840
1413732124304
2513243752080
1688610031248
2788121659024
1675456709984
2774968337760
1400796906912
2500308534688
1417976776096
1396552272464
2496063900240
1671430179408
2770941807184
1413732141648
2792416643664
1688341613136
1688610048592
2500358867536
1400528472720
2500040100496
1675406379664
2774918007440
1417708341904
2517219969680
1692586248848
2792097876624
1396501939792
1671379846736
2770891474512
1413681808976
2513193436752
1688559715920
2788071343696
1413396596048
1688274502992
2787786130768
1396216726864
2495795447200
1413665015456
2513176643232
1688542922400
2788054550176
2500023322256
1675389601424
1417691563664
1692569470608
2495996790416
2788121659744
1413681792608
2513193420384
1688559699552
2788071327328
1400864000416
1675741907360
2775253535136
1418043869600
1692921776544
2792433404320
1396300596832
2495812224608
1671178503776
2770690131552
1413480466016
2512992093792
1688358372960
2787870000736
1400595564128
2500107191904
1417976760992
1400595564192
2500107191968
1675473471136
2774985098912
1396501924240
2496013552016
1671379831184
2770891458960
1413681793424
2513193421200
2788071328144
1413480482464
2512992110240
1688358389408
2787870017184
1400864015760
2500375643536
1418043884944
2517555512720
1692921791888
1396283819360
2495795447136
1396569049760
2496080677536
1671446956704
1396216727120
2495728354896
2770606261840
1413396596304
2512908224080
1688274503248
2787786131024
1400511694416
2787853240736
1400847238496
1675725145440
2775236773216
1418027107680
1692905014624
2792416642400
1400796890784
2500308518560
1675674797728
2775186425504
2500090432080
2500040083024
2770891458128
2500023305808
1675389584976
2774901212752
2517203174992
1692569454160
1400796908176
2500308535952
1675674815120
2775186442896
1417976777360
2517488405136
1396485162320
1400780130912
2500291758688
1675658037856
2775169665632
1417960000096
2517471627872
1692837907040
2792349534816
1396233505440
2495745133216
1671111412384
2770623040160
1413413374624
2512925002400
1688291281568
2787802909344
2500040100512
1396300614288
2495812242064
1418043885904
2517555513680
1692921792848
2792164968784
1675456694608
2774968322384
2495728339296
1671094618464
2770606246240
1413396580704
2512908208480
1688274487648
2787786115424
2500023306592
2500375627424
1675741906592
2775253534368
1400578786720
2500090414496
1675456693664
2774968321440
1417758655904
2517270283680
1692636562848
2792148190624
2792081099168
2495996791200
1396283836816
2495795464592
1671161743760
2512975333776
1688341612944
1400578804112
2500090431888
2495728339344
1671094618512
2770606246288
1413396580752
2512908208528
1688274487696
2787786115472
2500023306640
1671379830416
2770891458192
1688559699600
2495728338320
1671094617488
2770606245264
1413396579728
2512908207504
1688274486672
2787786114448
1396216711584
2495728339360
1396552272288
2496063900064
1671430179232
2770941807008
1413732141472
2513243769248
1688610048416
2788121676192
1396233505376
2495745133152
1671111412320
2770623040096
1413413374560
1688291281504
2500308535904
1675674815072
2775186442848
2517203176096
2792081083040
1675741923920
1692653357648
1418043886160
2512992111184
2770690148944
1692653340064
1400863999392
1675741906336
1396216727904
1671094634848
2770606262624
1413396597088
2512908224864
1688274504032
2787786131808
1400511695200
2500023322976
2792081099104
2500090431824
1675456710992
1418027108688
2517538736464
1692905015632
1675406378640
2774918006416
1417708340880
2517219968656
1692586247824
2792097875600
1400796907152
2500308534928
1675674814096
2775186441872
1400595581520
1675473488464
1692921793104
2787870018128
1396300614224
1413480483408
2788138453584
2496013552208
2770891459152
2513193421392
2787802909280
1400528472672
2500040100448
2774968322656
2787853240928
1688626825824
2500023322000
2496013551200
1671379830368
2770891458144
1688542922336
2788054550112
2500308518496
1675674797664
2775186425440
2517488387680
1692854666848
2500107191648
1675473470816
2774985098592
1417775433056
2517287060832
1400863999328
2500375627104
1418043868512
2517555496288
1675456694928
2517270284944
1692636564112
1396216711824
2495728339600
1671094618768
2500358851216
1675725130384
2500040084112
1675406363280
1396216711840
2495728339616
1671094618784
2770606246560
1413396581024
2512908208800
1688274487968
2787786115744
2517471611552
2792349518496
1675406378576
1417708340816
1692586247760
1675674814032
1417976776272
1692854683216
1400796907088
1688610047648
1692569470288
1400511694160
1671363069264
2770874697040
1688542938448
2788054566224
1400780129616
1675658036560
1417708341664
1400796907936
2500308535712
1417976777120
2770891475360
1688559716768
1671446955680
2517538720400
1692904999568
2792416627344
1417775450512
2517287078288
1400864016784
2500375644560
1418043885968
2517555513744
2517287060880
2792164967824
1396501940576
2496013568352
1671379847520
2770891475296
2774918007136
1417708341600
2517219969376
1692586248544
2792097876320
2500040100192
1400595581264
2500107209040
1675741923664
1400864016720
2500375644496
1396501939600
2496013567376
1671379846544
2770891474320
1413681808784
2513193436560
1688559715728
2788071343504
2500040099216
2774918006160
1675658037584
1417959999824
1671111411024
1413413373264
1688291280208
1671379846480
1688559715664
1692569455248
1396485147280
2495996775056
1671363054224
2770874682000
1413665016464
2513176644240
1688542923408
2770606246544
1413396581008
2495795448224
2775236758096
2513176644176
2788054551120
2517471611472
2792349518416
1675658021456
2495728339536
2770606246480
2500040084048
2512908208720
1396216711760
1671363054160
2770874681936
2517203175840
1692569455008
2495996791440
2513176660624
1396300597856
1671178504800
2770690132576
1413480467040
2512992094816
1688358373984
2787870001760
1671379831440
2770891459216
1688559700624
2788071328400
1692837890656
2792349518432
2500023306848
1675389586016
2774901213792
1396569033312
2496080661088
1671446940256
2770958568032
1688542922384
2788054550160
1400780113552
2500291741328
1413480466064
2512992093840
1396569032336
2496080660112
1671446939280
2770958567056
1675389585808
2774901213584
1417691548048
2517203175824
1692569454992
2792081082768
2495996774800
1671363053968
2770874681744
2513176643984
1671161744032
1688341613216
2788071328336
2770606261600
1413396596064
2512908223840
1688274503008
2495745116752
1671111395920
2787870001552
1692653339984
2792164967760
2792433403216
2775253534032
2500375627088
1675456693584
2774968321360
2517488387408
1692921775440
2495745115472
2792349518160
2770874681680
1688542923088
2788054550864
1400780129952
2500291757728
1675658036896
2775169664672
1417959999136
2517471626912
1692837906080
1688274503328
2787786131104
1400511694496
2775236773520
1418027107984
2792416642704
2512975332688
2517203191392
1692569470560
1671094634080
2770606261856
2512908224096
1688274503264
2787786131040
1400511694432
2500023322208
1400780129888
2496063899040
2770941805984
2774968338000
2500358866512
1688610031264
2787786114720
2500023305888
2774901212832
2517203175072
2792081082016
1418043868832
2517555496608
1692921775776
1396300596880
2495812224656
1413681793360
2513193421136
1688559700304
2788071328080
1675389585744
2774901213520
1692569454928
2792081082704
1396485146960
1396216711504
2512975316576
1688341595744
2787853223520
2517555497312
1688341596512
2787853224288
1671430162784
2770941790560
1688610031968
1396501924192
1400528456080
2774917990800
1413748918944
2513260546720
1688626825888
2788138453664
1396300614304
2495812242080
1417708325264
2792097859984
2500107209376
2774985116320
1396552271184
2496063898960
1413732140368
2513243768144
2775236756832
1692904998240
2792416626016
1675406361952
1417708324192
1692586231136
1675674797408
1413665015136
2500090431904
2774968338848
1417758673312
2517270301088
2792148208032
1400847239584
2775236774304
1418027108768
2500023322272
1675389601440
2774901229216
1417691563680
2517203191456
2495745116496
1671111395664
2770623023440
1413413357904
2512924985680
1688291264848
2500040083792
1688358390368
1400595581536
2788121676128
1417758673248
1692636580192
2792148207968
2495795464544
1671161743712
1413463705952
1688341612896
1400578804064
1675456694944
2774968322720
1417758657184
2770623039136
1413413373600
2512925001376
1688291280544
2517488404128
2792366311072
2774918006432
2517219968672
2496063882848
1417959983504
1692837890448
1400780114320
2500291742096
1675658021264
1396569033104
2496080660880
2770958567824
1400780129680
1400595580560
1675473487504
1692653356688
1692921792144
2770874680736
2513176642976
2512908208784
1688274487952
2787786115728
2774901228960
1417691563424
2792081098144
2500291757472
2775169664416
1417959998880
2792349533600
1671161742736
1413463704976
1400847238544
2500358866320
1675725145488
1671430178192
1413732140432
1688610047376
1400578803088
1671161727392
2770673355168
1413463689632
2512975317408
2787853224352
2496063883680
1671430162848
2770941790624
2513243752864
1396300597584
2495812225360
1396233504352
2495745132128
2770623039072
1400528471648
1675406378592
2774918006368
1692921792080
1675473487440
1692653356624
1400595580496
1400511694176
2774901228896
1675389602128
1692569471312
1417775450448
2517287078224
1692653357392
1396300613968
1413480483152
1675725145424
1413463704912
2517270300240
2775236773456
2517538735696
2792416642640
2792148207184
2500090431056
1400864015952
1675741922896
2770623039840
1413413374304
2512925002080
2787802909024
1400528472416
1413681809760
2513193437536
2788071344480
1396552272224
1413732141408
1417976777312
2517488405088
1692854684256
2792366312032
2495812241824
1688626809168
1671111394704
1675674798736
1692854667920
2792366295696
1671111395984
2770623023760
1688291265168
2787802892944
2500040084128
2770690148704
2512992110944
2787870017888
2496080677216
2770958584160
1413748918624
2513260546400
2788138453344
1400595581328
1396569049488
2496080677264
1671446956432
2770958584208
1413748918672
2513260546448
1688626825616
2788138453392
2500291758432
2775169665376
1417959999840
2792349534560
1396233504160
1671111411104
1413413373344
1688291280288
1400528471456
2500040099232
1396501939616
1688341595728
2495728339280
1671094618448
1671363053904
1671161727312
2792148191568
1675658021200
2775169648976
1692837890384
1396300613008
2495812240784
1671178519952
1413480482192
2512992109968
1688358389136
1396501940640
2496013568416
1671379847584
1413681809824
1396283836832
2770673371552
2512975333792
1688341612960
2500291758496
2788121675360
2496013567584
2770891474528
2788071343712
1417691563616
1400595565200
2500107192976
1400528471392
1417708340576
1692586247520
2792097875296
2513193436512
2788071343456
1396501939552
2496013567328
1413665016480
2513176644256
1688542923424
2788054551200
2775169649312
2500023306912
2774901213856
1396300612944
2517287077200
1692653356368
1413480482128
1396569048400
1671363052896
1396283820688
2495795448464
2770673355408
1413463689872
2512975317648
2787853224592
2500090415760
1396552256144
2770941790864
1417976776336
1692854683280
1675389601168
1417691563408
1692569470352
1688626809504
2788138437280
1400847223456
1675725130400
2775236758176
1418027092640
1692904999584
1675406363296
2787786132128
2500291757664
1675658036832
2517471626848
1692837906016
1417691548256
2517203176032
1692569455200
2792081082976
1671094618720
1688274487904
1671363054176
2770874681952
2788121659984
1671161727568
2500375628432
1675741907600
2775253535376
1418043869840
1417708341584
1675658020496
1692837889680
1396569033296
1675456694864
2774968322640
2517287062096
2496013551968
2770891458912
1413681793376
2513193421152
1675389585760
2774901213536
1417691548000
2517203175776
2792081082720
2770623022480
2512924984720
2787802891664
1396501923216
2496013550992
1671379830160
2770891457936
1413681792400
2513193420176
1692636564064
1400780114528
1675658021472
2775169649248
1417959983712
1692837905808
2792349533584
1688291263824
2770623022416
1396233487696
1418027092368
1692904999312
2792416627088
2774917991008
2517219953248
2792097860192
1396300613216
1675674814800
1400796907856
1417976777040
2500090414736
2774917991072
1417708325536
2517219953312
2792097860256
1400796891808
2500308519584
1675674798752
2775186426528
2495745116832
2770623023776
2517555497616
1692921776784
1675473472144
2774985099920
1417775434384
2517287062160
1692653341328
2792164969104
1400864000656
1400780114336
2500291742112
2770874681760
1417691548064
1692586232464
2792097860240
1400780114576
2500291742352
1675658021520
1692837890704
1675456694672
1417758656912
1692636563856
1400847223184
1675725130128
1400595565136
1675473472080
2500040084064
1688358374048
2517488388768
1671446940320
1396501923152
1413748902480
1688626809424
1692653341264
1417775434320
1688274504272
2787786132048
2495996791376
1671363070544
1671379830176
1417959982496
2517471610272
1400595563936
1417775433120
2775186426464
1692854667872
2792366295648
1671363053920
1413665016160
1688542923104
1400780114272
1675658021216
2775169648992
1417775450784
2517287078560
1692653357728
2792164985504
2517270284624
1688341596496
1671430162768
1688610031952
2788121659728
2500358850896
1675725129360
2517538719376
1688341611872
2496013567392
1671379846560
1671111394960
1688291264144
1675406362256
1692586231440
2774968339024
2495728355920
2512908225104
1671379830096
2770891457872
1688542922128
1417959982480
1692837889424
1671363052944
1396283836064
1400578803360
2788138453600
2517203192416
2495795464800
2500090432096
1400864000592
1675741907536
1418043869776
2517555497552
1692921776720
1417758672272
1688559699536
2513193420368
1675406362192
1400796891536
2775186426256
1688358373024
2792366295440
2496080676240
1671446955408
2513260545424
1688626824592
1413396579664
1692837889360
1396283836000
2495795463776
2500090431072
1417959983456
2792349518176
2775253551776
1418043886240
2792433420960
1396233488800
1413413357984
2774917990816
2788054567568
1400595581584
1675741923984
2775253551760
1692921793168
2500358867552
1418027108960
1396300614240
1671363070560
1396300597648
2495812225424
1671178504592
1413480466832
2512992094608
2500090431120
1396300613264
1671178520208
1413480482448
1675456710288
2774968338064
1417758672528
1400847238800
1675725145744
1418027092304
2517538720080
1688626808480
1400578804384
2500090432160
1675456711328
2774968339104
1417758673568
2517270301344
1692636580512
2792148208288
1675674797712
1692854666896
2792366294672
1396233488736
2770623023456
2512924985696
2787802892640
2500040083808
2496080660816
2513260530000
1692586247504
1417708340560
2495795463504
1396233504080
2513243769424
1675658020448
1417959982688
1692837889632
1688559699280
1675456710304
2774968338080
1417758672544
1692636579488
2792148207264
1396233487760
1400796890512
1417775449760
1692653356704
2775186425232
1675406362960
1692586232144
1692569471632
2788121675168
1688341611936
1396552271264
2770673370528
2512975332768
2774985116256
2517287078496
2792164985440
2775236757072
1671379846496
1413413356880
2788138452576
1413748902288
1688626809232
2788138437008
1396233488784
1671111395728
2512924985744
1675674814816
2775186442592
1396485147296
2513260545696
1692569470624
2788121675104
1396283835744
2495795463520
1675725145760
2775236773536
1692905014944
2792416642720
1675674798416
1692854667600
1413748917584
2788054566240
1396485162336
1675406378336
2774918006112
2500375644768
2775253551712
1418043886176
2517555513952
2792433420896
1413732125328
2788121660048
1688559715744
1688358372752
1400511678880
2500023306656
1675389585824
1417959983520
2517471611296
2775236774240
2792416643424
1692854684000
2517270300256
2792366311776
1396485163344
2770874698064
1671094617424
1671363052880
1688542922064
1396300612960
2770690147680
2512992109920
2787870016864
2500107208032
1671161727648
1413463689888
1400578788000
2500090415776
1671446939024
1688626808208
1400578786656
1417758655840
1400847222112
1675725129056
2775253535392
1418043869856
1688341596752
1675406379360
1692904999520
1675456694880
1675725130336
1400595565152
1413665016416
1688542923360
2500358866528
2792416642656
1396485146272
1417691564688
1675456693904
1692636563088
1396552272528
2770941807248
1413732141712
2788121676432
1396501940880
1400863999376
1417758655888
1413463688592
2512975316368
1688341595536
2496063882640
1671430161808
2513243751824
1692904999328
2792416627104
1671430163024
2774917989792
2517219952032
2792097858976
2775186425248
1692921775520
2500308518304
1400780113504
1688542923152
1396569049424
1413748918608
1417758673232
2517270301008
2770958568080
1692905014672
1417708340832
2517219968608
1692586247776
2500375643472
2517555512656
2517555497632
1692921776800
2792433404576
2500107192992
2774985099936
1417775434400
2517287062176
2500107209056
2517219953056
1692854682976
2792148206944
1688542938464
2512924985936
2500090415520
1675456694688
2774968322464
2517270284704
1692636563872
2792148191648
1675725130144
2775236757920
2495728355984
2512908225168
1675389602448
1400780130960
1675658037904
1417960000144
1418027091616
1692904998560
2517270284960
2775236774560
2792416643744
2500308534880
1675674814048
2517488404064
1692653341280
1417691563360
2517203191136
1400595564944
2774985099664
2517287061904
2792164968848
1671161727328
1400578787680
1417758656864
1413748901520
2513260529296
1688626808464
2770874698320
1688542939728
2788054567504
2500291758672
2517471627856
2774901230160
1692921776736
1400847222160
1675725129104
1396283835792
2787853239712
2770874697120
2513176659360
1400595580320
1675473487264
1675741922720
1400780113248
1675658020192
1417691546976
2517203192400
1396569033120
2500358866256
1413681810064
2495728355728
1418043884960
1692921791904
1417775449504
1400511694240
2513243768224
1671379830352
1675658020432
2512925002320
2787802909264
1396501940816
2770891475536
1413681810000
2788071344720
1396300596624
2495795447392
2788054567248
2500023306896
1692854666592
1396501923168
1413681792352
1688559699296
1692854683232
1671363053200
1417775433376
2500023322192
2500291757648
1396300613200
1413480482384
1671161742944
1688341612128
1671430178400
1688610047584
2495812225680
2512992094864
1417976759696
1692921792160
1417758672288
1688358389392
1671446955664
1688626824848
1396283836048
1413463705232
2500107208016
1675674813792
2495728354704
2512908223888
1400595563920
2495795448208
2512975317392
1675725129120
1692904998304
1675456693920
1417758656160
1675725129376
1396233504336
1413413373520
1417691547232
1417976759968
1671111395936
1396283819664
1413463688848
2513176660640
2770874698400
2512908225184
1688274504288
2500023323232
2500090430816
1413463706192
1675658020240
1671363069520
1688542938704
1396216710736
2500358867280
2770891458896
2517203192160
2495812241808
2512992110992
2517219969632
