296706392144
5681334532
5681334536
5677156612
5677156616
5681350916
5681350920
5925014056
6594636056
5673331220
5673331236
5673331224
5673331240
5470520900
5470524936
5677140226
5677156609
5677156610
5723265184
5924997656
5740042400
5924997672
5925001760
5925005856
5925014052
6595614996
6595619092
6595615000
6595619096
5537671760
5672343648
6594636052
5672409184
5672282194
5453715732
5453719828
5453715736
5453719832
5453715748
5471619604
5471635988
5471619620
5471636004
5471619608
5471635992
5471619624
5471636008
5538654560
5538720096
5537876036
5537876100
5537941572
5537941636
5537941764
5537942020
5538203716
5538203780
6611699848
5537618192
5471636104
5454764308
5454768404
5454764312
5454768408
5454764324
5454768420
5454764328
5454768424
5471541524
5471545620
5672282210
5672278098
5672278114
5672282193
5672278161
5672278177
5672278162
5672278178
5672282257
5672282273
6611437864
5537670816
5470496352
5470561828
5470496416
5470561832
5537600864
5537666400
5537600928
5537666464
5453714784
5470571028
5470587412
5470571044
5470587428
5470571032
5470587416
5470571048
5470587432
5537605984
5537671520
5924620872
6611438104
5924620936
6611438120
5537618184
5537622276
5537622280
5537634564
5537634568
5537638660
5470509316
5470509320
5470513412
5470513416
5470509344
5470525712
5470525728
5470513424
5470513440
5470529808
5470529824
5672290580
5672290584
5680465986
6594647560
5471545936
5471611172
5471546000
5471611176
5672880650
5672897034
5538716196
5538720292
5538716200
5538720296
5470569800
5470504328
5470569864
5538687520
5470508304
5470508320
5470524688
5470524704
5470512400
5470512416
5470528784
5470528800
5655521544
5655529768
5681318465
6611438148
5681318529
6611438212
5537678868
5537682976
5537678884
5537695268
5537678872
5537687072
5537678888
5537695272
5680531522
6594651656
5537941768
5537942024
5538203720
5538203784
5537863760
5537863824
5537929296
5537929360
5537929488
5537929744
5538191440
5672294944
5672299040
5672299024
5655505448
6611835012
6595619152
6595631648
6595619216
6595648032
6595619408
6595635744
6595619472
6595652128
6612396368
6612461844
5537683716
5672946185
5672962569
5672946186
5453716008
5453720104
5470493024
5470497300
5470493088
5470497304
5470493220
5470497316
5470493224
5470497320
5537683720
5470574852
5470574856
5470578948
5470578952
5470591236
5470591240
5470595332
5537700100
5537700104
6612470040
5471553860
5471557896
5471553924
5471561992
5471554116
5471574280
5471554180
5471578376
5538650388
5538654484
5672343712
6611413268
5672409248
6611413272
5672962628
6611413284
5672962692
6611413288
5672897092
6594636068
5677074945
5677091330
7082617376
10907429412
7116196488
10907429416
5453720144
5453785380
5453720208
5453785384
6595615012
6595619108
6595615016
6595619112
5672298756
5672315140
5537601044
5537605140
5537601048
5537605144
5537601060
5537605156
5537601064
5537605160
5470504264
5681269249
5681269250
5677074946
5677091329
5470509584
5470509600
5470525968
5470525984
5470513680
5470513696
5538662932
5538679316
5538662948
5538679332
5538662936
5538679320
5537613124
5537678660
5537613188
5537678724
5537613380
5537678916
5723199648
5924743696
5739976864
5924760080
5470701716
5470718100
5538662724
5538728260
5538662788
5538728324
5538662980
5538728516
5538663044
5538728580
6612404548
6612408584
5470512656
5470512672
5470529040
5453719844
5453715752
5807085728
6611437860
5672278097
5672278113
5470497044
5470492952
5470497048
5470492964
6612396584
5537614356
5537630740
5537614372
5537630756
5537614360
5537630744
5537614376
5537630760
5677124101
5681318405
5740046480
5924985384
6612392228
6612396324
6612392232
6612396328
5470705744
5470705760
5470722128
5470722144
5470709840
5470709856
5470726224
5470726240
6612404756
6612421140
6612404772
6612421156
5537667620
5537671716
5537667624
5537671720
5537687816
5537700356
5537700360
5537704452
5537704456
5470575108
5470575112
5453719848
5470492948
5470579204
5470579208
5470508560
5470508576
5470524944
5470524960
5537618208
5537634576
5537634592
5537622288
5537622304
5537638672
5537638688
5470529796
5470529800
5537618180
5470520616
5537666448
5537601104
5537666640
5537605200
5537670736
5537605264
5537670800
5672151120
5672896774
5672880393
5672896777
5672880394
5672896778
5672085648
5672962309
5672151184
5672962310
5672962376
6611412516
5672962440
6611412520
5471541528
5471545624
5471541540
5471545636
5471541544
5471545640
5471553812
5471570196
5471553828
5471570212
5538654816
5538720352
5538654880
5538720416
5537666584
5537670680
5537666596
5537670692
5537666600
5537670696
5470520648
5470574088
5470520712
5470578184
6612408592
6612408608
6612424976
6612424992
6612412688
6612412704
6612429072
6612429088
6747068948
6747068964
5538728468
5538732576
5538728484
5538744868
5538728472
5538736672
5924620550
5537678664
5537613192
5537604960
5537670496
5537605024
5537670560
5537605216
5537670752
5537605280
5924620868
5677074689
5677074690
5677091073
5677091074
5941398088
7015139849
5941398152
7015139850
5453715808
5453720084
5453715872
5453720088
5453716004
5453720100
5673081348
5673097732
5673085444
5673101828
5673081352
5673097736
5673085448
5673101832
5673327124
5673327140
5672282209
5677123970
5924620554
6611437128
5924989464
5924989480
5537629512
5537695048
5537629576
5537695112
5537629768
5538683396
5538683400
5538687492
5538687496
5537679892
5537696276
5537679908
5537696292
5537679896
5537696280
5537679912
5537696296
5740177952
6611438100
6595643720
6595697160
6595643784
6595701256
5454768464
5454780936
5454768528
5454785032
5454768720
5454785056
5454768784
5454801416
5471545680
5471611156
5470705808
5470705824
5470722192
5470722208
5470709904
5470709920
5470726288
5470726304
5537876040
5537876104
5470505288
5470570824
5470505352
5470570888
5470505544
5470571080
5470505608
5470571144
5537602068
5537606164
5932993025
5932993026
5933009409
5933009410
5470497168
5470562584
5470562596
5470497424
5470562600
5470497104
5453719888
5453785364
6611835024
6611835040
5470988420
5470988424
6611634244
6611634308
6611699780
6611699844
6611834948
6611834952
6611839044
6611839048
5470569748
5470586132
5470569752
5470586136
5672282258
5672282274
5677124105
5681318409
5454764384
5454768660
5454764448
5454768664
5454764580
5454768676
5454764584
5454768680
5471541600
5471545876
5453797892
5453797896
5470984288
5470849284
5470849540
5470988368
5470988384
5537892420
5537892484
5677058310
5681252614
5677058314
6612408848
6612408864
6612425232
6612425248
6612412944
6612412960
6612429328
6612429344
6814177824
7015516696
7015520800
7015524896
7015533092
7015533096
5537614152
5537679688
5537614216
5655517712
5655521808
5537679752
5537614408
5537679944
5537614472
5537680008
5677156865
5677156866
6611446020
6611446024
5537867856
5537867920
5537933392
5537933456
5537933584
5537933840
5538195536
5538195600
5740202500
6611830868
5807114372
6611830884
5932976705
6611830872
5932976769
6611830888
5740436000
6847338660
5537606240
5537671776
5537606304
5537671840
5470496160
5470561696
5470574864
5470574880
5470591248
5470591264
5470578960
5470578976
6611634440
6611634696
5537678728
5537613384
5537678920
5537613448
5537678984
5676271746
5924620549
5676337282
5537613128
5677123906
5672896836
5677091080
5672896900
5681285384
6612404516
6612420900
5471541664
5471545880
5471541796
5471545892
5471541800
5471545896
5471554068
5471570452
5471554084
5471570468
6594660680
5680793666
6594660744
6881290768
7015504424
6595627300
6595635464
6595627288
6595643672
6595627304
6595643688
5673081376
5673085472
5673097760
5673101856
5681252618
5538654800
5538720336
5538654864
5538720400
5537933472
5537933600
5537933856
5538195552
5538195616
6611425796
6611425800
5672311044
6611429892
6611429896
5672294660
5672294664
5672311048
5470520612
5470504212
5470520596
5470705796
5470705800
6612396640
6612462116
6612396704
6612462120
5471623440
5655517700
5655534084
5655521796
5655538180
5537613080
5537613096
5471623456
5471639824
5672085584
5672896773
5537683972
5537683976
5941398084
6847342756
5941398148
6847342760
5537695304
5537629832
5537695368
5680466050
6611424776
5681318274
6611437192
5680531586
6611428872
5681318210
5453818120
6595631620
6595631624
6595635716
6595635720
5538650648
5538654744
5538650660
5538654756
5538650664
5538654760
6594648336
6594648352
6594664720
6594664736
6594652432
6594652448
6594668816
6594668832
6612421000
6612478472
5537600848
5537666384
5537600912
5537602072
5537606168
5537602084
5537606180
5537602088
5537606184
5471558160
5471558176
5471574544
5471574560
5471562256
5928798728
5932993028
5932993032
5471562272
5471578640
6611839108
6611839112
6594648592
6594648608
6594664976
6594664992
6594652688
6594652704
5537688068
5537688072
5537618448
5537618464
5537634832
5537634848
5537622544
5537622560
5537638928
5537638944
5928798724
5470984260
5470570792
5470587176
6797404704
7019317762
6864513568
7019334146
5672299012
5672315396
5655517448
5655529752
5807155344
5941398022
5470718276
5470980180
5470718532
5470980196
5470718340
5470980184
5470718596
5470980200
5680728129
6594660628
5924620612
5924743712
5924620676
5924760096
5537617424
5537617440
5537633808
5537633824
5537621520
5537621536
5924620553
5454768480
5454834016
5454768544
5454834080
6595643928
6595627560
6595643944
5538650768
5538716304
6611425552
6611425568
6611429640
6611441924
6611441928
6797404688
6847350936
5537867872
5537867936
5537933408
5537606224
5470496144
5470561560
5672962632
6611413540
5672962696
6611413544
5471570248
5471623688
5471570312
5471627784
5673077284
5673077288
5471570504
5471636040
5471570568
6611634248
6611634312
6611699784
6594669072
6611835016
6594669088
5470505256
5537601872
5537667408
5537601936
5537667472
5537602128
5537667664
5537602192
5537667728
5470521640
6611699972
6611700228
6611839056
6611839072
5537666580
5537670676
5471553864
5471619400
5471553928
5471619464
5471554120
5471619656
5471554184
5471619720
5538650644
5538654740
5471545696
5471611232
5471545760
5471611296
5470521672
5470587208
5470521736
5470587272
5470521928
5470587464
5470521992
5470587528
5537667604
5537671700
5672085600
6594635104
5672151136
6594635168
5672896840
6594635300
5672896904
6594635304
5672085664
6611412320
5680793665
6594660644
6747068952
6747068968
5680793730
6611437960
5537957960
5537958024
5538662728
5538728264
5538662792
5538728328
5538662984
5538728520
5538663048
5538728584
6612404552
6612470088
5537601952
5537667488
5471619348
5471635732
5471619364
5471635748
5471619352
5471635736
5471619368
5471635752
5538654544
5740046496
6813788320
6612396624
6612461860
6612396688
6612461864
6612470292
6612486676
6612470308
6612486692
5537622532
5537622536
6594664964
6594664968
6594669060
6594669064
5470984264
5470988356
5470988360
5453797636
5453797640
5453801732
5453801736
5453801744
5453801760
5453818116
5537606032
5537671568
5537606288
5537671824
5470570772
5470587156
5470570788
5470587172
5470570776
5470587160
5677058566
5681252870
5677058570
5681252874
5470595336
5453719060
5453719064
5453714980
5453719076
5453714984
5453719080
5470492196
5470496292
5470492200
5470496296
6612412932
6612412936
5655501336
5655501352
5677123846
5681318150
5677123850
5681318154
6612404616
6612470152
6612404808
6612470344
6612404872
6612470408
5470497184
5470562720
6847355040
6847350948
6847350952
6847367332
6847367336
6847359136
6611429648
6611429664
6611441936
6611441952
6612392352
6612396568
5941774884
5941774888
5537704196
5537704200
5672897156
6594636072
5673327128
5673327144
5676533890
5924620805
5676599426
5924620806
5677124162
5470512648
5924620809
5677124226
5924620810
5723211912
5924755972
5739989128
5924760068
5924739592
5924755976
5924743688
5924760072
5723269264
5924985380
5470594576
5470594592
6611446032
6611446048
5470525700
5470525704
5537638664
5453801988
5453801992
5453802000
5453802016
5453818372
5453818376
5470783560
5470783624
5470849096
5470849160
5537600792
5537604888
5537600804
5537604900
5470528776
5537600788
5537604884
5537600808
5537604904
6612486424
5807089824
5453718880
5453784416
5453718944
5453784480
5453719136
5453784612
5453719200
5453784616
5470496096
5470561632
5538662676
5538666784
5538662692
5538679076
5538662680
5538670880
5538662696
5538679080
6612404500
6612420884
5471545744
5471611160
5538716180
5538720276
5538716184
5538720280
5538679112
5538744648
5538679176
5538744712
5538679368
5538744904
5538679432
5538744968
6612420936
6612474376
6611425808
6611425824
6611442192
6611442208
6611429904
6611429920
6611446288
6611446304
5537614116
5537630500
5537614104
5537630488
5537614120
5537630504
5672294916
5672311300
5672962570
5680793729
6611437956
5470530064
5470530080
5537941576
5537941640
5537630536
5537696072
5537630600
5537696136
5537630792
5537696328
5537630856
5537696392
5680728194
6611437896
5723228296
6611424800
5740005512
6611441184
5932976450
6611428896
5932976514
6611445280
5723269280
6797011104
5470509572
5470509576
5470513668
5470513672
5470525956
5470525960
5470530052
5470530056
5537618436
5537618440
5470491940
5672347792
5672962565
5672413328
5672962566
6595615072
6595619348
6595615136
6595619352
6595615268
6595619364
6595615272
6595619368
6612392288
6612396564
6612470036
6612486420
6612470052
6612486436
5537633796
5537633800
5537637892
5537637896
5470520964
5470529032
5537617412
5470508548
5470508552
5470512644
5681285633
5681285634
6881290784
10907429280
6612470056
6612486440
5453719952
5453785368
5672347728
5672897029
5672413264
5672897030
6611442180
6611442184
6611446276
6611446280
5672880649
5672897033
5538667024
5538667040
5538683408
5538683424
5538671120
5538671136
5538687504
5672298760
5672315144
5538662952
5538679336
5470595344
5470595360
6594648324
6594648328
6594652420
6594652424
6594664708
6594664712
6594668804
6594668808
5537679636
5537696020
5537679652
5537696036
5537679640
5537696024
5537679656
5537696040
5740173856
5924620932
5470569764
5470586148
5470562580
5924989460
5924989476
5470573840
5470573856
5470590224
5470590240
5470577936
5470577952
5470594320
5470594336
5676271682
5681252613
6612392212
6612396308
6612392216
6612396312
6612404760
6612421144
6612404776
6612421160
5537667608
5537671704
6595619168
6595684704
6595619232
6595684768
6595619424
6595684900
6595619488
6595684904
6612396384
6612461920
5470529056
5537670480
5537605008
5537604944
5537670544
5672151200
6611412384
5471627792
5471627808
5471644176
5471644192
5672347744
6594636128
5672413280
6594636192
5672897096
6594636324
5672897160
6594636328
5672347808
6611413344
5538654624
5538720160
5470504472
5470984324
5470984328
5538191504
5672290836
5672290840
5672290852
5672290856
5672307220
5672307224
5672307236
5672307240
6611437844
5470575120
5470575136
5470591504
5470591520
5470579216
5470579232
5470595600
5470595616
6594648580
6594648584
5681252673
5681268994
5681252737
5681285378
5807155360
6880897184
5673347616
5673355812
5673355816
5655513620
5655513624
5655513636
5655513640
5655530004
5655530008
5655530020
5655530024
5537613444
5537678980
5538671108
5538671112
6595643976
6595709464
6595644040
6595709480
5681252674
6594659864
5681252738
6594659880
5470574096
5470574112
5470590480
5470590496
5470578192
5470578208
5537666720
5537958148
5537958404
5538220164
5470783748
5470784004
5470984272
5537957956
5537958020
5538220100
5928815105
5928815106
6611839120
6611839136
5470569768
5470586152
5453714712
5453718820
5453714724
5453714728
5470504228
5470504216
5470520600
5470504232
5677124102
5681318406
5677124106
5681318410
5470504488
5470504468
5470520852
5470504484
5470520868
5470520856
5470520872
5537601120
5537666656
5537601184
5676337218
5681252617
6881286688
7015516712
5537863776
5537863840
5537929312
5537929376
5537929504
5537929760
5538191456
5538191520
5677140481
5677140482
5655517728
5655521824
5655538208
5681334785
5681334786
5681351169
5681351170
6612474128
6612474144
6612490512
6612490528
6612478224
6612478240
6612494608
6612494624
6814181904
7015504420
5655517704
5655534088
5655521800
5655538184
5537613076
5537617184
5537613092
5537629476
5537621280
5537629480
5470509328
5681318209
5681334530
5681318273
5681350914
5677140225
5537606048
5537671584
5740186120
5932976645
5807097992
5932976649
5928782342
5932976646
5928782346
5932976650
5740440080
5941398021
5538650392
5538654488
5538650404
5538654500
5538650408
5538654504
5672294672
5672298768
5672311056
5672315152
5672294688
5672298784
5672311072
5672315168
5673077268
5673077272
5677074696
5672147040
5681269000
5470497060
5470492968
5470497064
5470505236
5470521620
5470505252
5470497360
5470521636
5470505240
5470521624
5656554024
5470988432
5470988448
5470783752
5470784008
5470984336
5470984352
5470849288
5470849544
5537892424
5537892488
6612404504
6612420888
6612404520
6612420904
5453736464
5453736480
5453752836
5453752840
5470571076
5470505604
5470571140
5537601812
5537605908
5537601828
5537605924
5470505284
5537601816
5537605912
5681252930
6594660888
5681252994
6594660904
7015508500
7015508516
7015508504
7015508520
5655505172
5655505188
5655505176
5655505192
5655501076
5655501092
5655501080
5655501096
5655501332
5655501348
5470591492
5470591496
5470595588
5470595592
5453719904
5453785440
5453719968
5453785504
5453720160
5453785636
5453720224
5453785640
5470497120
5470562656
6611425540
6611425544
6611429636
5470570004
5470586388
5470570020
5470586404
5470570008
5470586392
5470570024
5470586408
5470701652
5470718036
5470701668
5470718052
5470701656
5470718040
5470701672
5470718056
5537614100
5537630484
5471578656
5538720080
5538654608
5538720144
6612474384
6612474400
6612490768
6612490784
6612478480
6612478496
6612494864
6612494880
6814181920
10907429216
6612396448
6612461984
5807151264
6847338664
5740202504
6611830932
5807114376
6611830948
5932976706
6611830936
5932976770
6611830952
5740440096
6864119968
5471558148
5471558152
5471562244
5471562248
5471570500
5471574536
5471570564
5471578632
5538667012
5538667016
6611438116
5677074948
5677074952
5681269252
5681269256
5677091332
5677091336
5681285636
5681285640
5928798721
5928798722
6595643972
6595648008
6595644036
6595652104
6612421192
6612486728
6612421256
6612486792
5537601168
5537666704
5470521668
5470587204
5470521732
5470587268
5470521924
5470587460
5470521988
5470587524
5537667348
5537671444
5470504260
5470508296
5470504324
5470512392
5470504516
5470524680
5470504580
5537617416
5537621508
5537621512
5672081568
5924735512
5672147104
5924735528
5672962372
5924751896
5672962436
5924751912
5672081504
5672945929
5672962313
5672945930
5672962314
5538650784
5538716320
5928815108
5928815112
5933009412
5933009416
5470783556
5470783620
5470849092
5470849156
7019334148
7019334152
7023528449
7023528450
5672294920
5672311304
5672299016
5672315400
5471639840
5471627536
5471627552
5471643920
5471643936
6595627336
6595643924
6595627400
6595643940
6595627544
5537683728
5537683744
5537700112
5537700128
5537687824
5537687840
5537704208
5537704224
6611634436
6611634692
5655513380
5655513384
5655513364
5655513368
5941381641
5941398025
5941381642
5941398026
5470520904
5470586440
5470520968
5470586504
5470504520
5470570056
5537629508
5537695044
5537629572
5537695108
5537629764
5537695300
5537629828
5537695364
5677140228
5677140232
5454768736
5454834212
5454768800
5454834216
5470701732
5470718116
5470701720
5470718104
5470701736
5470718120
5676533826
5681252869
5676599362
5681252873
5537613332
5537629716
5537613348
5537629732
5537613336
5537629720
5537613352
5537629736
5677123845
5681318149
7015139594
5470722120
5470726212
5470726216
5470709828
5470709832
5470722116
5537605968
5537671504
5537667352
5537671448
5537667364
5537671460
5537667368
5537671464
5470570820
5470505348
5470570884
5470505540
5470496336
5470561572
5470496400
5470561576
5672413344
6611413408
5673093652
5673093656
5673093668
5673093672
6611834960
6611834976
5470496036
5470496040
5470491944
5453718804
5453718808
5453718824
5470491924
5470496020
5470491928
5470496024
5471545952
5471611428
5471546016
5471611432
5537637904
5537637920
5453714848
5453732100
5453732104
5453736196
5453736200
5453736208
5453736224
5453752580
5453752584
5470705732
5470705736
5681252929
6594660632
5681252993
6594660648
6612404612
6612412680
6612404804
6612424968
6612404868
6612429064
6747073044
6747073060
6747073048
6747073064
5538728488
5538744872
5672311312
5672315408
5672311328
5672315424
5672294928
5673339412
5673339416
5673339428
5673339432
5673343520
5537614148
5537679684
5537614212
5537679748
5537614404
5537679940
5537614468
5537680004
5673064980
5673064996
5681318466
6611438152
5681318530
6611438216
5471623696
5471623712
5471640080
5471640096
5537704464
6611699976
6611700232
5537704480
5537683984
5537684000
5537700368
5537700384
5537688080
5537688096
5537958152
5537958408
5538220104
5538220168
5470504584
5470570120
5673064984
5673065000
5673069076
5673069092
5673069080
5673069096
5537602144
5537667680
5537602208
5537667744
5655534112
5655534096
5655538192
5656549908
5656549924
5656549912
5656549928
5656554004
5656554020
5656554008
5470718280
5470980244
5470718536
5470980260
5470718344
5470980248
5470718600
5470980264
5680728130
5470492000
5470496276
5470492064
5470496280
5723203744
6611437076
5739980960
6611437092
5924620616
6611437080
5924620680
6611437096
5672290596
5672290600
5672306964
5672306968
5672306980
5672306984
5673081360
5673085456
5673097744
5673101840
5941397832
7015139593
5941397896
6612396432
6612461848
5470709892
5470709896
5470722180
5470722184
5470726276
5470726280
5453732356
5453732360
5453736452
5453736456
6612470296
6612486680
6612470312
6612486696
5537634820
5537634824
5537638916
5537638920
5471554072
5471570456
5471554088
5471570472
5538650464
5538716000
5538650528
5538716064
5538650720
5538716256
6594652676
6594652680
5537601832
5537605928
5471553816
5471570200
5471553832
5471570216
5538650448
5538715984
5538650512
5538716048
5538650704
5538716240
5453718864
5453731336
5453718928
5453735432
5453719120
5453735456
5453719184
5453751816
5470496080
5470561556
6611437848
5470505492
5470521876
5470505508
5470521892
5470505496
5470521880
5470505512
5470521896
5537601888
5537667424
6612421188
6612425224
6612421252
6612429320
5538679108
5538744644
5538679172
5538744708
5538679364
5538744900
5538679428
5538744964
6612408836
6612408840
5655505428
5655505444
5655505432
5677140484
5677140488
5681334788
5681334792
5677156868
5677156872
5681351172
5681351176
5941774868
5941774872
5677123849
5681318153
5470497376
5470562852
5470497440
5470562856
6612392484
6612396580
6612392488
5471557904
5471557920
5471574288
5471574304
5471562000
5471562016
5471578384
5471578400
6595627284
6595631368
5941778976
5941783072
5941791268
5941791272
5537630532
5537696068
5537630596
5537696132
5537630788
5537696324
5537630852
5537696388
5680728193
6611437892
5537687812
