1396218020944
5672425989
5672425990
5672442373
5672442374
5672430085
5672430086
5672446469
5672446470
5672425993
5672425994
6746184201
6746184202
5655385610
5655390497
5655390498
5655406090
5655504533
5655504534
5655504549
5655504550
5655238042
5655238057
5673355942
7015516757
7015516773
7015516761
7015516777
6847367766
6847367782
6847367770
6847367786
5672118817
5672118818
5680552193
5680556289
5748447492
5748451588
5748447496
5748451592
5924997717
5924997718
5924997721
5924997722
5744241176
5748435480
5727394324
5727394328
5727398420
5727398424
5672360201
5672360202
5672364297
5672364298
5672380681
5672380682
5672360198
5672376581
5672376582
5672360197
6868310308
6868310312
6868314404
6868314408
5655603721
5655603722
5655587333
5655587334
5655603717
5655599622
5655603718
7015254426
5659691414
5663885721
5663885737
5659691417
5659691418
5659691434
5659691413
5659691429
5663885717
5659691430
5673069141
5673069145
5655500438
5655500442
5655500454
5655500458
5655504537
5655504553
5655504538
5811280404
5815474708
5811284500
6746167814
6746171910
6847277653
6847277657
6847277669
6847277673
6847277654
6847277658
6847277670
6847277674
6847273574
6847273578
6754404966
6754404949
6750210645
6754404970
6754404965
6750210649
6750210661
6754404954
6750210662
6750210650
5672167945
5672167946
5672184329
5672184330
6847338858
6847338842
6847338857
6846830673
6846847057
6847338853
6847338854
6847338841
6847338901
6847338902
7023889049
7023889065
7023889050
7023889066
5727394310
5727394314
5744253444
5744257540
5744253448
5744257544
6846830729
6846834825
6846847113
6846851209
5731654168
5680486913
5680491009
5680486914
5680491010
5680503297
5680507393
5680503298
5680507394
5681535489
5673150981
5673150982
5673167365
5941766806
5941766821
5941766822
6746019413
6746019414
6746019429
6746019430
6746019417
6746019418
6746019433
6746019434
6746023509
6746023510
5924752021
5924752037
5924752025
5924752041
5941582369
5941598753
5941586465
5941602849
6747069013
6747069017
6747069029
6747069033
6747069014
6747069018
6747069030
6747069034
6747073109
6747073113
5672289941
5672289942
5672289945
5672289946
5672289957
5672289958
5672289961
5672289962
5672306325
6746184225
6746184226
6746188321
6746188322
6855723350
6855723366
5655505317
5655505318
5655243161
5655243162
5655243177
5655243178
5655505301
5655505561
5655505562
5655505577
6746048858
5672307354
5672307370
5655513749
5655513750
5655513753
5655513754
5655513765
5655320097
5655324937
5655324193
5655340577
5655320098
5655324938
5655324194
5672364562
5672380946
5672360481
5672376865
5672364577
5672380961
6746167841
6746171937
6746167842
6746171938
5672098338
5672114722
5672360458
5672364554
5672376842
6746031701
6746031717
6746031705
6746031721
6746031702
6746031718
6746031706
6746031722
6746048090
6746048106
6800562308
6750210406
6750210393
6750210409
6750210394
6750210410
6754404693
6754404709
6754404694
6754404710
6754404697
6847367509
6847367510
6847367513
6847367514
6847367525
6847367526
6847367529
6750099969
6750104065
6750099970
5731588628
5731592724
5731588632
5731592728
5727394340
5731588644
6746024361
6846847049
6846847050
5655529045
5655529061
5655501397
5655501401
5655501413
5655501417
5655501398
5655501402
5655501414
5655501418
5655505493
5655505497
11184249350
11184249354
6745843206
6745843986
6745859590
6745839113
6745843209
6745844001
6745859593
6745839114
6745843210
6745844002
7015389701
7015389702
7015406085
7015406086
7015393797
7015393798
7015410181
5744175621
5744175625
5748369925
5748369929
6746188297
6746188298
6855723685
6855723689
6847342998
6847343002
6847343014
6847343018
5673093526
5659691606
5659691610
5673093525
5673093529
5659690581
5659690585
5659690582
5659690586
5659690597
5941762709
5941762710
5941762725
5941762726
5941762714
5941762730
5941766805
5924735637
5924735653
5924735641
5731588614
5731588618
5744236806
5744240902
5748431110
5748435206
5744236810
5744240906
5748431114
5748435210
5673093785
5673077401
5673077402
5673077413
5673077414
5673077417
5673077397
5673077398
5673077418
5673093786
5941602833
5941582354
5941598738
6818011400
6822205704
6818015492
6822209796
6818015496
6822209800
5941586450
5748447748
5748451844
5748447752
5748451848
5941774933
5941774934
5941774937
5941774938
5941774949
5941774950
5672098066
6851529066
6851529045
6851529061
6817323156
6817323160
6817327252
6817327256
6821517460
6821517464
6821521556
6821521560
6746023577
6746023578
6746023593
6746023594
6801205766
6801205770
6805400070
6805400074
5924887049
5924891145
5673212449
5673228833
5673216545
5673232929
5673212433
5673228817
5673216529
5924870661
5924874757
5924887045
5924891141
5924870662
5924874758
5924887046
5924891142
5924870665
5924874761
6746048917
6746048933
6746048921
5924989525
5924989526
6746048937
6746048918
6746048934
6746048922
6746048938
5924985429
5924985430
5924985445
5663885718
5663885722
5663885733
5663885734
5663885738
5731588372
5731588376
5731592468
5673331353
5673331354
5673331369
5673331370
6868310538
6868314634
6872504842
6872508938
5676296706
5676313090
5933197826
6846847121
6846847122
5933214210
5924735382
5924735398
5924735386
5924735402
5924751765
5924751781
5924751769
5924751785
5924751766
5924751782
5731592714
5744171526
5744175622
5748365830
5748369926
5744171530
5744175626
5748365834
5748369930
5727394309
5672162850
6868343048
6868347144
6868310282
6868314378
6872504586
6872508682
6885103876
6885107972
6885103880
6885107976
5655583237
5655599621
5655583238
6745840133
6817929732
6822124036
6817929736
6822124040
6817933828
6822128132
6817933832
6822128136
6817946116
6822140420
5748431144
5748435236
5748435240
5681617409
5681601026
6750210709
6751259222
6751259226
5681449558
5681449574
6847367849
6847367850
5681711765
5924805137
5924821521
5924809233
5924825617
5924805138
5924821522
5924809234
5924825618
5924805153
5924821537
5672162825
5672162826
5672179209
5672179210
5672360457
5672376841
5672364553
5672380937
5672380938
5672360453
5672360454
5941791381
5941791397
5941791385
5941791401
5815478820
5815478824
5673077338
5673077354
5673093717
5673093733
5673093721
5673093737
5673093718
5673093734
5673093722
5673093738
5655513702
5655513690
5655513706
5811280148
5811280152
5811284244
5811284248
5815474452
5815474456
5815478548
5815478552
5811280164
5811280168
11184249380
11184249384
11184253476
11184253480
5681449301
5681449305
5681449302
6847339093
6847339097
6847339109
6847339113
6847339094
6847339098
6847339110
6847339114
6847343189
6847343193
6885087493
6885087497
6889281797
6889281801
6885091589
6868343304
6872537608
6885091593
6889285893
6889285897
5655243094
5655243098
6847367765
6847367769
6847367781
6847367785
6847351401
6847351402
5673331350
5673331366
5659584770
5659584001
5659600385
5663774210
5663779074
5663774209
5663779073
5659584002
5659600386
5663778306
7015406113
7015406114
6746048853
6746048869
6746048857
6746048873
6746032469
6746032485
6746032473
6746048854
6746048870
5672425761
5672425762
5672429857
5672429858
5672442145
5672442146
5672446241
5672446242
5673093781
5673093782
5924989530
5924809226
5924809225
5924825610
5924989546
5924989541
5924989542
5924825609
5924989529
5924989545
6746024341
6746024342
6746024357
6746024358
6750210389
6750210390
6754404698
6754404713
5744237066
5744241162
5748431370
5748435466
6821521508
6821521512
7015516774
7015516778
6745840137
6745840138
6745844257
6745844258
5673093542
5673093530
5673093546
6746031781
6746031782
6746031785
6746031786
6746048149
6746048150
6746048153
6746048154
6746048165
6746048166
6745905670
6745909766
6745909778
5672426001
5672426002
5672430097
5672430098
5672442385
5672442386
5672446481
5672446482
5672442402
5672446497
5924751770
5744171288
5659691609
5659691625
5659691626
5924735401
5673146897
5673163281
5673150993
6750103809
6750119425
6750103810
6750119426
5672183329
5672162849
5672179233
5672166945
6817917476
6817917480
5924735573
5924735589
5924735577
5924735593
5924735574
5924735590
5924735578
5924735594
5924751957
5924751973
5655504485
5655504489
5655504470
5655504474
5655504486
5655504490
5655500437
5655500441
5655500453
5655500457
5673065109
5673065110
5924805125
5924809221
5924821509
5924825605
5924805126
5924809222
5924821510
5924825606
5924805129
5656550037
5656550038
5656550053
5656550054
5656550041
5656550042
5656550057
5656550058
5656554073
5656554074
5656554089
5656554090
6746102289
6746118673
6746106385
6746122769
6746102290
6746118674
6746106386
6746122770
6746102305
6746118689
6847367530
6750210457
6750210473
6750210458
6750210474
6868310277
6868314373
6868326664
6868330760
6868310281
6868314377
6872504585
6872508681
6868310278
6868314374
5659777537
5659781633
5659777538
5672289882
5672289893
5672289894
5672289897
5672289898
5672306261
5672306262
5672306265
5672306266
5672306277
7015508569
7015508570
7015508585
7015508586
7015389730
7015393826
7015410210
6750210405
6754227714
6754231810
6754232577
6754248193
6754232578
6754248194
5659843073
5659847169
5659843074
5659847170
5659859457
5659863553
5659859458
5659863554
5664037377
5664041473
5659691605
5659691621
5663885913
5663885929
5663885914
5655530085
5655530086
5655530089
5655530090
5655513686
5655513689
7015508630
7015508634
7015508646
7015508650
6754231809
6754227713
6750033409
6750038273
6750033410
6750038274
6750037505
5924751705
5924751721
5924751702
5924751718
5924751706
5924751722
5924735381
5924735397
5924735385
5933370009
5933370025
5933370010
5933370026
5655320073
7019694681
7019694697
7019694682
7019694698
5655239061
6885087780
6885087784
6885091876
6800545926
6800550022
6801140260
6804744326
6885091880
5655648802
5655665186
6822205956
6822210052
6822205960
6822210056
5672307286
5672307302
5672307349
5672307365
5672307353
5672307369
6746049109
6746049125
6746049113
6746049129
6855723365
6855723369
6855723370
5672282789
5672282790
5941598729
5941598730
6746102281
6746106377
6746118665
6746122761
6801205513
6801221896
6805399817
6801201414
6801201418
6801234184
6805395722
6801205510
6801205514
6801238280
6746020501
6746020502
6746020517
6746020518
6746020505
6746020506
6746020521
6746020522
6746024597
6746024598
7015324177
7015340561
7015328273
7015324165
7015324166
7015340549
7015340550
7015328261
7015328262
7015344645
7015344646
7015324169
7015324170
6746048169
6746048170
5941598754
5941602850
5673065125
5673065126
6746167813
6746171909
6746184197
5941647877
5941651973
5941664261
5672360225
5672360226
5672166946
5941668357
5941647878
5941651974
5941664262
5815474468
5672307093
5672307094
5672307097
5672307098
5672307109
5672307110
5672307113
5672307114
5672290710
5672290726
5672290714
5672290730
5727463972
5731658276
5727459880
5731654184
5727463976
5731658280
6801156612
6800562312
6801156616
6800566404
6804760708
6800566408
6804760712
6800578692
6801172996
5673339477
5673339493
5673339481
5673339497
5673339478
5673339494
5673339482
5673339498
5673355861
5673355877
5811284260
5811284264
5672184354
5672163873
5672180257
5672167969
5672184353
5672163874
5659781634
7015533141
6745925153
6745904674
6745909514
6745908770
6745925154
6745904673
6745909513
6745908769
6745909510
5663884889
5663884905
5663884890
5663884906
5677517418
5677517414
6855723434
6855723349
5677517401
5677517417
6851529049
6851529065
6851529050
6754405030
6754405034
5744237096
5748431400
5744241192
5748435496
5676624130
6817323172
6817323176
6817327268
6817327272
6821517476
6821517480
6821521572
6821521576
6847367573
6847367574
6747073125
6747073126
7015270805
7015270806
11096173092
11096173096
7015270809
7015270810
6746020437
6746020441
6746020453
6746020457
6746020438
6746020442
6746020454
6746020458
6746024533
6746024537
6846830754
6846847138
6846834850
6846851234
6847343253
6847343254
6847343269
6847343270
5681449317
5681449318
6885087749
6885087753
6889282053
6889282057
6885091845
6885091849
6889286149
6889286153
6885087750
6885087754
7015246230
7015246234
5672380706
5672360209
5672376593
5672364305
5672380689
5672360210
5672376594
5672364306
5672380690
5744208136
5744187652
5744191748
5744187656
5744191752
5748381956
5748386052
5748381960
5748386056
5744204036
5941582353
5941598737
5941586449
5676554497
5676558593
5676554498
5676558594
5676570881
5676574977
5676570882
5676574978
5680748801
5680752897
6745859594
5924727205
5924727206
5655505321
5672102433
6817995012
6822189316
6817995016
6822189320
6817999108
6822193412
6817999112
6822193416
6818011396
6822205700
6847351125
6847351126
6847351129
6847351130
6847351141
6847351142
6847351145
6847351146
6746023514
6746023526
6746023530
5681605122
5681621505
5681621506
5677406721
5677423105
5677406722
5677423106
5677410817
5677427201
5677410818
5659535873
5659691349
5659691353
5659691350
5659691354
6847343205
6847343209
6885087494
6885087498
6889281798
6889281802
5672290965
5672290981
5672290969
5672290985
5672290966
5672290982
5672290970
5672290986
5672307350
5672307366
6746167825
6746167826
6746171921
6746171922
6746184209
6746184210
6746188305
6746188306
6746020182
6746020186
6746049189
6746049190
7023716865
7023733249
5659691622
5655513685
6747073189
6747073193
5673327253
5673327254
5673327269
5673327270
5673327257
5673327258
5673327273
5673327274
5673331349
6868310533
6868314629
6872504837
6872508933
6868310537
6868314633
6872504841
6872508937
6868310534
6868314630
5941664273
5941651985
5941668369
5933193730
5933210114
5933197825
6746048089
6746048101
6746048102
6746048105
5933214209
5681617410
5681605121
6855723605
6855723621
6855723606
6855723622
6855723609
6855723625
6855723610
6855723626
5744236840
5744240936
5672364578
5672376866
5672380962
5748431140
5672360465
5672360466
5672364561
6889281828
6889281832
6889285924
6889285928
11117144585
6805428744
6805432840
6817978886
6817982982
6822173190
6822177286
5673077141
5673077157
5673077145
5673065065
5673065050
5673065045
5673069157
5673069158
5673069146
5673069161
5744240932
6847351189
6847351190
6847351193
5924751786
5656554086
5656549977
5656549978
5656549993
5656549994
6800550052
6804744356
6800545960
6801140234
6800550056
6804744360
5673146890
5673150986
5673163274
5673167370
6801201417
6805395721
6805399818
5663709697
5663713793
5663709698
5663713794
5663730177
5663730178
5659515393
5659519489
6805396004
6805396008
6805400100
6805400104
5655529877
5655529893
5655529881
5655529897
5933193729
5659690598
5663884885
6750210725
6750210726
6750210729
6750210730
6754405013
6754405017
6754405014
6754405018
6754405029
6754405033
5672166922
5941774953
5941774954
5941791317
5941791333
5673167378
5815540244
5815540248
5815544340
6800545865
6800549961
6800566344
6804744265
5815544344
5655512741
5655512729
5655512745
5677345282
11180055076
11180059172
5655501466
5655501481
5655501482
6746032486
6746032474
6746032490
5672364293
5672364294
5672380677
5672380678
6847339158
6847339162
6847339174
6847339178
6746024534
6746032537
6746032538
6746032549
6746032550
6746032553
6746032554
5731592488
5673212434
5673216530
5673228818
5673232913
5673232914
5673212450
6801201684
6805395988
6801205780
6805400084
6801201688
6805395992
6801205784
6805400088
5659691433
5656554069
5656554070
5656554085
5655321097
5655321098
5655325217
5655325218
5655325193
5655325194
6746024538
6746024553
6746024554
6801201704
6801205800
6846830674
6846847058
6846834770
6846851154
5673068901
5673065066
5673064789
5673064790
5673064805
5673068902
5672430113
6745905669
6745909765
6745905673
6745909769
6745909793
6745926153
6745905674
6745909770
6745909794
6745926154
5672290645
5672290646
5672290649
5672290650
5672290661
5672290662
5672290665
5672290666
5676308738
5676312834
7015328266
7015340554
7015344650
6746024602
6746024614
6754404773
6754404758
6754404774
6754404761
6754404777
6754404762
6754404778
6750210453
6750210469
6750210454
5673228834
5744208392
6851529305
6851529321
6851529306
6851529322
5748402696
6754404950
5929175641
5929175657
5929175642
5929175658
5672098322
5672102417
5672102418
5672114705
5672114706
5672118801
5672118802
5672098337
5672307285
5676571137
5676554754
5676571138
5655530070
5655530074
6745839121
6745839122
6745843217
6745843218
6745843973
6745843974
6745859601
6817327238
6817327242
6821521542
6821521546
6847273625
6847273626
6847273641
5655386630
5655390726
5655390738
5655407110
6847273642
5680769537
5748398596
5748402692
5748398600
5680765441
5680769538
6805416452
6805412360
5929175653
5929175654
5672282469
5672282470
5731654153
5655242390
5655242394
5655242406
5655242410
5727394058
5727398154
6746024294
6746024298
6746020198
6746020202
5731588362
5731592458
6746020181
6746020185
6746020197
6746020201
6817355848
6817359944
6821550148
6821554244
6821550152
6821554248
5924997797
5672167686
5672184070
5744171540
5744171544
5744175636
5744175640
5748365844
5748365848
5748369940
5748369944
5744171556
5744171560
5676374529
5676378625
5676374530
5676378626
5655390753
5655390754
6755453590
6755453594
5672102162
6817978890
6822173194
5924989590
5672097298
5672113682
5672101394
5672117778
5924989594
5924989606
5924989610
5941791321
5941791337
5941791318
5941791334
5941791322
5680503041
5680507137
5680503042
5680507138
5676292353
5676296449
5676292354
5676296450
5676308737
5676312833
6846830666
6846834762
7015533157
7015533158
7015533161
7015533162
5811280408
5815474712
5811284504
5815478808
5744171284
5744175380
5673339541
5673339557
5673339545
5673339561
5673339542
5673339558
5673339546
5673339562
5673355925
5673355941
5655242069
5655242070
5655242085
5655242086
5655242133
5655242137
5655242149
5655242153
5655242134
6746049173
6746049177
5924989609
7015344657
5663885994
5663885989
5681539585
5680552450
5680568834
5680556545
5680572929
5680556546
5680572930
5681555969
5681539586
5676358145
6750210665
6847273558
6847273562
6750210666
5672426017
5672426018
5672430114
6801205540
6801205544
5672306341
5672306329
5672306345
5672306326
5672306342
6817978644
6817978648
6817982740
6746032790
6746032806
6746032794
6746032810
5672307045
5672307046
5672307049
5672307050
5676362241
5676362242
6746019477
6746019481
6746019493
5673331285
5673331286
5673331301
5673331302
5673331289
5673331290
5673331305
5673331306
5673327206
5673327193
5655320069
5655324165
5655324945
5655340549
5655320070
5655324166
5655324946
5655340550
5655324169
5811300872
5681449578
5924751974
5924751977
5924751978
6801201669
6801205765
6805395973
6805400069
6801201673
6801205769
6805395977
6805400073
6801201670
6817978633
6817982729
6822172937
6822177033
5727427080
5731621384
5727431172
5731625476
5727431176
5731625480
5672278441
5727427076
5655529817
5655529833
5655529814
5655529830
5655529818
5655529834
5655513429
5655513445
5655513433
5655513449
5659798017
5659798018
6889282088
6889286184
7023888985
7023889001
7023888986
7023889002
5655243158
5655389701
5655390481
5655406085
5672179986
5672167698
5672184082
5672184097
5672167714
5672163617
5672184098
5672180001
5672167713
5672163618
7015242389
7015242390
7015242405
5727459860
5727459864
5727463956
5727463960
5924751717
5924735318
5924735321
5924735322
5924735333
5924735334
6847351462
6847351465
6847351466
6847367829
6847367830
6847367833
6847367834
6847367845
6847367846
5677255077
5677255081
5677255078
5677255082
5672118789
5672118790
7023888997
7023888998
5655500389
5655500390
5815540230
5815540234
6846830689
6846830690
6846834785
6846834786
5677517397
5677517413
5677517398
6750210470
6754404757
5681711786
5680769281
5680752898
5680769282
7019600385
7019604481
7019600386
7019604482
5673069205
5673069206
5673069221
5673069222
6746106401
6746122785
6746188293
6746184198
6746188294
6746167817
6746167818
5655505509
5655505510
5655505498
5655505513
5655505514
5655239065
5924727194
5924727210
5924727190
6822177316
6822172948
6822172952
6822177044
6822177048
5673355930
5673355946
6746032470
6746032489
7015508645
5673146913
5673146914
5673151009
5673151010
5673163297
5673163298
5673167393
5673167394
5673146898
6847367577
6847367593
6847367590
6847367578
6847367594
5672098310
5672102406
5672114694
5664053762
5664057858
5655505302
5655505306
5655505322
5672282453
5672282454
5672282458
5672282474
5655389714
5655390469
5655390470
5655406097
5655406098
5655385633
5655385634
5655529878
5655389705
5655406089
5663885973
5663885974
5663885990
5663885977
5663885993
5663885978
5659691669
5659691685
7015516821
7015516837
7015516825
7015516841
6754298114
6754293249
6754298113
6754297345
6817323146
6821517450
5656554149
5656554153
5659514369
5659518465
5659514370
5659518466
5659519233
5659534849
5659519234
5659534850
5663708673
5663712769
6885087524
6885091620
6855723413
6855723417
6855723414
6855723418
6817913364
6817913368
6817917460
6817917464
6822107668
6822107672
6822111764
6822111768
6817913380
6817913384
5941651977
5941651978
5941668361
5941668362
5680552194
5680568578
5672179977
5672179978
5672167689
5672167690
5672184073
5672184074
5672425733
5672425734
5672442117
5672442118
6800545862
6800545866
6800549988
6800582728
6800545896
6800549962
6800549992
6804744266
5672430089
5672430090
5672446473
5672446474
5727394344
5731588648
5731592740
5731592744
5727398436
5727398440
5924723365
5924723366
5748365592
5744175384
5748369688
5744171300
5748365604
5744175396
5748369700
5744171304
5748365608
6747069077
6747069081
6747069093
6747069097
6747069078
6747069082
6747069094
6747069098
6747073173
6747073177
5744269828
5748464132
5744269832
5748464136
5744273924
5748468228
5744273928
5748468232
5673327194
5673327209
5673327210
6817950212
6817946120
6817950216
6822144516
6822140424
6822144520
6750312962
6750317058
6754507265
6754494978
6754507266
6754511361
6754511362
6754490881
6754494977
6754490882
5672442401
6885120264
6889314568
6746031769
6746031766
6746031770
6750210646
5655513430
5655513446
5655513434
5655513450
6817323096
6821517400
6817327192
6821521496
6747073178
6747073194
11112950278
11112950282
11117144582
11117144586
6855723429
6855723430
5655529113
5655529114
5655529125
5655529126
5655529129
5655512725
5655512726
5655512730
6801201428
6801201432
6801205524
6801205528
6805395736
6805399832
6801201444
6801201448
5672442378
5672376585
5672376586
6745859602
6745904657
6745909509
6745908753
6745925137
6745904658
5659579905
5659579906
5659584769
5663778305
6745904645
6745908741
6745909521
6745925125
6745904646
6745908742
6745909522
6745925126
7015504533
7015504534
7015504549
7015504550
7015504537
7015504538
7015504553
7015504554
7015508629
6745904649
6745904650
6745909537
6745909538
5655505558
5655505574
5655505578
6855723686
6855723690
5680830721
5680834817
5680830722
5680834818
5655324934
5655324178
5655340562
5676620033
5676624129
5676620034
5677255065
5677255066
7015340562
7015344658
5673228809
5673228810
5673064853
5673064854
5673064869
5673064870
5673064857
5673064858
5673064873
5673064874
5673068949
5673068950
5941647889
6889298180
6889298184
6889302276
6889302280
6885120260
6889314564
6851529109
6851529125
6851529110
6847367589
6847351194
6851529126
6847351205
6847351206
6847351209
5672163857
5672180241
5672167953
5672184337
5672163858
5672180242
5672167954
5672184338
5672180258
5672167970
6847343258
6847343274
5748398340
5672290713
5672290725
5672290729
5672162833
5672162834
5672166929
5672166930
5680749057
5680749058
5680765442
5680753153
5680753154
5676554753
5655513766
5655513769
5655513770
6872508934
5941791338
7015242393
7015242394
7015242409
7015242410
6746102277
6746102278
6746118661
6746118662
6746106373
6746106374
6746122757
6746122758
6746102282
7015504469
7015504473
7015504485
7015504489
7015504470
7015504474
7015504486
7015504490
7015508565
5924735337
5924735338
6885091850
6889282058
6889286154
5933259266
5933275650
5933263361
5933279745
5933263362
5933279746
5811296772
5811300868
5811296776
5815507464
5815511556
5815511560
5811313156
5811317252
5811313160
5811317256
6746049126
6746049130
5933369945
5933369961
5933369946
5933369962
6746032533
6746032534
5673093797
6817978920
6817983012
6817983016
5924752022
5924752026
5924752038
5924752042
6847277721
6847277722
6847277737
6847277738
6805428740
5659580929
5659585025
5659580930
5659585026
5659601409
5659601410
5663775233
5663779329
6746031765
6746048086
5672281749
5672281750
5672281765
5672281766
5727459846
5925014181
5925014182
5925014185
5659690645
5659690661
5659690646
5663884949
5663884965
5663884953
5663884969
5663884954
5663884970
6855723353
11310475926
11310475930
11310475942
11310475946
6745860613
5672098081
5659690650
5655243174
6801140248
6800550021
6800545925
6800545929
6801140244
6800550025
6804744325
6804744329
6800545930
5655238058
5655238037
5655238038
5655238053
5655238054
5655238041
5655242150
6746102306
6746118690
6746106402
6746122786
5672376849
5672380945
5672376850
6885091594
6889285898
6754404969
5811280424
5815474728
5811284520
5744175400
5672306330
5672306346
6746032789
6746032793
6746024613
6746032805
7015340553
7015324193
7015340577
7015328289
7015344673
5673355926
6868310548
6872504852
6868314644
6872508948
6868310552
6872504856
6868314648
6872508952
6868310564
5924887074
5924891169
5924891170
5680814337
5680818433
5680814338
5680765186
5655385617
5655385618
5655389713
7019518466
7019534850
7019522561
5676292609
5676308993
5676292610
6872521224
6872525320
5676308994
5676296705
5676313089
6868326916
6868331012
6868326920
5672163589
5672163590
5672179973
5672179974
5672167685
5672184069
5672163593
5672163594
7015508581
6847351381
6847351397
6847351385
6847351382
6847351398
6847351386
6746118666
6746049174
6746049178
6746049194
5664934490
5664934506
5664934486
5672290901
5672290902
5672290905
5672290906
5672290917
5672290918
5672290921
5672290922
6817913354
6817917450
6822107658
6822111754
6754232833
6754249217
6754232834
6754249218
6750034433
6750038529
6750034434
6750038530
6750054913
5677517402
6846847114
5815544360
5744237092
5744241188
5748431396
5748435492
6800578696
6868331016
6800582792
6754403945
6754403946
6754403926
6754403942
6750209621
6750209637
6750209622
6750209638
6750209625
6750209641
5672364549
5672376837
5672380933
5672364550
6745908754
6745925138
5672282521
5672282522
5672282537
5672282538
5731654164
5731658260
5731658264
5727459876
5731654180
5655341577
5655341578
5655321093
5815474724
5672098058
5672102154
5672114442
5672118538
5672114437
5672118533
5672098054
5672102150
6885124612
6889318916
6885124616
6889318920
5655239318
5655239333
5655239334
5924723029
5924723030
5924723045
5924723046
7015389713
7015406097
7015393809
7015508566
7015533205
7015533206
7015533209
6822111780
7015533210
5680572673
5680572674
5680556290
5680568577
5676357889
5676361985
5676357890
5676361986
7023794690
7023798786
6885124360
6889318660
6889318664
7015246485
7015246489
7015246501
7015246505
7015410182
5941647881
5941664265
6746171913
6754403989
6754403993
6754403990
6754403994
5744237076
5748431380
5744241172
5748435476
5744237080
5748431384
6847273637
5815478564
6817355908
6821550212
6817355912
6821550216
6817360004
6821554308
6817360008
6821554312
6851025025
6822172964
6822172968
6822177060
6822177064
5673093801
6801173000
6754313729
6885087508
6885087512
6885091604
6885091608
6889281812
6889281816
6889285908
6889285912
6847343194
6847343210
6847351210
6868310296
6872504600
6868314392
6872508696
6821517386
5663775234
5663779330
5660740181
5660740185
5660740182
5660740186
7015533221
7015533225
7015328265
5744192004
5748386308
5744192008
5748386312
5744204292
5744204296
5744208388
6751259225
6751259241
6751259242
6750296577
6750300673
6750296578
6750300674
6750312961
6750317057
5748382216
5655513701
5655513705
5676558849
5676558850
5676575233
5676575234
5677255322
5672429841
5672425745
5672442129
5672446225
11112950308
5924751958
5677255269
5677255273
5677255270
5677255274
5677255253
5677255257
5681449562
5681449573
5681449577
5731592709
5731592713
11180059176
6847342934
6847342938
6847342950
6847342954
5677517461
5677517477
5677517462
5677517478
5677517465
5677517481
5677517466
5677517482
5659691370
6747073110
6747073114
6747073130
7019518465
7019534849
5655389706
5655385605
5655385606
5655390482
5655389702
5655406086
5655385609
6817917446
6822111750
6746023513
6746023529
5659519490
5659535874
5924735638
5924735654
5924735642
5924735658
5941602834
6747073174
11112946181
11112946185
11112950292
11112950296
11112950277
11112950281
11117144581
6746023574
6746023590
6801201674
6805395978
6746049193
7023716866
7023733250
6872508968
5655242074
5655242090
5655237974
5655237990
5655237989
5655237978
5655237994
6885091846
5929175637
5929175638
6746032725
6746032726
6746032729
6746032730
6746032741
6746032742
6746032745
6746032746
6746049110
5933369957
5933369958
5673355862
5673355865
5673355866
5933369941
5673355878
5673355881
5673355882
6801234440
6801238532
6805432836
6801238536
6746020246
6746020250
6746020262
6746020266
6801234436
6801218052
6801222148
6801218056
6801222152
6805412356
5731621380
5673163282
5673167377
5672097289
5672097290
5672113673
5672113674
6817913349
6817917445
6822107653
6822111749
6817913353
6817917449
6822107657
6822111753
6817913350
5811350052
5815544356
6817978634
6817982730
6822172938
6822177034
6817978630
6817982726
6822172934
6817982725
6822172933
6822177029
5663971841
5663988225
5663971842
5663988226
5663975937
5663992321
5663975938
5663992322
5924891153
5924891154
5655512662
5655512678
5655512666
5655512682
7023889045
7023889046
7023889061
7023889062
6754572802
6754576898
7015271062
7015271078
7015271066
7015271082
11112983044
11117177348
11112983048
11117177352
6855219329
6855235713
6855219330
6855235714
5672114697
5672118793
5672098314
5672102410
5672114698
5672118794
5672098309
5672102405
5672114693
6847338905
6847338917
6847338921
5673212426
5673216522
5673232906
5811284490
5815474698
5815478794
7015340578
7015344674
6750378497
6750362114
6750378498
6746024277
6746024278
6746024293
6821517412
6817327204
6817323112
6821517416
6817327208
6817323092
6821517396
6817327188
5672360482
7019584001
7019584002
7019588097
5744269572
5744273668
5744269576
5744273672
5748463876
5748467972
5748463880
5748467976
5744253188
5744257284
5663885925
5663885926
5663885930
5941775013
5941775014
5941775017
6817343556
6821537860
6817343560
6821537864
5941775018
6746024549
6817978900
6822173204
6817982996
6822177300
6817978904
6822173208
6817983000
6822177304
6817978916
6822173220
5655530149
5655530150
5655530153
5655530154
6754404714
5672180002
5924985433
5924985434
5924985449
5924985450
6750362113
6750366209
6750366210
6750382593
6750382594
6754556417
6754560513
7015246490
7015246506
6801140264
5744236820
5744236824
5744240916
5744240920
6750210710
6750210713
6750210714
5659691673
5659691689
5659691674
5659691690
5672183301
5672183302
6822173224
6822177320
5941775002
6868310292
6868314388
5677255014
5677255018
5677255013
5677255017
7015389706
7015393802
7015406090
7015410186
5673069162
5673065049
5673065061
5673065046
5673065062
6754572801
6754576897
5655340578
5655390473
5655389729
5655406113
5655390474
5655389730
5655406114
5673068886
6851529369
6851529385
6851529370
6851529386
5672102434
5672163845
5672167941
5672180229
5672184325
5672163846
5672167942
5672180230
5672184326
6746024345
6821517382
6821521478
6846830661
6846830662
6846847045
6846847046
6846834757
6846834758
6846851141
6846851142
6846830665
6868310568
6868314660
5924870690
5924874785
5924874786
5924887073
5924870673
5924870674
5924874769
5924874770
5924887057
5924887058
5655530134
5655530138
5655529065
5655529046
5655529062
5655529050
5655529066
5655512661
5655512677
5655512665
5655512681
7019538945
7019538946
6746020265
5672282517
5672282533
6745844233
5655652882
5941774997
5941775001
5941774998
6817339524
6821533828
6817339528
6821533832
6817343620
6821537924
6817343624
6821537928
5744171274
5681449306
5681449321
6855723669
6855723670
5744175370
5748369674
5672162821
5672162822
5672179205
5672179206
5672166917
5672166918
5677427202
5655665161
5655665162
6745844229
6745844230
6745860614
5672376609
5672364321
5672380705
5673077161
5673077081
5673077082
6889282054
5680818689
5680835073
5680818690
5680835074
5680814593
5680830977
5680814594
5680830978
5655324961
5655340553
5655320074
5655324170
5655324962
5655340554
5672179218
5672183314
5744208132
5744204040
5680748802
5656549974
5656549989
5656549990
5656549973
6801201413
6801205509
6801217800
7015254421
7015254422
7015254425
5655583241
5655583242
5655599625
5655599626
5655587337
5655587338
5659515394
6872504868
6872508964
7015410193
11096168965
11096168969
11096173076
11096173080
11096173065
11100367369
11096168966
11096168970
5681711705
5681711706
5681711721
5681711722
5677254997
5677254998
5677255001
5681449322
5677255002
6817978885
6817982981
6822173189
6822177285
5673355929
6817978889
6817982985
6868343300
6868347396
6868347400
5748431124
5748435220
5748431128
5748435224
5744236836
6817978660
6817982756
5928999426
5929003522
5929015809
5929019905
5929015810
5929019906
5655513493
5655513509
5655513497
5655513513
5655529882
5655529898
5655513494
5655513510
5929175702
5929175718
5744241158
5748435462
5676624385
5676640769
5676624386
5676640770
6889282068
6889282072
6889286164
6889286168
6847343013
5680486657
5672098057
5672114441
5672102153
5672118537
5929175706
5655243413
5655243414
5655243429
5672307033
5924727125
5924727126
5924727141
5672307029
5815474441
5811280133
5925014165
5925014169
5655665185
5655669281
5655669282
6847342933
6847342949
6847342937
6847342953
6847338837
6847338838
5655239062
5655239077
5655239078
5655239066
5655239081
5655239082
5655243173
5655243157
7015393801
7015410185
5655529813
5672289881
6746024618
6847277717
6847277733
7019588098
7023778305
7023794689
7023778306
7023782401
7023798785
7023782402
6889314820
6889314824
6885104132
6885108228
6885104136
6885108232
6889298436
6889302532
6889298440
6746171914
5663885653
5663885669
5663885657
5663885673
5663885658
5663885674
5663885909
5663885910
7015516758
7015516762
5681601025
6847351445
6847351461
6847351449
6847351446
6847351450
5655529049
5655530069
5655530073
5655583265
5655583266
7015246486
7015246502
5664934553
5664934550
5664934554
5660740245
5660740249
5660740246
5660740250
5660740265
6872504616
6872508712
7015254438
7015254442
5664934489
6754404005
6754404006
6754404009
6754404010
6750209701
6750209705
6750209686
5673327189
5673327205
5673327190
6847339161
6847339177
5673077077
5673077093
5673077097
5673077078
5673077094
5673077098
5673093461
5672163849
5672163850
5672180233
5672180234
6846830725
6846830726
6846847109
6846847110
6846834821
6846834822
6846851205
6846851206
6846830730
5673069142
5655583249
5655599633
5655587345
5655603729
5655583250
5655599634
5655587346
5655603730
5655599649
6800582788
5673068885
5673068889
5673068905
5673064809
5673064794
5673064806
5673064810
5744171269
5744171273
5748365573
5748365577
5744175365
5744175369
5748369669
5748369673
5744171270
6846834826
6846851210
5672097297
5672101393
5672113681
5672114721
6817323081
6821517381
6821517385
6817327173
6817327177
6821521477
6821521481
6817323078
6817323082
5924805154
5924809249
5924809250
5924821538
5924825633
5924825634
5655513514
5941766810
5941766826
5941582370
5941586466
5811345940
5811350036
5811345944
5811350040
5811345956
5815540260
6851041409
6851025026
6851041410
6851029121
6851045505
6851029122
5672097285
5672097286
5672113669
5672113670
5672101382
5672101386
6751259221
6755453546
6755453526
6755453530
6755453529
6755453545
6755453525
5673093798
5673093802
6855723354
5924735657
6746048874
6855723673
5659690601
5659690602
6745908745
6745925129
6745908746
6745925130
5672380934
6745839137
6745839138
6745843233
6745843234
6745843977
6745843978
6745859617
6745859618
5672306282
5673077333
5673077334
5673077337
5673077349
5673077350
5673077353
5672098321
5727394068
5727398164
5727394072
5727398168
5731592472
5727394084
5731588388
6746024346
6746024362
6846834761
6846851145
6846851146
6822173193
6822177289
6817323077
6817327174
5655669257
5655648778
5655652874
5655669258
5672429829
5672442122
5672446218
5672425737
5672429833
5672442121
5672446217
5672425738
5655513498
5676620289
5676620290
5680486658
5680490753
5680490754
11180055050
11180059146
11184253450
5744171525
5744171529
5748365829
5748365833
6847342997
6847343001
6847343017
5681449626
5681449637
5681449641
5681449638
5681449642
5677255317
5677255321
5677255318
5933369942
5664934485
5664934505
6754403925
6754403941
6754403929
6754403930
6822177030
11184249368
11180059160
11184253464
5672307289
5672307290
5672307301
5672307305
5672307306
5672289877
5672289878
5672114450
6746023589
6805395974
5655505494
5924870666
5924874762
5924887050
5924891146
5673216546
5673232930
5655505305
5655501205
5655501206
5655501221
5655501222
5655501209
6847343273
5673331365
6872504838
6846834833
6846834834
11180055060
11180055064
11180059156
11184249364
11184253460
11180055080
5928999425
5929003521
5933210113
5655243110
5655243114
5655243093
5655238997
5655238998
5655239013
5655239014
5655239002
6800545940
6801140229
6800550036
6804744340
6800545944
6801140233
6800550040
6804744344
6800545956
6801140230
5656554133
5656554134
5656554150
5656554137
5656554138
5656554154
5925014186
5655500373
5655500377
5655500393
5655500374
5655500378
5655500394
5655504469
5655504473
6746048085
5672290709
5929175701
5929175717
5924735317
5924751701
5933370021
5933370022
5933370005
5933370006
5929175705
5672166921
5672183305
5672183306
6818011656
6818015748
6818015752
6817995268
6817999364
6817995272
6817999368
6822189572
6822193668
6822189576
6822193672
6818011652
5941791382
5941791398
5941791386
5941791402
6846830737
6846851217
6846830738
6846851218
6846830753
6846847137
5744187908
5744187912
7015242133
7015242137
7015242149
7015242153
7015242134
7015246246
7015246250
7015246229
7015246233
7015246245
5664053761
5664037378
5664057857
5664041474
5672278358
6855723674
6872541700
6872541704
5655243109
7015393825
5672446213
5672429830
5672446214
5673146886
5673163270
5673167366
5673146885
5673163269
5673146889
5673150985
6801201700
5664934569
5664934570
5664934549
5663884886
5663884901
5663884902
7015242138
7015242154
7015242150
6750209702
6750209706
6750209689
6750209690
6754313730
6754293250
5748431366
6817327241
6817323141
6817323145
6821521545
6821517445
6821517449
6817327237
6817323142
6821517446
5655238293
5655238294
5655238309
5655238310
5655238298
5655238314
5655242389
5727394053
5727394057
5731588357
5731588361
5727398153
5731592457
5731588358
6745844234
6745860617
6745860618
5673093541
5673093545
6745926149
6745909777
6885087764
6885091860
6885087768
6885091864
6889282084
5655665157
5655669253
5655648774
5655652870
5655665158
5655669254
5655648777
5655652873
6750103042
5677341185
5677357569
5677341186
5672179234
5672183330
7019694677
7019694693
7019694694
7019694678
6822107684
6822107688
6822111784
5929064961
5929081345
5929064962
5929081346
5929069057
5929085441
5929069058
5929085442
5933259265
5933275649
7015508582
7015389729
7015410209
6821521541
6805416456
7023712769
7015508633
7015508649
6855223426
6855239809
6855239810
6800545861
6800545880
6800549972
6800549976
5673069209
5673069225
5673069210
5673069226
6889286180
6800550026
6804744330
5655648773
5655652869
6847273621
6847273622
6847273638
5655386633
5655390729
5655407113
5655386634
5655390730
5655407114
5655386629
5655390725
5925014166
5925014170
5672282774
5672282778
5672282794
5941582346
5941586442
5941602826
6746106378
6746122762
5680568833
5676358146
6846851153
5681711781
5681711766
5681711782
5681711769
5681711785
5681711770
6855723433
5681449365
5681449369
5681449366
5681449370
5681449381
5681449385
5681449382
5681449386
5677255061
5672278421
5672278422
5672278437
5672278438
5672278425
5672278426
5673065113
5673065114
5673065129
5673065130
5815474472
5815478568
5655505253
5655505257
5655505238
5655505242
5655505254
5655505258
5655505241
5655505237
5659793921
5659793922
7015533142
7015533146
5677255254
5677255258
5681449561
7015254677
7015254678
7015254681
7015254682
7015254694
7015254698
7015271061
11112962564
11112966660
11112962568
11112966664
11117160964
11117160968
5676636417
5676640513
5676636418
5676640514
6754298369
6754294274
6754298370
6754314753
6754314754
6754556418
5677255062
6747073129
11096173066
11100367370
7015270822
6846834849
6846851233
7015389705
5815491076
5815491080
5815495172
5815495176
5815507460
5655530133
5681711701
5681711717
5681711718
5681711702
6847343257
6889302536
7015246249
7023729153
6851529129
6851529130
5924870689
5924727193
5924727209
5744237061
5744237065
5748431365
5748431369
5744241157
5744241161
5748435461
5748435465
5744237062
5672184081
5672163601
5672163602
5672167697
5672179985
6746023525
5655504554
5727398405
5731588613
5727394313
5727398409
5731588617
5727398406
5727398410
5731592710
5663708674
5663712770
5663713537
5663729153
5663713538
5663729154
6847343190
6847343206
6885091590
6889285894
11180055045
11180055049
11184249349
11184249353
11180059145
11184253449
11180055046
5663794690
5663794689
5655242138
5655242154
6750053889
6750037506
6750053890
6747073190
5941647890
5941664274
5941651986
5941668370
5677255333
5677255334
5677255337
5677255338
6846834769
6872521220
6872525316
6872537604
6885087528
6885091624
7023712770
7023729154
6817982986
6822177290
6851529113
6851529114
5673163273
5673167369
6801205796
5655529894
7015242406
5660740266
5924997733
5924997737
5924997734
5924997738
5925014101
5925014117
6847339157
6847339173
5925014118
5655512742
5655512746
5924723093
5924723094
5924723109
5924723110
5924723097
5924723098
5924723113
5924723114
5924727189
5677361665
5677357570
5677361666
5672114465
6846851169
6846847074
6846851170
6846847073
5925014121
5925014102
5925014105
5925014106
5925014122
5672278442
6746019478
6746019482
6746024550
5672278374
5672278362
5672278357
5672278373
5672278378
6751259285
6751259289
6751259286
6751259290
6751259305
6751259306
6755453589
6755453593
5672446498
5655390737
5655407109
6746024601
6746024617
7015344649
6851529301
6851529317
6851529302
6851529318
6754404953
5655320081
5655320082
5655324177
5655324933
5655340561
5941647905
5941664289
6754297346
6750098945
6750098946
6750103041
6750209685
5672277670
5672277674
5727459849
5727463945
5731658249
5676374273
5676374274
5676378369
5676378370
5655242405
5727394054
5924997781
5924997782
5924997785
5924997786
5655529130
5655529109
5655529110
5681535490
5681551873
5681551874
5681555970
5677345281
7015270826
6755453609
6755453610
5672114449
5672118545
5672118546
5924989605
5672117777
6750104066
6750120449
6750120450
6754294273
6754228737
6754228738
5672277653
5672277654
5672277669
5672277658
7015533145
5727459850
5731654150
5731654154
5727463946
5731658250
5727459845
5731654149
5815478804
5672098082
5672102177
5672102178
5672114466
5672118561
5672118562
5672098065
5672102161
7015324178
7015328274
6847273557
6847273561
6847273573
6847273577
6805395752
6805399848
6746032809
5672307030
5672307034
11112946182
5681449557
6745839109
6745843205
6745843985
6745859589
6745839110
5924751961
5924751962
6817978629
7023888981
7023888982
5811345930
5811350026
5815544330
5663884950
5663884966
5659690649
7015516838
7015516842
6847338918
6847338906
6847338922
5655239322
5655239338
5655243430
5655243418
5655243434
5655239317
5941668358
5924723034
5924723050
5924727142
5659690662
5659690665
5659690666
7019694741
7019694757
7019694742
7019694758
7019694745
7019694761
7019694746
7019694762
6817982744
5672306278
5672306281
6754560514
5672102149
5672118534
5672114438
5672098053
5655341574
5655321094
5655325201
5655325202
5655325189
5655325190
5655341573
5672425746
5672442130
5672429842
5672446226
6746024281
6746024297
6746024282
5744175652
5744175656
5748365860
5748365864
5748369956
5748369960
7015516822
7015516826
7015389714
7015393810
7015406098
7015410194
5727410692
5727414788
5727410696
5727414792
5731604996
5731609092
5731605000
5731609096
6817323108
6750209626
5941664266
5655648785
5655665169
5655652881
5655669265
5655652898
5655648801
5655652897
6851529046
6851529062
5673068954
5673068966
5673068970
5811280134
5811280138
5815474438
5815474442
5811284234
5815478538
5811280137
5815474437
6817339460
6817339464
6821533764
6821533768
6817355844
6817359940
5672442377
6746019497
6885124356
5941647906
5941664290
5941652002
5941668386
6821521492
11112946186
11112950312
5672117766
5681449621
5681449625
5681449622
5924997798
5924997801
5924997802
5680818434
5811280420
5811284516
5744253192
5744257288
5680765185
6868314664
5748382212
6851045506
5655505573
5811345960
5811350056
5941647882
5673216521
5673232905
5655501461
5655501465
5655501477
5655501462
5655501478
5655505557
5924821513
5924805130
5924821514
5673150994
5941652001
5941668385
11310471829
11310471830
11310471845
11310471846
11310471834
11310471850
11310475925
5672113697
5672101409
5672117793
5672097314
5672113698
5672101410
5672117794
6889286150
6746049114
5672102409
6847277718
6847277734
5673068890
5673068906
5673068953
5673068965
5673068969
5673064793
5672281754
5672281770
6822107654
5673212422
5673216518
5673228806
5673232902
5680552449
5673212425
5815478789
5811280393
5811284489
5815474697
5815478793
5811280390
5811284486
5815474694
5815478790
5811280394
11310475941
5673093462
5673093478
5673093466
5673093482
6745840134
5672097313
5673212421
5673216517
5673228805
5673232901
5655587361
5655603745
5655599650
5655587362
5655603746
5748365574
5748365578
5744175366
5748369670
5811280389
5815474693
5811284485
5748369704
5815540264
7015324194
7015328290
5673355945
5655648786
5655665170
5655669266
7019522562
6855223425
5663885654
5663885670
5659691365
5659691366
5659691369
6804777092
6804777096
5672282518
5672282534
6851529365
6851529366
6851529381
6851529382
5676636673
5676636674
5744236805
5744236809
5748431109
5748431113
5744240901
5744240905
5748435205
5748435209
5672098313
6885120516
6885120520
6746020245
6746020261
6746020249
7015533222
7015533226
6750209642
5672278677
5672278678
5672278693
5672278694
5672278682
5672278698
5672282773
5924723350
5924723354
5924723370
5924985493
5924985494
5924985509
5924985510
5941582341
5941582342
5941598725
5941598726
5941586438
5941602822
5941582345
5748398344
5748402436
5748402440
5672364322
5672376610
5672179217
5672183313
5655501225
5655501210
5655501226
6817978664
5924985446
6817327178
6821521482
5663795713
5663795714
5660740201
5660740202
6750054914
5811345925
5811345929
5815540229
5815540233
5811350025
5815544329
5811345926
5673077142
5673077146
5673077158
5673077162
6817982760
6746023573
5672376838
5655529829
5673093477
5673093465
5673093481
5672117770
5748365588
5748369684
7015271065
11112978948
11112978952
5924727445
5924727446
5924727461
5924727462
5924727450
5924727466
5924723349
5655501142
5655501157
5655501158
5655501145
5655501146
5655501161
5655501162
5655501141
5655530137
6746019494
6746019498
5672429834
6745844242
6745844241
5659691670
5659691686
5727398180
5731592484
5727394088
5731588392
5727398184
7015406089
5655239018
6872504872
5929175721
5929175722
5924985497
5924985513
5924985498
5924985514
5924989589
5924989593
5924727130
5924727146
5811284233
5815478537
6745926150
