5475936600
7082617365
7082617369
7082617381
7082617385
6616590756
6616590760
5541808472
5541808488
5541824856
5541824872
5546002776
5546002792
5546019160
5546019176
5541807464
5541823832
6616865312
6616881696
5807089813
5739980965
5739980969
5739980950
5739980954
5739980966
5739980970
5807089817
5807089829
5807089833
6599039108
6599043204
6599039112
6599043208
6603233412
6603237508
5475248260
5475244168
5475248264
5479438468
5479442564
5479438472
5479442568
5475227780
5475231876
5475227784
10911619412
10911619416
10911623508
10911623512
10915813716
10915813720
10915817812
10915817816
10911619428
10911619432
5463153236
5463153240
5542402192
5542418576
5542402208
5542418592
5546596496
5546612880
5546596512
5546612896
5542406288
5542422672
5475813780
5475813796
5475830164
5475830180
5480008084
5480008100
5480024468
5480024484
5475813784
5475813800
5680797766
5680801862
5676603466
5676607562
5680797770
5680801866
5475764888
5475764904
6603020968
6553737636
6553737640
6615820832
6615837216
6620015120
6620031504
6620015136
6620031520
6603315716
6603319812
6603315720
6603319816
5474887272
5479077476
5479077480
5479081572
5479081576
5479077460
5479077464
5479081556
5479081560
5474883172
5546612808
5546616904
5546596420
5546600516
5479106132
5479106148
5474895448
5474895464
5546596424
5546600520
6599809448
5474715032
5474715048
5478892952
5478892968
5478909336
5478909352
5474699668
5474699684
5474716052
5474716068
5740042389
5740042393
5740042405
5740042409
5740042390
5740042394
5740042406
5740042410
5740046485
5740046489
6548969604
6548973700
6548969608
6548973704
6553163908
6553168004
6553163912
6553168008
6548973712
6548990084
10911619736
10911623828
10911623832
5478947156
5478947160
5478951252
5478951256
6599043336
5924559173
5740173590
5740173594
5740173606
5740173610
5740177685
5740177689
5723203685
5723203689
5723203670
5723203674
6598854056
6603031960
6603032980
6603032996
6603049364
6603049380
6598838680
6598838696
6598855064
6598855080
6620875112
6599875236
6599875240
6599879332
6599879336
5479343716
5479343720
5457975704
5457979796
5457979800
5462170004
5462170008
5462174100
5462174104
5475228164
5475813716
5475813732
5475830100
5475830116
5680474246
5676275850
5676279946
5680470154
5680474250
5480008020
6549936788
6549936792
6549940884
6549940888
6554131092
6554131096
6554135188
6554135192
6549039632
6549056004
5676542026
7015131717
7015131718
7015148101
7015148102
5474764184
5474764200
5474780568
5474780584
5478958488
5478958504
5478974872
5478974888
5474765204
5474765220
6552966660
6552970756
5924608649
5924608650
5542857112
5542857128
5542873496
5542873512
5546085012
5546085028
6603020900
6603020904
6603024996
6603025000
6553737572
6553737576
6553741668
6553741672
5542156548
5542160644
5546350852
5546354948
5546350856
5546354952
5474895208
5474911576
5474911592
5479089496
5479089512
5474895188
5474895204
5474911572
6615881860
6615885956
6615881864
6615885960
6620076164
6620080260
6620076168
6620080264
6615898244
6615902340
5542914468
5542914472
5547104676
5740194310
5740206598
5740210694
5723216005
5723220101
5723232389
5723236485
5723216006
5723220102
5723232390
5681260870
5677062474
5677062725
5677062729
5681257029
5681257033
5677066821
5677066825
5681261125
5681261129
6619809176
6619809192
6619825560
6619825576
6615615892
6615615908
6615632276
6620781160
6620785256
5542910564
5542910568
5542914660
5542914664
5547104868
5547104872
5547108964
5547108968
5542914648
5547104852
6616144400
6616160784
6616144416
6616160800
6620338704
6620355088
6620338720
6620355104
6616148496
6616164880
6604069204
6604069208
6604073300
6604073304
6616160528
6616144160
6616160544
6620338448
6620354832
6620338464
6620354848
6616148240
6616164624
6616148256
6553868968
6553873064
6553868948
6553868952
6553873044
6553873048
5475313736
5474985488
5474969120
5474985504
5479163408
5479179792
5479163424
5479179808
5474981392
5474965024
5474981408
5475244548
5475248644
5475244552
5475248648
5479438852
5479442948
5479438856
5479442952
5740177701
5740177705
5740177686
5740177690
5740177702
5740177706
6549674324
6549674328
6549678420
6549678424
5672085593
5672085594
5723220105
5723232393
5723236489
5723216010
5723220106
5723232394
5723236490
5928790601
5932984901
5932984905
6617057880
6617057896
6617074264
6617074280
6548711952
6548728324
6548711968
6548728328
6552906256
6552922628
6552906272
6552922632
6549756420
6549760516
5479995988
5479995992
5480000084
5480000088
5541872980
5541872996
5541889364
5541889380
5546067284
5546067300
5546083668
5546083684
5541872984
5541873000
5681322310
5681322314
5677132102
5677132106
5681326406
5681326410
5677128261
5677128265
5681322565
5681322569
6616078468
6616082564
6616078472
6616082568
6620272772
6620276868
6620272776
6620276872
6616094852
6616098948
7082613269
7082613273
7082613285
6549674596
6549674600
6549678692
6549678696
6553868900
6553868904
6553872996
6553873000
6549035268
6549039364
5462104468
5462104472
5677132422
5677132426
5681326726
5681326730
5541807508
5541807524
5541823892
5541823908
5546001812
5546001828
5546018196
5546018212
5541807512
5541807528
6615832712
6615836808
6620027012
6620203352
6620203368
6620219736
6620219752
5475748500
5475748516
5475764884
5475764900
5479942804
5479942820
5479959188
5479959204
5475748504
5475748520
5475157656
5475157672
5475174040
6553233924
5476223640
5479368344
5480401560
5480401576
5480417944
5480417960
5541873044
5541873060
5541889428
5541889444
5546067348
5546067364
5546083732
5546083748
5541874004
5541874020
5541890388
5541890404
5546068308
5546068324
5546084692
5546084708
5541874008
5541874024
6620846740
5474690468
5474690472
5478880676
5478880680
5478884772
5478884776
5546084756
5546084772
6615995988
6615995992
6616000084
6616000088
6620190292
6615997028
6615997032
6616001124
6616001128
6620191332
6814181910
6814181914
6814181926
6814181930
6620092704
6615886096
6615902480
6549678500
6549678504
6549674388
6549674392
6549678484
6549678488
6553868692
6553868696
6553872788
6553872792
5928790661
5928790665
5932984965
5932984969
5474970120
5479160324
5479164420
5479160328
5479164424
5474982404
5474986500
6617057876
6617057892
6617074260
6617074276
6621252180
6616148128
6616164512
6620342416
6620358800
6620342432
6620358816
5924542857
5924542858
6604081812
6604081828
6604098196
6604098212
6604098216
5479942552
5479942568
5479958936
5479958952
7015131785
7015131786
7015148169
7015148170
5475314192
5475297824
5475314208
5479492112
5479508496
5479492128
5479508512
5479504416
5924628810
5924608325
5924608326
5924624709
5924624710
5924612421
5924608585
5924612422
5924628805
5924628806
6813784213
6813784217
6813784229
6813784233
6813784214
6813784218
6813784230
6620977556
6620977560
6620981652
6620981656
5475764840
5479942744
5479942760
5479959128
5479959144
5475748436
5475748452
5475764820
5475764836
5479942740
5546272900
5546268808
5546272904
5474686312
5474690404
5474690408
5478880612
5478880616
5478884708
5676607626
5680797834
5680801930
6548706820
6548710916
6548706824
6548710920
6552901124
6552905220
6552901128
6552905224
6548710928
6548727300
10915813780
10915813784
10915817876
10915817880
5480130980
5480130984
5681260873
5681256778
5677062470
5677062469
5677062473
5681256773
5681256777
5681260874
5677066566
5677066570
6615820384
5680732293
5680470153
5680474249
6615836752
5676275845
5676279941
5680470149
5680474245
5676275849
6616680872
6599903828
6599903844
6604081748
6604081764
6604098132
6604098148
6599105028
6599109124
6599105032
6599109128
6616865296
6616881680
6616082592
6615614804
6615614820
6615631188
6615631204
6619809108
6621129232
6621145616
6621129248
6621145632
6619809124
6604098136
6604098152
6620342344
6616160324
6616164420
6616160328
6616164424
6620354628
6620358724
6620354632
6620358728
6604069284
6604069288
6604073380
6604073384
6553233552
6553249924
6553233568
6553249928
5542845092
5542845096
5542849188
5542849192
5474896472
5474896488
5474912856
5474912872
5479090776
5479090792
5479107160
5479107176
5474715236
5547117204
5547117220
5547133588
5547133604
5941385541
5941385542
5941401925
5941401926
5941389637
5941389638
5941406021
5941406022
5941385545
5941385546
6864115861
6864115865
6864115877
6864115881
6599366736
6599371012
6599366752
6599371016
6603561040
6603565316
6603561056
6603565320
6599370832
6599387216
5676341381
5676345477
5680535685
5680539781
5676341385
5676345481
5680535689
5680539785
5676341382
5676345478
6603049640
6620359172
6615997092
6598838676
6598838692
6598855060
6598855076
6620359176
6620194408
6599887528
5475052048
5457910356
5457910360
5457914452
5457914456
6615614868
6615614884
6615631252
6615631268
6619809172
6619809188
6619825556
6619825572
6615815696
6615832080
6615815712
6615832096
6620010000
6620026384
6620010016
6620026400
6615819792
6615836176
6603033176
6603033192
6603049560
6603049576
6598838868
6598838884
6598855252
6598855268
6603033172
6603033188
5479504132
5479508228
6598830436
6598830440
5680736393
5676537990
5676542086
5680732294
5680736390
5676537994
5676542090
5680732298
5680736394
5676542085
6549481880
5546084968
6616094788
6616098884
6616094792
6616098888
5541823848
5546001752
5546001768
5546018136
5546018152
5542845016
5542849108
5547039316
5547039320
5479090516
5479090532
5479106900
5479106916
5547043412
5547043416
5474912616
5474896232
5479090520
5479090536
6616652180
6616652184
6616656276
6616656280
6620846484
6620846488
6620850580
6620850584
6616652196
6616652200
6620080272
6620096656
6620080288
6620096672
6615615064
6615615080
6615631448
6615631464
6619809368
6619809384
6619825752
6619825768
6615616084
6615616100
6552967428
6552971524
6552967432
6552971528
6615607972
6615607976
5671904837
5475031304
5475035400
5479225604
5479229700
5479225608
5479229704
6616795796
6616795812
6616812180
6616812196
6620990100
6620990116
6599108744
6603298948
6603303044
6603298952
6603303048
6599121028
6599125124
6599121032
6599125128
6603315332
5476194920
5476199012
5476199016
5480389220
5480389224
5480393316
5480393320
5476199000
5480389204
5480389208
5475297412
5475293320
5475297416
5479487620
5479491716
5479487624
5479491720
5475309700
5475313796
5475309704
6553672360
6554135124
5458274372
5458258016
5458274376
5462452304
5462468676
5462452320
5462468680
5463153060
5463157156
5458253892
6599875172
6599875176
6599879268
6599879272
6616652116
6616652120
6616656212
6616656216
6620846420
6620846424
6620850516
6620850520
6616652132
6616652136
5478885796
6616000932
6616000936
6620191140
6620191144
6620195236
6620195240
5478885800
6615881220
6615885316
6615881224
6598854228
6598854244
6880897173
6880897177
6880897189
6880897193
6616795544
6616795560
6616811928
6616811944
6620989848
6620989864
6621006232
6621006248
6616795556
6616811924
6603233416
6603237512
6599043600
6599059588
6599043616
6599059592
6603237904
6603253892
6603237920
6603253896
5480225284
5480229380
5480225288
5480229384
5476030980
5476035076
5476030984
5476014596
5476018692
5476014600
5723203750
5723203754
5723199637
5723199641
5475231880
5479422084
5479426180
5479422088
5479426184
5475244164
5672905353
5672905354
6553676196
6616787284
6616787288
6553676200
5475031120
5475047504
5475031136
5475047520
5479225424
5479241808
5479225440
5479241824
5475035216
5475051600
5457910436
5462107544
5462103460
5462103464
5462107556
5462107560
5457909140
5457909144
5457974888
5457913236
5457913240
5541874328
5541874344
5541890712
5541890728
5475932516
5475932520
5475944852
5475944868
5475961236
5475961252
5542406304
5542422688
5546600592
5546616976
5546600608
5546616992
7015127365
7015127366
7015143749
7015143750
7015131461
7015131462
7015147845
7015147846
7015127369
7015127370
5476207252
5476207268
5476223636
5476223652
5476207256
6616599192
6616599208
6616615576
6616615592
6616869392
6616885776
6616869408
6616885792
6616098976
6548793480
5671900489
5671900490
5671916873
5671916874
5671904585
5671904586
5671920969
5542848868
5542848872
5541796196
5541796200
5541800292
5541800296
5545990484
5545990488
5545994580
5545994584
5474687316
5474687320
5474691412
5474691416
5478885732
5478885736
5478881620
5478881624
5478885716
5478885720
6615832644
6615836740
6615832648
6615836744
6620026948
6620031044
6620026952
6620031048
5672347802
5672347818
5475801508
5475801512
5462104404
5462104408
5677132358
5677132362
5681326662
5681326666
6553233680
6553250052
6553233696
6553250056
6616664660
6616664676
6616681044
6616681060
6620858964
6620858980
6620875348
6620875364
6616664664
6616664680
6616586900
6616586904
5462103396
5462103400
5462107492
5457909080
5462103380
5457913176
5546019224
5546019240
6620846676
6620846680
6620850772
6620850776
5479442696
5475248392
5475248388
5475244296
5475227908
5475232004
5475227912
5475232008
5479422212
5479426308
5547104612
5547104616
5547108708
5547108712
5541860692
5541860696
5541864788
5541864792
5546054996
5546055000
10911619748
10911619752
10911623844
10911623848
6620809556
6620809572
6548493668
6548493672
6548497764
6548497768
6552687972
6552687976
6552692068
6552692072
6548494676
6548494680
5542160912
5542144544
5542160928
5546338832
5546355216
5546338848
5546355232
5476096528
5476080160
5476096544
5480274448
5480290832
5480274464
5480290848
5476084240
5476100624
5476084256
6599371024
6599387204
6599371040
6599387208
6603565328
6603581508
6603565344
6603581512
5480127124
5480127128
5480131220
5480131224
5475932820
5475932824
5475936916
5475936920
5475932836
5475932840
7015131721
7015131722
7015148105
7015148106
6599104580
6599108676
6599104584
6599108680
6603298884
6603302980
6603298888
6603302984
6599120964
6599125060
6619797924
6619797928
5475736228
5475736232
5475740324
5475740328
5479930532
5479930536
5479934628
5479934632
5475293252
5475297348
6616144392
6616148488
6620338692
6620342788
6620338696
6620342792
6620355080
6598854296
6598854312
6620785252
6616586836
6616586840
6616590932
6616590936
5541808468
5541808484
5541824852
5541824868
5546002772
5546002788
5546019156
5546019172
5462452368
5462468740
5462452384
5462468744
5458253956
5458258052
5458253960
5458258056
5462448260
5462452356
5478976152
5478976168
6616783460
6616783464
6615837192
6619800936
6599104656
6599121040
6599104672
6548887188
6548887192
6548891284
6548891288
6553672356
6599121168
6599104800
6599121184
6603299088
6603315472
6603299104
6603315488
6599108880
6599125264
6603319584
6604069220
6604069224
6604073316
6604073320
6553168016
6553184388
5475932584
5475936676
5480126884
5480126888
5480130964
5480130968
5480126872
5475932564
5475932568
5475936660
6599874964
6599874968
6599879060
6599879064
5740046501
5740046505
5740046486
5740046490
5740046502
5740046506
6549039264
6549035076
6549039172
6549035080
6549039176
6553229380
6553233476
6553229384
6553233480
6549039184
6549055556
5807089814
5475961496
5475961512
5807089818
5807089830
5807089834
5807085717
5807085721
5807085733
5475801748
5475801752
5475805844
5475805848
5479996052
5479996056
5480000148
5480000152
5475035680
5475052064
5474691492
5474691496
5458254088
5458258184
5462448388
5462452484
5462448392
5462452488
5458958932
5458958936
5458963028
5458963032
5475031184
5475047568
5475031200
5475047584
5479225488
5479241872
5479225504
6615882244
6615886340
6615882248
6615886344
6620076548
6620080644
6620076552
6620080648
6615898628
6615902724
5541796244
5541796248
5541800340
5541800344
5545990548
5545990552
5545994644
5545994648
5541796260
5541796264
5475309832
5475313928
5739976789
5739976793
5739976805
5739976809
5739976790
5739976794
5739976806
5739976810
5739980885
5458516104
5458520200
5462710404
5462714500
5462710408
5462714504
5458520208
5479090584
5479090600
5671916937
5671916938
5671904649
5671904650
5671921033
5671921034
5671900805
5671900806
5671917189
5671917190
7015148166
5480278532
5480274440
5480278536
5480274436
5671921289
5671921290
6620846756
6620846760
6620850852
5546068376
5546068392
5546084760
5546084776
6620850856
5672901190
5479180356
5475805592
5479995796
5479995800
5479999892
5479241864
5542910356
5542910360
5542914452
5542914456
5547104660
6599874900
6599874904
5928790662
5928790666
5723269285
5723269289
5723269270
5723269274
5723269286
5723269290
5932984966
5932984970
5480208904
5475248208
5475231840
5475248224
5479426128
5479442512
5479426144
5479442528
5475748440
5475748456
5475764824
6620031120
6620014752
6620031136
5740177961
5740177942
5740177957
5740173849
5740173861
5740173865
5740173846
5740173850
5740177958
5475801704
5475805796
5475805800
5479996004
5479996008
5480000100
5480000104
5475801684
5475801688
5475805780
6548493732
6548493736
6548497828
6548497832
6552688036
6552688040
6552692132
6552692136
6548494740
6548494744
6620191316
5542418500
5542422596
5542418504
5542422600
5546612804
5546616900
5542845076
5542845080
5542849172
5542849176
5462104488
5462104484
5462108580
5462108584
5457910164
5457910168
5457914260
5457910180
5457910184
5457914276
6615607908
6615607912
5924559237
5924559238
10915818088
7065840154
7065840166
7065840170
5479089748
5479089764
5474896468
5474896484
5474912852
5474912868
5479090772
5479090788
5479107156
5479107172
6604081496
6604081512
6604097880
6604097896
5475232260
5475228168
5475232264
5479422468
5479426564
5479422472
5479426568
5476194900
5476194904
5476198996
5723203686
5723203690
5723199573
5723199577
5723199589
5723199593
5723199574
5723199578
5723199590
5723199594
5462452744
5458258448
5458274820
5458258464
5458274824
5462452752
5462469124
5462452768
5462469128
5542922900
5542922916
5479369364
5479369380
6603031976
6603048344
6603048360
6598837652
6598837668
6598854036
6598854052
6603031956
6603031972
6620977576
6620850596
6620850600
5671904838
5671921221
5671921222
5671904841
5671904842
5671921225
5671921226
5671900741
5671900742
5671917125
5479491664
5479508048
5479491680
5479508064
6616143940
6616148036
6616143944
6616148040
5479339672
5479343764
5479343768
6620338244
6620342340
6620338248
10915813796
10915813800
10915817892
10915817896
6620793240
6620793256
5478884712
5474686292
5474686296
5474690388
5474690392
5478880596
5478880600
5478884692
5478884696
5474686308
5546002836
5546002852
5546019220
5546019236
5541808536
5541808552
5541824920
5541824936
5546002840
5546002856
5478909284
5474698584
5474698600
5474714968
5474714984
5478892888
5478892904
5478909272
5478909288
5475047684
5475051780
5475047688
5475051784
5479241988
5479246084
5479241992
5479246088
5475031300
5475035396
6599104644
6599108740
6599104648
5457914200
5462108500
5462108504
5457910116
5457910120
5457914212
5475801764
5475801768
5475805860
5475805864
5479996068
5479996072
5480000164
5480000168
5479508104
5475293316
5474698840
5474698856
5474715224
5474715240
5547117208
5547117224
5547133592
5547133608
7015148165
6620191320
5474687380
5474687384
5474691476
5474691480
6864119957
6864119961
6864119973
6864119977
5542922836
5542922852
5542939220
5542939236
5547117140
5547117156
5547133524
5547133540
5542922840
5542922856
6599809684
6599809688
6599813780
6599813784
6604003988
6604003992
6604008084
6604008088
6599809700
6599809704
6598853988
6603031892
6603031908
6603048276
6603048292
6598837592
6598837608
6598853976
6598853992
6598837588
6621244052
6621244056
5545989524
5545989528
5545993620
5545993624
5541795236
5541795240
5541799332
5541799336
5545989540
5545989544
5671900746
5671917130
5671900485
5671900486
5671916869
5671916870
5671904581
5671904582
5671920965
5671920966
6604008036
6604008040
6599108896
6599125280
6603303184
6603319568
6603303200
6599809636
6599809640
6599104784
6549035140
6549039236
6549035144
6549039240
6553229444
6553233540
6553229448
6553233544
6549039248
6549055620
5480389284
5480389288
5480393380
5480393384
6616615512
6616615528
10911111300
10911115396
10911111304
10911115400
10915305604
10915309700
10915305608
10915309704
10911115408
10911131780
6621239972
6621239976
6621244068
6621244072
6617045652
6617045656
6617049748
6617049752
6621239956
6621239960
5672901257
5672901258
6549477796
6549477800
6549481892
6549481896
5739980901
5739980905
5739980886
5739980890
5739980902
5739980906
5807089765
5807089769
5807089750
5807089754
5480139352
5480139368
5480155736
5480155752
5463218792
5463222884
5463222888
5458254340
5458258436
5458254344
5458258440
5462448644
5462452740
5462448648
5479164448
5479180832
6616811940
6616795540
5475146148
5475146152
5475150244
5475150248
5475801444
5475801448
6549039648
6549056008
6553233936
6553250308
6553233952
6553250312
6549039624
6553229832
6553229828
6549035524
6552971536
6552987908
6552971552
6552987912
5479078308
5479078312
5479082404
5479082408
5462103636
5462103640
5462107732
5462107736
5462108760
5474882964
6599813732
6599813736
6604003940
6604003944
6599809620
6599809624
5542849128
5474896216
5474912600
5541799272
6599813720
6604003924
6604003928
6604008020
6604008024
5474699864
5474699880
5474716248
5474716264
5478894168
5807151253
6549543572
6549543576
6549547668
6549547672
6553737876
6553737880
6553741972
6553741976
5723199653
5723199657
5545990500
5545990504
5476018696
5545994596
5545994600
5545993556
5545993560
5541795172
5541795176
5541799268
6620990052
10911619684
10911619688
10911623780
5739993221
5739997317
5740009605
5740013701
5739993222
5739997318
5740009606
5740013702
5739993225
5739997321
6616656292
6616656296
5677066890
5681261194
5677062789
5677062793
5681257093
5681257097
5677066885
5677066889
5681261189
5681261193
5475227792
5475244176
5475227808
5475244192
5479422096
5479438480
6616664724
6616664740
6616681108
6616681124
10910853664
10910870024
10915047952
10915064324
10915047968
10915064328
5546612868
5546616964
5546612872
5546616968
5542910612
5542910616
5542914708
5547109016
5542910628
5542914724
6621145604
6621141512
6616930820
6616934916
6616930824
6616934920
6621125124
6621129220
6621125128
6621129224
5740009609
5740013705
5739993226
5739997322
5740009610
5740013706
5475297440
5475313824
5479491728
5479508112
5479491744
5479508128
5459024468
5459024472
5459028564
5459028568
5459024484
5459024488
5459028580
5459028584
5463218788
5476096516
5807089766
5807089770
5459024548
5459024552
5459028644
5459028648
5463218852
5463222948
5463222952
5677062533
5677062537
5681256837
5681256841
5677066629
5677066633
5807102089
5807106185
5807118473
5807122569
5475157588
5475157604
5475158612
5475175016
5475158616
5475158632
5475175000
5479352920
5479352936
5479369304
5474764372
5474764388
5474780756
5478881876
5478881880
5478885972
5478885976
5474780772
5478958676
5478958692
5475814056
5475830424
5475830440
6619797860
6619797864
6619801956
6619801960
6553085540
6548777504
6548793864
6552971792
6552988164
6552971808
6552988168
6548773380
6548777476
6548773384
6548777480
6548887908
6548887912
5672085669
5672085670
5672085657
5672085658
5672085673
5672085674
5672347797
5672347798
5672343701
5672343702
5681322374
5681322378
5677132166
5677132170
5681326470
5681326474
5677128325
5677128329
5681322629
5681322633
5740435989
5740435993
5740436005
5740436009
5740435990
5740435994
5740436006
5740436010
5740440085
5740440089
6549543508
6549543512
6549547604
6549547608
6553737812
6553737816
6553741908
6553741912
6549543524
5478959704
5478959720
5478976088
5478976104
6616144004
6616148100
6616144008
6616148104
6620338308
6620342404
6620338312
6620342408
6616787300
6616787304
5478910360
5478910376
5541799588
5541799592
5474751828
5474751832
5474755924
5474755928
5478946132
5478946136
5478950228
5478950232
5474751844
5474752868
6599039120
5474895252
5474895268
5474911636
5474911652
5479089556
5479089572
5479105940
5479105956
5474895256
5474895272
5541873048
5541873064
5541889432
5541889448
5546067352
5546067368
5546083736
6553676392
7015127433
7015127434
7015143817
7015143818
5476100612
5476096520
5476100616
5480290820
5480294916
5480290824
5480294920
5475031556
5475035652
5475031560
5723236486
5723216009
5479422112
5479438496
5475231888
5475248272
5475231904
5475248288
5479426192
5479442576
5479426208
5479442592
5463218772
5463218776
5463222868
5463222872
5677066565
5677066569
5681260869
5480008036
5480024404
5480024420
5458958756
5458958760
5458962852
6603032984
6603033000
6603049368
6603049384
5542922648
5542922664
5542939032
5542939048
6548498772
6548498776
6552688980
6552688984
6552693076
6552693080
6548494692
6548494696
6548498788
6548498792
5542406280
5546596484
5546600580
5458516036
5458520132
5458516040
5458520136
5546596488
5546600584
5475173972
5475173988
5479351892
5479351908
5479368276
6616795800
6616795816
5546019428
5541824100
5546002004
5546002020
5546018388
5546018404
5541807704
5541807720
5541824088
5541824104
5462104420
5462104424
5462108516
6603025060
6603025064
6553741732
6553741736
6617049684
5924612486
5924628869
5924628870
5924608393
5924608394
5924625033
5924625034
5924624777
5924624778
5924612489
6599105040
6599121424
6599105056
6599121440
6603299344
6603315728
5474716008
5478893912
5478893928
5478910296
5478910312
5474716004
5478893908
5478893924
5462103720
5462107812
5458963112
5457910440
5457909412
5474883240
5474887332
5474887336
5479081620
5479081624
6620846692
6620846696
6620850788
6620850792
5807151254
5807151258
5807151270
5807151274
6599813540
6599813544
5474698900
5474698916
5474715284
5474715300
5478893204
5478893220
5478909588
5478909604
5474698904
5474698920
6548887124
6548887128
6553081448
6553085544
6548892260
6548892264
6553082468
6553082472
6553086564
5475313800
6620793176
6620793192
6620809560
6620809576
5672413273
5672413274
5672413289
5672413290
5546019476
5546019492
6603049320
6598855000
6598855016
6603032920
6603032936
6603049304
5672151205
5672151206
5672151193
5672151194
5672151209
5672151210
5459024532
5459024536
5459028628
5459028632
5463218836
5463218840
5463222932
5463222936
5475149476
5475149480
5941385605
5941385606
5941401989
5941401990
5941389701
5941389702
5941406085
5941406086
5941385609
5941385610
5474764436
5474764452
5474780820
5474780836
5478958740
5478958756
5478975124
5478975140
5474764440
5474764456
6599821652
6599821668
6599838036
6599838052
6603237640
6599821656
6599821672
6599838040
6604015956
6604032340
6552966664
5542156804
5542160900
5542156808
5542160904
5479159312
5479175696
5479159328
5546351108
5546355204
5546351112
5474965008
10911619732
6619810456
6619810472
6619826840
6619826856
5546059092
5546059096
5541860708
5541860712
5541861716
5541861720
5541865812
5541865816
5546056020
5546056024
5474883156
5474883160
5474887252
5474887256
5474883176
5474887268
5924563526
5924542794
5924559177
5924559178
5924546889
5924543045
5924543046
5924559429
5924559430
5924547141
6616008276
6616008292
6616024660
6616024676
6620202580
6620202596
6620218964
6598838948
6598855316
6598855332
6603033236
6603033252
6603049620
6603049636
6598838936
6598838952
6603032216
10915813732
10915813736
10915817828
10915817832
6616148512
6616164896
6620342800
6620359184
6620342816
6620359200
6549940900
6549936804
6549936808
6549940904
6554131108
6554135204
6620220052
6620220068
6620858772
6620858788
6620875156
6620875172
6548891304
6599108752
6548887204
6548887208
5479089492
5672081557
5672081558
5672081573
5672081574
5672081561
5672081562
5672081577
5672081578
5672085653
5672085654
6615816288
6615832672
6620010576
6620026960
6620010592
6620026976
6615820368
6616598868
6616598884
6616615252
5547117144
5547117160
5541796180
5541796184
5541800276
5541800280
7116188293
7116188294
7116204677
7116204678
5480008088
5480008104
5480024472
5480024488
6615602516
6615602520
6615606612
6615606616
6619796820
6619796824
6616160520
6616164616
6619800916
6619800920
5928786245
5928786249
5932980549
5932980553
5928790341
5928790345
5932984645
5932984649
5928786501
5928786505
6619825812
6619825828
6615615128
6615615144
6615631512
6615631528
6619809432
6619809448
6619825816
6619825832
6603031896
6603031912
6603048280
6603048296
6604004004
6604004008
6604008100
6604008104
10911619668
10911619672
10911623764
10911623768
10915813972
10915813976
10915818068
5479081300
5479081304
5474882916
5474882920
5807102085
5807106181
5807118469
5807122565
5807102086
5807106182
5807118470
5807122566
5475814036
5475814052
5475830420
5475830436
5480008340
5480008356
5480024724
5480024740
5475814040
5677062790
5681257094
5677062794
5681257098
5475030544
5475046928
5475030560
5475046944
5479224848
5479241232
5479224864
5479241248
5475034640
5475051024
5474751892
5474751896
5474755988
5474755992
5474781528
5474781544
6619802020
6619802024
5545993636
5545993640
5681260933
5681260937
5807085654
5807085658
5807085670
5807085674
6615886368
6615902752
6620080656
6620097040
6620080672
6620097056
6554036744
6813788310
6813788314
6813788326
6813788330
5474895508
5474895524
5474911892
5474911908
5479089812
5479089828
5479106196
5479106212
5474895512
5474895528
5480139112
5480155480
5480155496
6620027140
6620031236
6620027144
6620031240
6615816452
6615820548
6620977496
6620981588
6616783204
6616783208
5541889624
5541889640
5546067544
5546067560
5546083928
5546083944
6599813460
6599813464
5541874260
5541874276
5457975892
5457975896
5457979988
5457979992
6615996052
6620191396
6620191400
6620195492
6615997096
6616001188
6620191380
6620191384
6620195476
6620195480
6548499108
6548499112
5740190213
5740194309
5740206597
5740210693
5740190214
5740190217
5740194313
5740206601
5740210697
5740190218
5475813972
6620990040
6620990056
6621006424
6621006440
5475813988
5475830356
5475830372
5480008276
5677062726
5677062730
5681257030
5681257034
5677066822
5677066826
5681261126
5681261130
5474751848
5474755940
5474755944
5478946148
5478946152
5478950244
5478950248
6615632292
6619810196
6619810212
6619826580
6619826596
6616656228
6616656232
6549547416
6797400597
6797400601
6797400613
6797400617
6797400598
6797400602
6797400614
6797400618
6797404693
6797404697
5474911640
5474911656
5479089560
5479089576
5479105944
5479105960
6616160388
6616164484
6616160392
6616164488
5546083752
6620354692
6620358788
6620354696
6620358792
5547104932
5547104936
5547109028
5547109032
5479369320
5542910632
5542914712
5547104916
5547104920
5475158628
5475174996
5475175012
5479352916
5479352932
5475813976
5475813992
5475830360
5475830376
7015127429
7015127430
7015143813
7015143814
6616590996
6616591000
7015131525
7015131526
6603237892
6599887188
6599887204
6599903572
6599903588
6604081492
6604081508
6604097876
6604097892
6599043216
6552967684
6552971780
6552967688
6552971784
10915309712
10915326084
10915309728
10915326088
5474687396
5474687400
6553082264
6553086356
6553086360
6548887972
6548887976
6548776480
6548792840
6552970768
6552987140
6552970784
5475310088
5475314184
5479504388
5479508484
5479504392
5479508488
6615615896
6615615912
6615632280
6615632296
5672954438
6619810132
6619810148
6619826516
6619826532
6615615832
6615615848
6615632216
6615632232
6619810136
6619810152
5672409237
5672409238
5672409253
5672409254
5672409241
5672409242
5672409257
5672409258
5672413333
5672413334
5941385865
5941385866
5941402249
5941402250
5474964996
5474969092
5474965000
5474969096
6615816336
6615832720
6615816352
6615832736
6620010640
6620027024
6620010656
6620027040
6615820432
6615836816
6616009300
6616009316
6616025684
6616025700
6616094856
6616098952
6620289156
6620293252
6620289160
6620293256
5547104856
5547108948
5547108952
5542910548
5542910552
5542914644
5475158356
5475158372
5475174740
5475174756
5479352660
5479352676
5479369044
5479369060
5672151141
5672151142
5672151129
5542074436
5542078532
5542074440
5542078536
5672151130
5672151145
5672151146
6615881232
6615897616
6615881248
6615897632
6620075536
6620091920
5474888276
5474888280
5474884200
5479082600
5474888292
5474686612
5474686616
5474690708
5474690712
5478880916
5478880920
5478885012
5478885016
5474686628
5474686632
5542938968
5542938984
6881286681
6881286693
6881286697
5475035656
5479225860
5479229956
5479225864
5479229960
5475052040
5479242244
5479246340
5458254084
5458258180
6617057940
6617057956
6620190296
6620194388
6620194392
6615996004
6615996008
6616000100
6616000104
6620190308
6620190312
6620194404
5542873748
5542873764
6603319432
5672343717
5672343718
5672343705
5672343706
5672343721
5672343722
5672347813
5672347814
5672347801
6553676452
6553676456
6553168032
6553184392
6616664728
6616664744
6616681112
6616681128
6620031496
6616865284
6616869380
6616865288
6616869384
6621059588
6621063684
6621059592
6621063688
6615816708
5672085590
5672085605
5672085606
5672081493
5672081494
5672081509
5672081510
5672081497
5672081498
5672081513
5474883924
5474883928
5474888020
5474888024
5479078228
5479078232
5479082324
5479082328
5474883940
5474883944
5474686564
5474686568
5474686548
5474686552
5478880868
5478880872
5677132421
5677132425
5681326725
5681326729
5677128326
5677128330
5474757028
5474757032
5478947236
5478947240
5478951332
5478951336
5474752916
5474752920
5474757012
5474757016
5672888645
5672888646
5672905029
5672905030
6617074324
6617074340
6616930832
6616947216
6616930848
6616947232
6621125136
6621141520
6621125152
6621141536
6616934928
6616951312
6619810392
6619810408
6619826776
6619826792
6615819784
6620009988
6620014084
6620009992
6615836168
6620026372
6620014088
5458963096
5458520160
5458536520
5458958996
5458959000
5458959012
5479090840
5479090856
5479107224
5479107240
5474896532
5474896548
5474912916
5474912932
5479090836
5479090852
5457978792
5462168996
5462169000
5462173092
5462173096
5457978788
5932980614
5932980618
5479930196
5479930200
5479934292
5479934296
5479078292
5479078296
10910783620
10910787716
10910783624
10910787720
10914977924
10914982020
10914977928
10914982024
10910787728
10910804100
5672954505
5672954506
5672970889
5672970890
6619801192
6620858708
6620858724
6620875092
6620875108
6548776464
6548792836
7082613270
7082613274
7082613286
7082613290
5546056292
5546056296
5546060388
5546060392
5677132357
5677132361
5681326661
5681326665
5677128262
5677128266
5681322566
5480008024
5480008040
5480024408
5480024424
5474752872
5474756964
5474756968
5478947172
5478947176
5478951268
5478951272
5474752852
5474752856
5474756948
5478951572
5478951576
5478947476
5478947480
5475293264
5475309648
5475293280
5475309664
5479487568
5479503952
5479487584
5479503968
5475297360
5542156356
5542160452
6549674580
5680736330
5545989720
5545993812
5545993816
5541795428
5542140164
5542144260
5542140168
5542144264
5542156552
5546334468
10910853280
10910869640
5546002008
5546002024
5546018392
5546018408
6553737620
6553737624
5479106968
5479106984
5479090580
5479090596
5479106964
5479106980
5474896280
5474896296
5474912664
5474912680
6620293192
6616586852
6616586856
6616590948
5671905866
5671918150
5671905861
5671905862
5671922245
5671922246
6616652436
6616652440
5462168936
5462173028
5462173032
5462168932
5457978724
5457978728
5541874068
5541874084
5541890452
5541890468
5546068372
5546068388
5545989476
5545989480
5545993572
5545993576
5807155350
5807155354
5807155366
5807155370
6553737892
6599371296
6599387272
6603565584
6603581572
6603565600
6603581576
6553737896
6553741988
6553741992
5541865060
5546334724
5546338820
5546334728
5546338824
5478947432
5542140420
5542144516
5542140424
5542144520
5476199060
5476199064
5480389268
5480389272
5480393364
5480393368
5476194964
5476194968
5924612490
5924628873
5924628874
6548493908
6548493912
6548498004
6548498008
6552688212
6552688216
6552692308
6552692312
6548493924
6548493928
5474686356
5474686360
5474690452
5474690456
5478880660
5478880664
5478884756
5478884760
5474686372
5474686376
5546003096
5546003112
5546019480
5546019496
5475293444
5475297540
5475293448
5475297544
5479487748
5479491844
5479487752
5479491848
5475309828
5475313924
6604069524
6604069528
6604073620
6604073624
5479352728
5479352744
5479369112
5479369128
5672905098
5924629125
5924629126
6552971344
6552987716
6552971360
6552987720
5541890392
5541890408
5546068312
5546068328
5546084696
5546084712
5547051412
5547051428
5547067796
5547067812
5672409173
5672409174
5672409189
5672409190
5672409177
5672409178
5672409193
5672409194
5672413269
5672413270
5546055060
5546055064
5546059156
5474687636
5474687640
5474691732
5474691736
5478886056
5478881956
5478881960
5478886052
6598830680
6549543256
6549547348
6549547352
5671904901
5671904902
5671921285
5671921286
5671900809
5671900810
5671917193
5671917194
5671904905
5671904906
5479078564
5479078568
5479082660
5479082664
6603299360
6603315744
6599109136
6599125520
6599109152
6599125536
6603303440
6603319824
6603303456
6603319840
5476080132
5476084228
5476080136
5476084232
5924608329
5924608330
5924624713
5924624714
5924612425
5924612426
5924628809
6599366724
6599370820
6599366728
6599370824
5462169236
5462169240
6603561028
6603565124
6603561032
6603565128
6620203672
6620203688
6620220056
6620220072
6620858776
6620858792
6620875160
6813784234
6813788309
6620191336
6620195428
6620195432
5457909400
5457913492
5457913496
5462103700
5462103704
5462107796
5462107800
5457909076
5457913172
5462107496
5462103384
5462107476
5462107480
5457909092
5457909096
5457913188
5457913192
5480127064
5480127060
5480131156
5480131160
7116188297
7116188298
7116204681
7116204682
5474687332
5474687336
5463218856
5458536580
5458520224
5458536584
5462714512
5462730884
5462714528
5462730888
5458516100
5458520196
6620092548
6620096644
6620092552
6620096648
6621252196
6621268564
6621268580
6548891220
6548891224
6553081428
6553081432
6553085524
6553085528
6548887140
6548887144
6548891236
6548891240
5672343637
5672343638
5672343657
5672343658
5672343653
5672343654
5672343641
5672343642
5671917894
5671905610
5671921994
5671905605
5671905606
5671921989
5671921990
5547039384
5547043476
5547043480
5547043496
5474687652
5474687656
5474691748
5541800612
5541796500
5541796504
5474687588
5474687592
5478881892
5478881896
5478885988
5478885992
5474687572
5474687576
5474691668
5474691672
6548494760
6548498852
6548498856
6552689060
6552689064
6552693156
5941402185
5941402186
6552693160
5671901573
5671901574
5671917957
5671917958
5671905669
5671905670
5671922053
5671922054
5671901577
5671901578
5672413349
5672413350
5474698580
5474698596
5474714964
5474714980
5478892884
5478892900
5478909268
5474699608
5474699624
5474715992
6615606628
6615606632
5541800356
5541800360
5545990564
5545990568
5545994660
5545994664
5541795220
5541795224
5541799316
5541799320
5677066630
5677066634
5681260934
5681260938
6797011109
6797011113
6797011094
6797011098
6797011110
6797011114
5475293328
5475309712
5475293344
5475309728
5479487632
5479504016
5479487648
5479504032
5475297424
5475313808
6615996772
6615996776
6616000868
6616000872
6620191076
6620191080
6620195172
6620195176
5457913428
5457913432
5546003092
5546003108
5462174116
5462174120
5457975716
5457975720
5457979812
5457979816
5462170020
5462170024
5457975700
5474699928
5474699944
5474716312
5474716328
5542406276
5542402184
5546060456
5542914728
5547109012
5542418564
5542422660
5542418568
5542422664
5541862036
6603298896
6603315280
6603298912
6603315296
5924546949
5924546950
5924563333
5924563334
6548493972
6548493976
6548710944
6548727304
6552905232
6552921604
6552905248
6552921608
6548990024
5542857300
5457975908
5457975912
5672147093
5672147094
5672147109
5672147110
5672147097
5672147098
5672147113
5672147114
5672151189
5672151190
6552688996
6552689000
6552693092
6552693096
5475736164
5475736168
6620190372
6620190376
6620194468
6620194472
5479081316
5479081320
5474888036
5474888040
5479078244
5479078248
5479082340
5479082344
5479077204
5479077208
6616681048
6616681064
5478946196
5478946200
5478950292
5478950296
5474751908
5474751912
5474756004
5474756008
5478946212
5478946216
6598826660
6598826664
6598830756
6598830760
6549543332
6549543336
6549547428
6549547432
5474911896
5474911912
5479089816
5479089832
5479106200
5479106216
5474896536
5474896552
5474912920
5474912936
5541808724
5541808740
5541825108
5541825124
5546003028
5546003044
5546019412
5541808728
5541808744
5541825112
6620342544
6620358928
6620342560
6620358944
5478958440
5478974808
5478974824
5475293700
5475297796
5475293704
5475297800
5479488004
5479492100
5479488008
5479492104
5475310084
5475314180
5457975636
5457975640
5457979732
5457979736
5462169940
5462169944
5462174036
5462174040
5457975652
5457975656
5475936664
6620809624
6620809640
6616586916
6616586920
6616591012
6616591016
6620195412
6620195416
6599875220
6599875224
6599879316
6599879320
5941401993
5941401994
5941389705
5941389706
5941406089
5941406090
5924612745
5924612746
5924629129
5924629130
5924608645
5924608646
5924625029
5924625030
5924612741
5924612742
5475158360
5475158376
5475174744
5475174760
5541864868
5546059160
5541860776
5541864872
5541860772
5546055080
5546055076
5807085737
5546059176
5672347733
5672347734
5672347749
5672347750
5672347737
5672347738
5672347753
5672347754
5672081514
5672085589
5474690660
5474690664
5478884964
5478884968
5474690644
5474690648
5478880852
5478880856
5478884948
5478884952
6548498836
6548498840
6552689044
6552689048
6552693140
6552693144
6548494756
5541824152
5541824168
5546002072
5546002088
5546018456
5546018472
5541808788
5541808804
5541825172
5541825188
6599366788
6599370884
6599366792
6599370888
6603561092
6603565188
6603561096
6603565192
6599371280
6599387268
6599838056
5457974612
5457974616
5457978708
5457978712
5462168916
5462168920
5462173012
5462173016
5457974628
5457974632
6603319392
5924559241
5924559242
5924546953
6552970760
6616009304
6616009320
6616025688
6616025704
5542094916
5542090824
5542094920
5671905925
5671905926
5671922309
5671922310
5671901833
5671901834
5671918217
5671918218
5671905929
5671905930
5479340712
5479995812
5479995816
6881290773
6881290777
6881290789
6881290793
5671922250
5671917897
5671917898
5671901513
5671901514
5671905609
5671921993
5671901509
5671901510
5671917893
5542939224
5542939240
5479942756
5479959124
5479959140
6599875156
6599875160
6599879252
6599879256
5941401929
5941401930
5941389641
5941389642
5941406025
5941406026
5924608586
5924624969
5924624970
5924612681
5458258192
5458274564
5458258208
5458274568
5924612682
5924629065
5541864804
5541864808
5546055012
5546055016
5546059108
5546059112
6880893077
6880893081
6880893093
6880893097
6880893078
6880893082
6599821716
6599821732
6599838100
6599108688
6599125072
6599108704
6599125088
6603302992
6603319376
6603303008
5457910420
5457910424
5457914516
5457914520
5474780520
5478958424
6616881668
6616885764
6616881672
6616885768
5542857368
5542857384
5542873752
5542873768
5546059172
5541861796
5541861800
5541865892
5541865896
5546056100
5546056104
5546060196
5546060200
5546056088
5541865124
5541865128
5740440086
5740440090
5740440102
5740440106
5924563589
5924563590
5924543113
5924543114
5924559497
5924559498
5924547209
5924547210
5924563593
5924563594
6553737828
6553737832
6553741924
6553741928
6599059536
6603237456
6603237472
5924542793
6599043152
6599059552
6599043168
6603253840
5924546890
5924563273
5924563274
5924542789
5924542790
6620218980
6616008280
6616008296
6621006420
6621006436
6616024664
6616024680
6620202584
6620202600
6620218968
5680535622
5680539718
6553086568
6548888164
6548888168
6553086548
6553086552
6548888148
6548888152
6548892244
6548892248
6553082452
5476100640
6603048600
6603032232
6603048616
6598854308
6603032212
6603032228
6603048596
6603048612
6598837912
6598837928
5459024292
5459024296
5459028388
5459028392
5546003032
5546003048
5546019416
5546019432
5671901769
5671918153
5671901770
5671918154
5671901765
5671901766
5671918149
6604069460
6604069464
6604073556
6604073560
6615881808
6615898192
6615881824
6615898208
6620076112
6620092496
6620076128
6620092512
6615885904
6615902288
5475936932
5475936936
5475047940
5475052036
5475047944
5541796436
5541796440
5541800532
5545994840
5541800552
5541800536
5545990740
5545990744
5545994836
5545990756
6615602580
6615602584
6615606676
6615606680
6619796884
6619796888
6619800980
6552905824
6552905808
6552922180
6552922184
5924612677
5924612678
5924629061
5924629062
5672888650
5672905033
6617057944
6617057960
6617074328
6617074344
5547051348
5547051364
5547067732
5547067748
5462169956
5462169960
5462174052
5462174056
5478909540
5474698836
5474698852
5474715220
6553868628
6553868632
6553872724
6553872728
6549674340
6549674344
5740173589
5740173593
5740173605
5740173609
5479164192
5479180576
5474965776
5474982160
5474965792
5474982176
5479160080
5474969872
5475961176
5475961192
5457910372
5457910376
5457914468
5457914472
5462104676
5474765224
5474781592
5474781608
5478959512
5478959528
5478975896
5478975912
5475150180
5475150184
5479340388
5479340392
5479344484
5479344488
5474981380
5474985476
5474981384
5541807444
5541807460
5541823828
5541823844
5546001748
5546001764
5546018132
5546018148
5541807448
6615816464
6880893094
6880893098
5474888100
5475740004
5475740008
5474888104
5479351960
5479351976
5475157652
5475157668
5475174036
5475174052
5479351956
5479351972
5475175064
5475175080
5462104724
5462104728
5462108820
5462108824
6615819808
6615836192
6620014096
6620030480
6620014112
6620030496
6620203416
6620203432
6620219800
6620219816
6620858712
6620858728
6620875096
6548892004
6548892008
6553082212
6553082216
6553086308
6553086312
6548887892
6548887896
6548891988
6548891992
6598837844
6598837860
6603048548
6598837848
6598837864
6598854232
6598854248
6603032152
6603032168
6603048536
6603020708
6603020712
6603024804
6603024808
5541795476
5541795480
5541799572
5541799576
5545989780
5545989784
5545993876
5545993880
5541795492
5541795496
5546068628
5672970822
5672970569
5672954441
5672954442
5672970825
5672970826
5672966470
5672954181
5672954182
5672970565
6549756424
6549760520
6553950724
6553954820
6553950728
6553954824
6549760528
6549776900
5479175712
5474969104
5480130900
5480130904
7082617366
7082617370
7082617382
7082617386
5541889368
6620780964
6620780968
6620785060
6620785064
5541889384
5546067288
5546067304
5546083672
5546083688
5546289248
5542078544
5542094928
5542078560
5542094944
5546272848
5546289232
5546272864
5542074448
5542090832
6620031108
6620027016
6620031112
6620809876
6620809892
6621059600
6621075984
6621059616
6621076000
6620289284
6620293380
6620289288
6620293384
6616078596
6616082692
6616078600
6616082696
6620272900
6620276996
6598825300
6598825304
6598829396
6598829400
6603019604
6603019608
5478951528
5474757220
5474757224
5478950484
5478950488
5474752100
5474752104
5474756196
5474756200
5478946404
5541873304
5541873320
5541889688
5541889704
5546067608
5546067624
5546083992
5546084008
5541874324
5541874340
5479942808
5479942824
5479959192
5479959208
5474765140
5474765156
5474781524
5474781540
5478959444
5478959460
5478975828
5478975844
5474765144
5474765160
6599043588
5541795432
5541799524
5541799528
5545989732
5545989736
5545993828
5941385861
5941385862
5941402245
5941402246
5941389957
5941389958
6864509461
6864509465
6864509477
6864509481
6864509462
6864509466
6864509478
6864509482
6864513557
6864513561
6619800984
6615602596
6615602600
6615606692
6615606696
6619796900
6619796904
6548498020
6548498024
6552688228
6552688232
6552692324
6552692328
5672966469
6548494932
6548494936
6548499028
5546060180
5546060184
5541861780
5541861784
5541865876
5541865880
5546056084
10915814036
10915814040
10915818132
10915818136
5474756952
6603233360
6603237636
6548711712
6548728072
6552906000
6552922372
6552906016
6552922376
6549678436
6549678440
6553868644
6553868648
6599125136
6599887256
6599887272
6599903640
6599903656
6604081560
6604081576
6604097944
6604097960
6599125152
6615885920
6615902304
6620080208
5928786309
5928786313
5932980613
5932980617
5928790405
5928790409
5932984709
5932984713
5928786310
5928786314
6604069540
6604069544
6604073636
6604073640
6599821720
6599821736
6599838104
6599838120
6604016024
6604016040
6604032408
6604032424
6599838116
6604016020
5475145304
5475149396
5475149400
5479339604
5479339608
5479343700
5479343704
5475145316
5475145320
6548892312
6553082516
6553082520
6553086612
6553086616
6548888228
6548892328
6553082532
6553082536
6553086628
5462403140
6620096004
5547051416
5547051432
5547067800
5547067816
5474911832
5474911848
5479089752
5479089768
5479106136
5479106152
5474895444
5474895460
5474911828
5474911844
6553082456
5475232032
5475248416
5479426320
5479442704
5479426336
5479442720
6598826596
6598826600
6598830692
6598830696
6549543268
6549543272
6549547364
6549547368
5541823896
5541823912
5546001816
5546001832
5546018200
5546018216
5541808532
5541808548
5541824916
5541824932
5941385797
5941385798
5941402181
5941402182
5941389893
5941389894
5941406277
5941406278
5941385801
5941385802
6620977748
6620977752
6620981844
6620981848
6615832848
6615816480
6616795476
6616795492
6616811860
6616811876
6616811880
6620989800
6621006168
6621006184
6615602532
6615602536
6599125252
6599821928
6604016216
6604016232
6599838296
6604032600
6599821908
6599821924
6599838292
6599838308
6615881872
6615898256
6615881888
6615898272
6620076176
6620092560
6620076192
5546060116
5546060120
5541861732
5541861736
5541865828
5541865832
5546056036
5546056040
5546060132
5546060136
5474716324
5478894228
6616590952
5541860948
5541860952
5541865044
5541865048
5546055252
5546055256
5546059348
5546059352
5541860964
5541860968
6616008340
6616008356
6616024724
6616024740
6620202644
6620202660
6620219028
6620219044
6616008344
6616008360
6599878996
6599879000
5476223592
5479368292
5475157592
5475157608
5475173976
5475173992
5479351896
5479351912
5479368280
5479368296
5480131172
5480127076
5480127080
5479503944
5476018720
5476035104
5480213008
5480229392
5480213024
5480229408
5474966032
5474982416
5474966048
5474982432
5928786246
5928786250
5932980550
5932980554
5928790342
5928790346
5932984646
5932984650
6604015972
6604032356
6604015960
5924547145
5924547146
5924563529
5924563530
6604015976
6604032344
6604032360
5924543049
5463157332
5463157336
5458958948
5458958952
5458963044
5458963048
5463153252
5463153256
5463157348
5463157352
5474985480
5479175684
5479179780
5479175688
5479179784
5740173845
5475227728
5475244112
5475227744
5475244128
5479422032
5479438416
5479422048
5479438432
5475231824
6599813716
6621252184
6621252200
6621268568
6621268584
6598855320
6598855336
6603033240
6603033256
6603049624
5475030532
5475034628
5475030536
5475034632
5479224836
5479228932
5479224840
5479228936
5475046916
5463218516
5475805784
5474764116
5474764132
5474780500
5474780516
5478958420
5478958436
5478974804
5478974820
5474764120
5474764136
6620846744
6616078416
6616094800
6616078432
6616094816
6620272720
6620289104
6620272736
6620289120
6616082512
6616098896
5479176464
5479160096
5479176480
5474986256
5474969888
5479164176
5479180560
5474986272
5474896276
5474896292
5474912660
5474912676
6615602772
6615602776
6615606868
6615606872
6619797076
6619797080
6619801172
6619801176
6615602788
6615602792
5462710344
5462714440
5457914532
5457914536
5475936852
5479077524
5479077528
5474884196
5458963092
5480131176
5479368340
5479368356
5479368360
5475174056
5681322630
5681322634
5474698644
5474698660
5474715028
5474715044
5478892948
5478892964
5478909332
5478909348
5474698648
5474698664
6616025432
6616025448
5479344744
5479340692
5479340696
5479344788
5479344792
5476194916
5475149412
5475149416
5479339620
5479339624
5474764180
5474764196
5474780564
5474780580
5478958484
5478958500
5478974868
5478974884
5542074512
5542090896
5542074528
5542090912
5546268816
5546285200
5546268832
5546285216
5542078608
5542094992
6616656532
6616656536
5478894180
6621239892
6621239896
6621243988
6621243992
6616078852
6616082948
6616078856
6616082952
6620273156
6620277252
6814181925
6814181929
5932980869
5932980873
6616598932
6616598948
6616615316
6616615332
5474752932
5474752936
5924546954
5924563337
5924563338
6616009044
6616009060
6616025428
6616025444
6620203348
6620203364
6620219732
6620219748
6616009048
6616009064
6603049556
6603049572
6598838872
6598838888
5672966537
5672966538
5672954249
5672954250
5672970633
5672970634
5545990824
5545994916
5545994920
5475764632
5475764648
7015127689
7015127690
7015144073
7015144074
6615902472
6620092676
6620096772
6620092680
6620096776
6615898372
6615902468
6615898376
6615881988
6615886084
10910849156
10910853252
10910849160
10910853256
10915043460
10915047556
10915043464
5676275782
5676279878
5475034656
5475051040
5479228944
5479245328
5479228960
5479245344
5475047492
5475051588
5475035208
5474883220
5474883224
5474887316
5474887320
5479077540
5474883236
5479225412
6620793236
6620793252
6549760544
6549776904
6553954832
6553971204
6553954848
6552902152
6552906248
6553971208
6548707844
6548711940
10911619476
10911619480
10911623572
10911623576
5475936680
5475932580
5541799252
5541799256
5545989460
5545989464
5545993832
5541795412
5541795416
5541799508
5541799512
5545989716
6620785000
5672347817
5671905865
5671922249
6620289092
5671900745
6553184328
6620785240
6620289096
5671917129
5474752084
5474752088
5474756180
5474756184
5478946388
5478946392
5542910308
5542910312
5542914404
5542914408
6548493652
6548493656
6548497748
6548497752
6552687956
6616934944
6616951328
6552687960
6552692052
6552692056
6599874980
6599874984
6599879076
6599879080
6549055624
5478893140
5478893156
5478909524
5542939284
5542939300
5672970566
5672950089
5672970570
5672950090
5672966473
5672966474
5672954185
5672954186
5672950085
5672950086
7065836053
7065836057
7065836069
5545990760
5545994852
5545994856
5541796452
5541796456
5541800548
6864115862
6864115866
6864115878
6864115882
6615603604
6615603608
6615607700
6615607704
6619797908
6619797912
6619802004
6619802008
6615603620
6615603624
5479241796
5479245892
5479241800
5479245896
5479508040
5542402116
5542406212
5542402120
5542406216
5547039380
6617045592
5671900549
5671900550
5671916933
5671916934
5671904645
5671904646
5671921029
5671921030
5671900553
5671900554
5478950568
5478950308
5478950312
5474753188
5474753192
5474757284
5474757288
5478947492
5478947496
5542402180
5462104660
5462104664
5462108756
6548493716
6548493720
6548497812
6548497816
6552688020
6552688024
6552692116
6552692120
6615816720
6615833104
6615816736
6615833120
6620011024
6620027408
6620011040
6620027424
6615820816
6615837200
6599887444
6599887460
6599121416
6599125512
6599887448
6599887464
6599903832
6599903848
6604081752
6604081768
5671922313
5671922314
6603020644
6603020648
6603024740
6603024744
5479176260
5479176264
5474981956
5474986052
5474981960
5474986056
5474882984
5474887076
5474887080
5479077284
5479077288
5479081380
5479081384
5928786565
5928786569
6603023768
6598825380
6598825384
6598829476
6598829480
6603019684
6603019688
6603023780
6603023784
5475146340
5475146344
5475150436
5479340644
5479340648
5479344740
5474752164
5474756264
5474756260
5478946468
5478950564
5478946472
6620875176
5478947428
5478951524
6553672084
6553672088
6553676180
6553676184
5542144080
5542160464
5542144096
5542160480
5546338384
5546354768
5546338400
5546354784
6616812136
5475945044
5475945060
5475961428
5475961444
5480139348
5480139364
5480155732
5480155748
5475945048
5475945064
5475047496
5475051592
6615902368
6616078480
6616094864
6616078496
6616094880
6620272784
6620289168
6620272800
6620289184
6616082576
6616098960
6615603540
6615603544
6615607636
6615607640
6619797844
6619797848
6619801940
6619801944
6615603556
6615603560
5479344532
5479344536
6619798180
6619798184
6619802276
6619802280
5671917126
5474691428
5474691432
6616615268
6620793172
6620793188
5932980805
5928790598
5928790602
5932980809
5928790597
5932984902
5932984906
6603023700
6603023704
6598825316
6598825320
6598829412
6598829416
6603019620
6603019624
6603023716
6603023720
5475146068
5475146072
5475150164
5475150168
5479340372
5479340376
5479344468
5479344472
5475146084
5475146088
10915818072
5478946408
5478950500
5478950504
6615616148
6615616164
6615632532
6615632548
6619810452
6619810468
6619826836
6619826852
6615616152
5542156420
5542160516
5462108564
5462108568
5457914264
5457909156
5457909160
5457913252
5457913256
5462103444
5462103448
5462107540
5542074464
5542090848
5546268752
5546285136
5546268768
5546285152
6604069476
6604069480
6604073572
6604073576
5480139096
5475944788
5475944804
5475961172
5475961188
5480139092
5480139108
5480155476
5480155492
5475944792
5739980889
5479352984
5479353000
5479369368
5479369384
5475158676
5475158692
5475175060
5475175076
5479352980
5479352996
5924629066
6615898632
6615902728
6620092932
6620097028
6620092936
6620097032
6621145608
6616947208
6616951304
6621141508
6553082196
6553082200
6553086292
6553086296
6603032148
6603032164
6603048532
6880897174
6880897178
6880897190
6880897194
6620272904
6620277000
6616094980
6616099076
6616094984
6616099080
6620977492
6620981592
5478893972
5478893988
5478910356
5478910372
5474699672
5474699688
5474716056
5474716072
5478893976
5478893992
6615632468
6615632484
6619810388
6619810404
6619826772
6619826788
6615616088
6615616104
6615632472
6615632488
5672950405
5672950406
5672966789
5672966790
5672954501
5672954502
5672970885
5672970886
5672950409
5672950410
5546068632
5546068648
5546085016
5546085032
7015147909
7015147910
5480139156
5480139172
10910849540
10910853636
10910849544
10910853640
10915043844
10915047940
10915043848
10915047944
10910853648
10910870020
6620793496
6620793512
6620809880
6620809896
6621063696
6621080080
6621063712
6621080096
6620276880
6620293264
6620276896
6620293280
5475158420
5475158436
5475174804
5475174820
5479352724
5479352740
5479369108
5479369124
5475158424
5475158440
6552967240
6552971336
6548777040
5672888710
5672905093
5672905094
5672884617
5672884618
5672901001
5672901002
5672888713
5672888714
5672905097
6552971408
6552987780
6552971424
6552987784
5479930276
5479930280
5479934372
5479934376
5475735956
5475735960
5475740052
5474888344
5479078548
5479078552
5479082644
5479082648
5474884260
5547116948
5547116964
5547133332
5547133348
6603025048
6553741716
6553741720
5475805540
5475805544
6621006484
6621006500
5479340708
6615816456
6615820552
6620010756
6620014852
6620010760
6620014856
6615832836
6615836932
6615832840
6615836936
5457910100
5457910104
5457914196
5681322570
6549055752
5458257988
5458253896
5458257992
5462448196
5462452292
5462448200
5462452296
5458258000
6615996056
6616000148
6616000152
6620190356
6620190360
6620194452
6620194456
6615996068
6615996072
6616000164
6616652372
6616652376
6616656468
6616656472
5474884180
5474884184
5479078484
5479078488
5479082580
5479082584
5474888296
5479078500
5479078504
5479082596
5547039396
5547039400
5547043492
5672950342
5672966725
5672966726
5672954437
5672950345
5672966729
5672950346
5672970821
5672966730
5546355208
5480393300
5480393304
10915814052
10915814056
10915818148
10915818152
6603253856
6548711496
6552901700
6552905796
6548707396
6548711492
6548707400
5672888649
6603233376
6599039056
6599043332
6599039072
5676537930
5680732234
5676537929
5676542025
5680732233
5676537925
5475735896
5475739988
5475739992
5479930212
5479930216
5479934308
5479934312
5479082388
5479082392
5474888084
5474888088
5474884004
5474884008
6598826388
6598826392
6598830484
6598830488
6603020692
6603020696
6603024788
6603024792
6598826404
6598826408
6620218984
6552688292
6552688296
6552692388
6552692392
5676279945
6615836768
5680736389
6620014672
6620031056
6620014688
6620031072
5676537989
6615816272
6615832656
5478951592
7015127625
7015127626
7015144009
7015144010
5672147029
5672147030
5672147045
5672147046
5672147033
5672147034
5672147049
5672147050
5672151125
5672151126
6615607716
6615607720
5474690724
5474690728
5478880932
5478880936
5478885028
5474691752
5478881940
5478881944
5478886036
5478886040
5462386760
5458192456
5458192464
5458208836
5458192480
5458208840
5462382660
5462386768
5462386784
5462386756
5542857108
5542857124
6615885320
6620075524
6620079620
6620075528
6620079624
6615897604
6615901700
6615897608
6615901704
6620091908
5462173332
5462173336
5457974948
5457974952
5457979044
5457979048
5462169252
5462169256
5462173348
5462173352
6620026376
6615996756
6615996760
6616000852
6616000856
6620191060
6620191064
6620195156
6620195160
6598838612
5457974676
5457974680
5457978772
5457978776
5462168980
5462168984
5462173076
5462173080
5457974692
5457974696
6620027396
6620031492
6620027400
6619825492
6619825508
6615614808
6615614824
5546600528
5546616912
5546600544
5546616928
6615631192
6615631208
6553081492
6553081496
6553085588
6553085592
6549478052
6549478056
6549482148
6549482152
6599874916
6599874920
6599879012
6599879016
6548973728
6548990088
5671917961
5671917962
5671905673
5671905674
5671922057
5671922058
5671901829
5671901830
5671918213
5671918214
5479229968
5479246352
5479229984
5479246368
6598826324
6598826328
6598830420
6598830424
6603020628
6603020632
6603024724
6603024728
6598826340
6598826344
5740177941
5740177945
5474753108
5474753112
5474757204
5474757208
5478947412
5478947416
5478951508
5478951512
5474753124
5474753128
5475801700
6598837604
5457909352
5457909348
5457913444
5457913448
5462103652
5462103656
5462107748
5462107752
5457909332
5457909336
5474781588
5474781604
5478959508
5478959524
5478975892
5478975908
5474765208
10911623784
5479504136
5479508232
5542857048
5542857064
5542873432
5542873448
5547051352
5547051368
5547067736
5547067752
5542857044
5542857060
5462173288
5457974868
5457974872
5457978964
5457978968
5462169172
5462169176
5462173268
5462173272
5457974884
5541890708
5541890724
5457914280
6616652452
6616652456
6616656548
5541874072
5541874088
5541890456
5541890472
6616656552
5672888901
5672888902
6864513573
6864513577
6864513558
6864513562
6864513574
6864513578
6616787556
6616787560
6620977764
6620977768
6620981860
6620981864
6616783444
6616783448
6616787540
6616787544
5928786566
5928786570
5932980870
5932980874
6616598936
6616598952
6616615320
6616615336
5478894184
5478910552
5478910568
5478910548
5478910564
5474699860
5474699876
5474716244
5474716260
5478894164
6615997012
5541800596
5541800600
5545990804
5545990808
5545994900
5545994904
5541796516
5541796520
5541800616
5545990820
6619798116
6619798120
6619802212
6619802216
5739976853
5739976857
5739976869
5739976873
5739976854
5739976858
5739976870
5739976874
5739980949
5739980953
5475227920
5475244304
5475227936
5475244320
5479422224
5479438608
5479422240
5479438624
5475232016
5475248400
6548973828
6548969736
6548973832
6553164036
6553168132
6548973840
6548990212
6548973856
6548990216
6553168144
6599903592
6615997016
5475146324
5475146328
5475150420
5475150424
5479340628
5479340632
5479344724
5479344728
5475150440
5475145300
5680535686
5680539782
5676341386
5676345482
5680535690
5680539786
5676603525
5676607621
5680797829
6553184516
6553168160
6553184520
5541890644
5541890660
5546068564
5546068580
5546084948
5546084964
5541874264
5541874280
5541890648
5541890664
6616783268
6549477780
6549477784
6549481876
5672884869
5672884870
5672901253
5672901254
5672888965
5672888966
5672905349
5672905350
5672884873
5672884874
5542090884
5542094980
5475313744
5475297376
5475313760
5672950149
5672950150
5672966533
5672966534
5672954245
5672954246
5672970629
5672970630
5672950153
5672950154
10911619492
10911619496
10911623588
10911623592
6617045588
6616001112
6599887252
6599887268
6599903636
6603048340
6603048356
6598837656
6598837672
6598854040
6797404709
6797404713
6797404694
6797404698
6797404710
6797404714
5474969672
5479159876
5479163972
5479159880
5479163976
5479180360
5474965572
5474969668
5474965576
5475735892
6616783188
6616783192
5723203669
5723203673
5480008292
5480024660
5480024676
6615614872
5475035232
5475051616
5479229520
5479245904
5479229536
5479245920
6615614888
6615631256
6615631272
5542139984
5542156368
5542140000
5542156384
5546334288
5546350672
5546334304
5546350688
5463153044
5463153048
5463157140
5463157144
5458962856
5463153064
5458958740
5458958744
5458962836
5458962840
6616001192
6620195496
6615997076
6615997080
6616001172
6616001176
5474882968
5474887060
5474887064
5479077268
5479077272
5479081364
5479081368
5474882980
5474883988
5474883992
6598825364
6598825368
6598829460
6598829464
6603019668
6603019672
6603023764
5474752168
5478951588
5474752148
5474752152
5474756244
5474756248
5478946452
5478946456
5478950548
5478950552
5478893144
5478893160
5478909528
5478909544
5542922904
5542922920
5542939288
5542939304
5478881684
5478881688
5478885780
5478885784
6864119958
6864119962
6864119974
6864119978
6548707588
6548711684
6548707592
6548711688
6552901892
6552905988
6552901896
6552905992
6548711696
6548728068
6603303056
6599108768
6603303072
6553085604
6553081508
6599121056
6603298960
6603315344
6603298976
6603315360
6553081512
6553085608
6548891300
5462104680
5462108772
5462108776
6553676136
6549481816
6553672020
6553676116
5672905285
5672905286
6549477716
6549477720
6553672024
6553676120
5672884805
5672884806
5672901189
6549477732
6549477736
6549481828
6549481832
6553672036
6552901704
6553676132
6553672040
6552905800
6549481812
5546068568
5546068584
5546084952
5941406341
5941406342
6548494996
6548495000
6548499092
6548499096
6552689300
6552689304
6552693396
6552693400
6548495012
6548495016
5672884809
5672884810
5672901193
5672901194
5672888905
5672905289
5672888906
5672884554
5672900937
5672900938
6548498068
6548498072
6552688276
6552688280
6552692372
6552692376
6548493988
6548493992
6548498084
6548498088
5476194980
5476194984
5476199076
5476199080
6620793432
6620793448
6620809816
6620809832
5672888969
5474965584
5474981968
5474965600
5474981984
5479159888
5479176272
5479159904
5479176288
5474969680
5474986064
7015143753
6552922244
6552905888
6552922248
7015143754
7015131465
7015131466
5458958676
5458958680
5458962772
5458962776
5463152980
5463152984
5463157076
5463157080
5458958692
5458958696
5479344804
5479344808
6615996820
6615996824
6616000916
6616000920
6620191124
6620191128
6620195220
6620195224
6615996836
6615996840
6553164040
6553168136
6549674584
6549678676
6549678680
6553868884
6553868888
6553872980
6553872984
6548969732
5475961432
5475961448
5457978980
5457978984
5462169188
5462169192
5462173284
5462170264
5462174360
5457975960
5457980052
5457980056
5457975956
6620989844
6620989860
6621006228
6621006244
5479995748
5479995752
5479999844
5479999848
5479340452
5479340456
5479344548
5479344552
6548777232
6548793604
6548777248
6548793608
6599059600
6599043232
6599059616
6552987144
6603237520
6603253904
6603237536
6603253920
6603233424
6603233440
6548772356
6548776452
6548772360
5542156360
5542160456
5546350660
5546354756
5546350664
5546354760
5542139972
5542144068
5542139976
5542144072
5547039332
5547039336
5547043432
5479106904
5479106920
5723199638
5723199642
5723199654
5723199658
6619801000
6548499032
6552689236
6552689240
6552693332
6552693336
6548494948
6548494952
6548499044
6548499048
6552689252
5542844756
5542844760
5542848852
5542848856
5547039060
5547039064
5547043156
5547043160
5542844772
5542844776
5480212996
10915813988
10915813992
10915818084
6616078608
6616094992
6616078624
6616095008
6620272912
6620289296
6620272928
6620289312
6616082704
6616099088
6620846500
6620846504
6599821972
6599821988
6599838356
6599838372
6604016276
6604016292
6604032660
6604032676
6599821976
6599821992
5478975060
5478975076
5474764376
5474764392
5474780760
5474780776
6620859028
6620859044
6620875412
6620875428
5541862040
5541866132
5541866136
5546056340
5546056344
5546060436
5546060440
5541862052
5541862056
5541866148
5807102090
5807106186
5807118474
5807122570
5478958680
5478958696
5478975064
5478975080
5480401496
5480401512
5480417880
5480417896
5475228176
5475244560
5475228192
5475244576
5479422480
5479438864
5457980004
5457980008
5462170212
5462170216
5462174308
5480008344
5480008360
5480024728
5480024744
6615607652
6615607656
5924559174
5924546885
5924546886
5924563269
5924563270
5924543050
5924559433
5924559434
5924547142
5924563525
6549039620
6549035528
6603048552
6615816260
6615820356
6615816264
6615820360
6616586600
6616590692
6616590696
6620780900
6616586580
6616586584
5542090820
5541807700
5541807716
5541824084
5928786502
5928786506
5932980806
5932980810
6615886112
6615902496
6620080400
6881286677
5479369300
5479369316
6616143952
6616160336
6616143968
6616160352
6620338256
6620354640
6620338272
6620354656
5541861012
5541861016
5541865108
5541865112
5546055316
5546055320
5546059412
5546059416
5541861028
5541861032
5474781784
5474781800
6615602836
6615602840
6615606932
6615606936
6619797140
6619797144
6619801236
6619801240
6615602852
6615602856
6620977508
6620977512
6620981604
6620981608
5546338576
5546354960
5546338592
5546354976
5545989796
5545989800
5545993892
5545993896
5474969736
5479159940
5479164036
5479159944
5479164040
5479180424
5474965636
5474969732
5474965640
5475805528
6604016036
6604032404
6604032420
6603237896
5475051808
5475031312
5475047696
5475031328
5475047712
5479225616
5479242000
5479225632
5479242016
5475035408
5542140048
5542156432
5542140064
5542156448
5546334352
5546350736
5672085609
5672085610
6616082720
6616099104
6620277008
6620293392
6620277024
6620293408
7015131529
7015131530
7015147913
7015147914
6549826080
6549842440
6554020368
6554036740
6554020384
6548887956
6548887960
6548892052
6548892056
6553082260
5475051012
5475046920
5475051016
5479241220
5479245316
6603565136
6603581520
6603565152
6603581536
5541873236
5541873252
5541889620
5541889636
5546067540
5546067556
5546083924
5546083940
5541873240
5541873256
5463157160
5546334276
5546338372
5546334280
5546338376
5547116952
5547116968
5547133336
5547133352
6548707460
6548711556
6548707464
6548711560
6552901764
6552905860
6552901768
6552905864
6548711568
6548727940
6814177813
6814177817
6814177829
6814177833
6814177814
6814177818
6814177830
6814177834
6814181909
6814181913
5462710340
5462714436
6620990104
6620990120
6621006488
6621006504
5542857304
5542857320
5542873688
5542873704
5547051608
5547051624
5547067992
5547068008
5546350864
5546334496
6548776456
6599039136
6599043592
5457914216
5475748244
5475748260
5475764628
5475764644
5479942548
5479942564
5479958932
5479958948
5475748248
5475748264
5541865064
5546055268
5546055272
5546059364
5546059368
5541795156
5541795160
7015127685
7015127686
7015144069
7015144070
6603319428
6603315336
6620354824
6620358916
6620358920
6616783524
6616783528
6616787620
6616787624
6620977828
6620977832
6620981924
6598825556
6598825560
6598829652
6598829656
6603019860
6603019864
6616652388
6616652392
6616656484
6616656488
5807151257
5807151269
5807151273
6615832864
6615820560
6615836944
6615820576
6615836960
6620014864
6620031248
6620014880
6620031264
6620010768
6553872740
6553872744
6554135144
6553164296
6553168392
6554131044
6554135140
6554131048
6554135128
6548990472
5479504004
6599121160
6599125256
6603315460
6603319556
5479508100
5479504008
6603315464
6603319560
6616598872
6616598888
6616615256
6616615272
6620092576
6615885968
6615902352
6616024728
6616024744
6620202648
6620202664
6620219032
6620219048
6615885984
6604097940
6604081556
6604081572
6553086632
6548888232
6548892324
6604097956
6599903652
5672413285
5672413286
7116184133
7116184134
7116200517
7116200518
7116188229
7116188230
7116204613
7116204614
7116184137
7116184138
5479422496
5479438880
5475232272
5475248656
5475232288
5475248672
5479426576
5479442960
5479426592
5479442976
5676542021
5680732229
5680736325
5680736329
5676537926
5676542022
5680732230
5680736326
5680470086
5680474182
6615616168
6615632536
6615632552
5542910292
5542910296
5542914388
5542914392
5547104596
5547104600
5547108692
5547108696
5542090888
5542094984
5475748184
5475748200
5475764568
5475764584
5479942488
5479942504
5479958872
5479958888
7015127621
7015127622
7015144005
7015144006
6549035272
6549039368
6553229572
6553233668
5924543109
5924543110
5924559493
5924559494
5924547205
5924547206
6549674404
6549674408
6553868708
6553868712
6553872804
6553872808
6616078864
6616095248
6616078880
6616095264
6620273168
6620289552
6620273184
5546068644
6599887512
6603565200
6603565216
6599387280
6603581584
6603581600
6599887508
6599887524
6599903892
6599903908
5478959764
5478959780
5478976148
5478976164
5474765464
5474765480
5474781848
5474781864
5478959768
5478959784
5541807764
5541807780
5541824148
5541824164
5546002068
5546002084
5546018452
5546018468
5541807768
5541807784
10911623524
10911623528
6616664468
6616664484
6616680852
6616680868
6615820448
6615836832
6620014736
6620075552
6620091936
6615885328
6615901712
6615885344
6615901728
6620079632
6620096016
6620079648
6620096032
6599887192
6599887208
6603319440
6548892068
6548892072
6553082276
6553082280
6553086372
6553086376
6599903576
6603319456
6615898184
6615902280
6620092484
6620096580
6620092488
6620096584
5474911588
5542848932
5542848936
5547039140
5547039144
5547043236
5547043240
5676537993
5680732297
5676542089
5676275846
5676279942
5680470150
6554131112
6553233928
6554135208
5480401556
5480401572
5480417940
5480417956
6548888212
6548888216
6548892308
7116184197
7116184198
7116200581
7116200582
5475830168
5475830184
6615816324
6615820420
6615816328
6615820424
6620010628
6620014724
6620010632
6620014728
6615832708
6615836804
5541873300
5541873316
5541889684
5541889700
5546067604
5546067620
5546083988
5546084004
6620096784
6620080416
6620096800
6615882000
6615898384
6615882016
6615898400
6620076304
6620092688
6620076320
6616144016
6616160400
6616144032
6616160416
6620338320
6620354704
6620338336
6620354720
6616148112
6616164496
5479160336
5479176720
5479160352
5479176736
5474970128
5474986512
5474970144
5474986528
5479164432
5479180816
6553164292
6553168388
5479422216
5479426312
5479442692
5475244292
5479438596
5479438600
6599813796
6599813800
6620850836
6620850840
5475031568
5475047952
5475031584
5475047968
5479225872
5479242256
5479225888
5479242272
5475035664
5476080144
5474765396
5474765412
5474781780
5474781796
5478959700
5478959716
5478976084
5478976100
5474765400
5474765416
5478959448
5478959464
5478975832
5478975848
5807085653
5807085657
5807085669
5807085673
5672905290
6813788313
6813788325
6813788329
6620010564
6620010568
6620014660
6620014664
5547039076
5547039080
5547043172
5547043176
5478894244
5478910612
5478910628
5475944808
6615606948
6615606952
6619797156
6619797160
6619801252
6619801256
5541866152
5546056356
5546056360
5546060452
5740173862
5740173866
5740177946
5740177962
5723203733
5723203737
5723203749
5723203753
5723203734
5723203738
5542140432
5542156816
5542140448
5475735976
5542156832
5546334736
5546351120
5546334752
5546351136
5542144528
5462170196
5462170200
5462174292
5462174296
6617045672
6617049764
6617049768
6616164868
6620355076
6616160772
6616160776
6616164872
6616144388
6616148484
5479176452
5479180548
5479164168
5474982148
5474986244
5474982152
5474986248
6616795732
6616795748
6616812116
6616812132
6620990036
6616148048
6616164432
6616148064
6616164448
6620342352
6620358736
6620342368
6620358752
6552689316
6552689320
6552693412
6552693416
6599838360
6599838376
6604016280
6604016296
6604032664
6604032680
5475047560
5475051656
5479241860
5479245956
5479225476
5479229572
5479225480
5479229576
5475145364
5475145368
5475149460
5475149464
5479339668
6616795736
6616795752
6616812120
5475158680
5475158696
5479934548
5479934552
6620846436
6620846440
6620850532
6620850536
6620809620
6620809636
5475297568
5475313952
5479491856
5479508240
5479491872
5479508256
5479487760
5479504144
5479487776
5479504160
6603025044
5723265173
5723265177
5723265189
5723265193
5723265174
5723265178
5723265190
5723265194
5723269269
5723269273
5475145380
5475145384
5740194314
5740206602
5740210698
6615606884
5480008280
5480008296
5480024664
5480024680
6615606888
6619797092
6619797096
6619801188
6620781204
6620781208
6620785300
6620785304
5541861972
5541861976
5541866068
5541866072
5546056276
5546056280
5546060372
5546060376
5541861988
5541861992
6616812184
6616812200
6598838628
6598854996
6598855012
6603032916
6603032932
6603049300
6603049316
6598838616
6598838632
6598853972
10911115424
10911131784
5478881700
5478881704
6549821956
6549826052
6549821960
6549826056
6554016260
6554020356
6554016264
6554020360
6549826064
6549842436
6621006164
6621006180
6616795480
6616795496
6616811864
6620989780
6620989796
6620989784
6616082528
6616098912
6620276816
6620293200
6620276832
6620293216
6604016212
6604016228
6599838312
6604032616
6599821912
6604032596
6604032612
6617049688
5474982020
5474986116
5474982024
5479241224
5479245320
5474986120
5479176324
5479180420
5479176328
6616009364
6616009380
6616025748
6616025764
6620203668
6620203684
6619810200
6619810216
6619826584
6619826600
5672950341
6617045668
5941389961
5941389962
5941406345
5941406346
5479159300
5479163396
5479159304
5479163400
7015147849
7015147850
5475051792
5479229712
5479246096
5479229728
5479246112
5475035424
6619800996
5546334368
5546350752
5542144144
5542160528
5542144160
5542160544
5546338448
5546354832
5546338464
5546354848
6619809112
6619809128
6619825496
6619825512
6615615828
6615615844
6615632212
6615632228
5476207188
5476207204
5476223572
5476223588
5480401492
5480401508
5480417876
5480417892
5476207192
5476207208
6620203604
6620203620
6620219988
6620220004
5546268740
5546272836
5546268744
5546272840
6615882256
6615898640
6615882272
6615898656
6620076560
6620092944
6620076576
6620092960
6615886352
6615902736
5547116888
5547116904
5547133272
5547133288
6881286678
6881286682
6881286694
6881286698
6604003748
6604003752
6604007844
6604007848
6616009108
6616009124
6616025492
6616025508
6620203412
6620203428
6620219796
6620219812
6616009112
6616009128
5547051668
5547051684
5547068052
5547068068
6616586644
6616586648
6616590740
6616590744
6620780948
6620780952
6620785044
6620785048
6616586660
6616586664
5542078624
5542095008
5546272912
5546289296
5546272928
5546289312
5476014608
5476030992
5476014624
5476031008
5480208912
5480225296
5480208928
5480225312
5476018704
5476035088
6599120968
6599125064
6603315268
6603319364
6603315272
6603319368
5463218580
5463218584
5463222676
5463222680
6620859032
6620859048
6620875416
6620875432
5475932760
5475932772
5475932776
5475936868
5475936872
5475936856
6620030468
6620030472
6615832068
6615836164
6615832072
6615815684
6615819780
6615815688
5475293256
5475297352
5479487556
5479491652
5479487560
5479491656
5475309636
5475313732
5475309640
5474691684
5474691688
5672884549
5672884550
5672900933
5672900934
6621252244
6621252260
6621268628
6621268644
6620273160
6620277256
6616095236
6616099332
6616095240
6616099336
6620289540
6620293636
6620289544
6620293640
5462103716
5462107816
5462104740
5462104744
5462108836
5462108840
5457909416
5457913508
5457913512
5457909396
6616590676
6616590680
6620780884
6620780888
6620784980
6620784984
6616586596
6620784996
6620780904
5928790406
5928790410
5932984710
5932984714
6620096592
6620080224
6620096608
6615603860
6615603864
6615607956
6615607960
6619798164
6619798168
6619802260
6619802264
6615603876
6615603880
6797006997
6797007001
6797007013
6797007017
6797006998
6797007002
6797007014
6797007018
6797011093
6797011097
5672966793
5672966794
5672888970
6553672100
6553672104
6616664404
6616664420
6616680788
6616680804
6599039048
6599043144
6603233348
6603237444
6603233352
6599059528
6603237648
6603253828
6603237448
5480126808
5475936612
5475936616
5480126820
5480126824
5480130916
5480130920
5475932500
5475932504
5475936596
5479422020
5479426116
5479422024
5479426120
5475244100
5475248196
6616599188
6616599204
6616615572
6616615588
6620793492
6620793508
6552971400
6548777104
6548793476
6598829732
6598829736
6603019940
6603019944
6603024036
6603024040
6548777120
7082613289
5479999896
5475801492
5475801496
5475805588
5475150484
5475150488
5479999908
5541866084
5541866088
5475146404
5475146408
5475150500
5475150504
5475813720
5475813736
5475830104
5475830120
5474753172
5474753176
5474757268
5474757272
5474715288
5474715304
5478893208
5478893224
5478909592
5478909608
5474699924
5474699940
5474716308
6615820804
6615816712
6615820808
6620011012
6620015108
6620011016
6620015112
6615833092
6615837188
6615833096
5542406240
5542422624
10915047568
10915063940
10915047584
10915063944
5480139416
5480139432
5480155800
5480155816
5475945108
5475945124
5475961492
5475961508
5475945112
5475945128
5462448264
5462452360
5458258064
5458274436
5458258080
5458274440
5462730820
5462714464
5462730824
6615603796
6615603800
6615607892
6615607896
6619798100
6619798104
6619802196
6619802200
6615603812
6615603816
6621244008
5807155349
5807155353
5807155365
5807155369
6549543588
6549543592
6549547684
6549547688
6616599124
6616599140
6616615508
6616615524
6620793428
6620793444
6620809812
6620809828
6616599128
6616599144
6548711584
6548727944
6552905872
6603023956
6603023960
6598825572
6598825576
6598829668
6598829672
6603019876
6603019880
6603023972
6603023976
5479995732
5479995736
5479999828
5479999832
5475801428
5475801432
5475805524
5475146132
5475146136
5475150228
5475150232
5479340436
5479340440
5475740056
5479930260
5479930264
5479934356
5479934360
5475740068
5475740072
5475031108
5475035204
5475031112
5541808792
5541808808
5541825176
5541825192
5681256774
6599104772
6599108868
6599104776
6599108872
6603299076
6603303172
6603299080
6603303176
6599121156
5479077544
5479081636
5479081640
5474884244
5474884248
5474888340
5546350880
5542140176
5542156560
5542140192
5542156576
5546334480
5542144272
5542160656
5542144288
5542160672
6552689256
6552693348
6552693352
5475944856
5475944872
5475961240
5475961256
5480155540
5480155556
5480139160
5480139176
5480155544
5480155560
5677128005
5677128009
5681322309
5681322313
5677132101
5677132105
5681326405
5681326409
5677128006
5677128010
5462382724
5462386820
5462382728
5462386824
5458188420
5458192516
5458188424
5458192520
5542922644
5542922660
5542939028
5542939044
5475174808
5475174824
6548793412
6548777056
6548793416
5542873492
5542873508
5541860756
5541860760
5541864852
5541864856
6603020884
6603020888
6603024980
6603024984
6553737556
6553737560
6553741652
6553741656
6548772932
6548777028
6548772936
6548777032
6552967236
6552971332
6603299332
6603303428
6603299336
6603303432
6599121412
6599125508
6620091912
6620096008
6598855256
6598855272
5474884264
5474888356
5474888360
5475735972
6616144132
6616148228
6616144136
6616148232
6620338436
6620342532
6620338440
6620342536
6616160516
6616164612
6615615060
6615615076
6615631444
6615631460
6619809364
6619809380
6619825748
6619825764
5671920970
5672884613
5672884614
5672900997
5457974932
5457974936
5457979028
5457979032
5672900998
5672888709
6616009368
6616009384
6616025752
6616025768
6616664472
6616664488
6616680856
6620781140
6620781144
6620785236
5458962788
5458962792
5463152996
5463153000
5463157092
5463157096
5462382664
5458188356
5458192452
5458188360
5475932756
7116184201
7116184202
7116200585
7116200586
5478881636
5478881640
5462170260
5462174356
5457975972
5457975976
5457980068
5457980072
5462170276
5462170280
5462174372
5462174376
6615898248
6615902344
5542922580
5542922596
5542938964
5542938980
5547116884
5547116900
5547133268
5547133284
5542922584
5542922600
6619826520
6619826536
6599809428
6553184776
6599809432
6599813524
6599813528
6604003732
6604003736
6604007828
6604007832
6599809444
6549039200
6549055560
6553233488
6553249860
6553233504
6553249864
5475736212
5475736216
5475740308
5475740312
5479930516
5479930520
5479934612
5479934616
6616947204
6616951300
5941389897
5941389898
5941406281
5941406282
5672413337
5672413338
5672413353
5672413354
5479942484
5479942500
5479958868
5474969696
5474986080
5479163984
5479180368
5479164000
5479180384
5479958884
6619796836
6619796840
6619800932
6615881992
6615886088
6620076292
6620080388
6620076296
6620080392
10915047560
10910853264
10910869636
5542844820
5542844824
5542848916
5542848920
5547039124
5547039128
5547043220
5547043224
5542844836
5542844840
5677062534
5677062538
5807089749
5807089753
5681256838
5681256842
5458520144
5458536516
6617045604
6617045608
6617049700
6617049704
6621239908
6621239912
6621244004
5462714448
5474780824
5474780840
5478958744
5478958760
5478975128
5478975144
5474765460
5474765476
5474781844
5474781860
5478894232
5478894248
5478910616
5478910632
5478947220
5478947224
5478951316
5478951320
5480208900
6553168400
6553184772
6553168416
6548974096
6548990468
6548974112
6548969988
6548974084
6548969992
6548974088
6599104592
6599120976
6599104608
6599120992
5924542853
6553167952
6553184324
5547067988
5547068004
6599809380
6599809384
6599813476
6599813480
6604003684
6604003688
6604007780
6604007784
6599809364
6599809368
5462174312
5924542854
6548973648
6548969540
6548973636
6548969544
6548973640
6548990020
6548973664
5677066886
6599370848
6599387232
5681261190
6620354820
5924608389
5924608390
5924624773
5924624774
5924612485
5475736148
5475736152
5475740244
5475740248
5479930452
5479930456
5475740260
5475740264
5479930468
5479930472
6616001108
6549543316
6549543320
6549547412
6598826644
6598826648
6598830740
6598830744
6603020948
6603020952
6615881796
6615885892
6615881800
6615885896
6620076100
6620080196
6620076104
6620080200
6615898180
6615902276
5677128069
5677128073
5681322373
5681322377
5677132165
5677132169
5681326469
5681326473
5677128070
5677128074
7015131781
7015131782
5479934564
5479934568
6616000168
5676275785
5676279881
5680470089
5680474185
10910787744
10910804104
5474965768
5474969864
5479160068
5479164164
5479160072
5479176456
5479180552
5474965764
5474969860
5480126804
6620858968
6620858984
6620875352
6620875368
5479245960
5475805604
5475031172
5475035268
5475031176
5475035272
5475047556
5475051652
5479999912
5475805608
6621080068
6621075976
5542857364
5542857380
6603020964
5479241888
5475035280
5475051664
5475035296
5475051680
5479229584
5479245968
5479229600
5480139412
5480139428
5480155796
5480155812
5475293456
5475309840
5475293472
5475309856
5475297552
5475313936
5459024276
5459024280
5459028372
5459028376
5676341317
5676345413
5680535621
5680539717
5676341321
5676345417
5680535625
5680539721
5676341318
5676345414
6616164640
6599903896
6599903912
6599387296
6604081816
6604081832
6604098200
6598837908
6598837924
6598854292
6598838932
5479339684
5479339688
5479343780
5479343784
5475146388
5475146392
5476223576
5480126868
6615615124
6620781220
6620781224
6620785316
6620785320
6615615140
6615631508
6615631524
6619809428
6619809444
6548707848
6548711944
6552902148
6552906244
6604069268
6604069272
6604073364
6604073368
6548777488
6548793860
5479352664
5479352680
5479369048
5479369064
6549543252
5807085718
5807085722
5807085734
5807085738
6598826580
6598826584
6598830676
6603253832
6604003668
6604003672
6604007764
6604007768
6599043344
6599059524
6599043360
6599039044
6599043140
5475244104
5475248200
5479438404
5479442500
5479438408
5479442504
5475227716
5475231812
5475227720
5475231816
6548772996
6548777092
6548773000
6548777096
6552967300
6552971396
6552967304
5542402128
5542418512
5542402144
5542418528
5546596432
5546612816
5546596448
5546612832
5542406224
5542422608
6598825620
6598825624
6598829716
6598829720
6603019924
6603019928
6603024020
6603024024
6598825636
6598825640
5478885032
5462403208
5459024228
5459024232
5459028324
5459028328
5463218532
5463218536
6620027152
6620010784
6620027168
5542857316
5542873684
5542873700
5547051604
5547051620
5479107220
5479107236
5479159968
5479176352
5474969744
5474986128
5474969760
5474986144
5479164048
5479180432
5479164064
5479180448
5463222628
5463222632
5459024212
5459024216
5676275786
5676279882
5680470090
5680474186
5459028308
5459028312
5676275781
5676279877
5680470085
5680474181
6620203608
6620203624
6620219992
6620220008
5546285124
5546289220
5546285128
5546289224
5479229508
5479225416
5479229512
6881290774
6881290778
6881290790
6881290794
6553163844
6553167940
6553163848
6553672276
6553167944
6553676372
6553672280
6553676376
6553167968
6549482072
10914982032
10914998404
10914982048
10914998408
7116200521
7116200522
7116188233
7116188234
7116204617
7116204618
6620981928
6616783508
6616783512
6616787604
6616787608
6620977812
6620977816
6620981908
6620981912
5546350724
5546350728
5546354820
5546354824
5542140036
5542144132
5542140040
5542144136
5546334340
5546338436
5462452496
5462468868
5462452512
5462468872
5676603461
5676607557
5680797765
5680801861
5676603465
5676607561
5680797769
5680801865
5676603462
5676607558
5474965648
5474982032
5474965664
5474982048
5479159952
5479176336
6621080072
6621075972
5547051672
5547051688
5547068056
5547068072
5462108520
5462403144
5474887012
5474887016
5479077220
5474882900
5474882904
5474886996
5474887000
5479077224
5547104664
5547108756
5547108760
5542910372
5542910376
5542160520
5542156424
5547104680
5547108772
5547108776
5546055332
5546055336
5546059428
5546059432
5740440101
5740440105
5479245984
6553873060
6549674660
6549674664
6549678756
6549678760
6549674644
6549674648
6549678740
6549678744
6553868964
6553229576
6553233672
6549039376
6549055748
6549039392
6603237664
5478910292
5478910308
5474699604
5474699620
5474715988
5475748180
5475748196
5475764564
5475764580
6549543528
6549547620
6549547624
5680535626
5680539722
5676341322
5676345418
5480278544
5480294928
5480278560
5480294944
5672905034
5463218596
5463218600
5463222692
5463222696
6549478036
6549478040
6549482132
6549482136
6553672340
6553672344
6553676436
6553676440
5541825128
5546334344
5546338440
5463218520
5463222612
5463222616
5458192528
5458208900
5458192544
5458208904
5462386832
5462403204
5462386848
5547133528
5547133544
5680801925
5676603529
5676607625
5680797833
5680801929
5676603526
5676607622
5680797830
5680801926
5676603530
5480127140
5480127144
5480131236
5480131240
5479503940
5479508036
5479242248
5479246344
7065836073
7065836054
7065836058
7065836070
7065836074
7065840149
7065840153
7065840165
7065840169
7065840150
5474780504
5546338564
5546334472
5546338568
5542160648
5542849112
5542845028
5542845032
5542849124
5547043428
5542845012
6620977572
6620981672
6616783272
6616787364
6616787368
6620981668
6616783252
6616783256
6616787348
6616787352
5546285188
5546289284
5546285192
5546289288
5542074500
5542078596
5542074504
5542078600
5546268804
5672884553
6548727876
6548711520
6548727880
5924608581
5924608582
5924624965
5924624966
6548711504
6616144144
6621252248
6621252264
6621268632
6621268648
5458959016
5458963108
5463153300
5463153304
5463157396
5463157400
5463153316
5463153320
5463157412
5463157416
5542873428
5542873444
5480213000
5457979748
5457979752
6553081444
5479105880
5479105896
5479089508
5479105876
5479105892
5474895192
5474896212
5474896228
5474912596
5474912612
5474982408
5474986504
5479176708
5479180804
5479176712
5479180808
5476035080
5474966020
5474970116
5474966024
5475735908
5475735912
5476207272
5476223656
5475293712
5475310096
5475293728
5475310112
5479488016
5479504400
5479488032
5475297808
6548773124
6548777220
6548773128
6548777224
6620289568
6616082960
6616099344
6616082976
6616099360
6620277264
6620293648
6620277280
6620293664
6549940840
6549936740
6549936744
6549940836
6549936724
6549936728
6549940820
6549940824
6554131028
6554131032
6599370912
6599366800
6599371268
6599366816
6599371272
6603561104
6603565572
6603561120
6603565576
6599370896
6616025496
6616025512
6616664408
6616664424
6616680792
6616680808
6598830500
6598830504
6549477972
6549477976
6549482068
6549477988
6549477992
6549482084
6549482088
6553672292
6553672296
6553676388
6620293188
6616078404
6616082500
6616078408
6616082504
6620272708
6620276804
6620272712
6620276808
6620781156
