1121272022352
5541878336
5541882432
5541894720
5541898816
5546072640
5546076736
5546089024
5546093120
5542926912
5542931008
6616013440
6620317800
5740186129
5740202513
5740186145
5740202529
5740186130
5740202514
5740186146
5740202530
6616799552
6616815936
6598841664
6598845760
6598858048
6598862144
6603035968
5475822144
5475838528
6615618880
6615635264
5547055744
5547059840
5547072128
5547076224
6620207680
6620211776
5474903616
5474915904
5475207444
5475207448
5475207460
5474899520
5475207464
5479401764
5479401768
5479094848
6553688448
6553692544
5457926528
5457930624
5457947008
6553708928
6616013184
6616029568
6616017280
6616033664
6620207488
6620223872
6620211584
6620227968
6616910356
6616910372
6548949144
6548949160
6553143444
6553143448
5475272804
5475272808
5479467092
5479467096
5479467108
5479467112
5474704000
5474708096
5474720384
5474724480
6620863040
6620879424
6620867136
6620883520
5457992320
5457996416
5476227648
5476231744
5458012800
5462186624
5462190720
5462207104
6615795876
6615795880
6619990164
6619990168
6619990180
6599018664
6603212948
6603212964
6603212952
6603212968
6604085568
6604101952
6603036992
6603053376
5459040832
5459044928
5459061312
5463235136
5463239232
5463255616
5457992256
5476059684
5480016256
5480032640
5928737408
5928753792
5932948096
5928741504
5928757888
5932952192
6549691008
6549695104
6598841728
6598858112
6598845824
6598862208
6603036032
5542119524
5542119528
5546313812
5546313816
5546313828
5546313832
5474768448
5474784832
5474772544
5474788928
5478962752
5478979136
6620207744
6620224128
6620211840
5458975296
5458979392
5458995776
5463169600
5463173696
5463190080
5458233624
5458233640
6621256256
6621260352
6621272640
6621276736
5457996352
5458012736
5462186560
5462190656
5462207040
6552726144
7019342400
7023536704
5479204948
5479204964
5479204952
5479204968
6549498432
6549514816
6616123540
6616123544
6616123556
6616123560
6615618944
6615635328
6615623040
6615639424
5480405632
5480422016
5480409728
5480426112
6619813248
5928737344
5928753728
10914957480
5546071680
5546075776
5546088064
5546092160
5542381716
5542381720
5542381732
5542381736
5546576020
5546576024
6615619136
6615623232
6615635520
6615639616
6619813440
6619817536
5677144704
5681339008
5677161088
5681355392
5677148800
5681343104
5677165184
5541811840
5541815936
5541828224
5541832320
5546006144
5546010240
5546022528
5546026624
5542381652
5542381656
5542053972
5542053976
6621039140
6621039144
6615795220
6615795224
6615795236
6619990552
6619990564
6620207424
6620211520
6615795240
5676337236
5676337252
5680531540
5680531556
5676337240
5676337256
5542877568
5542881664
5457991296
5457995392
5546314260
5546314264
5546314276
5546314280
5458011776
5462185600
5462189696
6619817344
6619829632
5681355328
5677148736
5681343040
5677165120
5681359424
6616603200
6616619584
6616607296
6616623680
6620797504
6621256320
6621272704
6620801600
5474899328
5474903424
5474915712
5474919808
5479093632
5479097728
5479110016
5479114112
5475010836
5475010840
5480143168
5480159552
6549014616
6549014632
6553208916
6553208920
6616910360
6553754240
6553758336
6615861396
5945584256
5945600640
5949794944
6552709504
6615861400
6615622976
6615639360
6619813184
6619829568
6619817280
6619833664
6615795860
6615795864
6616672576
6616688960
6599084196
6599084200
6603278484
6603278488
6603278500
6603278504
6599084120
6599084136
6603278420
6603278436
6603278424
6603278440
5676599380
5680793684
5676599396
5680793700
5463255680
6604024448
6604040832
6619990184
6615619904
6615624000
6615636288
6615640384
6619814208
6619818304
6619830592
6619834688
5478917696
5475207252
5475207268
5475207256
5475207272
5479401556
5479401572
5479401560
5479401576
5474703936
6548904320
6548908416
6548751892
6548751896
6548751912
5475011096
5475011112
5479205396
5479205412
6599842432
6599846528
6616029760
6616017472
6616033856
6620993856
6621010240
6620997952
6621014336
6603040064
6603052352
6603056448
6599018644
6599018648
6599018660
5480163648
5479115072
5479139624
5474899264
5474915648
5474903360
5474919744
5479093568
5479109952
5474900288
6548515200
6548531584
6553692480
6553708864
6620055700
5541812608
5541816704
5541828992
5541833088
5546006912
5546011008
5546023296
5546027392
5542861184
5542865280
5541877312
5541893696
5677144448
5677160832
5681338752
5681355136
5677148544
5677164928
5681342848
5681359232
6616123476
6616123480
7120382592
7120398976
5479093824
5479097920
5479110208
5479114304
7124593280
6797019281
6797019297
6797035681
6797019282
6797019298
6797035682
10910763156
10910763160
5739989137
5739989153
5740005521
5740005537
5739989138
5739989154
5740005522
5740005538
6616058132
6616058136
5541878400
5541882496
5541894784
5541898880
5546072704
5546076800
5546089088
5546093184
5542926976
5542931072
7120398912
7124593216
7120394816
6620224064
5541812544
5541816640
5541828928
5541833024
5546006848
5546010944
5546023232
5546027328
5542861120
5542865216
5475273252
5475273256
5479467540
5479467544
5479467556
5479467560
5677078848
5677095232
5681273152
5681289536
5677082944
5677099328
5681277248
5681293632
6599084308
5541812864
5541829248
5541816960
5541833344
5546007168
5546023552
5546011264
5546027648
5462186368
5462190464
5462206848
5459040640
5459044736
5459061120
5463234944
5463239040
6617061952
6617078336
5479097664
5474945300
5474945304
5474945316
5474945320
5479139604
5479139608
5542943360
5542947456
6620994112
6621039124
6621039128
5740185873
5740185889
5740202273
5740185874
5740185890
5740202274
6548687128
6548687144
6615861336
6615861352
6620055636
6620055652
6620055640
6620055656
5676599444
6549559680
5475161728
5475178112
5547121216
5547137600
5542947392
5547125312
5475165824
5475182208
5479356032
5479372416
6552709696
6552726080
10915285140
10915285144
5479205416
5475010068
5475010072
5475010084
5475010088
5479204372
5479204376
5479204388
5479204392
5475011092
6552725888
6615861412
5541816896
5541833280
5546007104
5546023488
5546011200
5546027584
5542861376
5542877760
5542865472
6620317976
6620317992
6598842752
6599842368
6603278628
6549014680
6616684864
6604020096
6604024192
6604036480
6604040576
5542053988
5542053992
5546248276
5546248292
5546248280
5546248296
5945579904
5945596288
5949790592
5945584000
5945600384
5949794688
5542877504
5542881600
5457926464
5457930560
5457946944
5462120768
5462124864
5462141248
5458975040
5458979136
5475161664
5475165760
5475178048
5475182144
5479355968
5479360064
5479372352
5479376448
5475207700
5475207704
6621104660
6621104676
6621104664
6621104680
6598842688
6598846784
6598859072
6598863168
6603041088
6603057472
6599891264
6599895360
6553143464
5474706752
5474723136
5478896960
5478913344
5478901056
5478917440
5474945108
5474945124
5474945112
5474945128
5740054673
5740054689
5740071073
6881298961
6881298977
6881315361
6553754176
6553758272
6553774656
5945584192
5945600576
5949794880
5945600320
5949794624
7065848337
7065848353
7065864737
7065848338
7065848354
7065864738
5475272868
5475272872
5479467156
5479467160
5462120000
5462124096
5457925696
5457929792
5462140480
5458233620
5474702656
5474719040
5475949120
5475953216
5475965504
5475969600
5480143424
5480147520
5474900544
5474904640
5474916928
5474921024
5933017408
6620993920
6620998016
6615861524
6615861528
6615861540
6615861544
6620055828
6620055832
6620055844
5475010712
5475010728
5479205012
5479205028
5479205016
5479205032
5474769280
5474785664
5479401752
5458495572
5458495576
5458495592
5462689876
5462689880
6603057792
5723211921
5723228305
5723211937
5723228321
5723211922
5723228306
5723211938
5723228322
6615795988
6615796004
6599846464
5547121024
5547125120
5547137408
5547141504
5475162752
5475166848
5475179136
5475183232
5479357056
5479361152
5479373440
5479377536
5476211328
5476215424
5457991232
5457995328
5458011712
5462185536
5462189632
5462206016
5458233876
5480028736
5480032832
5547141696
5542119972
5542119976
5542943296
5475207336
5479401620
5479401624
5479401636
5463235200
5463239296
5474904384
5474916672
5474920768
5479094592
5479098688
5479110976
6620998208
5474920000
5462120832
5462124928
5462141312
5458975104
5479111232
5479115328
5479401748
6616057944
6616057960
6620252244
6620252260
6620252248
6620252264
5677144640
5681338944
5677161024
5676115584
5680309888
6549494144
6549498240
7019338368
6604102272
6604106368
7023532672
7082625554
7082625570
5547055488
5547071872
6548510272
6548514368
6548530752
6620817984
6552704576
6552708672
6552725056
6548949140
10915285160
5474702720
5474719104
5474706816
5474723200
5478897024
5478913408
5478901120
5478917504
5475010644
5541877376
5541881472
5541893760
5541897856
6599084324
6599084328
6603278612
6603278616
6616803648
6616820032
5475162496
5475166592
5475178880
5475182976
5479356800
5479360896
5479373184
5676094784
5676111168
5680305472
5676098880
5676115264
5680309568
6548686932
6548511360
6548515456
6548531840
6552705664
6552709760
6603040128
6603052416
6603056512
6599084180
6599084184
5475010648
5676115520
5680309824
6549494080
6549498176
6549514560
6553688384
6604085888
6604089984
5676094848
5676111232
5680305536
5676098944
5475272856
6616844824
6616844840
5479467172
5479467176
6549690688
6549694784
6549711168
6553884992
6553889088
6553905472
5480147264
5476059688
5480253972
5480253976
5480253988
5480253992
5475011108
5479205400
6616123672
6616123688
6620317972
6620317988
6552725120
6549014676
6553885312
6553889408
6553905792
6548511296
6548515392
6548531776
6552705600
5945579840
5945596224
5949790528
5945583936
5541811520
5541827904
5541815616
5541832000
5546005824
5546022208
5546009920
5546026304
5479963264
5479967360
10911636096
6603037056
6603053440
6603041152
5474768512
5474772608
5474784896
5474788992
5478962816
5478966912
5478979200
5478983296
5475272852
6620055848
5945580096
5945596480
5949790784
5475207332
5475207320
5479401640
6598846848
6598859136
6598863232
6553143380
6553143384
6553143400
6604020032
6604024128
6604036416
6604040512
5478898304
5478902400
5478914688
5478918784
5475752576
5475756672
5475768960
5475773056
5479946880
5479950976
5933001024
5928823104
5546092864
5478966848
5478983232
5475207316
6548510336
6548514432
6548530816
6552704640
6552708736
5462140544
5462121088
5462125184
5462141568
5463169664
5457926784
5457930880
5457947264
5462689896
5462124160
5457925760
5457929856
5457946240
5462120064
5475182912
5479356736
5479373120
5479360832
5479377216
5475994132
5475994148
5474944532
5474944548
5474944536
6620228160
7124589120
6620797568
6620801664
6620813952
6620818048
6880905362
6880905378
6880921762
6814190113
6814206497
6615619200
6615623296
6603278884
6603278888
6598841920
6598858304
6598846016
6598862400
6603036224
6603052608
6603040320
5474708032
5474720320
5474724416
5478898240
5478902336
5478914624
5478918720
6549695040
6549711424
6553885248
6553889344
6553905728
5480163904
10911640192
10911656576
5542881856
6604085632
6604102016
6604089728
6604106112
6616012352
6616016448
6616028736
6616032832
6620206656
6620210752
6620223040
6620227136
6616058388
6599907648
5462427924
5462427928
6599911744
6604089664
6604106048
5462427944
5547059584
5547075968
6619829824
6619833920
6616058004
6616058020
5474703744
5474720128
5474707840
5474724224
5478898048
5478914432
5478902144
5478918528
5475752320
5475768704
5541811584
5541827968
5541815680
5541832064
5546005888
5546022272
5546009984
5546026368
5542119508
6599891328
6599895424
6599907712
5474944552
5479138836
5479138852
5479138840
5479138856
5474945556
5474945572
5474945560
6603056704
6599084564
6599084580
6620317848
6620317864
5479111296
5479115392
5474921088
5479094912
5479099008
5475949184
5475953280
5475965568
5475969664
5480143488
6603057536
6552881684
6552881688
6552881704
6548686360
6548686376
6552880660
6552880664
6552880680
6619833728
6615861416
10915830144
10915834240
5478902080
5478918464
5475752256
5475768640
5475756352
5475772736
5479946560
5479962944
5479950656
5479967040
6603540580
7019338304
7023532608
5928802944
5932997248
5928819328
5933013632
5928807040
5933001344
5928823424
5547121280
5547137664
5547125376
5547141760
6599084568
6599891520
6599907904
6599895616
6599912000
6604085824
6604102208
6604089920
5475272792
6598841984
6598858368
6598846080
6598862464
6603036288
6603052672
6603040384
6603056768
6599346324
5479377280
5681359488
5474769472
5474785856
5474773568
5474789952
5478963776
5478980160
5478967872
5478984256
5475818048
5475834432
5542054040
5542943040
5542930752
5541877056
5541893440
5541881152
5541897536
5463234880
5463238976
5463255360
5462190400
5462206784
5457992000
6553995800
6553995816
5480159808
5542054056
5546248340
5546248356
5546248344
5546248360
5541878080
5474768192
5474784576
5474772288
5474788672
6616668800
6616685184
6616672896
6616689280
6619813504
6619829888
6619817600
6619833984
6620317844
6620317860
5457991040
5457995136
5458011520
5462185344
5462189440
5462205824
5458233492
5458233496
5542930816
6599346328
6599346340
5478963840
5478980224
5478967936
5478984320
6599346344
5480012416
5480028800
10915850624
10910828692
10910828696
10910828712
10915022996
10915023000
10915023016
6880905361
5479139412
5479139416
5479139428
5479139432
5474703680
5474707776
5474720064
5474724160
5478897984
5547055424
5480421952
5480409664
5480426048
6615861784
6620056100
5676533908
5676533924
5680728212
5680728228
5676533912
5676533928
5680728216
5680728232
6616602944
6616607040
6604020352
6604036736
5677083008
5677099392
6615796248
6615796264
6619990548
6619990568
6616013120
6616029504
6616017216
6616033600
6620223808
6620227904
6615860756
6615860760
6615860772
6615860776
6620055060
6620055064
6620055076
6620055080
6615861780
5541881408
6548949268
6548949272
10911636032
10911640128
10911656512
6616058008
6616058024
6620252308
6620252312
6620252324
6620252328
5546576036
5546576040
5474768256
5474772352
5474784640
5474788736
5478962560
5478966656
5478978944
5478983040
6553774464
6615635584
6615639680
6813796497
6616668736
6616685120
6616672832
6616689216
6615624256
6615640640
6619814464
5677078912
5681273216
5677095296
5681289600
5681277312
5681293696
6599346260
6599346276
5546314020
5546314024
5475010660
5475010664
5475756416
5475772800
5479946624
5479950720
5542119512
6864521762
6864538146
5479963008
5479094656
5479111040
5479098752
5479115136
5475010856
5479205140
5479205156
5479205144
5479205160
5475948928
5676599464
5680793752
5680793768
5676115328
5680309632
6548752468
6548752472
6548752488
6620863104
6620867200
6620879488
6620883584
5542119572
5542119576
6620797248
6620801344
6620813632
6620817728
7019338048
7023532352
7019325760
7019342144
10915023384
10915023400
7019326016
10915830336
10915834432
6603540628
6603540632
5928823168
5933001088
5933017472
6616816256
6616820352
6620994176
6620998272
6621010560
5676533848
5680728152
5676533864
5680728168
6599825728
6599842112
6599829824
6599846208
6599018584
6599018600
5676271716
5680466004
5680466020
5676271704
5676271720
5680466008
5680466024
6599018580
6616058152
6621014592
5807098001
5807114385
5807098017
5807114401
5807098002
5807114386
5807098018
5807114402
5676271764
5680466068
5676271780
5680466084
5676271768
5680466072
5676271784
5680466088
6615795796
6615795812
5459040896
5459044992
5459061376
5928757568
5932951872
6548752660
6548752664
6548752680
6552946964
6616603264
6616619648
6616607360
6616623744
6620317796
6620317784
5457926720
5457930816
5457947200
5462121024
5462125120
5462141504
5457946176
5723277458
5723277474
5723293858
6548903488
6548907584
6548923968
6553097792
6553101888
5541812800
5541829184
6553118272
5541811776
5541828160
5541815872
5541832256
5546006080
5546022464
5547055680
5547059776
5680531544
5680531560
6599084116
6599084132
6621010496
5676599384
5475772992
5474702912
5474719296
5474707008
5474723392
5478897216
5478913600
5478901312
5475752512
5475768896
5479376512
5475273236
5475273240
5476227712
5476231808
6616844836
5676099968
5676116352
5680310656
6549014612
7124589184
7120382528
6616603008
6616619392
6616607104
6616623488
5676337300
5680531604
5676337316
5680531620
5676337304
5680531608
6548686356
6599895680
6599907968
6599912064
5474769536
5474785920
5474773632
5474790016
5475818112
5475834496
5475822208
5475838592
5680310592
6548949076
6548949080
5928802624
5932996928
5928819008
5933013312
5928806720
6621010304
6621014400
5475207720
5479402004
5479402020
5479402008
5479402024
5475162688
5475179072
5475166784
5480405568
5475272996
5475273000
5479467284
5479467288
5479467300
5479467304
5474899584
5474903680
5474915968
5474920064
5474702976
5474719360
5474707072
5474723456
5478897280
5478913664
5478901376
5478917760
5475272788
6603540584
5542054052
5474904704
5474916992
6603540648
6599891584
5932948032
5928741440
5928757824
5932952128
6549690752
6549694848
6549711232
6548924992
6553098816
6553102912
6553119296
6549953088
6549957184
6549973568
6554167872
6548949528
6548949544
6553143828
6553143832
6553143848
6548904512
6548908608
6599018596
6616803712
6616820096
5542119700
5542119716
5542119704
5542119720
5546314004
5546314008
5475953024
5475965312
5475969408
5480143232
5480147328
5480159616
5480163712
5474904448
5474916736
5474920832
6549494400
6549498496
6549514880
6598847104
6598863488
6603037312
6603053696
6603041408
6553930264
6553930280
6548904256
6548908352
6548924736
6549735956
6549735960
6620879232
6620866944
6620883328
6616668544
6616684928
6616672640
6616689024
5541878144
5541894528
5541882240
5541898624
5546072448
5546088832
5546076544
5546092928
5542926720
5542943104
5541877120
5541893504
5541881216
5541897600
5546071424
5546087808
6553692736
6553709120
5476059672
5480147584
5480163968
5479093888
5479110272
5479097984
5479114368
5546071360
5546087744
5546075456
5546091840
5542054036
5546575976
5933017728
6621014656
5542381668
5542381672
5928802688
5932996992
6621260416
6621276800
6616012416
6616016512
6616028800
6616032896
6620206720
6620210816
6620223104
6620227200
6616058404
6616058392
6616058408
6620252692
6620252708
6620252696
6620252712
6616013376
6617066048
6617082432
6552946196
6552946200
6552946216
6548752916
6548752920
6548752936
6615620224
6615636608
6615624320
6615640704
6619814528
6619830912
5475272980
5475272984
5474900608
5542947200
5547072064
5547076160
5475756608
5479946816
5479950912
7019321728
7019338112
7023532416
7019325824
7019342464
7023536768
10911090856
7019326080
5676096064
5676112448
5680306752
5676100160
5676116544
5680310848
6549494336
6553688640
5478914368
5547120960
5547137344
6548949524
5547125056
5547141440
6615861796
6616910376
5928737152
5928753536
5932947840
5928741248
5928757632
5932951936
6549014804
6549014808
6616057940
5542861440
5542865536
5542877824
5542881920
5547059520
5547071808
5547075904
6553208936
5676116608
5680310912
6553688704
6553692800
6553709184
5676096128
5676112512
6548686952
6552881236
6552881240
6552881256
5676095040
5676111424
5680305728
5676099136
5928802880
5928819264
5932997184
5933001280
5677079104
5681273408
5677095488
5681289792
5677083200
5681277504
5478962496
5478966592
5478978880
5478982976
5474945172
6616123924
6616123928
6616123940
6616123944
6620318228
6620318232
6620318244
6620318248
6620813888
5677144384
5681338688
5677160768
5681355072
5677148480
5681342784
5677164864
5681359168
5928819072
5933013376
5928806784
6616123668
6616123684
6616799872
6620056084
6620056088
6615861800
6620056104
6880905377
6880921761
10911635840
6599346264
6599346280
6603540564
6603540568
6616619328
6616623424
5677079168
5681273472
5677095552
5681289856
10911639872
10911656256
5474773376
5474789760
6616123492
6616123496
6620317780
5945580160
5945596544
5949790848
7120378496
7120394880
6616799808
6616803904
6616816192
6616820288
6548949288
6553143572
5474769216
5474773312
5474785600
5474789696
5478963520
5480028480
6616017536
6616029824
6616033920
6617062016
6617066112
6617078400
6617082496
5457990976
5457995072
5479360128
5723228258
6548687124
5677083264
5677099648
5681277568
5681293952
6599826048
6599830144
6552947220
6552947224
5474945192
5479139476
5479139480
5479139492
5479139496
5475817792
5475821888
5475834176
5475838272
5480012096
6615795800
6615795816
6619990100
6619990116
6619990104
6619990120
5677099584
5681293888
6599825984
6599830080
6548903552
6548907648
6548924032
6553097856
6553101952
6553118336
6549015060
6549015064
6616844820
5807097937
5807097953
5807114337
5807097938
5807097954
5807114338
6549690944
5541882176
5541894464
5541898560
5546072384
5459044672
5459061056
6548904576
6548908672
6548925056
6553098880
6553102976
6553119360
6549953152
6549957248
6603278632
5546075520
5546091904
6548511040
6548515136
6548531520
6552705344
6552709440
6552725824
6549559616
6549563712
5680793764
5676599448
5479967104
5542926656
5542947136
6549801496
6553995796
6549801512
6619818624
6619835008
10911639936
10911656320
5462362260
5462362264
5462362280
5458011456
5462185280
5462189376
5462205760
5458167896
5458167912
5462362200
5462362216
5457929536
5457945920
5462119744
5462123840
6548530560
5474945188
5474945176
6619830848
6619818560
6619834944
6616668480
5475948864
5475952960
5475965248
5475969344
6552946772
6552946776
6549514624
6552946792
5676095104
5676111488
5680305792
5676099200
5463255424
5458233512
5462427796
5462427800
6604020288
6604036672
6604024384
6604040768
5479963200
5479967296
6599911808
5475010708
6554147456
6554151552
6554167936
5475994136
5475994152
5480188436
5480188452
5480188440
5480188456
6548687380
6548687384
6548687400
5546076480
5546088768
5676337320
5680531624
6620797312
6620801408
6620813696
6620817792
6619989524
6619989540
6619989528
6619989544
6615796244
6615796260
6548752552
6548510080
6548514176
6864521746
6864521745
6864521761
6864538145
5740054674
5740054690
5680728164
5676271700
6552708416
6552724800
6548686996
6548687000
6548687016
6552881300
6552881304
6552881320
7019342208
7023536512
10911090836
10911090840
5480159872
6797429281
5723277457
5723277473
5676095808
6548949096
5676112192
5680306496
5676099904
5676116288
5475183168
5479356992
5479373376
5479361088
5479377472
5476211264
5476215360
6554147392
6554151488
6603212884
6603212900
6603212888
6603212904
5676533844
5680728148
5676533860
7023536448
10910829076
10910829080
10910829096
10915023380
5542119588
5542119592
5546313876
5546313892
5546313880
5546313896
5474900352
5723293857
6616057956
5478963584
5478967680
5478979968
5478984064
5475817856
5475821952
5475834240
5475838336
5475010724
5475162432
5475166528
6548511104
6615795992
6615796008
6619990292
6619990296
6619990308
6619990312
5807163537
5807163553
5807179937
5807163538
5807163554
5807179938
5458167956
5458167960
5458167976
5457996096
5458012480
5462186304
5459040576
6549580096
6553753920
6553758016
6553774400
10915830400
10915834496
10915850880
7019321984
6797412881
5478967616
5478979904
5478984000
5480016192
5480032576
5740448273
5740448289
5740464673
5740448274
5740448290
5740464674
6814190097
6548510016
6548514112
6548530496
6552704320
6620862784
6620866880
6620879168
6620883264
10915850816
7019321920
5457925504
5475178816
5474945576
5479139860
5479139864
5479139876
5479139880
6552705408
6553753984
6553758080
6549563776
6549580160
6548752532
6548752536
6616803968
6797412882
6797412898
6797429282
6814190098
6814190114
6814206498
6797412897
5462140224
6549014824
6553209108
6553209112
6553209128
5480012160
5480028544
5462119808
5462123904
5462140288
5458233428
5458233432
5458979200
5458995584
5933013568
5928806976
6616799616
6552946836
6552946840
6552946856
6619814272
6619818368
6619830656
6619834752
6620862848
6552946968
6552946984
6620055704
6620055716
6620055720
6615619968
6615624064
6615636352
6615640448
6620228224
6864128146
6864128162
6864144546
10915830080
10915834176
10915850560
5463169408
5463173504
5463189888
6549559872
6549563968
6549580352
5476059668
5462428184
5462428200
5458233880
6549711488
6599084584
6603278868
6603278872
6598842944
6598847040
6598859328
6598863424
6603037248
6603041344
6603053632
6813796513
6813812897
6813796498
6813796514
6813812898
5676599400
5680793688
5680793704
6599825792
6599829888
6599842176
6599846272
5462206080
5458495636
5458495640
5458495656
5462689940
5462689944
5462689960
5475010852
5680306816
5676100224
5676095872
5676112256
5680306560
5546010176
5546026560
5480016512
5480032896
6598843008
6598859392
6603540644
6552947240
6548924800
6553098624
6553102720
6553119104
6549801492
5541897792
5546071616
5546088000
5546075712
5546092096
5542119956
5542119960
10910763176
10914957460
10914957464
6864128145
6864128161
6864144545
10911635776
6616058148
6620252436
6620252440
6620252452
6620252456
6599084312
5462427816
5457992064
5457996160
5458012544
5723211857
5723211873
5723228257
5723211858
5723211874
6615861332
6615861348
5680793748
5676599460
6549973632
6549015080
6553209364
6553209368
6553209384
5458167892
5479114048
5479139620
5458995520
5463169344
5463173440
5463189824
5462362196
5475207716
6881298978
6881315362
6881298962
6553885056
6553889152
6553905536
5928737088
5928753472
5932947776
5928741184
5928823360
5933017664
6616816000
5458975360
5458979456
5463173760
5463190144
5458995840
5458233448
5739989073
5739989089
5546575956
5546575972
5546575960
5458233896
5462428180
5480012352
5480016448
5462427732
5462427736
5462427752
5479098944
5457929600
5457945984
6615620160
6615636544
6548686936
7120378432
5740071074
6552881428
6552881432
6552881448
6549014696
6553774720
6549559936
6549564032
6549580416
6553208980
6553208984
6553209000
7082625553
7082625569
7082641953
7082641954
6604106304
6553143576
6553143592
5740005473
5739989074
5739989090
5740005474
7019321664
6603057728
6553098560
6553102656
6553119040
6549735976
6553930260
6552704384
6552708480
6552724864
