1396149929296
1417893283488
2517404911264
1692771190432
2792282818208
1396150209120
2495661836896
1671028116064
2770539743840
2512841706080
2787719613024
1400445176416
2499956804192
1396418626960
2495930254736
1671296533904
2770808161680
1400713594256
2500225222032
1675591501200
2775103128976
1417893463440
2517405091216
1675339925856
2774851553632
1417641888096
2517153515872
1692519795040
2792031422816
1675322870368
2774834498144
1417624832608
2517136460384
2792014367328
1396418431584
2495930059360
1671296338528
2770807966304
1417910061664
2517421689440
1692787968608
2792299596384
1675339647376
2774851275152
1417641609616
2517153237392
2792031144336
1400461953680
2499973581456
1675339860624
2774851488400
1417641822864
1692519729808
1413330078352
2512841706128
1688207985296
2787719613072
1675339925920
2774851553696
1396418430288
2495930058064
1671296337232
2770807965008
2513109927248
2787987834192
1396149994832
1400713397584
1413615077712
2513126705488
1688492984656
2788004612432
1396150209184
2495661836960
1671028116128
2770539743904
2512841706144
2787719613088
1400445176480
2499956804256
1417641887056
2517153514832
1692519794000
2792031421776
1396167050576
2495678678352
1692771388000
2792283015776
1675591568016
2775103195792
1417893530256
2517405158032
1692771437200
2792283064976
1396418693776
2495930321552
1671296600720
2770808228496
2787736192672
1400461756064
2499973383840
1675339663008
2774851290784
1417641625248
2517153253024
1692519532192
2792031159968
1692788213392
2792299841168
1396167034512
2495678662288
1671044941456
2770556569232
1413346903696
2512858531472
1688224810640
2787736438416
1675591321952
2775102949728
1671313328720
2770824956496
1413615290960
2513126918736
1688493197904
2788004825680
1396166986320
2495678614096
1671044893264
2770556521040
2495661819296
1671028098464
2770539726240
1413330060704
2512841688480
1688207967648
1396435224160
2495946851936
1671313131104
2770824758880
1413615093344
2513126721120
1688493000288
2788004628064
1400730191456
2500241819232
1396435405472
2495947033248
1671313312416
2770824940192
1413615274656
2513126902432
1688493181600
2788004809376
1400730372768
2500242000544
1396435158672
2495946786448
1671313065616
2770824693392
1413615027856
2513126655632
1688492934800
2788004562576
1396166723216
2495678350992
2517405092448
1396149994848
2495661622624
1671027901792
2517136459104
1692502738272
2792014366048
1396418430304
2495930058080
1671296337248
2770807965024
2787719678288
2770825021776
2513126984016
1413615356240
2787736455504
1396435487056
1671313394000
1396167051600
2495678679376
1692519729744
2792031357520
1417909978720
2517421606496
1692787885664
2792299513440
1400730371728
2500241999504
1675608278672
2775119906448
1417910240912
2517421868688
1692788147856
2792299775632
1396150274400
2495661902176
1671028181344
2770539809120
1396167034528
2495678662304
1671044941472
2770556569248
1413346903712
2512858531488
1688224810656
2770808244560
1417910322848
2517421950624
1692788229792
2792299857568
1396166986336
2495678614112
1671044893280
2770556521056
2512858483296
2787736390240
1400461953632
2499973581408
1400713660816
2500225288592
1675591567760
2775103195536
1417893530000
2517405157776
1692771436944
2792283064720
1400461755808
2499973383584
1675339662752
2774851290528
1417641624992
2517153252768
1692519531936
2792031159712
2495930075808
1671296354976
2770807982752
1413615012240
2513126640016
1688492919184
2788004546960
1671313050000
1675339581840
2774851209616
1417641544080
2517153171856
1400445158736
2499956786512
1396166985040
2495678612816
1671044891984
2770556519760
2512858482000
2495947048272
1671313327440
2770824955216
1396166723232
2495678351008
1671044630176
2770556257952
1413346592416
2512858220192
1688224499360
1688476486032
2787988113808
1396435487120
2495947114896
1671313394064
2770825021840
2513126984080
1400713677200
2500225304976
2792031406672
1675339909712
2495946851680
1671313130848
2770824758624
2513126720864
2788004627808
1413615093088
1400730191200
2500241818976
1675608098144
2775119725920
1400713676192
2500225303968
1675591583136
1396435405216
2495947032992
1671313312160
2770824939936
1413615274400
2513126902176
1688493181344
2788004809120
1400730372512
1400713397920
2500225025696
1675591304864
2775102932640
1692771108448
2792282736224
1396418709152
2495930336928
1671296616096
2770808243872
2513110206112
2787988113056
1400713676448
2500225304224
1688493180496
2788004808272
1413346575696
1396435141968
2495946769744
1671313048912
2770824676688
2513126638928
2788004545872
1400730109264
1675608361312
2775119989088
1400713332064
2500224959840
1675591239008
2775102866784
1417893201248
2517404829024
1671027836256
2770539464032
1413329798496
2512841426272
1400730176096
2500241803872
1675608083040
2775119710816
1400444963472
2499956591248
1675322870416
2774834498192
1396150207824
2495661835600
1671028114768
2770539742544
2512841704784
2787719611728
1400461690192
2499973317968
1396166985056
2495678612832
1671044892000
2770556519776
1413346854240
2512858482016
1688224761184
2787736388960
1400461952352
1688476484960
1396435404176
2495947031952
1671028180560
2792014644816
2517136737872
1692503017040
1400713676368
2500225304144
1675591583312
2775103211088
1417893545552
2517405173328
1396166707616
2495678335392
1671044614560
2770556242336
1413346576800
2512858204576
1688224483744
2787736111520
1396167050640
2495678678416
1671044957584
2770556585360
2512858547600
2787736454544
1400462017936
2499973645712
2513109879440
1688476158608
2787987786384
2500224977552
1688493196640
2788004824416
2499973580128
1675339859296
2774851487072
1417641821536
2517153449312
1692519728480
1396435420512
2495947048288
1396149945760
2495661573536
2513126901136
2775119727264
1396166706576
2495678334352
1671044613520
2770556241296
2512858203536
1400461673872
2499973301648
1675339580816
2774851208592
1675322803616
2774834431392
1417624765856
2517136393632
1692502672800
2792014300576
1671027836320
2770539464096
2495947048528
1671313327696
1675339662928
1688207787600
2787719415376
2792031406416
1396167035216
2495678662992
1671044942160
2770556569936
1413346904400
2512858532176
1396149945952
2495661573728
1671027852896
2770539480672
1413329815136
2512841442912
1688207722080
2787719349856
1400444913248
2787736177312
1400461740704
2499973368480
1675339647648
2774851275424
2517153237664
2792031144608
1692771190416
2792282818192
1692771124880
2499973383824
1417893217936
1671296616080
2770808243856
1413598578320
2513110206096
1688476485264
1396149946016
2495661573792
1671027852960
2770539480736
1413329815200
2512841442976
1688207722144
2787719349920
1400444913312
2499956541088
2513109861728
1688476140896
2787987768672
1692771108192
2792282735968
2517136722256
1692503001424
2792014629200
1396418693456
2495930321232
1396150258000
2495661885776
1671028164944
2770539792720
1413330127184
1400445159056
2499956786832
1413598578080
2787719400096
1400444963488
2499956591264
1396435208800
2495946836576
1671313115744
2770824743520
2513126705760
1675323147872
2774834775648
1417625110112
2517136737888
2792014644832
1396418709088
2495930336864
1671296616032
2770808243808
1688224826976
2787736454752
1400462018144
2499973645920
1675339925088
2774851552864
2517153515104
2792031422048
1396166772368
2495678400144
1671044679312
2770556307088
1413346641552
2512858269328
1688224548496
2787736176272
1417624831376
2517136459152
1692502738320
2792014366096
1396418430352
2495930058128
1671296337296
2770807965072
2513109927312
2517404846416
1692771125584
2792282753360
1396149946704
2495661574480
1671027853648
2770539481424
1413329815888
2512841443664
1688207722832
1675608344224
1396166706832
2775119972000
2517404846480
1692771125648
2792282753424
1396418382224
2495930010000
1396435487312
2495947115088
1671313394256
2770825022032
1413615356496
2513126984272
1688493263440
2788004891216
1400713677392
2500225305168
1396435207760
2495946835536
1671313114704
2770824742480
1413615076944
2792299578960
1400730175056
1688492983888
1675608082000
2792299530896
2517153450640
1400730389136
2500242016912
1675608296080
2775119923856
2792031357584
1688493197968
1396166986384
2495678614160
1671044893328
1417641560656
2517153188432
1692519467600
2792031095376
1413346593360
2512858221136
1688224500304
2787736128080
1396150274656
2495661902432
1671028181600
2770539809376
2512841771616
2787719678560
1400445241952
2499956869728
1413598300832
2513109928608
1688476207776
2787987835552
2770539792736
1413330127200
2512841754976
1688208034144
2787719661920
1400445225312
2499956853088
1675323132256
2774834760032
2770808228192
1675339647392
2774851275168
1417641609632
2517153237408
1692519516576
2792031144352
1417893528992
2517405156768
1692771435936
1396435225168
2495946852944
1671313132112
2770824759888
1413615094352
2513126722128
1688493001296
2788004629072
1396166789712
2495678417488
1675322869152
2774834496928
1417624831392
2517136459168
1692502738336
2792014366112
2499956869776
1675323148944
2774834776720
1417625111184
2517136738960
1692503018128
2792014645904
1400713677456
2500225305232
1675591584400
1400730175840
2500241803616
1675608082784
2775119710560
1417910045024
1692787951968
2792299579744
2792282753376
2517404846432
1396418382176
2495930009952
1671296289120
2770807916896
1413598251360
1400713349472
2500224977248
1675591256416
1396150274384
2495661902160
1671028181328
2788004563280
1417910323536
2517421951312
1692788230480
2792299858256
2788004890960
1688208050512
1671044630880
2770556258656
2774851225952
1413346593120
2512858220896
1688224500064
2787736127840
2513109879136
1688476158304
2787987786080
2792299841888
1692787886752
1688224826720
2787736454496
1400462017888
2499973645664
1675339924832
2774851552608
1417641887072
1692519794016
2792031421792
2517153514848
2792031356576
1396150274720
2495661902496
1671028181664
2513110190752
2787988097696
1400713661088
2500225288864
1675591568032
2775103195808
1417893530272
2517405158048
1675339663760
2774851291536
1417641626000
2517153253776
1692519532944
2792031160720
1671296616848
1413598579088
2513110206864
1675339646352
2774851274128
1417641608592
2517153236368
2792031143312
1417625028192
2517136655968
1692502935136
2792014562912
1396149946784
2495661574560
1671027853728
2770539481504
1396166986400
2495678614176
1671044893344
2770556521120
2512858483360
2787736390304
1400461953696
1688492983712
2788004611488
2787719333456
1400444896848
2499956524624
1675322803792
1396166706768
2495678334544
1671044613712
2770556241488
1413346575952
2512858203728
1413346642576
2512858270352
1688224549520
1675322803808
2774834431584
1417624766048
2517136393824
2792014300768
1396418365024
2495929992800
1671296271968
2770807899744
2788004611408
1400730174800
2500241802576
2517421671760
1675608081744
2775119709520
2792299578704
1400730191520
2500241819296
2775119726240
2787987851856
2500224977488
1675591256656
1675322821200
2774834448976
1417624783440
2517136411216
1692502690384
1396150209104
1675339859344
2774851487120
1417641821584
1692519777680
1400461691216
2499973318992
1675339598160
2774851225936
1413346593104
1417641560400
2517153188176
1692519467344
2792031095120
1396149946976
2495661574752
1671027853920
1396418692752
2495930320528
1671296599696
2770808227472
2517405157008
1692771436176
2792283063952
1400713660048
2500225287824
1675591566992
1417641543072
2517153170848
1692519450016
2792031077792
1413598496160
2513110123936
1688476403104
2787988030880
1688476224144
1396149947024
2495661574800
1671027853968
2770539481744
1413329816208
2517421886096
2517404912272
1692771191440
2792282819216
1671028116112
2770539743888
1400445176464
2499956804240
1675323083408
2774834711184
1417625045648
2517136673424
1692502952592
1400713594448
1396166789728
2495678417504
1671044696672
2770556324448
1413346658912
2512858286688
1688224565856
2792031422880
1396149929616
2495661557392
2770539464336
1413329798800
2512841426576
2495678334608
1671044613776
2770556241552
1396435404448
2495947032224
1671313311392
2770824939168
1413615274336
2513126902112
2788004809056
1688493181280
1413615273632
2513126901408
2787988048464
1396418644560
1400713611856
2500225239632
1692771190176
1396435223888
2495946851664
1671313130832
2770824758608
1413615093072
2513126720848
1688493000016
2788004627792
1400730191184
2500241818960
2787719333536
1400444896928
2499956524704
1675322803872
2774834431648
2517136393888
2792014300832
1396418365088
1400730389088
2500242016864
1675608296032
2775119923808
1396418693536
2495930321312
1671296600480
1413598562720
2513110190496
1688476469664
2787988097440
1400713660832
2512841770640
1688208049808
2787719677584
2500225304208
2775103211152
1400445240976
2499956868752
1675323147920
1417910061408
2517421689184
1692787968352
2792299596128
2792014562656
1396150191456
2495661819232
1671028098400
1675323065696
2774834693472
1417625027936
2517136655712
1692502934880
1396166985120
2495678612896
1671044892064
2770556519840
1413346854304
2512858482080
1688224761248
2787736389024
1400461952416
2499973580192
1675339909728
2774851537504
1417641871968
2517153499744
1692519778912
2792031406688
1417641806496
2517153434272
1692519713440
2792031341216
1692771387744
2792283015520
1396418692496
2495930320272
1671296599440
2770808227216
1413598561680
2513110189456
1688476468624
2787988096400
2495661622608
1671027901776
2770539529552
2512841491792
2787719398736
1400444962128
2499956589904
2792014366032
1413330078096
2512841705872
1688207985040
2787719612816
1400445176208
2499956803984
2517153252704
1688493000032
1396166788448
2495678416224
1671044695392
2770556323168
1413346657632
2792031159648
2512858285408
1396435223904
2787736438352
1400462001744
2499973629520
1417893546656
2517405174432
1692771453600
2792283081376
2512841491808
1688207770976
2787719398752
1400444962144
2499956589920
1675322869088
2774834496864
1417624831328
2513126704480
1413598562704
2513110190480
1688476469648
2787988097424
1396150258064
2495661885840
1671028165008
2770539792784
1413330127248
2512841755024
1400730371488
2500241999264
1675323147936
2774834775712
1417625110176
2517136737952
1396418644304
2495930272080
1671296551248
2770808179024
2513110141264
2787988048208
2495930010272
1671296289440
2770807917216
1413598251680
2513109879456
1688476158624
2787987786400
1400713349792
2500224977568
1675591256736
1400730191264
2500241819040
1688493001376
2788004629152
1413598251408
2513109879184
1688476158352
2787987786128
1400713349520
2500224977296
1675591256464
2775102884240
1417893218704
1396435207568
2495946835344
1671313114512
2770824742288
2513126704528
2788004611472
1675322869136
2787736439136
1400462002528
1417641871712
2517153499488
1692519778656
2792031406432
1396149994912
2495661622688
1671027901856
2770539529632
1413329864096
2512841491872
1688207771040
2787719398816
1400444962208
2499956589984
1671296288400
1400713348752
2500224976528
1675591255696
2775102883472
1413598250640
1688476157584
1417910322592
2517421950368
1692788229536
2792299857312
1671028180304
2770539808080
1417910044320
2517421672096
1692787951264
2792299579040
1671028165024
2770539792800
1413330127264
2512841755040
1688208034208
2787719661984
1400445225376
2499956853152
1675323132320
2774834760096
2770807982496
1413346903376
2512858531152
1688224810320
2787736438096
1671044941136
2770556568912
1396167034192
2495678661968
2787736176288
1400461739680
2499973367456
1675339646624
2774851274400
1675322804560
2774834432336
2517153236640
1692787968656
2517153254032
1692519533200
2792031160976
1396166789776
2495678417552
1671044696720
2770556324496
1413346658960
2512858286736
1417893463712
2517405091488
1692771370656
2792282998432
1692502690208
2792014317984
1396418382240
2495930010016
1671296289184
2770807916960
1413598251424
2513109879200
1688476158368
2787987786144
1675591304608
2775102932384
1400713349536
2500224977312
1675591256480
2775102884256
1417893218720
2517404846496
1692771125664
2792282753440
1396435207776
2495946835552
1671313114720
2770824742496
2513126704736
2788004611680
1400730175072
2500241802848
1417910241888
2517421869664
1692788148832
2792299776608
1675339598432
2774851226208
1417641560672
2517153188448
1692519467616
2792031095392
2513126639264
1688492918432
2788004546208
2770807915920
2513109878160
2775102883216
2792299596432
1400730192528
2500241820304
1675608099472
2775119727248
1417910061712
2517421689488
2792031422800
1417641888080
2517153515856
1400730454352
1692519795024
1671044958544
2770556586320
2517153433232
1692519712400
2792031340176
1396166789792
2495678417568
1671044696736
2770556324512
1413346658976
1675339597392
2774851225168
1417641559632
2517153187408
1692519466576
2792031094352
1400461739424
2499973367200
1675339646368
2774851274144
1417641608608
2517153236384
1692519515552
2792031143328
1675608098192
2775119725968
1417910060432
2517421688208
1692787967376
2792299595152
1396166788496
2495678416272
1671044695440
2770556323216
2787719416144
1400444979536
2499956607312
1675322886480
1417624848720
1692502755664
1688224548432
2770556307024
2774851274320
2792031143504
2787736176208
2770807965264
1417910044000
2517421671776
1692787950944
1396149995104
2495661622880
1671027902048
2770539529824
2512841492064
2517153188192
1675339598176
1413598561952
2513110189728
1688476468896
2787988096672
1400713660064
1675591567008
1417893529248
1417909996128
1692787903072
1396167051616
2495678679392
1671044958560
2770556586336
1413346920800
2512858548576
1688224827744
2787736455520
1400462018912
2499973646688
1675608343968
2775119971744
1688476206736
2787987834512
2788004628880
1413598513760
2513110141536
1688476420704
2787988048480
1400713611872
2500225239648
1675591518816
2517405108832
1417893463632
1692502935120
2792014562896
2499956786768
1675323065936
2774834693712
1417625028176
2517136655952
2775103129168
2517405091408
2774851224912
1692519466320
2792031094096
1413346592080
1396166722896
2513109863056
1688476142224
2787987770000
1396149995168
2495661622944
1671027902112
1400713677136
2770539529888
2512841492128
2787719399072
1400444962464
1417641559696
2517153187472
1692519466640
2792031094416
2774834710160
1417625044624
2517136672400
1692502951568
2792014579344
2775102950048
2787988047440
1396418643536
2495930271312
1671296550480
1396418692512
2495930320288
1671296599456
2770808227232
1413598561696
2513110189472
1688476468640
2787988096416
1400713659808
2500225287584
2499956786784
1675323065952
2774834693728
2517405092512
1675339908704
2774851536480
1417641870944
2517153498720
1692519777888
2792031405664
1417910257312
2517421885088
1692788164256
2792299792032
1413598513504
2513110141280
1688476420448
2500225239392
1675591518560
2775103146336
2517405108576
1417893202320
2517404830096
1692771109264
2792282737040
1396418365840
2495929993616
1671296272784
2770807900560
2774834709904
1417625044368
1396150207888
2495661835664
1671028114832
2770539742608
2512841704848
2787719611792
1396166707792
2495678335568
1671044614736
2770556242512
1413346576976
2512858204752
1688224483920
2787736111696
1400461675088
2499973302864
1396167051920
2495678679696
1671044958864
2770556586640
1413346921104
2512858548880
1688224828048
2787736455824
1400713610656
2500225238432
1675591517600
2775103145376
1675591517520
2775103145296
2787988047184
1417893479760
2517405107536
1417893217952
1692771124896
2775119989328
1417910323792
2517421951568
2792299858512
1675608295776
2775119923552
1675608345168
1675339582032
2774851209808
1417641544272
2517153172048
1692519451216
2792031078992
1400730110544
2500241738320
1675608017488
2775119645264
1400730110560
2500241738336
1675608017504
2775119645280
2792299514528
1400730454688
2500242082464
1675608361632
1400462001504
2499973629280
2774851536224
1417641870688
2517153498464
1692519777632
2792031405408
1396167034208
2495678661984
1413598578016
1396167051664
2495678679440
1671044958608
2770556586384
2512858548624
2787736455568
1400462018960
2499973646736
1417641806240
2517153434016
1692519713184
2792031340960
1400461952400
1417893529936
2517405157712
1688224483664
2787736111440
1400461674832
2499973302608
1675339925904
2774851553680
2517153515920
2792031422864
1413329815952
2512841443728
1688207722896
2787719350672
2517405174176
1692771453344
2792283081120
1396150011472
2495661639248
1671027918416
2770539546192
1413329880656
2512841508432
1417893268128
2517404895904
1692771175072
2792282802848
2512841689744
2787719596688
1400445160080
2499956787856
1675323067024
1417625029264
2517136657040
1396166707808
2495678335584
1671044614752
2770556242528
2512858204768
2787736111712
1396435405392
2495947033168
1671313312336
2770824940112
1688476157344
2787987785120
1400713348512
2500224976288
1675591255456
2775102883232
1675591321232
1675608361296
1675608099488
1396435225248
2495946853024
1671313132192
2770824759968
1413615094432
2513126722208
2787736126816
1400462018976
2500241738064
1675608017232
2775119645008
2792299514192
1396166707536
2495678335312
1671044614480
2512858204496
2500225223248
1692519795296
1675339597408
2774851225184
1417641559648
2517153187424
1692519466592
2792031094368
1417641542992
1417909978448
2517421606224
1692787885392
2792299513168
1396166706512
1671044613456
2770556241232
2500241738080
2775119645024
1396149930336
2495661558112
1671027837280
2770539465056
2500225222288
2775103129232
2517405091472
2792282998416
1413598496400
1400730371744
2500241999520
1675608278688
2775119906464
1417624848736
2517136476512
1692502755680
2792014383456
2495946851984
1417910044064
2517421671840
1692787951008
2792299578784
1413598562960
2513110190736
2513109862800
1396435143056
1396149930384
2495661558160
1671027837328
2770539465104
1688207771216
2495661622864
1675322804640
2774834432416
1417624766880
2517136394656
1692502673824
2792014301600
1396418365856
2495929993632
1671296272800
1396150011216
2495661638992
1671027918160
2770539545936
1413329880400
2512841508176
1688207787344
2787719415120
1400444978512
2499956606288
1400445159824
2499956787600
1675323066768
2774834694544
1417625029008
2517136656784
1692502935952
1417641543008
2770556241248
1692519449952
1400461673824
2499973301600
1692502936208
1396435159632
1396435224992
2495946852768
1671313131936
2770824759712
1413615094176
2513126721952
1688493001120
2788004628896
1400730192288
2500241820064
2499956786848
1675323066016
2774834693792
1396418627920
2495930255696
1671296534864
2770808162640
1413598497104
2513110124880
1688476404048
2787988031824
1400713595216
2500225222992
2499973317984
2774851224928
1417641559392
1396166722912
2495678350688
1671044629856
2770556257632
1413346592096
2512858219872
1688224499040
1400713333408
2500224961184
1675591240352
2775102868128
2517404830368
2792282737312
2775119922512
1417910307488
2517421935264
2792299842208
1396435223952
2495946851728
1671313130896
2770824758672
1413615093136
2513126720912
1688493000080
2788004627856
1396418643552
2787719399008
1400444962400
2499956590176
1675322869344
2774834497120
2517136459360
2792014366304
1692771452512
2792283080288
2517404829328
1692771108496
2792282736272
2495929992848
1671296272016
2770807899792
1413598234256
2513109862032
1688476141200
2787987768976
2500225288608
1675591567776
1692787886736
2792299514512
1675339582096
2774851209872
1417641544336
2517153172112
1692519451280
2792031079056
1400730110608
2500241738384
2499956591184
1675322870352
2774834498128
1417624832592
2517136460368
1692502739536
2792014367312
2792031356496
1400730388048
2500242015824
1417893202336
2517404830112
1692771109280
2792282737056
1396435208608
2495946836384
1671313115552
2770824743328
1692787902816
2792299530592
1396435420816
2495947048592
1671313327760
2770824955536
1400461675104
2499973302880
1675339582048
2774851209824
2517153172064
2792031079008
1413598512736
2513110140512
1688476419680
2787988047456
1675339926176
2774851553952
1417641888416
2517153516192
2792031423136
1413615012432
2513126640208
1688492919376
2788004547152
2495661558352
2770539465296
2512841427536
1417910061728
1692787968672
2513110140256
1688476419424
1692771386720
2792283014496
1400713610592
2500225238368
1675591517536
2775103145312
1675322804832
2774834432608
1417624767072
2517136394848
2792014301792
1396418366048
2495929993824
1671296272992
2770807900768
1396435487328
2792282736016
2787987768720
1400713332112
2500224959888
1675591239056
2775102866832
2517404829072
1692771371600
1417641559440
2517153187216
1692519466384
2792031094160
2513126705808
1417910045328
2517421673104
1692787952272
2792299580048
2788004612752
1400730176144
2500241803920
1413598512528
2513110140304
1688476419472
2787988047248
2513126902096
1688493181264
1400730372432
2500242000208
1675608279376
2775119907152
1417910241616
2517421869392
1692788148560
1396166707872
2495678335648
1671044614816
2770556242592
2512858204832
1675339581008
2517153171024
1692519450192
2792031077968
1400462018192
2499973645968
1675339925136
2774851552912
1417641887376
2517153515152
1692519794320
2792031422096
1396167050896
2495678678672
1396166985312
2495678613088
1671044892256
2770556520032
2512858482272
2787736389216
1400461952608
1400713415072
2788004825424
2775119645328
1400713333392
1675591240336
1417893202576
1692771109520
1417909979792
2517421607568
2517153170832
2792031077776
1400730109328
2500241737104
1675608016272
2775119644048
2517421606288
2495947114064
1671313393232
2770825021008
1417624832336
2517136460112
1692502739280
2792014367056
1675608360528
1675322870096
1396149995856
2495661623632
2787719334560
1400444897952
2499956525728
1675322804896
2774834432672
2517136394912
2792014301856
1396418366112
1413615356560
2513126984336
1688493263504
2788004891280
1671044876688
2770556504464
1417910240592
2517421868368
1692788147536
1400713661008
2500225288784
2775103195728
1417893530192
2517405157968
2792283064912
1413598562896
2513110190672
2499973646752
1417910257056
2517421884832
1417910241632
1692788148576
1396166969696
1671044876640
1413346838880
1692519713120
2792014564000
1417909978784
2517421606560
1692787885728
2792299513504
1400730454368
1396418430608
2495930058384
1671296337552
2770807965328
1413598299792
2513109927568
2792282801808
2513126705552
1688492984720
2788004612496
1671296535136
2770808162912
1413598497376
2513110125152
1688476404320
2787988032096
1400713595488
2500225223264
1675591502432
2775103130208
2775102884432
1417893218896
2517404846672
1692771125840
2792282753616
1396149946960
2495661574736
1671027853904
2770539481680
1396435208528
1671313115472
1417641609552
1400730175824
2500241803600
1675608082768
2775119710544
1692519516496
2495661819536
1396149995872
2495661623648
1400713398624
2500225026400
1675591305568
2775102933344
1417893267808
2517404895584
1692771174752
2792282802528
2500224959904
1675591239072
1671313392976
2770825020752
1413615355216
2513126982992
2788004889936
1675323132512
2774834760288
1417625094752
2517136722528
1692503001696
2792014629472
1396418693728
2495930321504
1671296600672
2770808228448
1396435224224
2495946852000
1671313131168
2770824758944
1413615093408
2513126721184
1688493000352
2792282998352
1675591501392
1692771370576
1396418627152
2495930254928
1671296534096
2770808161872
1413598496336
2513110124112
1688476403280
1396149995920
2495661623696
1417910045072
2517421672848
1692787952016
2792299579792
1400461740432
1688476207504
2787987835280
1675608361376
2775119989152
2499956852048
1675323131216
1400713659728
2500225287504
1692503000400
1675591566672
2775103194448
1417893528912
2517405156688
1692771435856
2499956590240
1675322869408
2774834497184
2517136459424
2792014366368
1400730176160
2500241803936
1675608083104
2775119710880
1396150011232
2495661639008
1400444914272
2499956542048
1675322821216
2774834448992
1417624783456
2517136411232
1692502690400
2792014318176
1396418382432
1396149995936
2495661623712
1671027902880
2770539530656
1413329865120
2512841492896
1688207772064
1692771371616
2792282999392
2512841442640
1688207721808
2787719349584
2517136409936
1417893217616
1671296288080
2770807915856
1413598250320
2513109878096
2775103130272
1417893267872
2517404895648
1692771174816
2792282802592
1417910257296
1692788164240
2792299792016
2499973580432
1675339859600
1692519778960
1675591320976
2775102948752
2792283063648
2792014628192
1400713659744
2495930320224
1671296599392
2770808227168
1413598561632
2513110189408
1688476468576
2787988096352
1396435223968
2495946851744
1671313130912
2770824758688
1413615093152
2513126720928
1688493000096
2788004627872
2787988030800
1400713594192
1675591501136
2775103128912
1417893463376
2517405091152
1692771370320
2792282998096
1417910258256
2517421886032
2792299792976
1400713332384
2500224960160
1675591239328
2775102867104
2517404829344
2792282736288
2495946771104
1671313050272
2770824678048
1396435470928
2495947098704
1671313377872
2770825005648
1688493247056
1413615340112
2513126967888
2788004874832
1400730438224
1675608098384
2775119726160
1417910060624
2517421688400
1692787967568
2792299595344
1396435224144
2495946851920
1671313131088
2770824758864
1675608278432
2775119906208
1396149945696
2495661573472
1671027852640
2770539480416
1413329814880
2512841442656
1688207721824
2787719349600
1400444912992
1417625027920
1396150191440
2495661819216
1675323065680
1671028098384
1692502934864
2792014562640
2774834693456
1675608016544
1675339843984
2774851471760
1417641806224
2517153434000
1692519713168
2792031340944
1400730372496
2500242000272
1675608279440
2775119907216
1417641805152
1400730371424
2500241999200
1675608278368
2775119906144
1396166985376
2495678613152
1671044892320
2770556520096
1400445175376
2499956803152
2775102884512
2792014563728
1688493180304
2788004808080
1417641871760
2495678400848
1671044680016
2770556307792
1396166773072
2517153237328
2792031144272
1400461740368
1396418431568
2495930059344
1671296338512
2770807966288
1413598300752
2513109928528
2495661623888
1413598496144
2787988030864
1675323065744
2774834693520
1417625027984
2517136655760
1692502934928
2792014562704
1396166788704
2495678416480
1671044695648
2770556323424
1413346657888
2512858285664
1688224564832
2787736192608
1400461756000
1400730453600
2500242081376
1675608360544
2775119988320
1396149996128
2495661623904
1671027903072
2770539530848
2512841493088
2787719400032
1400444963424
1396418364832
1400713332128
2787988097680
1396150258320
2495661886096
1671028165264
2770539793040
2517136722576
1692503001744
2792014629520
2500225288848
1396150191520
1396435470672
2495947098448
1671313377616
2770825005392
1413615339856
2513126967632
1396435208864
2495946836640
1671313115808
2770824743584
2513126705824
1396166969760
2495678597536
1671044876704
2770556504480
1413346838944
2512858466720
1688224745888
2787736373664
1400461937056
2499973564832
1675339581024
2774851208800
1417641543264
2517153171040
2792031077984
1688224827040
2787736454816
1400462018208
2499973645984
1675339925152
2774851552928
2517153515168
2792031422112
2512841443984
1688207723152
2787719350928
1400444914320
2499956542096
1675322821264
2774834449040
2770807917200
1413598251664
2770807966352
1413598300816
2513109928592
1688476207760
2787987835536
2787736177296
1396435486304
2495947114080
1671313393248
2770825021024
2512841492832
1688207772000
2787719399776
1400444963168
1692503018064
2792014645840
1417893267040
2517404894816
1692771173984
2792282801760
1417910044304
1692787951248
1396435207824
2495946835600
1671313114768
1413615077008
2513126704784
1413615077728
2513126705504
1688492984672
2788004612448
1396166773088
2495678400864
1671044680032
2770556307808
1413346642272
2512858270048
1396149996192
2495661623968
1671027903136
2770539530912
2512841493152
1692519467664
1675323132576
2774834760352
1417625094816
2517136722592
1692503001760
2792014629536
1396418693792
2495930321568
2770808228512
1400730126928
1675608033872
1417909996112
2517421623888
1692787903056
2792299530832
1413615028816
1675322869072
2774834496848
2517136459088
2770539791760
1413330126224
2512841754000
1688208033168
2787719660944
1400445224336
2499956852112
2792283063696
1675323131280
2774834759056
1675323083088
2774834710864
1417625045328
2517136673104
1400713611600
2500225239376
1675591518544
2775103146320
1675322821280
2774834449056
1417624783520
2517136411296
1692502690464
1396418382496
1692519466336
2517153187168
2792031094112
1400730389152
2500242016928
1675608296096
2787736110432
2775119923872
1417910061472
2517421689248
1692787968416
2792299596192
2517136656032
1692502935200
2792014562976
1400444913040
1417624782224
2513126983008
2788004889952
1400730453344
2500242081120
2775119988064
1417910322528
2517421950304
1400730174864
2500241802640
1675608081808
2775119709584
2517421671824
2792299578768
1396418627168
2495930254944
1671296534112
2770808161888
1413598496352
2513110124128
1688476403296
2517405091232
2500225222224
1417641560464
1413598234000
2513109861776
1688476140944
1692771387808
2792283015584
1413615356512
2513126984288
1688493263456
2788004891232
2500242082384
1675323131296
2774834759072
1417625093536
2517136721312
1675323083104
2774834710880
1417625045344
2517136673120
1692502952288
2792014580064
2495930272096
1671296551264
2770808179040
2792299530576
2517421934176
1692788213344
2792299841120
1400713611920
2500225239696
1675591518864
1417893481104
2517405108880
1692771388048
2792299595408
2774851290768
1671313131152
2770824758928
1417641625232
2517153253008
1692519532176
2792031159952
1396435224208
2517136410016
1692502689184
2792014316960
1396418381216
1671296288160
2770807915936
1413598250400
2513109878176
2787736372880
1675323066000
1417625028240
1692502935184
2787719595424
1400445158816
2499956786592
1675323065760
2774834693536
1417625028000
2517136655776
1692502934944
2792014562720
2517153450384
1692519729552
2792031357328
1417909978528
2517421606304
1692787885472
2792299513248
2770556570272
2512858532512
2787736439456
1400462002848
2499973630624
1675339909792
2774851537568
1396167051872
2495678679648
1671044958816
2770556586592
2512858548832
2787736455776
1400462019168
2499973646944
1671296338320
2770808161632
1413598496096
2513110123872
1688476403040
2787988030816
2775103128928
1417893463392
2517405091168
1692771370336
2792282998112
1396435470944
2495947098720
1671313377888
2770825005664
1413615340128
2513126967904
1688493247072
2788004874848
1400730438240
2787988113824
2770556307856
1413346642320
2512858270096
2787736177040
1396435208592
2495946836368
1671313115536
1400730453328
2500242081104
1675608360272
2775119988048
2517421950288
2792299857232
1675339924816
2770556308048
2500242064720
1396418644368
2495930272144
1671296551312
2770808179088
2513110141328
2787988048272
2792299841104
1417910060640
1692787967584
1413615273360
2513126966624
1413346903392
2512858531168
1688224810336
2787736438112
1400461953616
2499973581392
1675339860560
2774851488336
1413346855504
2512858483280
1688224762448
2787736390224
1417641822800
2517153450576
1417910241952
2517421869728
1692788148896
2792299776672
1675608082848
2512841492816
1688207771984
2787719399760
1675608098208
2770556570016
2787736439200
1400462002592
1396166773152
1671044680096
1413346642336
1688224549280
1400461740448
2499973368224
1417893480032
2517405107808
1692771386976
2792283014752
1396435486048
2495947113824
2770825020768
1396167050592
2495678678368
1671044957536
2770556585312
1413346919776
2512858547552
1400713659792
2500225287568
2775103194512
1417893528976
2517405156752
1396150257040
2495661884816
1671028163984
2500242065760
1675608344928
2775119972704
1396150257056
2495661884832
1671028164000
2770539791776
1413330126240
2512841754016
1688208033184
2787719660960
1400445224352
2499956852128
2495678662032
2770556568976
2512858531216
2787736438160
1400462001552
2499973629328
2500241753760
1413329881744
2499956607632
2774834514576
2517136476816
1675323083152
2774834710928
2517136673168
2792014580112
1396150208912
1671028115856
2517421933904
1692788213072
2792299840848
1396435207840
2495946835616
1671313114784
2770824742560
2513126704800
2788004611744
1400730175136
1675339860304
2774851488080
1400713415248
2500225043024
1675591322192
2775102949968
1417893284432
2517404912208
1692771191376
2792282819152
1413598317136
2513109944912
2787736128160
1400461691552
1675339598496
1417641560736
1400461755728
2499973383504
1692519467680
1692787903136
1400461937040
1675591584352
2775103212128
2770539546960
2512841509200
1417893284176
1692771191120
2792282818896
1396435159648
2495946787424
1671313066592
2770824694368
1413615028832
2513126656608
1688492935776
2788004563552
1400730126944
2517153516176
2499973646992
2774851553936
1400730454672
2500242082448
1671044630160
2770556257936
1413346592400
2512858220176
1688224499344
2787736127120
1400461690512
2499973318288
1675339597456
2774851225232
2792014580128
1396418644384
2495930272160
1671296551328
2770808179104
1688224811344
2787736439120
2500241753680
2775119660624
2517421622864
2792299529808
2770539547024
2787719416208
1400444979600
2499956607376
1675322886544
2774834514320
1413615291024
1675608082016
2775119709792
1671027919200
2770539546976
1413329881440
2512841509216
1688207788384
2787719416160
1400444979552
2499956607328
1675322886496
2774834514272
2770824742304
2513109944656
1688476223824
2787987851600
2495930075472
1671296354640
2770807982416
1400713414992
1675339598240
2774851226016
1417641560480
2517153188256
1692519467424
2792031095200
1692771436112
2792283063888
1675339908688
2774851536464
1417641870928
1692519777872
2500242064976
1396167051936
2495678679712
1671044958880
2770556586656
2512858548896
2787736455840
1400462019232
1396150257248
2495661885024
1671028164192
2770539791968
1413330126432
2512841754208
1688208033376
2787719661152
1400445224544
2499956852320
1671313049168
2770824676944
1413615011408
2513126639184
1688492918352
2788004546128
1692787885648
2517421606480
1400713594464
2500225222240
1675591501408
2775103129184
2513126656352
2788004563296
1400730126688
2500241754464
1675608033632
2775119661408
1417909995872
2517421623648
2792282801504
1671296551584
2770808179360
1413598513824
2513110141600
2787988048544
1400713611936
2500225239712
1675591518880
2775103146656
1417910322576
2517421950352
1692788229520
2792299857296
1396435486096
2495947113872
1671313393040
2770825020816
2513126983056
1671044629904
2770556257680
1413346592144
2512858219920
1688224499088
2787736126864
1400461690256
2499973318032
1675339597200
2774851224976
1396150257296
2495661885072
1671028164240
2770539792016
1413330126480
2512841754256
1688208033424
2787719661200
1400445224592
2499956852368
1413615027536
2513126655312
1688492934480
2788004562256
1400730125648
1396150257312
2495661885088
1671028164256
2770539792032
1413330126496
2512841754272
1688208033440
2787719661216
1400445224608
2499956852384
1396418643600
2495930271376
2775103145616
2517405107856
2792283014800
1396166706784
2495678334560
1671044613728
2770556241504
2512858203744
2787736110688
1400461674080
2775119923616
2517153236304
1692519515472
2792031143248
1400730110624
2500241738400
1675608017568
2495678678432
1671044957600
2770556585376
2512858547616
1688224826784
2787736454560
1692771437152
2792283064928
2787988112800
2512841771600
2787719678544
1400445241936
2499956869712
1675323148880
2774834776656
1417625111120
2517136738896
1413598299808
2513109927584
1688476206752
2787987834528
1413598513568
2513110141344
1688476420512
2787988048288
2792282999456
1675339860576
2774851488352
2517153450592
2792031357536
2788004612704
1400461675152
2499973302928
1400713610640
2500225238416
1675591517584
2775103145360
2517405107600
2792283014544
1396418643344
1417641871952
2517153499728
1692519778896
2517421607504
2792299514448
2495946771024
1671313050192
2770824677968
1396435143248
2775119989392
1417910323856
2517421951632
2792299858576
1396435487376
2495947115152
1671313394320
2770825022096
1688476223888
1417624848784
2517136476560
1692502755728
2792014383504
1396418447760
1671296354704
2775119989408
1688224810400
2787736438176
1400462001568
1675339908512
1417893284448
2517404912224
2512841771344
1692771191392
2512841688720
1688207967888
2787719595664
1400730436960
2495947097440
2770825004384
2513109944928
2787987851872
1400713415264
2500225043040
2513126901088
1688493180256
2788004808032
2792031078800
1396166707600
2495678335376
1671044614544
2770556242320
2512858204560
2787736111504
1413346839120
2770539547040
2512841509280
2787719416224
1400444979616
1400730388064
2500242015840
1675608295008
2775119922784
1671313049936
1413615012176
2513126639952
1688492919120
2788004546896
1400730110288
2517421607248
2517421688160
1692787967328
2788004891024
1400730454416
2500242082192
1675608361360
2775119989136
2517421951376
2792299858320
1417641626192
1692519533136
2787736388944
1400461952336
2517404911184
1692771190352
2499973580112
1675339859280
2774851487056
2517153449296
1396418446928
1417910241696
2517421869472
1692788148640
2787736127136
1400461690528
2499973318304
1675339597472
2774851225248
1417641559712
2517153187488
1692519466656
2792031094432
1413346576016
2512858203792
1396435142288
2495946770064
1671313049232
2770824677008
1413615011472
2513126639248
1688492918416
2788004546192
1396166969680
1671044876624
2770556504400
1413346838864
2512858466640
1688224745808
2787736373584
2770824939856
1413615274320
1417893479776
2517405107552
1396435158624
2495946786400
1671313065568
2770824693344
1413615027808
2513126655584
1688492934752
2788004562528
1400730125920
2500241753696
2499956607392
1675322886560
1417624848800
1692502755744
1396418627936
2495930255712
1671296534880
2770808162656
1413598497120
2513110124896
1688476404064
2787988031840
2512841689440
2517405173408
1692771452576
2792283080352
1396166969952
2495678597728
1671044876896
2770556504672
1413346839136
2512858466912
1688224746080
2787736373856
1400461937248
1396418447712
1671296354656
2770807982432
1413598316896
1688476223840
2787987851616
1417910323808
2517421951584
1692788230752
2792299858528
2774834513296
2517136475536
2792014382480
2792299775312
1671044875600
2770556503376
1413346837840
2512858465616
1688224744784
2787736372560
1396166706848
2495678334624
1671044613792
2770556241568
2512858203808
2770824939920
1413615274384
2513126902160
1688493181328
2788004809104
1396150192528
1671028099472
1413330061712
2788004628128
2792031356240
2499956787616
1688476222800
2787987850576
1671296534928
1688476404112
1675339597216
1417641559456
1692519466400
2787988031056
1417909995936
2517421623712
1692787902880
2792299530656
1396166969936
2500225304928
1675591584096
2775103211872
1688476419744
2787988047520
1400713398880
2500225026656
1675591305824
2775102933600
1692787901792
2517421622624
2792299529568
1396435158368
2495946786144
1671313065312
1413598561872
2513110189648
1688476468816
2787988096592
2495661885008
2517136721488
1417625093712
1692503000656
2792014628432
1413598512800
2513110140576
1396166968672
2495678596448
1671044875616
2770556503392
1413346837856
2512858465632
1413615290976
2774834431312
2513126918752
1688493197920
2788004825696
2770539480656
2512841442896
1688207722064
2787719349840
1400444913232
2517421868640
1692788147808
2792299775584
1417624832656
2517136460432
1692502739600
2792014367376
2787719400080
1675323131488
2774834759264
1417625093728
2517136721504
1692503000672
2792014628448
1396418692704
2495930320480
1671296599648
2770808227424
1417910240656
2517421868432
1692788147600
2792299775376
1688476207696
2787987835472
2787736111776
1400461675168
2499973302944
1675339582112
2774851209888
2517153172128
2792031079072
2770539808336
1413330142800
2512841770576
1688208049744
2787719677520
1400445240912
2499956868688
1675323147856
2774834775632
1417625110096
1400713594208
2500225221984
1675591501152
1400713333072
2500224960848
1675591240016
2775102867792
2517404830032
2792282736976
1396149930320
2495661558096
2513110140320
1396435143264
2495946771040
1671313050208
2770824677984
2513126640224
2788004547168
2787987785312
2500224976480
2775102883424
1396435487392
2495947115168
1671313394336
2770825022112
1400461937232
2499973565008
2774851471952
1417641806416
2792031341136
2499973580384
1675339859552
2774851487328
2517153449568
2792031356512
1417893218960
2517404846736
1692771125904
1675608279696
1417910241936
1692788148880
1688224746128
2787736373904
1396435405456
2495947033232
1396166986064
2495678613840
1671044893008
1688224482960
2787736110736
1400461674128
1675339581072
1417641543312
1692519450256
2495661820512
2770539727456
2512841689696
1688207968864
2787719596640
1675608345184
2792299857488
2792299513424
1400730109520
2500241737296
1675608016464
2775119644240
1417909978704
1396435142224
2495946770000
1417909995104
1692787902048
1417910322832
1692788229776
1400730453648
1675608360592
1417624832400
2517136460176
1692502739344
2792014367120
2517405108896
1675339842896
1688492984912
1396435208784
1671313115728
1413615077968
2517421673040
1675608344976
2775119972752
1400461937296
1417641806480
1400730372752
1692771109216
2792282736992
2787719334240
1400444897632
2499956525408
1675322804576
1413598234976
1671296338256
2770807966032
1417893267792
2517404895568
1692771174736
2792282802512
1396418627232
2495930255008
1671296534176
2770808161952
1396150192800
2495661820576
1671028099744
2770539727520
1413330061984
2512841689760
1688207968928
2787719596704
1400445160096
2517136737616
1692503016784
1400445240656
2499956868432
2792014644560
1675323147600
1396150273360
2495661901136
1688208050576
2787719678352
1400713676112
2500225303888
1396166970016
2495678597792
1671044876960
2770556504736
1413346839200
2512858466976
1688224746144
2775102949024
2513109943904
2787987850848
1400713414240
2500225042016
1675591321184
2775102948960
1417893283424
2517404911200
2500225223328
1396166968720
1413346837904
2787736110480
1396166773344
2495678401120
1671044680288
2770556308064
2512858270304
2787736177248
1400461740640
2499973368416
2500241820256
2775119727200
1675339909456
2774851537232
2517421934928
1692788214096
2792299841872
1692771436880
1675608016208
2788004890000
1417641871776
2517421934944
1675339909472
1396150258016
2495661885792
1671028164960
1396166772048
2495678399824
1671044678992
1396435207504
2495946835280
1671313114448
2770824742224
2513126704464
1417910258320
2792031423072
1413598561936
2513110189712
1688476468880
2787988096656
1675323131536
2774834759312
1417625093776
2517136721552
1692503000720
2792014628496
2495930321296
1400713413984
2500225041760
1675591320928
1688476222816
1671296353632
1396150258080
1413598497184
1400713595296
1675591502240
2792282752656
1396418381456
1417641806432
2788004611424
1396166772064
2495678399840
1671044679008
1413346641248
2512858269024
1675608016480
1675323131552
2774834759328
1417625093792
2517136721568
1692503000736
2792014628512
1396418692768
2495930320544
1671296599712
2770808227488
1413598579024
2513110206800
2787988113744
1400730453664
1675608360608
2792282998160
1675323083360
2774834711136
2517136673376
2792014580320
1396418644576
1671296551520
1675608345232
1692788214416
1675339843152
1400461936208
2512841427344
2787719334288
1400444897680
2499956525456
2787987769744
1400713333136
1675591240080
1400445175120
2499956802896
1675323082064
2792283014480
1413598512464
2513110140240
1688476419408
1400713610576
2513109878432
2787987785376
1400713348768
1675591255712
2517405173152
2792283080096
1675322870432
2774834498208
2517136460448
2792014367392
2517404894880
2792282801824
1671044941152
2770556568928
1688224745824
1400461936992
1675339843936
1417641806176
2513109928544
2787987835488
2517421673056
2792299580000
2495946836624
2770824743568
2517153170768
1692519449936
2792031077712
2512858203472
2787736110416
1400461673808
1675339580752
2500241802592
1692771435872
2775119709536
2787987834208
1413598235040
1688476141984
1396150191504
2495661819280
1671028098448
2770539726224
1413330060688
2512841688464
1688207967632
2787719595408
2499973630368
1675339909536
1396150207840
2495661835616
1671028114784
2770539742560
1413330077024
2512841704800
2495930271072
2770808178016
1396435470736
2495947098512
1671313377680
2770825005456
1413615339920
2513126967696
1688493246864
1400730438032
2500242065808
1417893464672
2499973563728
2495930058320
1400713397840
2500225025616
1675591304784
2775102932560
1692771173968
2513109927504
2787736110752
1400461674144
2499973301920
1675339581088
2774851208864
2517153171104
2792031078048
1688476419488
2787988047264
1413329816144
1688207723088
2787719350864
1400444914256
2499956542032
1396150258272
2495661886048
1671028165216
2770539792992
1413330127456
2512841755232
1688208034400
2787719662176
1400445225568
2499956853344
1396149929552
2770539464272
1413329798736
1396149929568
2495661557344
1671027836512
2770539464288
2512841426528
2787719333472
1400444896864
2500242065040
2775119971984
2517421934224
1396435142240
2495946770016
1671313049184
2770824676960
2513126639200
2788004546144
1400730109536
1396149929632
2495661557408
1671027836576
2770539464352
2512841426592
1396435486368
2495947114144
1671313393312
2770825021088
2513126983328
2517153187152
1675608032592
1417909994832
1692787901776
1688493246800
1400730437968
2500242065744
1675608344912
2775119972688
2788004874576
1417910307152
1417641871696
2517153499472
1692519778640
1396166773408
2495678401184
1671044680352
2770556308128
2512858270368
1396167050848
2495678678624
1671044957792
2512858547808
2513126984352
2788004891296
1396167035536
2495678663312
1671044942480
2770556570256
1413346904720
2512858532496
1688224811664
2787736439440
1396150273376
1396150258336
2495661886112
1671028165280
2770539793056
1413330127520
2512841755296
1688208034464
2787719662240
1400445225632
2499956853408
1396166772112
2495678399888
1671044679056
2770556306832
2512858269072
2787736176016
1400461739408
1692787903120
1396149994896
2495661622672
1671027901840
2770539529616
2512841491856
2787719398800
1400444962192
1413346854288
2512858482064
1688224761232
2787736389008
2517421934240
2792299841184
2495929993568
1671296272736
2770807900512
1396150209168
2495661836944
2500225025360
1675591304528
2775102932304
2517404894544
2792282801488
1671027852704
1688207721888
2787719350608
1400444914000
2499956541776
1675322820944
2774834448720
1417624783184
2517136410960
1692502690128
2792014317904
1417910307168
1400730437984
1692788214112
2495678663008
1671044942176
2770556569952
2512858532192
1688224811360
1396435486112
2495947113888
1671313393056
2770825020832
1413615355296
2513126983072
1688493262240
2788004890016
2774834514512
2517136476752
2792014383696
1396418447952
2495930075728
1671296354896
2770807982672
2495946787168
2770824694112
1413598234960
2513109862736
1688476141904
2787987769680
1400462002512
2499973630288
2517421672784
2792299579728
1688493180576
2788004808352
1400730175888
1675608082832
1396166773136
1671044680080
1396435405200
2495947032976
1671313312144
1396149930400
2495661558176
1671027837344
2770539465120
1413329799584
2512841427360
1688207706528
2787719334304
1400444897696
2499956525472
1675323083424
2774834711200
2517136673440
2792014580384
1396418644640
2500241754512
2775119661456
2517421623696
2792299530640
1417910060704
1396150258256
1413330127440
2792014579088
1675323082128
1396149930592
2495661558368
1671027837536
2770539465312
2512841427552
2787719334496
1400444897888
1396418431632
2495930059408
1671296338576
1413330127504
2495661820560
1396149930656
2495661558432
1671027837600
2770539465376
2512841427616
2495930075744
2770807982688
1671028164176
2770539791952
2512841754192
1688208033360
2787719661136
1400445224528
2499956852304
1675323131472
2774834759248
1417893480096
2517405107872
1692771387040
2792283014816
2517136475472
1692502754640
2792014382416
1396418446672
2495930074448
1671296353616
2770807981392
1413598315856
2513109943632
1400730438304
2517421886048
2792299792992
1417641805408
1396435158608
2495946786384
1671313065552
1413615027792
1688492934736
2495661573712
2500241820000
2775119726944
1675323082144
1417625044384
2495930271136
1671296550304
2770808178080
1417625094496
2770556521104
1413346855568
2512858483344
1688224762512
2787736390288
2500224960144
1671296615824
2770808243600
1417893283168
2517404910944
1692771190112
1400713677472
1675591584416
1396167035280
2495678663056
1671044942224
2770556570000
1413346904464
2512858532240
1688224811408
2787736439184
1400462002576
1396435421776
2495947049552
2775119923792
1396167050912
2495678678688
1671044957856
2512858547872
2495930009248
2770807916192
1400445175184
1396435470752
2495947098528
1671313377696
2770825005472
1413615339936
2513126967712
1688493246880
2788004874656
1688224744800
2787736372576
1400461935968
1396418430560
2495930058336
1671296337504
2770807965280
2513109927520
2787987834464
1396166723984
2495678351760
2770556258704
1413346593168
2512858220944
2787736127888
2512841770320
1675608082080
2775119660704
2792282817872
2495678613904
1671044893072
2770556520848
2512858483088
2787736390032
1400461953424
2499973581200
1417624782416
1396418446688
1417624766800
2517136394576
2792014301520
2500225043088
2775102950032
2792014383760
2500242016592
1675608295760
2775119923536
1396435421520
2495947049296
1671313328464
2770824956240
2513126918480
1396166724000
2495678351776
1671044630944
1413346593184
2512858220960
1688224500128
1417893266848
2517404894624
1692771173792
1675339662736
2517153252752
1692519531920
2792031159696
1400730191248
2500241819024
1675608279648
2500225025376
2517404894560
1396149946720
2495661574496
1671027853664
2770539481440
1413329815904
2512841443680
1688207722848
2787719350624
1400444914016
2500241753744
2775119660688
2517421622928
2792299529872
1417625110864
2517136738640
1692503017808
2792014645584
1400445241680
1675323148624
2495661573456
2770539480400
2792283064992
2499956606352
2495946787232
1671313066400
2770824694176
2513126656416
1688492935584
2788004563360
2788004612768
1413330143584
1688208050528
1400730125712
1675608032656
1417909994896
1692787901840
1417910306208
2517421933984
1692788213152
1400730371664
2500241999440
1675608278608
1400444978768
2499956606544
1675322885712
2774834513488
1417624847952
2517136475728
1692502754896
2500241819216
2774834432592
2517136394832
1692502674000
2792014301776
1396150274704
2495661902480
1671028181648
2770539809424
1413330143888
2512841771664
1688208050832
2787719678608
1400445242000
1396418710096
2495930337872
1671296617040
2770808244816
1413598579280
2513110207056
1688476486224
2787988114000
2499973581472
1675339860640
2774851488416
2517153450656
2792031357600
1396166968928
2495678596704
1671044875872
2770556503648
1413346838112
2512858465888
1688224745056
2787736372832
1400461936224
1413615093392
2513126721168
1688493000336
2788004628112
1400730191504
1417910060688
1400730388128
1396435421792
1671313328736
1675608017552
1671313050256
2770824678032
1413615012496
2513126640272
1688492919440
2788004547216
1396435143312
2495946771088
2774851487376
2517153449616
1692519728784
2792031356560
1675608294992
2775119922768
1417910257232
2517421885008
1671027837264
2770539465040
2512841427280
1692788164176
2792299791952
2787719334224
1400444897616
1417625110928
2517136738704
1692503017872
2792014645648
1396150274448
2495661902224
1671028181392
2512841771408
1417893479840
2513126983264
2788004890208
1417893529232
2500225304912
1675591584080
2775103211856
2517405174096
2792283081040
1396418709840
1671296616784
1417910258016
2499956525648
1417893202512
2517404830288
1692771109456
2513109862992
2517421607520
2792299514464
1688492934560
2788004562336
2517421951648
2792299858592
2495930336608
1675591584144
2775103211920
2517405174160
2792283081104
1400445241744
1675323148688
1400730388832
1675339844000
1400730110352
2500241738128
1675608017296
2775119645072
2517421607312
2792299514256
2517153449360
2792031356304
1396166985104
1671044892048
2500225304992
2775103211936
2513126917456
2788004824400
2517421884752
2792299791696
1396435420496
1400730387792
2500242015568
1675608294736
1400713398944
1675591305888
2513109863008
2787987769952
1400713333344
2500224961120
1675591240288
2775102868064
2517404830304
2788004825760
1671027836240
1413329798480
2512841426256
1413598233936
2513109861712
1396418364752
1671296271696
2770807899472
2775103210912
2787736193632
1400461757024
1417641626208
1396435404432
2495947032208
1671313311376
1413615273616
2513126901392
1688493180560
1396166968976
2495678596752
2517421868704
2792299775648
1400730174880
1675608081824
1400713610912
1675591321936
1400461739600
2499973367376
2517153236560
1692502672736
2792014300512
1396418364768
2495929992544
1671296271712
2770807899488
1413598233952
1396435159376
1671313066320
1413615028560
1688492935760
1692771125600
2499956541792
1675322820960
2774834448736
1417624783200
2517136410976
1692502690144
2792014317920
1417641625952
1692519532896
2517136738976
1692503018144
2792014645920
1396166772320
2495678400096
1671044679264
2770556307040
2512858269280
2787736176224
1400461739616
2499973367392
1396418710112
2495930337888
1671296617056
2770808244832
2513110207072
2787988114016
1400713677408
2500225305184
1688207722912
1675339662672
2774851290448
1417641624912
2517153252688
1692519531856
2792031159632
1400713398928
1675591305872
1417893268112
1692771175056
2774834775696
1417625110160
2517136737936
1692503017104
2792014644880
1396435143328
1692771452496
2792283080272
2512858482336
2787736389280
1400461952672
2499973580448
1675339859616
2774851487392
2517153449632
1413615290000
2513126917776
1671296550496
1396435420768
2495947048544
1671313327712
2770824955488
1413598315872
1400730109584
1675608016528
1417909978768
1692787885712
1671296550288
1417893464400
1692771371344
2495929993888
1671296273056
2770807900832
2513109863072
2787987770016
1400713398672
2500225026448
1675591305616
2775102933392
2517404895632
2792282802576
1396418431376
2495930059152
1675323082336
2774834710112
1417625044576
2517136672352
2517136393552
2792014300496
2770539464016
2787719333200
1400444896592
2499956524368
1675322803536
1688208049552
2787719677328
1400445240720
2499956868496
1675323147664
2774834775440
2517136737680
2792014644624
1400461740624
2499973368400
1675339647568
2774851275344
1417641609808
2517153237584
1692519516752
2792031144528
1396149929360
2495661557136
1671027836304
2770539464080
2512841426320
2787719333264
1400444896656
2499956524432
1688476484944
2787988112720
2517405173072
1692771452240
2792283080016
2792014318160
1400713349712
1396167035472
2495678663248
1671044942416
2770556570192
1413346904656
2512858532432
1688224811600
2787736439376
1400462002768
1675608294816
1400730109600
2792299513232
1396435142032
2495946769808
1671313048976
2770824676752
2513126638992
2788004545936
2792283063904
1671313066576
2787719333280
1400444896672
2499956524448
1692519778720
2517136411280
1692502690448
2792014318224
1396418382480
1671296289424
1675339647312
2512858270032
2787736176976
1692771108256
2499956542112
1417641625184
1675608343888
2775119971664
1396166772384
2495678400160
1671044679328
2770556307104
2512858269344
2517421673120
2792299580064
1692771190368
1396435158352
2495946786128
1671313065296
2770824693072
1671044875920
2770556503696
1413346838160
2512858465936
1688224745104
1400461936272
1417641805456
2787719612048
1400445175440
2513126901328
1417910240848
1692788147792
2495947032144
2770824939088
2788004873568
2792283015840
2513126640288
2788004547232
2500241820048
2775119726992
2517421689232
2792299596176
1688224564576
2500225042000
1675591321168
1417893283408
1396418431648
2792014644896
1688207968656
2499956803232
1675323082400
2774834710176
2517136672416
2792014579360
1396418643616
1671296550560
2513110206048
2787988112992
1400713676384
2500225304160
1675591583328
2517405173344
1400713397904
1417893267088
1400713398608
1675591305552
2787987835216
1413598300496
2513109928272
1396418431312
1692788164000
2495930074720
2770807981664
1396435142304
2495946770080
1671313049248
2517421950560
2792299857504
1400462002832
2499973630608
2792031406736
1675339909776
2774851537552
1417641872016
2517153499792
2774834709840
2517136672080
2792014579024
1396418643280
1671296550224
2499956524384
2774834431328
2517136393568
1675339647584
2774851275360
2517153237600
2792031144544
2770824955232
2513126917472
1675608033936
1417909996176
1400713397856
1675591304800
2787988112736
1396418708832
1671296615776
1671027902816
2770539530592
2787987834256
1400713397648
2500225025424
1675591304592
2775102932368
2517404894608
2792282801552
2513126917728
2788004824672
1692519515728
1675339646544
1417641608784
1396435420560
2495947048336
1671313327504
2770824955280
2513126917520
2788004824464
2517136672144
1396150207904
2495661835680
1671028114848
2770539742624
1413330077088
2512841704864
1688207984032
1675591256400
1417641870736
1417641822544
2517153450320
2792031357264
1400461953360
1400730388816
2517421885776
2792299792720
2517421886112
2792299793056
2787736176992
1671313065360
1688492934544
2517421607584
1396418364816
1671296271760
1671313394272
1675591567968
2775103212112
2517405174352
2792283081296
1396167034272
2495678662048
1671044941216
2770556568992
1413346903456
2512858531232
2512858269008
1688224548176
2787736175952
1400461739344
2499973367120
1675339646288
1675608344160
2774834513552
2792014382736
2787719613008
1400445176400
1417625045584
1671296338592
1675323148896
2774834776672
2517136738912
2792014645856
1417625044560
2517136672336
1692502951504
2792014579280
2513109928336
1396150208096
2495661835872
1671028115040
2770539742816
2512841705056
2787719612000
1400445175392
1671027902864
2770539530640
2512841492880
2787719399824
1400444963216
1675322870160
1675591583056
2787719677264
1396418708816
2495930336592
1671296615760
2513110205776
1675608295072
2792299793040
2513126918800
2788004825744
1396435421840
2495947049616
1671313328784
1688476486048
1675608279712
1396418430624
1396150208160
2495661835936
1671028115104
2770539742880
2512841705120
2787719612064
1400445175456
1671028115792
2770539743568
1413330078032
2512841705808
2787719612752
1692787952032
1671027902800
2792031143584
1400713610848
1675591517792
1413330142560
1413598251616
1692771371424
2792282999200
1671044957520
2770556585296
2512858547536
2787736454480
1400462017872
1396435486032
1396435421584
2495947049360
1671313328528
2770824956304
2513126918544
2788004825488
1400730388880
2500242016656
1675608295824
2775119923600
2517421885840
2792299792784
1396166986128
1413598250576
2513110205792
2770808243552
2517405174368
2792283081312
1675339646560
2774851274336
2517153236576
2792031143520
2517153514896
1692519794064
2792031421840
1675339924880
1400730453392
1675608360336
1396150273440
2495661901216
1671028180384
1413330142624
1688208049568
1396418710160
1671296617104
2495930337936
1413598579344
1688476157264
1396418381136
2495930008912
2770824956560
1692788229472
2517421672032
2770539809440
2512841771680
2787719678624
1400445242016
2499956869792
1675323148960
2517405091424
2792282998368
1413598578064
2513110205840
2787988112784
1396150273424
2495661901200
1671028180368
2512841770384
2788004890272
2513109861984
2787987768928
1400713332320
2500224960096
1675591239264
2517404829280
2787987769936
1400713333328
2500224961104
1675591240272
1396418366032
2770807900752
2513110207120
1688476486288
1675323082320
2774834710096
2770539742800
2787719611984
1396150273632
2495661901408
1671028180576
2770539808352
2512841770592
2787719677536
1400445240928
1396418708896
1396435421856
2495947049632
1671313328800
2770824956576
2513126918816
1671296337568
1396150273696
2495661901472
1671028180640
2770539808416
2512841770656
2787719677600
1400445240992
1400730388112
1688493196944
2788004824720
1675322804624
2774834432400
2517136394640
2792014301584
1396418365776
1671296272720
1396418709904
1400461674896
1400730387856
2500242015632
1675608294800
2775119922576
2517421884816
2792299791760
2517421885024
2792299791968
2512858548560
1400462018896
1675339925840
2499973384864
2774851291808
2517153254048
2770556520784
1675591583392
1400730454624
1675608361568
2495929992864
1671296272032
2770807899808
2513109862048
2787987768992
1675591517856
2792031406752
1400445176144
2517405108560
2792283015504
1396150208848
2792014580048
2517404895840
2792282802784
2495661836640
1671028115808
2770539743584
1413330078048
2512841705824
1688207984992
1396418626912
1671296533856
2792282737248
1396418710176
2495930337952
1671296617120
2770808244896
2513110207136
2792014579296
2792299578976
1400713611664
2500225239440
1675591518608
2775103146384
2517405108624
2792283015568
1675339860368
1675608278624
2787988114080
1396435420832
2495947048608
1671313327776
2770824955552
2513126917792
2788004824736
1675339581776
2774851209552
2517153171792
2792031078736
1396435142992
1400444963152
2512858483024
2787736389968
1675339926112
1675322803600
2774834431376
2517136393616
2792014300560
2517153516128
2787987768656
1400713332048
2500224959824
1675591238992
2775102866768
2792282735952
2517404829008
1400713676176
2500225303952
1675591583120
2775103210896
2517405173136
2792283080080
1396418708880
