1122397144400
1144208657040
2243720284816
1140986316192
2240497943968
1122397210192
2221908837968
1139577079376
2239088707152
1126692177488
2226203805264
1143872046672
2243383674448
1123470952016
2222982579792
1140986365584
2240497993360
1140717882000
2240229509776
1145281612448
2244793240224
1123739338320
2223250966096
1140919207504
2240430835280
2227277497936
1144945739344
2244457367120
1122665596496
2222177224272
1139845465680
1122397424224
2221909052000
1139577293408
1126760270224
2226271898000
1126759482976
2226271110752
1122732967264
2222244595040
1139912836448
2239424464224
1127027934560
2226539562336
1144207803744
2243719431520
1123806709088
2223318336864
1127833225632
2227344853408
2226472175008
1144140416416
2243652044192
1123739321760
2223250949536
1140919190944
2240430818720
1128034289056
2227545916832
1145214158240
1145215469920
1127027656080
2226539283856
1144207525264
2243719153040
1128101397904
2227613025680
1145281267088
2244792894864
1122732688784
2222244316560
1140987626848
2240499254624
1122666956448
2222178584224
1139846825632
2239358453408
1126961923744
2226473551520
1145281268112
2244792895888
1122734065296
2222245693072
1139913934480
2239425562256
1127029032592
2226540660368
1144208901776
2243720529552
1123807807120
2223319434896
1140987348576
2240498976352
1140919454304
2240431082080
1123472214688
2222983842464
1140652083872
1145012831888
2244524459664
2240163711648
1144947051168
1140920239520
2240431867296
1122465581712
2221977209488
1139645450896
1123539126608
2223050754384
2239157078672
1126760549008
2226272176784
1143940418192
2243452045968
1127766967648
2227278595424
2240431162784
1145215535776
1144207541920
2243719169696
1139577341536
2239088969312
1126692439648
2226204067424
1143872308832
2243383936608
1123471214176
2222982841952
1140651083360
2240162711136
1140987692704
2240499320480
1122397424272
2221909052048
1139577293456
2239088921232
1126692391568
2226204019344
1143872260752
2243383888528
1123471166096
2222982793872
1128035681936
2227547309712
1139645237584
2239156865360
1128035354272
2227546982048
1140719175264
2240230803040
1122666908256
2244457417056
2222178536032
1139846777440
2239358405216
1126961875552
2226473503328
1144141744736
2243653372512
1123740650080
1140718192992
2240229820768
1123807758928
2223319386704
1140987628112
2240499255888
1127028984400
2226540612176
1144208853584
2243720481360
1127833028944
2227344656720
1145012898128
1145214241376
2244725869152
1122397424288
2221909052064
1144208852576
2243720480352
1139577293472
1140919454096
2240431081872
1122666629776
2222178257552
1139846498960
2239358126736
1126961597072
2226473224848
1144141466256
2243653094032
1123740371600
2223251999376
1145282595232
1127834076496
2227345704272
1127766182224
2227277810000
1145282644624
1128101398864
2227613026640
1145281268048
2244792895824
1127027657040
2226539284816
1126960548176
2226472175952
1144140417360
2243652045136
1145282316960
2244793944736
1145014159008
2244525786784
2243653093024
1140652082832
2240163710608
1127767180944
2227278808720
1144947050128
2244458677904
1139913624208
2239425251984
1123538323104
2223049950880
1139845465696
2239357093472
1126960563808
2226472191584
1144140432992
2243652060768
1123739338336
2223250966112
1140919207520
2240430835296
1140986579616
2240498207392
1126760614560
2226272242336
1127833307744
2227344935520
1127834092960
1127028967840
2226540595616
1122734066080
2222245693856
1139913935264
2239425563040
1127029033376
2226540661152
1128102463120
2227614090896
1128034568848
2227546196624
1123806513568
2223318141344
1122465564000
2221977191776
1139645433184
2239157060960
1126760531296
2226272159072
1143940400480
2243452028256
1123539305824
2223050933600
2226272159392
1127765920416
2227277548192
1123538077344
2223049705120
1145214241168
2244725868944
1123740649040
2223252276816
1122397209936
2221908837712
1139577079120
2239088706896
1122464335456
2221975963232
1139644204640
1122464516768
2221976144544
1139644385952
2239156013728
1126759484064
2226271111840
1143939353248
1140920321632
2240431949408
2243450981024
1144208574096
2243720201872
2223251999392
2227613025952
1140986365344
2240497993120
1145281529504
2244793157280
1128035338912
2227546966688
1140920502944
2240432130720
1123739601568
2223251229344
2223319123616
1139644188320
1127833307536
2227344935312
2239155816096
1126759237216
2226270864992
1127832979872
2227344607648
1123807545952
2223319173728
1123539388000
2223051015776
1122666956192
2222178583968
2244727178640
1127833029264
2227344657040
1139846825376
2239358453152
1126961923488
2226473551264
1144141792672
1127028001104
2226539628880
1144207870288
2243719498064
1145215551824
2244727179600
1143873374544
2243385002320
1123807806864
2223319434640
1140987676048
2240499303824
1127029032336
2226540660112
1144208901520
2243720529296
1123740649104
2223252276880
1127027739296
2226539367072
2244726065760
2222983842208
1140652083616
2240163711392
1127767181728
2227278809504
1144947050912
2244458678688
1123472000672
2222983628448
1143939418512
2243451046288
1122465581456
2221977209232
1139645450640
2239157078416
1126760548752
2226272176528
1143940417936
2243452045712
1140920321424
2240431949200
1122397489504
2221909117280
1139577358688
1126960548192
2226472175968
1144140417376
2243652045152
1123739322720
2223250950496
1140919191904
2240430819680
1128034290016
2227545917792
2239157126752
2226204001952
1143872243360
2243383871136
1140719241632
2240230869408
1122464515728
2221976143504
1139644384912
2239156012688
1126759483024
2226271110800
1143939352208
2243450979984
1123538257552
2223049885328
1140987611792
2240499239568
1127834290528
2227345918304
1145215290016
2244726917792
1122398520912
2221910148688
1139578390096
2239090017872
1126961923664
2226473551440
1127767230864
2227278858640
1127029049952
2226540677728
1123807545744
2223319173520
1123539387792
2223051015568
1122666908000
2222178535776
1139846777184
2239358404960
1126961875296
2226473503072
1144141744480
2243653372256
1123740649824
2223252277600
1123806758496
2223318386272
1123739649440
2223251277216
1127028984144
2226540611920
1144208853328
2243720481104
1128102725968
2227614353744
1145282595152
2244794222928
1145214436704
2244726064480
1143940401504
2243452029280
1127833044320
2227344672096
1126961662624
2226473290400
2239357339232
1126960809568
1140717947232
2240229575008
1122732951120
2222244578896
1139912820304
2239424448080
1123806692944
2223318320720
1140986562128
2240498189904
1127027918416
2226539546192
1145214158432
2244725786208
2240163710352
1122398471568
2221910099344
1139578340752
2239089968528
1127767180688
1144947049872
2244458677648
1139644385888
2239156013664
2227277564240
1145282398864
2244794026640
1122397489552
2221909117328
1139577358736
2239088986512
1126692456848
2226204084624
1143872326032
2243383953808
1126960809312
2226472437088
1145214502560
1143940467360
2243452095136
2227345655376
1145013896784
2244525524560
1122398209616
2221909837392
1139578078800
2239089706576
1126693176912
2226204804688
1126692375120
2226204002896
2221975947616
1127834012048
2227345639824
1127029048992
2226540676768
1127833224800
2227344852576
1127028722080
2226540349856
1122397489568
2221909117344
1139577358752
2239088986528
1126760613520
2226272241296
1123740648784
2223252276560
1140920517968
2240432145744
1128035616080
2227547243856
1145215485264
1122666906960
2222178534736
1139846776144
1123537996432
2223049624208
1122464335200
1145282398560
1126760285856
1122464516512
2221976144288
1139644385696
2239156013472
1126759483808
2226271111584
1143939352992
1123538258336
2223049886112
1122666645152
2222178272928
1139846514336
2239358142112
1126961612448
2226473240224
1144141481632
2243653109408
1123740386976
2223252014752
1122733754000
2222245381776
1139913623184
2239425250960
1127028721296
2226540349072
1144208590480
2243720218256
1123807479120
2223319106896
1122464253264
2221975881040
1139644122448
2239155750224
1126759220560
2226270848336
1143939089744
2243450717520
1126960827024
2226472454800
1144140696208
2243652323984
1123739601552
1145281611408
2244793239184
2244725787040
1140920584848
2240432212624
1145281283744
2244792911520
1123807741280
2223319369056
1127766968992
2227278596768
1140920257184
2240431884960
2222982859424
1140650755424
2240162383200
1144945722720
2244457350496
1122665579872
2222177207648
1139845449056
2239357076832
1122398455376
2221910083152
1122732951904
2222244579680
1139912821088
2239424448864
1127027919200
2226539546976
1144207788384
2243719416160
1123806693728
2223318321504
1122734017120
2222245644896
1122465384848
2221977012624
1123470968144
2222982595920
1140650837328
2240162465104
1144207803728
2243719431504
1123538339152
2223049966928
1140718208336
1123806774608
1122397160800
2221908788576
1139577029984
2239088657760
1143871997280
2243383625056
1123470902624
2222982530400
2244457612704
1123539323552
2223050951328
1145282594400
2244794222176
2226271110544
1143939351952
2243450979728
1123538257296
2223049885072
1140718126480
2240229754256
1128034305424
2227545933200
1145214174608
2244725802384
2227614090640
1127833240976
2227344868752
1145013110160
2244524737936
1126961612176
2243720202576
2222178257232
1139846498640
2239358126416
1126961596752
2226473224528
1144141465936
2243384658256
1123471935824
1145215534736
2244727162512
2226271980112
1127834094160
2227345721936
1145013963344
2244525591120
1123539126864
2223050754640
1140718996048
2240230623824
1140651083408
2240162711184
1127766181520
2227277809296
1128102528352
2227614156128
1140987366032
2240498993808
1145215207072
2244726834848
1122398209632
2221909837408
1139578078816
2239089706592
1143873046112
2243384673888
1123471951456
2222983579232
1127766133328
2227277761104
1144946002512
2244457630288
1128034568784
2227546196560
1145214437968
2244726065744
1122397424208
2221909051984
1140919469728
2240431097504
1128034355808
2227545983584
1127028967008
2226540594784
1128102709664
2227614337440
2239357338976
2226270848400
1143939089808
1123539043728
2223050671504
1140718912912
2240230540688
1123807479184
2223319106960
1140987348368
2240498976144
1123806512736
1127027918160
2226539545936
1144207787344
2243719415120
1122732950864
2222244578640
1144208639328
2243720267104
1127834273440
2227345901216
2222245366416
1143940155744
2243451783520
1122732689056
2222244316832
1139912558240
2239424186016
1127027656352
2226539284128
1144207525536
2243719153312
2223318058656
1140717864288
2240229492064
1145013160544
2244524788320
2240162661968
1128101414480
2227613042256
1145281283664
2244792911440
2239088658000
1126692128336
2226203756112
1143871997520
2243383625296
1145013945760
2244525573536
1122397161056
2221908788832
1139577030240
2239088658016
1126692128352
2226203756128
1143871997536
2243383625312
1123470902880
2222982530656
1145282315920
2244793943696
1145214421648
2244726049424
1139644140128
2239155767904
1140986366368
2240497994144
1140718208416
2240229836192
1144945739408
2244457367184
1122665596560
2222177224336
1139845465744
2239357093520
1126960563856
2226472191632
1122398275152
2221909902928
1139578144336
2239089772112
1126693242448
2226204870224
1140986578576
2240498206352
1128101415264
2227613043040
1140652067472
1122397161104
2221908788880
1139577030288
2239088658064
1126692128400
2226203756176
1143871997584
2243383625360
1123470902928
2222982530704
1143940221600
1123740714336
2223252342112
1122397161120
2221908788896
1140717930144
2240229557920
1139577030304
2239088658080
1128034355600
2227545983376
1126692128416
1127832979040
2227344606816
1123740436064
2223252063840
1145214437776
2244726065552
1139846514080
2239358141856
2226473239968
1144141481376
2243653109152
1127028721040
2226540348816
1144208590224
2243720218000
1122733753744
2222245381520
1139913622928
2239425250704
1123807495568
2223319123344
1128101481120
2227613108896
1122665859472
2222177487248
1139845728656
2239357356432
1126960826768
2226472454544
1144140695952
2243652323728
1145013160336
2244524788112
1128035600976
2227547228752
1145215470160
2244727097936
1144141728336
2243653356112
1122666891856
2222178519632
1139846761040
2239358388816
1122464320096
1145012832672
2244524460448
1122398194016
2221909821792
1139578063200
2239089690976
1126693161312
2226204789088
1143873030496
2243384658272
1123471935840
2222983563616
1140719240800
2240230868576
2221909100192
1139577341600
2239088969376
1126692439712
2226204067488
1143872308896
2243383936672
1123471214240
2222982842016
1140651083424
1128035338592
2227546966368
1140920501904
2240432129680
1127767180640
2227278808416
1144207592096
2243719219872
1143939434144
2243451061920
2239088921184
1126692391520
2226204019296
1143872260704
2243383888480
1123471166048
2222982793824
1140651035232
2240162663008
1127766133344
2243450735264
1128102791776
1123539061328
2223050689104
2227614419552
1128035682720
2227547310496
2244727097696
1128035404448
2227547032224
1140651886944
2240163514720
1127766985056
2227278612832
1144946854240
2244458482016
1123807561376
2223319189152
1123739667104
2223251294880
1139645253968
2239156881744
1126760352080
2240229837392
1122398538320
2221910166096
1139578407504
2239090035280
1143873374800
2243385002576
1123472280144
1126960548240
1144208902752
2243720530528
1144141793696
2243653421472
1140718127712
2240229755488
1122397422928
2221909050704
1139577292112
2239088919888
1126692390224
2226204018000
1143872259408
2222177486160
1139845727568
2239357355344
1127833028176
2227344655952
1145012897360
2244524525136
1140718912928
2240230540704
1128034551136
2227546178912
2244525836960
1122397489760
2221909117536
1139577358944
2239088986720
1126692457056
2226204084832
1123538061664
2223049689440
1143872326240
2243383954016
1128102791568
2227614419344
1139645188768
2239156816544
1127028721248
2226540349024
1126960826976
2226472454752
1128102463904
2227614091680
1122732688800
2222244316576
1139912557984
2239424185760
1144207525280
2243719153056
1123806430624
2223318058400
1128102513296
2227614141072
1127834355344
2227345983120
1128034616992
2227546244768
1127766133408
2227277761184
1123807807136
2223319434912
1123806448288
2223318076064
1122398274896
2221909902672
1139578144080
2239089771856
1126693242192
2226204869968
1143873111376
2243384739152
1123472016720
2222983644496
1140718127504
2240229755280
1126693423504
2226205051280
1143873292688
2243384920464
1123472198032
2222983825808
1140652067216
2240163694992
2243452044704
1144208574880
2243720202656
1127765936784
2227277564560
1144945805968
2244457433744
2244794205856
1139644401312
2239156029088
1126759287392
2226270915168
1122397489808
2221909117584
1139577358992
2239088986768
1126692457104
2226204084880
1143872326288
2243383954064
1123471231632
2222982859408
1128101676448
2227613304224
1123807758944
2223319386720
1128101725840
2227613353616
2244525589904
1127833242256
2227344870032
1123740649888
2223252277664
1122666907984
2222178535760
1139846777168
2239358404944
1140718995792
2240230623568
1127767247184
2227278874960
1144947116368
2244458744144
1123740633424
2223252261200
1140920502608
2240432130384
2240163497296
1123740699280
2223252327056
1122464319840
1145281332832
2244792960608
1145012849248
2244524477024
1140987431264
1143939171920
2243450799696
2240499059040
1123472213664
1140650756512
2240162384288
1122733738640
1123739404880
2223251032656
1140919274064
2240430901840
1126960630352
2226472258128
1144140499536
2243652127312
1128034372176
2227545999952
1140651033952
2240162661728
1127766132064
2239088904784
1122398520976
2221910148752
1139578390160
2239090017936
1126693488272
2226205116048
1143873357456
2243384985232
1123472262800
2222983890576
1122465580688
2221977208464
1139645449872
2239157077648
1126760547984
2226272175760
1143940417168
1140920256144
1128035337808
2227546965584
1145215206992
2244726834768
1127832962640
2227344590416
1144945740192
2244457367968
2226272176720
1126693440080
2226205067856
1143873309264
2243384937040
1143940418128
2243452045904
1126961875536
2226473503312
1140719176352
2240230804128
1122465581728
2221977209504
1128102708832
2227614336608
2240431933024
2244525853008
2227278793360
2243383608928
1123470886496
2222982514272
1123539110304
1145282381152
2244794008928
1145214486880
2244726114656
1123807480464
2223319108240
1145013897568
2244525525344
1123539322512
2223050950288
1144208901728
2243720529504
1126961875616
1122666907232
2222178535008
1139846776416
2239358404192
1144141743712
2243653371488
1123740649056
2223252276832
1122734016080
2222245643856
2240229557584
1122464318800
2221975946576
1139845794384
1123740387920
2223252015696
1140920257104
2240431884880
2227277498960
1144945740368
2244457368144
1123539323472
1140718209616
1144208656992
2243720284768
2244725867936
1122397162080
2221908789856
1122666628752
2222178256528
1140718994832
2240230622608
1139913869712
2239425497488
1139846497936
2239358125712
1126961596048
2226473223824
1140986365536
1140717881952
2240229509728
1128034633040
1122398209680
2221909837456
1139578078864
2239089706640
1126693176976
2226204804752
1143873046160
2243384673936
1123471951504
2222983579280
2240162400672
1122397162128
2221908789904
1139577031312
2239088659088
1139645433488
2239157061264
1143871998608
2243383626384
1139913623968
2239425251744
2243384739488
1122397162144
2221908789920
1139577031328
2239088659104
1143871998624
2243383626400
1123470903968
2222982531744
1126759565984
2226271193760
1122734065056
2222245692832
1122465367440
2221976995216
1139913934240
2239425562016
1144208901536
2243720529312
1127028984464
2226540612240
1145281268064
2244792895840
1123806693008
2223318320784
1145013110112
2244524737888
1128034371232
2227545999008
1122465581472
2221977209248
1139645450656
2239157078432
1140650755728
2240162383504
1127765853840
1144945723024
2244457350800
1143871982160
2243383609936
1122665580176
2222177207952
1140920567136
2240432194912
1144946050448
2244457678224
1144208656784
2243720284560
1145012831840
2244524459616
1144207869536
2243719497312
1145281612192
1140717881744
2240229509520
1127765936528
2227277564304
1144945805712
2244457433488
1144140760480
2243652388256
2244793239968
1122464515744
2221976143520
1143940220560
2243451848336
2244458465872
1145013175968
2244524803744
1145281333920
2244792961696
1122398472800
2221910100576
1139578341984
2239089969760
1143873309280
2243384937056
1123472214624
2222983842400
1145014208160
2244525835936
1128034290336
2227545918112
1128035681888
1123471951440
2222983579216
2227547309664
1122734016864
2222245644640
1139913886048
2239425513824
1127028984160
2226540611936
1123807758688
2223319386464
1139846498720
1128101480080
2227613107856
2239358126496
1126961596832
2226473224608
1144141466016
2243653093792
1122733738384
1126960630096
2226472257872
1123739404624
2223251032400
1122665662800
2222177290576
1123740453520
2223252081296
1140920257120
2240431884896
1140652082592
2240163710368
1144947049888
2244458677664
1122398194064
2221909821840
1139578063248
2239089691024
1126693161360
2226204789136
1143873030544
2243384658320
1123471935888
2222983563664
1145282644576
2244794272352
2221977208208
1139645449616
2239157077392
1123539322256
2223050950032
2221910099280
1139578340688
2239089968464
1143873307984
2243384935760
1123472213328
1127028983120
2226540610896
1144207591056
2243719218832
1140651035280
2240162663056
1127766133392
2227277761168
1144946002576
2244457630352
1122665859728
2222177487504
1139845728912
2239357356688
2221977192784
1140719258256
2240230886032
1139846564496
2239358192272
1140987414176
2240499041952
1140919519904
2240431147680
1128035681680
2227547309456
1123739321936
2223250949712
1128102463072
2227614090848
1128034568800
2227546196576
1128035354016
2227546981792
1122666906976
2222178534752
1139846776160
2239358403936
1144141743456
2243653371232
1123740648800
2223252276576
1128035403408
2227547031184
1144208852304
2243720480080
2223319385424
1128102724944
2227614352720
1145282594128
2244794221904
1122734015824
1140986562896
1145214241120
2244725868896
1122666628496
2222178256272
1139846497680
1122733754016
2222245381792
1122665859744
2222177487520
1139845728928
2239357356704
1123739338400
2223250966176
1145282644368
2244794272144
2240162448720
1127765919056
1144945788240
1140919256400
2240430884176
2244457416016
1143872046416
2243383674192
1123470951760
1122732968592
2222244596368
1139912837776
2239424465552
1139913623952
2239425251728
1139912836704
2239424464480
1145014208144
2244525835920
2226271979856
1140986579360
2240498207136
1123538060624
2223049688400
1145013880480
2244525508256
2244794223008
1144208918176
2243720545952
1122397209952
2221908837728
1139577079136
2239088706912
1122665663056
2222177290832
1139845532240
2239357160016
2222244399696
2239088724560
1126692194896
1143872064080
2243383691856
1140718143136
2240229770912
1127833029216
2227344656992
2244794272400
1123538077088
2223049704864
1126759482784
2226271110560
1140920321376
2240431949152
1122398194080
2221909821856
1139578063264
1126693161376
2226204789152
1123471935904
2222983563680
1127766968656
2227278596432
1144946837840
2244458465616
1140651870544
2240163498320
2239357355664
1126960826000
2226472453776
1144140695184
2243652322960
1123739600528
2223251228304
1140919469712
2240431097488
1128034567824
1139578340704
1145013095056
2244524722832
2239088921248
1126692391584
2226204019360
1143872260768
2243383888544
1123471166112
2222982793888
1140651035296
1139644188064
2239155815840
1144207805088
2243719432864
2240163694240
1127833029008
2227344656784
1123807757904
2223319385680
1122732950880
2222244578656
1139912820064
2239424447840
1123470951824
2222982579600
1140650821008
2240162448784
1144945788304
2244457416080
1122665645456
2222177273232
1127027739040
2226539366816
1123740370576
2223251998352
1144946787680
2244458415456
1128035617440
2227547245216
1126759302816
2226270930592
1139645498720
2239157126496
1122397210016
2221908837792
1139577079200
2239088706976
1139845727632
2239357355408
1140919469456
2240431097232
1128101676432
2227613304208
1140987611536
2240499239312
2222983644768
1140651886176
2240163513952
1127766984288
2227278612064
1144946853472
2244458481248
1140652067488
2240163695264
1144947034784
2244458662560
1122465565328
1122397489744
2221909117520
1139577358928
2239088986704
1126692457040
2226204084816
1143872326224
2243383954000
1123471231568
2222982859344
1140719175312
2240230803088
1144946853536
2244458481312
1123740648864
2223252276640
1144141728416
2243653356192
1123470969440
2222982597216
1123538274656
2223049902432
1140919274144
2240430901920
1139913885344
2239425513120
1127028771424
2226540399200
1126760613472
2226272241248
1127834356128
2227345983904
1122733753760
2222245381536
1139913622944
2239425250720
1127028721056
2226540348832
1144208590240
2243720218016
1126961662368
1122665859488
1128102726288
2227614354064
2222177487264
2239357356448
1126960826784
2226472454560
1123806710160
2223318337936
1144208640608
1122666891872
2222178519648
1139846761056
1144945723984
2244457351760
1123538340512
2223049968288
2222245628496
2223319370320
1139913869904
2239425497680
1144208837200
2243720464976
1128102709840
2227614337616
2244793239136
1145214502304
2244726130080
1140920584800
2240432212576
1143872062800
2243383690576
1126960629072
1144945804624
2244457432400
1145013962384
2244525590160
1144208837264
2243720465040
1127833224544
2227344852320
1145214224032
1140986382992
2240498010768
1126693422736
2226205050512
1140652066448
2240163694224
1126760613264
2226272241040
1123537996176
2223049623952
1122465384800
2221977012576
1139645253984
2239156881760
1126760352096
2226271979872
1143939172704
2243450800480
1143940221280
2243451849056
1126960825744
2226472453520
1144140694928
2243652322704
1128034567568
2227546195344
1145214436752
2244726064528
2240431097440
1144207542864
2243719170640
1123471164832
2222982792608
1140651034016
1145281611152
2244793238928
2240162661792
1127766132128
2227277759904
1144946001312
2244457629088
1145215534688
2244727162464
1122464269984
2221975897760
1144141727312
2243653355088
1126961858128
2226473485904
1128035599952
2227547227728
1145215469136
2244727096912
1122464319072
2221975946848
2239155816032
1126759286368
1145281283488
2244792911264
1140987365984
2240498993760
1145281332880
2244792960656
1145012849296
2244524477072
1122398472848
2221910100624
1139578342032
2239089969808
1143873309328
2243384937104
1123472214672
2222983842448
1140920256928
2240431884704
1123539306832
2223050934608
1140920306320
2240431934096
2222245694032
1123807806880
2223319434656
1123539323296
2223050951072
1145282594144
2244794221920
1140651885920
1127766984032
2227278611808
1140652067232
2240163695008
1127767165344
1144947034528
2244458662304
1123539045024
2223050672800
1122734082720
2223050753360
1123539125584
1122465383760
2221977011536
1139645252944
2239156880720
1126760351056
2226271978832
1143940220240
2243451848016
1145282315872
2244793943648
1122465565072
1143872325968
2243383953744
1123471231312
2222982859088
1140651100496
2240162728272
1145215206816
1140987365776
2240498993552
2244726834592
1140986578528
2240498206304
1140650837344
2240162465120
1144945804640
1127834093904
2227345721680
2244457432416
2222177289568
1123470969504
2222982597280
1140650838688
2240162466464
1140919469472
2240431097248
1140919518864
2240431146640
1127028966752
2226540594528
1128102775456
2227614403232
1144208656976
2243720284752
2240499059280
1122465385040
2221977012816
1139645254224
2239156882000
1123806512480
2223318140256
1140919191200
2240430818976
2222245366160
1122666891616
2222178519392
1139846760800
2239358388576
1126961858912
2226473486688
1144141728096
2243653355872
1122732951136
2244725867856
2222244578912
1143940204880
2243451832656
1123806693792
2223318321568
1122734000464
2222245628240
1123807742288
2223319370064
1140987611472
2240499239248
1127028967760
2226540595536
1144208836944
2243720464720
2227345967456
2221976929936
1122733738656
1122665663072
2222177290848
1139845532256
2239357160032
1126960630368
2226472258144
1144140499552
1123538257568
2223049885344
2244793943440
1145214421392
2244726049168
1139912641104
2239424268880
1122732771920
1123806513744
2223318141520
1140986382928
2240498010704
1144207608400
2243719236176
2227278792080
1144947033488
2244458661264
1123472197008
2222983824784
1140652066192
2221910082960
1139578324368
2239089952144
1140920501856
2240432129632
1122398472864
2221910100640
1139578342048
2239089969824
1143873309344
1126692129104
2243384937120
1140717929888
2240229557664
1122398258768
2221909886544
1139578127952
2239089755728
1126693226064
2226204853840
1140986300048
2240497927824
1127832978784
2227344606560
1145281546912
2244794287520
2244793174688
1139644205728
2239155833504
1128101480864
2227613108640
1122397210208
2221908837984
1139577079392
2239088707168
1126692177504
2226203805280
1143872046688
2243383674464
1123470952032
2222982579808
1123740632400
2223252260176
1140920501584
2240432129360
1122464318816
2221975946592
1139644188000
2239155815776
1126759286112
2226270913888
1143939155296
2243450783072
1123538060640
1127833044640
2227344672416
1123472213392
2222983841168
1128102725008
2227614352784
1145282594192
2244794221968
1145215288928
2244726916704
1122733737616
1122665662032
1123739403856
2223251031632
1140919273040
2240430900816
2222177289808
1139845531216
2239357158992
2222245365392
2239357340304
1144140679824
2243652307600
1123739585168
2223251212944
1140919454352
2240431082128
1128034552464
2243719219616
1127767229776
2227278857552
2239157144160
1123539061072
2223050688848
1145215470240
2244727098016
1143939155616
2243450783392
1140987627168
2240499254944
1128102513248
2227614141024
1128035404192
2227547031968
1123806775904
2223318403680
1128035616400
2227547244176
1123739666848
2223251294624
1139645172048
1122397210256
2221908838032
1139577079440
2239088707216
1126692177552
2226203805328
1143872046736
2243383674512
1123470952080
2222982579856
1140718127456
2240229755232
1122733999776
2222245627552
1145215288720
2244726916496
1122464336272
2221975964048
1139644205456
2239155833232
1126759303568
2226270931344
1143939172752
2243450800528
1145014208928
2244525836704
2240431949136
2240230622544
1122666710352
2222178338128
1139846579536
2239358207312
1126961677648
2226473305424
1144141546832
1145282579088
2244794206864
1122397210272
1145013946960
2221976996432
1139645237840
2239156865616
2244525574736
1123539110480
2223050738256
2243383691920
1123470969488
2222982597264
1140919273104
2240430900880
1126760286800
2226271914576
1128102513040
2227614140816
1122465385120
1127834355088
2227345982864
2221977012896
1123537995344
2223049623120
1128034616736
1123806775696
2223318403472
2227546244512
1123739404640
2223251032416
1140919273824
2240430901600
1123740699232
2223252327008
1127834076816
2227345704592
1123806448032
1144207608144
2243719235920
1128101480784
2227613108560
1145281349968
2244792977744
1122732771664
2222244399440
1139912640848
2239424268624
1128102774112
2227614401888
1145012914528
2244524542304
1145215224160
2244726851936
1127028786848
2226540414624
1145281284688
2244792912464
2243451849312
1122398471584
2221910099360
1139578340768
2239089968544
1143873308064
2243384935840
1123538011808
2223049639584
1143939353184
2243450980960
1143872062864
2243383690640
1123470968208
2222982595984
1140650837392
1140920256096
2240431883872
2222983628368
1127766967888
2227278595664
1144946837072
2244458464848
2227344869776
1122734015840
2222245643616
1139913885024
2239425512800
2223252326800
1144208852320
2243720480096
1123807757664
1128101397920
2227613025696
1127832963728
2227344591504
1127028704656
2226540332432
1144208573840
2243720201616
1128102446480
2227614074256
1145282315664
1122665843088
1139845712272
2239357340048
1126960810384
2226472438160
1144140679568
2243652307344
1123739584912
2223251212688
1122732968608
2222244596384
1140919208544
2240430836320
1140718994784
2240230622560
1123807824544
2223319452320
2239089771872
1143873111392
2243384739168
1123472016736
2222983644512
1145281612112
2244793239888
1127833307472
2227344935248
1128101742928
2227613370704
1126961858896
2226473486672
1143872064160
2243383691936
1128102708576
2227614336352
2222245643600
1145215224480
2244726852256
1127834274384
2227345902160
1122732967584
2222244595360
1139913935520
2239425563296
1127028984416
2226540612192
1123806692960
2223318320736
1126961924752
2226473552528
2244726113632
1128102774432
2227614402208
1122734081680
2222245709456
1145214420560
2244726048336
1140651870560
2240163498336
1140986365280
2240497993056
1140717881696
2240229509472
1145013946704
2244525574480
1144140498320
2227277563280
1144945804688
2244457432464
1145214240144
2244725867920
1122732967568
2222244595344
1139912836752
2239424464528
1144207804048
2243719431824
2244525590944
1139645433232
2239157061008
1139912641120
2239424268896
1145282333328
2244793961104
1145214437024
2244726064800
1127834356384
2227345984160
1140717947552
1122733819552
2222245447328
2240229575328
1128034370976
2227545998752
1127028705936
2226540333712
1140652132688
2240163760464
1145012831584
2244524459360
1128101661344
2227613289120
2239155766608
1144208655968
2243720283744
2221975947936
1143940220304
2243451848080
1139578127696
2239089755472
1126693225808
2226204853584
1143873094992
2243384722768
1123472000336
1123539307168
2223050934944
1126760532640
2240431163744
1140718209376
2240229837152
1139912903008
2239424530784
1127028001120
2226539628896
1123806775648
1145214503264
2244726131040
1127832978768
2227344606544
1126692178576
2226203806352
1143872047760
2243383675536
1123470953104
2222982580880
1140650822288
2240162450064
1127833044384
2227344672160
1122464335264
2221975963040
1139644204448
1145214240160
2226472256928
1144140498336
2243652126112
1128034355792
2227545983568
1122666711696
2222178339472
1139846580880
2239358208656
1126961678992
2226473306768
1128102529680
2227614157456
1140920322704
2240431950480
2221977192080
1123539306128
2223050933904
1126760531600
2226272159376
1127766197840
2227277825616
1127834273424
2227345901200
2239089755792
1143940417872
2243452045648
1128034290064
2227545917840
2244525589856
1123538340176
2223049967952
1144945723728
1122397145424
2221908773200
1139577014608
2239088642384
1126692112720
2226203740496
2244457351504
2240498977104
1122464254288
1122464336544
2221975964320
1123538078368
2223049706144
1126759303840
1127834356048
2227345983824
1122398538064
2221910165840
1139578407248
2239090035024
1126693505360
2226205133136
1140651887264
2240163515040
1127766985376
2227278613152
2243451849376
1145013963424
2244525591200
1122666711712
2222178339488
1144207526560
2243719154336
1127767164496
2227278792272
2239357077856
1123537996128
2223049623904
1127832963424
2227344591200
1128102447456
2227614075232
1140718913888
2240230541664
1122464254304
1123807479376
2223319107152
1128101481056
2227613108832
2240163513744
1127766984080
2227278611856
1144946853264
2244458481040
1122465383824
2221977011600
1139645253008
2239156880784
1144208655760
1126760531344
1127834273168
2227345900944
2221977191824
1122465564048
1123539305872
2223050933648
2226272159120
1122397226656
2221908854432
1139577095840
2239088723616
1126692193952
2226203821728
1127833044624
2227344672400
1127028705680
2226540333456
1128102447504
2227614075280
1140920240528
2240431868304
1140718913936
2240230541712
1145215207824
2244726835600
2223319369040
1123807741264
1145214421664
1123806512720
2223318140496
2244525509024
1128035338656
2227546966432
1145281268128
2244792895904
1122733738400
2222245366176
1123807480224
2223319108000
2227545917856
1128101661328
1140987693408
2240499321184
1122666973536
2222178601312
1126961940832
2226473568608
1144141810016
2243653437792
1139913951584
2239425579360
2222244317776
1122397145680
2221908773456
1139577014864
2239088642640
1127765854800
2227277482576
1122464254544
1123538078112
2223049705888
1126759303584
2226270931360
1143873111456
2240499058080
2243384739232
1123472016800
2222983644576
1140651885984
2240163513760
1127766984096
2227278611872
1140718209424
2240229837200
1122464598416
2221976226192
1139644467600
2239156095376
1126759565712
2226271193488
1143939434896
2243451062672
1127834077792
2227345705568
1145013946976
2244525574752
1128101480800
2227613108576
1122397226400
2221908854176
1139577095584
2239088723360
1143872062880
2243383690656
1123470968224
2222982596000
1123538077072
2223049704848
2226270930320
2243450799504
1143873373840
2243385001616
1122397473360
2221909101136
2244726114976
1145214487200
2227277482592
1123806431840
1122397145696
1139644123744
2239155751520
2243450718816
2244725787232
1143939091040
1140987348384
2240498976160
1145214240096
2244725867872
2226540332448
1127028704672
1128034370912
2227545998688
2244793157968
1144140678480
2243652306256
2227613288848
2226271898272
1128034634144
2227546261920
1140919536032
2240431163808
1122464598432
2221976226208
1139644467616
2239156095392
2240163695184
1128034288976
2227545916752
1140650755408
2240162383184
1123470886224
2222982514000
1126692111696
2221908772176
2239088641360
1144140744336
2243652372112
1145013946720
2244525574496
1123806709408
2223318337184
1139912559184
1140717865552
2240229493328
1140986301008
2240497928784
2226539285072
1139845450320
2244457351776
2239357078112
2222982515296
1140650756704
1143940203856
2243451831632
1145013945680
2244525573456
2226271962448
2239156095584
1126759565920
2226271193696
2240229837408
1145281267040
2244792894816
1122397144416
2221908772192
1139577013600
2239088641376
1143871980896
2243383608672
1139577080480
2239088708256
2244457417376
2226540348752
1140717931152
2240229558928
1145012898448
2244524526224
1123538061968
2223049689744
1122666629712
2222178257488
1139846498896
2239358126672
1143873030736
2243384658512
1123471936080
2222983563856
1127766182288
2223250967184
1126692456096
2226204083872
2222982515344
1144945724048
2244457351824
1122665581200
2222177208976
1139845450384
2239357078160
1126960548496
2226472176272
1144140417680
1140987693456
2240499321232
2239090035088
1126693505424
2226205133200
1123472279952
2222983907728
1140652149136
1122732755536
2222244383312
1123806497360
1122398275984
1126692456032
2226204083808
1143872325216
2243383952992
1123471230560
2222982858336
2227344934480
1145013175888
2244524803664
1127833306704
1145281268384
2244792896160
2243383610016
1123470887584
2222982515360
1140650756768
2240162384544
1144945724064
1140650821264
2240162449040
1127765919376
2227277547152
2223318336928
1144208836192
2243720463968
2222245627488
1123807741536
2223319369312
2239088659024
1126692129360
1143871998544
2243383626320
1123470903888
2222982531664
1140650773072
1122398194272
2221909822048
1139578063456
2239089691232
1126693161568
2226204789344
1143873030752
2243384658528
1140920240736
2240431868512
1126961924496
2226473552272
1122734081424
2222245709200
2223049967968
2221910165920
1139578407328
2239090035104
1126693505440
2226205133216
1143873374624
2243385002400
1123472279968
1126960613712
2226472241488
1122464319824
2221975947600
1139644189008
2239155816784
1126759287120
2226270914896
1143939156304
2243450784080
1140717930896
2240229558672
1143939156368
2243450784144
1145012898192
2244524525968
1122666628432
2222178256208
1139846497616
1143873029456
2243384657232
1139645171024
2239156798800
2227278529872
2243652045456
1123806431888
1128101399184
2227613026960
2223318059664
1140717865616
2240229493392
1122397145744
2221908773520
1139577014928
1122465368416
2221976996192
1126760335712
2239357143392
1144140482912
2243652110688
1123739388256
2223251016032
1140920306016
2240431933792
2227613304400
1140651034192
1127766132304
2227277760080
1144946001488
2222244383056
1139644204704
2239155832480
1143939172000
2243450799776
1145012913824
2244524541600
2221975963296
1140920306064
2240431933840
1123806497168
2223318124944
1139644189072
2239155816848
1126759287184
2226270914960
1140718979472
2240230607248
1145281349216
2244792976992
1140986563232
2240498191008
2221908838816
1139577080224
2239088708000
1126692178336
2226203806112
1143872047520
2243383675296
1123470952864
2222982580640
1123538061728
2227277498704
1128102446432
2227614074208
1140651804000
1127766902112
1143940138336
2243451766112
1145215206752
2244726834528
1122666628448
1140919454032
1122464516432
2221976144208
2244457613648
2243652307280
2223251212624
2244457351840
1122665581216
2222177208992
1139845450400
2239357078176
1126960548512
1123537996448
2223049624224
2222983907920
1123739600480
2223251228256
1145281545824
2244793173600
1123538273888
2223049901664
1126960825952
2226472453728
1128034567776
2227546195552
1145214420640
1139644122512
2239155750288
1126759220624
2222982514064
1123806430608
2223318058384
1145012831632
2244524459408
2243450717584
1140717864336
1123471215200
2222982842976
1140651018592
2240162646368
1127766116704
2227277744480
1144945985888
2244457613664
1122665843040
2222177470816
1139845712224
2239357340000
1122464582224
2239090018960
1144208835920
2243720463696
2222178518352
2239358387536
1139845449120
2239357076896
1122397144480
2221908772256
1139577013664
2239088641440
1145281267104
2244792894880
1144946854560
2244458482336
1123806692704
2223318320480
1140920240784
2240431868560
1122733999456
2222245627232
1128035599712
2227547227488
1143940221584
2243451849360
1123539126928
2223050754704
2222983841360
1140652082768
2240163710544
1145215485520
2244727113296
1145014158928
1144140678560
2243652306336
1145214420384
2244726048160
1144140483152
2243652110928
1145214224976
2244725852752
1128101464656
2227613092432
1145281333840
2244792961616
1139912624720
1122732950928
1123806497376
2223318125152
1144140483168
2243652110944
1143872047712
2243383675488
1122732755552
2222244383328
1139912624736
2239424252512
1126960809376
2226472437152
1122397406624
2221909034400
1139577275808
2239088903584
1126692373920
1145013945696
1127766182240
2227277810016
1144946051424
2244457679200
1140920502928
2240432130704
1145215470224
1139644189344
2239155817120
1143939156640
2243450784416
1145012898464
2244727098000
1139913869648
2239425497424
1126693423440
1140651805344
2222245366432
1123807480480
2223319108256
2226540333728
1127028705952
1140719191648
2240230819424
1145215485536
1145014158944
2244525786720
2227278808672
1144947050080
2244458677856
1140987627104
2240499254880
1140718143824
2240229771600
1144141531792
2243653159568
1122464320144
2221975947920
1139644189328
2239155817104
1126759287440
2226270915216
1143939156624
2243450784400
2227278612896
1144946854304
2244458482080
1122398276000
2221909903776
1126693243296
2244458399120
1144141531536
2243653159312
1140651804048
2240163431824
1139645254032
2239156881808
1143940221328
2243451849104
1145013963152
2244525590928
1123807546016
2223319173792
1122464320160
1144946838176
2244458465952
1122397211296
2221908839072
2227546195600
1140718143120
2240229770896
1145012897424
2244524525200
2240499059024
1139578325344
2239089953120
1126693423456
1145282578784
2244794206560
1128102709600
2227614337376
2226205051232
1143873292640
2243384920416
1145012849232
2244524477008
2226203821648
2243720481440
1127833029024
2227344656800
1145215469968
2244727097744
1145282595488
2244794223264
1143873029536
2243384657312
1123471934880
2222983562656
1143872244112
2243383871888
1123471149456
1140986562960
2240498190736
1128034552208
2227546179984
1127833225616
2227344853392
1128101661072
2223251032720
1140919274128
2240430901904
1145214241424
2244725869200
2226271127200
1123739600544
2223251228320
1122464532128
2221976159904
1123538273952
2223049901728
1128034567840
2227546195616
1126759499424
1123470902864
2222982530640
1140718208352
2240229836128
1145013175648
2244524803424
1139846776480
2239358404256
1140920518304
2240432146080
1144141743776
1145215485600
2244727113376
1127028983440
2226540611216
1128102725264
2227614353040
1127833027984
2227344655760
1140717929872
2240229557648
2222982776400
1145014142544
2244525770320
1122665842256
2222177470032
1139845711440
2239357339216
1127766115920
1144207787600
1145281529424
2244524525904
1139912624464
2239424252240
1127765920080
2227277547856
1144945789264
1122397226592
2221908854368
1139577095776
2239088723552
1126692193888
2226203821664
1143872063072
2243383690848
1122733999712
1127027918432
2226539546208
1128101660256
1140919453280
2240431081056
1139644384864
2239156012640
1139913868896
1140919256416
2240430884192
2240162400608
2222244579744
1127027919264
2226539547040
1140718127520
2240229755296
1128034552224
2227546180000
1140651018656
2244458744416
1144946838160
2244458465936
2223251211920
1127027918480
2226539546256
1144207787664
1140718126736
2240229754512
1128034371984
1127027918496
2226539546272
2227545999760
1145282382416
2244794010192
1128101660320
1139912820384
2239424448160
1122465564320
2221977192096
1139645433504
2239157061280
1126760531616
1127028967072
2226540594848
1122665842336
1140650821984
2240162449760
1127765920096
2227277547872
1144945789280
1128034355552
2227545983328
1122734016144
1122398471824
2221910099600
1139578341008
2239089968784
1126693439120
2226205066896
1143873308304
2243384936080
2227278874192
2227547243936
1140920518048
2240432145824
1127833291360
2227344919136
1140718193248
2240229821024
1144140434080
2240163513936
1144946853456
2244458481232
1128102528592
2227614156368
1122733819472
2244794271056
2222982841680
1122397472080
2221909099856
1145014207824
2244525835600
1144141728144
2243653355920
1122465646928
2221977274704
1139645516112
2239157143888
1126760614224
1126693226896
2226204854672
1143873096080
2243384723856
1123472001424
2222983629200
1126760352416
2226271980192
1139645254304
2239156882080
1140718996128
1140718191968
2240229819744
1122464580960
2221976208736
1139644450144
2239156077920
1126759548256
2226271176032
1143939417440
1128035616416
2227547244192
1145215288976
2244726916752
1139913689696
2239425317472
1140987431520
2240499059296
1126693504336
2226205132112
1143873373520
1140987414864
2240499042640
1123472017056
2222983644832
1127766984352
2227278612128
1122465384080
2221977011856
1123470887504
2222982515280
1123539125904
2223050753680
1126760351376
2226271979152
1123538322832
2223049950608
2239089772128
2226204870240
1143873111648
2243384739424
1123472016992
1144141547104
2243653174880
1123740452448
2244524804688
1123806775888
2223318403664
1144140761680
2243652389456
1145281612368
1128101743184
1123806758304
2223318386080
1122397472160
2221909099936
1139577341344
2239088969120
1126692439456
2226204067232
1123806512544
2223318140320
1127833291104
2222178519712
1144141728160
2243653355936
1122734000784
1123807742608
2223319370384
1127028968080
2226540595856
2243451045472
1143872063120
2243383690896
1123470968464
2222982596240
1127765935760
2227277563536
1122732770960
2222244398736
1122465384864
2221977012640
1139645254048
2239156881824
1126760352160
2226271979936
1143940221344
2243451849120
1123539126688
2223050754464
2223049950544
1122464580944
2221976208720
2239156077904
1126759548240
2226271176016
1143939417424
1128035600016
2227547227792
1126759286432
2226270914208
1122398259552
2221909887328
1122666695008
2222178322784
1139846564192
2239358191968
1126961662304
2226473290080
1144141531488
1143939435104
2243451062880
1122733034080
1144946853280
1122665646480
2222177274256
1139845515664
1140919257488
2240430885264
2239357143440
2223050753424
1126760351120
2226271978896
1140986643792
2240498271568
1128101741904
1127027738272
2226539366048
1128101480096
1122665662112
2222177289888
2222983891536
2244458728016
1139578391120
2239090018896
2243384986192
1123806431632
2223318059408
1123740633504
2223252261280
1122734000528
2222245628304
1123807742352
2223319370128
1127028967824
2226540595600
1128102709648
2227614337424
2226270864976
1143939106384
1123538011728
2221975946656
2222245643936
1126759286176
1127833028000
1140650822048
1140987676240
2240499304016
1140652131920
2240163759696
1122665923936
2222177551712
1139845793120
2239357420896
1126960891232
2226472519008
1144140760416
2243652388192
1122733032800
2222244660576
2226272242256
2244457678432
1140987676256
2240499304032
1144946050656
2223318123872
2244792960352
1144947099984
1126760614496
2226272242272
1122398259872
2226540414608
1140651886224
2240163514000
1127766984336
2227278612112
1144946853520
2244458481296
1144208656016
2243720283792
1145282397840
1123539110544
2223050738320
1127834077840
2227345705616
1145214486160
2244726113936
1145013159568
2244524787344
1122397472400
2221909100176
1126692439696
2226204067472
1139912640912
2239424268688
1127027739024
2226539366800
1144207608208
2243719235984
1128101480848
1127765869920
2227277497696
1144945739104
2244457366880
1143939091024
2243450718800
1140920567456
2240432195232
1140719240864
2240230868640
1123806758560
2223318386336
2244457678496
2243720268368
1123538011472
2223049639248
1140719241808
1127834355280
1123539387984
1122398258832
2221909886608
1139578128016
1144208919136
1144141810272
2243653438048
1122734082656
2222245710432
1140650838352
2240162466128
1144946837904
2244458465680
1123807823184
2243720283808
2243653174944
1145215288992
2244726916768
1143940220576
1143873111712
1143873358480
2243384986256
1144946068112
2244457695888
1127834356064
2227345983840
1122465368464
2221976996240
1139645237648
2239156865424
1126760335760
2226271963536
1123539110288
2223050738064
1123538323040
2223049950816
1145215273312
2244726901088
2243720268112
1145282382160
2244794009936
1127767246176
2227278873952
1140651870624
2240163498400
2227278596512
1144946837920
2223050738080
1128102513056
2227614140832
2239157142864
1143940482384
2243452110160
1127834355024
2227345982800
1145014224208
1144947115360
2244458743136
1145215550816
1122465645920
2221977273696
1139645515104
2239157142880
1126760613216
2226272240992
1123806775968
2223318403744
1122397489824
1139644123728
2239155751504
1123470886480
2222982514256
1140650755664
1127765853776
2227277481552
2222245430624
2244525851984
1145282397792
2244794025568
1144946002272
2244457630048
1128102528608
1122734000800
2222245628576
1128102709920
2227614337696
1123807742624
2223319370400
1127028968096
2226540595872
1122464597392
1123538322784
2223049950560
1127833290080
2227344917856
1145012832848
2244524460624
1140650755680
2240162383456
1127765853792
2227277481568
1144945722976
2244457350752
1128034289248
2227545917024
1122464253536
1139645253024
2239156880800
2244457694624
1145012832592
2244524460368
1122464597408
1126759221584
2226270849360
1123538340240
2223049968016
1122398538384
2221910166160
1139578407568
2240230869584
1139645499984
2239157127760
2221977258576
1126760598096
2226272225872
1143940467280
2243452095056
1139913688416
2239425316192
1127028786528
2226540414304
2223319188832
1123739339408
1126760532304
2226272160080
1145281530192
2227613288784
1122397407568
2221909035344
1139577276752
1140651018576
2240162646352
1123739584848
1126960613776
2226472241552
1144140482960
2243652110736
2243719236256
1145281350304
1123806513824
1123538011744
2223049639520
2226540595552
1145214421344
2244726049120
2239425496464
2226203822752
2240498009744
1139645516448
2239157144224
1140719258272
2240230886048
1122398538400
2221910166176
1139578407584
2239090035360
1139912821136
2239424448912
1127027919248
2226539547024
1123806693776
2223318321552
1127028704848
2226540332624
2227345638992
2226472438176
1144140679584
2243652307360
1145215469984
1143873373584
1122465368736
2221976996512
1139645237920
2239156865696
1126760336032
2226271963808
1143940205216
2243451832992
1123539110560
1144207608224
2243719236000
1145282382432
2244794010208
1145012847968
2244524475744
2243720268384
1143873357136
2243384984912
1123472262480
1140719257184
2240230884960
1122465367696
2221976995472
1139645236880
2239156864656
1126760334992
2226271962768
1123539109520
2223050737296
1127766182544
1127834011232
2227345639008
1143873029728
2243384657504
1128102446688
2227614074464
1140651018832
2240162646608
1144945986128
2244457613904
2226539365776
1144207607184
2243719234960
1123806512528
2223318140304
1122732770704
2222244398480
1139912639888
1145281349008
1122398537120
2221910164896
1139578406304
1122734081440
2222245709216
2244727178656
2243450717840
1126760335776
2226271963552
2244525786704
1139845727824
1127766116960
2227277744736
1144945986144
2244457613920
1122665843296
2222177471072
1139845712480
2239357340256
2244794009952
1145282382176
1140719256928
2240230884704
2244525852000
1140986563152
2240498190928
1122665843280
1140718127696
2240229755472
1122734000720
2240431082064
2243383937424
1123471214992
2222982842768
1139644467872
2239156095648
1143939435168
1140919453008
2240431080784
1128101659984
2227613287760
2226271110480
1144945723040
2244457350816
2243450717856
1127832962720
1145282579040
2244794206816
2223252261472
1128035600992
2227547228768
1127834274400
2227345902176
2243653158240
1145215272288
2244726900064
1122733802832
2222245430608
1139913672016
2239425299792
2240499041616
1140987413840
1127028770128
2226540397904
1144140745040
2243652372816
1122398210400
2221909838176
1139578079584
2239089707360
1126693177696
2226204805472
1143873046880
2243384674656
1123471952224
2221976947024
2239156816208
1143940155728
2243451783504
1122732755600
2222244383376
1145281333904
2244792961680
1123471230624
2222982858400
1140651099808
1127766197920
2227277825696
1140717864528
2240229492304
1139846564256
2243451061904
1145013175952
2244524803728
2226539547280
1144207788688
1123740633744
2223252261520
2226473306512
1144141547920
1140920322448
2240431950224
1140986644048
2240498271824
1144140679840
2243652307616
1123739387536
2223251015312
1139913673104
2239425300880
1127027918176
2226539545952
1140718126432
2240229754208
1122397406560
2221909034336
1145214420320
2244726048096
1123806430544
1144945740432
2244457368208
1123807742544
1139578325584
2239089953360
1143873292880
2243384920656
1126961859152
2226473486928
1122398456400
1143939090784
2243450718560
1126759565728
2226271193504
2243450979936
1145014209120
2244525836896
1127027934544
2226539562320
2240498272608
2222177274272
1139578390864
2239090018640
1143873358160
2243384985936
1123472263504
1122732755344
2222244383120
1139912624528
2239424252304
1127027722640
2226539350416
1123470886240
2222982514016
1127832962384
2227344590160
1145012831568
2244524459344
1123537995088
2223049622864
1123538339216
2223049966992
1140986628448
2240498256224
2223051000160
1145215535456
2244727163232
1145281595744
2244793223520
1127834339680
1122665908576
2222177536352
1140719240784
2240230868560
1122398456416
2221910084192
1123472198240
2222983826016
1144947034720
2244458662496
1145214502240
1144140481936
2243652109712
1139845514640
2239357142416
1122732770976
2222244398752
1123739387280
2223251015056
1140650772880
2240162400656
1122733999440
1122465302176
2221976929952
1139645171360
2243719416464
1145281530512
2244793158288
2222982777488
1128035666320
2227547294096
1145281595792
2244793223568
2239090035344
1143873374864
2243385002640
1140718193056
2240229820832
1140986628512
2240498256288
2223250966864
2222177225040
1139845466448
1126960564560
2226472192336
1122666973776
1126961941072
2226473568848
1143871997344
2243383625120
1144207592016
2243719219792
2243383675472
1140920256864
2239425578320
2240431884640
1122398455136
2221910082912
1126692440736
1127027919520
2226539547296
1144207788704
2243719416480
1128034552480
2227546180256
1128101479840
2227613107616
1122732770720
2222244398496
1139912639904
2239424267680
1144207607200
2243719234976
1139578063184
2239089690960
2240163432784
1126693161296
2226204789072
1143873030480
1144946772304
2244458400080
2240163776912
1145214224992
2244524526176
2240432212304
2243653175968
1140920322720
2240431950496
1122465318480
2221976946256
1139645187664
2239156815440
1126760285776
2226271913552
1143940154960
2243451782736
1127834027600
1145282577744
2244794205520
1128101725536
2227613353312
1140920501600
2240432129376
1143940466016
2243452093792
1126960547168
1144140416352
2243652044128
1145281332624
2244792960400
1140652066208
2240163693984
1144947033504
2244458661280
1140651017632
1144945984928
1144947100240
1144946051664
1143873292944
1128035666528
2227547294304
1127834339936
2227345967712
2243451046496
1140652132960
2240163760736
1143873029712
2243384657488
1127028770144
2226540397920
1122733802848
1122666890848
2222178518624
1126961858144
2226473485920
1139912558176
1126760286560
2226271914336
1127834028384
1144140432736
2243652060512
1140718192272
2240229820048
1122665842320
2222177470096
1123739584144
2226539350688
1139912624800
2244794009248
2221975881312
1126759220832
1126759564960
2226271192736
1127833306784
2227344934560
1139644466848
2239156094624
1140718208672
2223251015008
1122732754272
2222244382048
1139912623456
2239424251232
1144207590752
2243719218528
1123806496096
1126760335952
2226271963728
1144208640592
1123806446944
2223318074720
1144141481312
2243653109088
1128101414240
2227613042016
1122464269664
2221975897440
1139644138848
2239155766624
1127834339984
2227345967760
1123538324112
1123807808144
2223319435920
1128034618000
2227546245776
2227277810320
1122732754320
2222244382096
1122666711456
2222178339232
1123740453280
2223252081056
2227547048352
1126960874832
2226472502608
1128034616656
2227546244432
1127028787600
2226540415376
1145013160608
2244524788384
1144208902816
2243720530592
1145282644640
2244794272416
1123740699296
2223252327072
1128101463696
2227613091472
1144208837280
2243720465056
1145282579104
2244794206880
1122734064976
2222245692752
1144945739152
2244457366928
1140650771856
2240162399632
2223049886304
1145282660752
1123739338144
2223250965920
1122397160864
1140919191952
2240430819728
2222245431904
1123806497184
2223318124960
1122732755360
2222244383136
1139912624544
2239424252320
1127027722656
2226539350432
1128101464480
1123740435792
1122397211280
2221908839056
1140718913872
2240230541648
2223252326752
2222177551952
1144140760656
2243652388432
1140986628496
2240498256272
1145013094800
2244524722576
1127834077600
2227345705376
1139845712288
2239357340064
1139912623504
2239424251280
1123806496144
2223318123920
1140986365328
2240497993104
1144207590800
2243719218576
1123740386960
2244794205600
1122398455200
2221910082976
1123472197024
2222983824800
1145215468960
2244727096736
1145282577824
1127832979856
2227344607632
1123471936096
1143873374880
2243385002656
1123472280224
2222983908000
1140652149408
2240163777184
1127834012240
1122465647248
2221977275024
1139645516432
2239157144208
1126760614544
2226272242320
1128034617696
2227546245472
1122734000736
2222245628512
1144207592032
2243719219808
1144945724000
1143873095312
1144945789584
2244457417360
1128035666576
2227547294352
1127027919504
1122666695312
2222178323088
1123470902672
2222982530448
1123807544672
1123806497440
2223318125216
2243383675552
1144945789600
2239089690192
2222983562832
1144946771536
2221910165136
1143939434080
2243451061856
1145013175904
2244524803680
1122397488736
2221909116512
1139577357920
2239088985696
1122465629536
2221977257312
1126760596832
2226272224608
1128101464736
2227613092512
1145012897168
2244524524944
1139644188048
2239155815824
1123538324128
2223049951904
2243652061520
1145281349264
1140718929504
2240230557280
1145215223392
2244726851168
1143940154976
2243451782752
1128101414496
2227613042272
2239156799824
2227345639760
1143940139344
2243451767120
1123539044688
2223050672464
2223051016592
1139845777760
2239357405536
1126960875872
2226472503648
1144140745056
2243652372832
2223251278176
1140651084128
2240162711904
1139644450448
2239156078224
1126759548560
2226271176336
1123538323088
2223049950864
2222177469776
1122666695056
2222178322832
2223318059680
2244792960416
1122665645472
1122465318496
2221976946272
1126760285792
1123472278928
2222983906704
1145281284448
2244792912224
1128034306400
2227545934176
1122665597280
2222177225056
1126960564576
2226472192352
1122465368720
2221976996496
1139645237904
2239156865680
1126760336016
2226271963792
1143940205200
2243451832976
1126759237280
2226270865056
1140920256160
2239088642704
1123472279120
2222983906896
1127833291168
2227344918944
2244457629264
1145215288656
1122665661776
2222177289552
2240162711952
1122465630544
2221977258320
1126760597840
2240230869328
2240499304784
2244458727760
1127028771488
2226540399264
2244794010272
2240163776096
1144947115616
1139845530976
2239357158752
1126960629088
2226472256864
1144140498272
2243652126048
2239088985760
1144208656800
2243720284576
1122733820320
2222245448096
1123807562144
2223319189920
1127028787616
2226540415392
1128102529440
2240162662752
1127766133088
1139644402000
1144208640400
2243720268176
1127832980128
2227344607904
1145013897552
2244525525328
1122465319248
2226271192720
1128101742224
2227613370000
1140652133008
2240163760784
1144947100304
2244458728080
1122398522000
2221910149776
1139578391184
1123471935056
2227344672144
1126960892304
2226472520080
1139845531040
2239357158816
1122666957152
2222178584928
1139846826336
2239358454112
1126961924448
1144141793632
2243653421408
1123740698976
2222177224288
1144207541840
2243719169616
1144946051472
2244457679248
2240163449184
1127766919520
2227278547296
1144946788704
2244458416480
1128035354976
2227546982752
1122465319264
2221976947040
1145281611424
2244793239200
1128034633376
2227546261152
1143939107216
2243450734992
1123538012560
2223049640336
1140718914144
2240230541920
1139645172320
2239156800096
1143940483744
2243452111520
1145014225568
2244525853344
1122465647264
2221977275040
1123539389088
2223051016864
1123807824480
2223319452256
1144141531808
2243653159584
1122666695328
2222178323104
2226203755936
1140987415184
2240499042960
1139645171280
2239156799056
1126760269392
2226271897168
1143940138576
1123538258272
1128034305376
2227545933152
1139845465440
2239357093216
1127027672400
2226539300176
1144207541584
2243719169360
1123806446928
2223318074704
1140986316112
2240497943888
1144141809248
2243653437024
1145215551072
2244727178848
2226472257120
1123739403872
2223251031648
1122665662048
2222177289824
1139845531232
1139578144352
2240230885792
1122464581280
2221976209056
1127029049696
2226540677472
1123807824224
2223319452000
1145282382224
2244794010000
1122733803920
2222245431696
1143939171984
2243450799760
1123538077328
2223049705104
1139913688720
2239425316496
2244458743200
1144947115424
1140718912848
2240230540624
1122734081696
2222245709472
1127834093984
2227345721760
1140987692368
2240499320144
1122734081360
2222245709136
1139913950544
1140987430560
2240499058336
1144208656032
1122464532048
2221976159824
1143939368528
1145013110352
2244524738128
2227613092256
1123740387664
2223252015440
1140652132768
2240163760544
1127767230880
2227278858656
2244793157200
1122464515664
2243450979920
1123538257488
2223049885264
1122397406800
2221909034576
1127027983712
2226539611488
2223318386016
1126759221648
2244458728096
1122465630864
2221977258640
1126760598160
2226272225936
1143940467344
2243452095120
1145014209168
2244525836944
1145282397600
2244794025376
1122732688992
2222244316768
1122733033872
2222244661648
1139912903056
1143939106464
2243450734240
1139912820320
2239424448096
1128101741920
2227613369696
1139913673376
2239425301152
1144208640672
2243720268448
1143939353168
2243450980944
1145282578000
2244794205776
1122464270688
2222983580000
1140651821408
1122732705120
2222244332896
1139912574304
2239424202080
1144207541600
2243719169376
1122733803152
2222245430928
1139913672336
2239425300112
2239156799072
2244458416800
1140651017808
2240162645584
1122733803936
2222245431712
1139913673120
2239425300896
2226272241056
1143940482464
2243452110240
1123740386896
2223252014672
1128102790496
2227614418272
1122734081376
2222245709152
1139913950560
2239425578336
1144208917856
2243720545632
1122666694048
2222178321824
1139846563232
2239358191008
1126961661344
2226473289120
1128101743264
2227613371040
1139912903328
1126759499360
2226271127136
1122464532064
2221976159840
1126961613152
2226473240928
1144141482336
2243653110112
1144208639312
2243720267088
1145282333008
2244793960784
1126960547424
2226472175200
1140651017888
2240162645664
1144945985184
2244457612960
1143872325280
2243383953056
2243653109328
1123471952464
1123806431584
2223318059360
1128101398880
2227613026656
2239088659040
1143871998560
1122734066272
2222245694048
2223318058320
2226539283792
1144207525200
2243719152976
2244792894800
1128101397840
2227613025616
1145281267024
1139912557904
1145281284752
2244792912528
1123807496848
2223319124624
2244458678880
1144141727376
2243653355152
1122398520736
2221910148512
1139578389920
2239090017696
1143873357216
1123538258528
1139913934160
2239425561936
1144208901456
2243720529232
1145282643280
2240229754448
1140718126672
1127833224784
2227344852560
1145013093968
2244524721744
1140652149392
2240163777168
2244792977808
1139913689504
2239425317280
2244794288800
2223049886048
2239358142048
1126961612384
2226473240160
1144208574032
2243720201808
1144207853968
2243719481744
1123806759312
2223318387088
2244524721488
1145013093712
2243383626336
1123470903904
2222982531680
1144945740384
2244457368160
2223318076000
2223319124320
1122733754720
2222245382496
1139913623904
2239425251680
1144208591200
2243720218976
1123807496544
1127834011984
2221910084176
1127767165520
1144947034704
2244458662480
1123472198224
2222983826000
1140987364688
2240498992464
2226540415648
1122732706448
2222244334224
1139912575632
2239424203408
1144207542928
2243719170704
1123806448272
2223318076048
1140986627424
2240498255200
1122398521936
2221910149712
1123472263760
1122666711648
2222178339424
1126961678944
1144207608416
2243719236192
2239357355424
1126960825760
1123538011488
2223049639264
1127766919760
2227278547536
2222983580240
1122732688736
2222244316512
1145281350288
2244792978064
1123739404944
2243652127376
2223050951264
1127834290784
2227345918560
1145214241440
1144947100256
2244458728032
1123807808096
2223319435872
1126960564640
2226472192416
1122734082704
2222245710480
1123807824528
2223319452304
1123470903952
2222982531728
1140650773136
2240162400912
1128102725200
2227614352976
1140987349328
1128101742240
2227613370016
1139912885904
2239424513680
1122733753952
2222245381728
1123807495776
2223319123552
1143871997328
2243383625104
1127029033616
2226540661392
1128102775440
2227614403216
1123472263824
2222983891600
1122398537040
2221910164816
2221908788640
1139577030048
1140652067424
2240163695200
1123539307088
2223050934864
1145281284768
2244792912544
1123472263840
2222983891616
1144947100320
1144208917920
1139913607776
2239425235552
1128102791840
2227614419616
1139913951904
2239425579680
2222245710496
1144208919200
2243720546976
1145282661024
1140719240608
2240230868384
1145281283472
1145281283424
2244792911200
1122733737552
1144208574816
2243720202592
2240498271904
2223318125136
1123470902688
2222982530464
2223318141600
1145014143584
2244525771360
1122397211216
1143872047696
1144207804768
2243719432544
1145281546592
2244793174368
1122734066320
2222245694096
1144141481552
1140717947488
1140717946448
2240229574224
1122732705184
2222244332960
1139912574368
2239424202144
1144207541664
2243719169440
2222244579664
1144208902800
2243720530576
1128101676640
2227613304416
1145281349024
2244792976800
1140719192672
2240230820448
1144208853600
2243720481376
1145215486560
2244727114336
2244525787808
2222244316496
1122732688720
1143871980880
2243383608656
1144945722704
2244457350480
1140651099472
2240162727248
1140650837408
2240162465184
1144945804704
2244457432480
1145215552096
1140718209632
1144947116704
2244458744480
1128102726240
2227614354016
1145282595424
2244794223200
1140652083808
2240163711584
1144947051104
1126692177296
2226203805072
1143872046480
2243383674256
1122397210000
2221908837776
1145281350240
2244792978016
1122732771936
2222244399712
1123806513760
2223318141536
1145282579024
2244794206800
