1465993217360
1487803598480
2587315226256
1762681505424
2862193133200
1556523075216
2656034702992
1831400982160
2930912609936
1813885634144
2913397261920
1815026485856
2914538113632
2657041335952
1467066959200
2566578586976
1741944866144
2841456493920
1810664342880
2910175970656
1488541813408
1467402570336
2846019962464
2566914198112
1742280477280
2841792105056
1810999954016
2910511581792
1467335461280
2566847089056
1742213368224
2841724996000
1536054938016
1741944867232
2841456495008
2635566565792
1810932844960
2910444472736
1488810248544
2588321876320
1763688155488
2863199783264
1557529725280
2657041353056
1832407632224
2931919260000
1832474805920
2931986433696
1763688139424
2863199767200
1813952694944
2913464322720
1763688204880
2863199832656
1557529774672
2657041402448
1832407681616
2931919309392
1466261735072
1741139642016
1467067025056
2566578652832
1741944932000
2841456559776
1535786501792
2635298129568
1810664408736
2910176036512
1759460361808
2858971989584
1553301931600
2652813559376
1828179838544
2927691466320
1466328843920
2565840471696
1741206750864
2840718378640
1535048320656
2634559948432
1809926227600
2909437855376
1483508713104
1484515345808
2584026973584
1759393252752
2858904880528
1553234822544
2652746450320
1828112729488
2927624357264
1815227746960
2914739374736
1813952742752
2913464370528
1832206370144
2931717997920
1763419703648
2862931331424
1827844213344
2927355841120
1484582439248
2584094067024
1465993283920
2565504911696
1740871190864
2840382818640
1534712760656
2634224388432
1763486878032
1535853611344
1467134068048
1470556621152
2570068248928
1745434528096
2844946155872
1471697537424
2570068313488
2571209165200
1539276097888
2638787725664
1814154004832
1488810314400
1553234822800
2652746450576
2655967610208
1471429036640
1746306943584
2845818571360
1540148513376
1815026420320
1745166091872
1466060343888
2565571971664
1740938250832
2840449878608
1534779820624
2634291448400
1809657727568
2909169355344
1467402570128
2566914197904
1742280477072
2841792104848
1536122046864
2635633674640
1809859102096
2909370729872
1810999953808
1471361927584
2570873555360
1746239834528
1465993283936
2565504911712
1740871190880
1832474741072
2657108461904
1488877357392
1763755264336
1557596834128
1762614412624
2862126040400
1556455982416
2655967610192
1831333889360
2930845517136
2862126024096
2566645712288
2841523619232
1535853561248
2635365189024
1810731468192
2910243095968
1827038906016
2926550533792
1828179757728
2927691385504
1467134133904
2566645761680
1742012040848
2841523668624
1535853610640
2635365238416
1470556687008
2570068314784
1745434593952
2844946221728
1539276163744
2638787791520
2913665698464
1488608921168
2588120548944
1763486828112
2862998455888
1557328397904
2656840025680
1832206304848
2931717932624
1741206750880
1557261288848
2862931346832
1832139195792
2931650823568
2840718378656
1535048320672
2634559948448
2914806483344
1540081404576
2639593032352
1535853561504
2635365189280
1810932861584
2910444489360
1488877423248
2588389051024
1763755330192
2863266957968
1487736571536
2587248199312
1762614478480
2862126106256
1556456048272
2655967676048
1831333955216
2930845582992
1758118102432
2857629730208
1551959672224
2651471300000
1826837579168
2926349206944
1471429036432
2570940664208
1746306943376
2845818571152
1540148513168
2639660140944
1470288184720
2569799812496
1745166091664
1466328844704
2565840472480
1470623746464
2570135374240
1745501653408
2845013281184
1539343223200
2638854850976
1814221130144
2913732757920
1470623795856
2570135423632
1745501702800
2845013330576
1539343272592
2638854900368
1814221179536
2913732807312
1466060342624
2565571970400
1740938249568
1465993283984
2565504911760
1740871190928
2840382818704
1534712760720
2634224388496
1809590667664
2909102295440
2582684780944
1470355310240
2569866938016
1745233217184
2844744844960
1539074786976
2638586414752
1813952693920
2913464321696
1484246894944
2583758522720
1759124801888
2858636429664
1552966371680
1827844278624
2927355906400
1540148513184
2639660140960
2656772916640
1759393172048
2858904799824
2657108511072
1465993284000
2565504911776
1740871190944
1827106081376
2926617709152
1534712760736
2634224388512
1809590667680
2858703472288
2910176052560
1815026436704
2914538064480
1484515281568
2584026909344
1759393188512
2858904816288
2652746386080
2927624293024
1470355375456
2569867003232
1471362009696
2570873637472
1746239916640
2845751544416
1540081486432
2639593114208
1534779885152
2588321942176
1815227811232
1466261734816
2565773362592
1741139641760
2840651269536
1534981211552
2634492839328
1809859118496
2909370746272
1814959327648
2914470955424
2638586398112
1484314003792
2583825631568
1759191910736
2858703538512
1466328843664
2565840471440
1741206750608
2857562686800
2840718378384
2857898248544
1552228190560
2651739818336
1827106097504
2926617725280
1466261654176
2565773281952
1741139561120
2840651188896
1534981130912
2634492758688
1809859037856
1831065504352
2930577132128
1557596900000
2657108527776
1483240277600
2582751905376
2910243161744
1758118184544
2857629812320
1551959754336
2651471382112
1813952693600
1826837661280
1484314020256
2583825648032
1759191927200
2858703554976
1553033496992
2652545124768
1827911403936
2927423031712
1762346026656
1471697552736
2571209180512
1746575459680
1759460297360
2858971925136
1553301867152
1828179774096
1758319445648
2857831073424
1552161015440
2651672643216
1827038922384
2926550550160
1470288266832
1557328464224
2656840092000
2638586480208
1759124817488
2858636445264
2569799894608
1745166173776
2844677801552
1539007743568
2638519371344
1813885650512
2913397278288
1471362009488
2570873637264
1487803599456
2587315227232
2861857654176
1809657776544
2909169404320
1487803663712
2587315291488
1762681570656
2862193198432
1831401047392
2930912675168
1487535180128
2587046807904
1762413087072
2861924714848
1556254656864
2655766284640
1762413136464
1556254706256
1831132613200
2930644240976
2861924764240
1540081420896
2656034784672
2586979748240
1762346027408
2861857655184
2655699224976
1831065504144
2930577131920
2914538113424
1540349839008
2639861466784
1557328446880
2656840074656
1758118184336
2857629812112
1551959754128
2651471381904
1826837661072
2926349288848
1488877340304
2588388968080
1763755247248
2863266875024
1557596817040
2657108444816
1832474723984
2931986351760
1487535245984
2587046873760
1762413152928
2861924780704
1556254722720
2655766350496
1831132629664
2930644257440
1540081403232
2639593031008
1556254722704
2655766350480
2588053441184
2583020341856
1467335460448
2566847088224
1742213367392
2841724995168
1536054937184
2635566564960
2910444471904
2841456511584
1535786453600
1810664360544
1740938234464
2840449862240
1809657711200
2909169338976
1483240196704
2582751824480
1487468054176
2586979681952
2635365239120
1810731518288
2910243146064
1763419769168
1467134134608
2566645762384
1742012041552
2857831123280
1759460362896
2858971990672
2571141990752
1746508269920
2846019897696
2639861467488
2914739374432
1809859053904
2909370681680
1827106032224
2926617660000
1467402519904
2566914147680
1742280426848
2841792054624
1810999903584
2910511531360
2840382834272
1534712776288
2634224404064
1809590683232
2909102311008
1539276162656
2638787790432
1471361926752
1535853562448
2635365190224
1810731469392
2910243097168
2570873554528
1746239833696
2845751461472
1740871140944
2840382768720
1534712710736
2634224338512
1809590617680
2909102245456
1557529790048
2635566564752
2910444471696
1467066976656
2566578604432
1535786453392
2635298081168
1810664360336
2910175988112
2863199782224
1557529724240
2657041352016
2931919258960
2930577081680
1470288201040
2569799828816
1535853561168
2635365188944
1810731468112
2910243095888
1470556636496
1745434543440
1763688203936
2863199831712
1465993233760
2565504861536
1740871140704
2840382768480
1809590617440
2909102245216
1483173102944
2582684730720
2840449877664
1466261719712
2565773347488
1741139626656
1758386537824
2857898165600
2651739735392
1827106014560
2926617642336
1467402585760
1487535162784
2587046790560
2566914213536
1742280492704
1551959672480
2651471300256
1466328828560
1551959673424
2651471301200
1826837580368
2926349208144
2565840456336
1741206735504
2840718363280
1487468070288
2586979698064
1762345977232
2861857605008
2931986367888
2930577147280
1551959688592
2651471316368
1826837595536
1540416948560
2639928576336
1815294855504
2914806483280
1814959327888
1814154003792
2913665631568
1470556620112
2570068247888
1488810313360
2588321941136
1763688220304
2565571954256
2840449861200
2634291430992
1809657710160
2570940663376
1746306942544
2588053423776
2845818570320
1540148512336
2639660140112
1815026419280
2914538047056
1539343271264
2638854899040
1535853628048
2635365255824
1557596898656
2657108526432
1539074787680
2638586415456
1746239833488
2845751461264
1814959310224
2914470938000
1540349905488
1815227812432
1557596883536
2657108511312
1832474790480
2931986418256
1470623745632
2570135373408
1745501652576
2845013280352
1539343222368
2638854850144
1814221129312
2913732757088
1471697488288
2571209116064
1746575395232
2846087023008
1540416965024
2639928592800
1815294871968
1745434543520
2844946171296
1471697537680
2571209165456
1746575444624
2846087072400
1540417014416
2639928642192
1815294921360
1470556685968
2570068313744
1745434592912
2844946220688
1539276162704
2638787790480
1539007679120
2638519306896
1813885586064
2913397213840
2844744829344
1763486828960
2861857605024
2862998456736
1827911338656
1746306959008
2845818586784
1540148528800
2639660156576
1815026435744
2914538063520
1465993284192
2565504911968
1740871191136
2840382818912
1809590667872
1483173153376
2582684781152
1540081469088
2639593096864
1487535179344
2587046807120
2861924714064
1535786452560
2635298080336
1810664359504
2910175987280
1488877422160
2588389049936
1815026436496
2914538064272
1466261718672
2565773346448
1741139625616
2840651253392
1534981195408
2634492823184
1483441587856
2582953215632
2913665698144
1740871140960
1487803599264
2840382818656
1534712760672
1809590667616
1814154085728
2913665713504
1483173153120
2582684780896
1758051060064
2914806565216
1740871141008
2840382768784
1809590617744
2909102245520
2840382768800
2634224338592
1809590617760
2909102245536
1745501652368
2845013280144
1488541795936
2588053423712
1831065438624
2930577066400
2927355905360
2583758521680
1827844277584
2652477998416
2634291431776
1809657710944
2909169338720
2584094083424
2858971990368
2652813560160
1828179839328
1758319510880
1827038987616
1488541862496
2862931397216
1556455983696
1470556637776
2844946172496
1539276114512
1483173169744
2582684797520
1758051076688
1465993284240
2565504912016
1740871191184
2840382818960
1484314019424
2583825647200
1759191926368
2858703554144
1471630444880
1746508351824
2846019979600
1540349921616
1815227828560
2914739456336
1484246910368
2583758538144
1759124817312
2858636445088
1762413152608
2861924780384
1552966387104
2652478014880
1827844294048
2927355921824
2861857654432
1746239834720
2845751462496
1759393187472
2845751543376
1540081485392
2639593113168
1814959392336
2914471020112
2565504912032
2840382818976
1809590667936
2909102295712
1466261719456
2565773347232
1762614462800
2862126090576
1556456032592
2655967660368
1831333939536
2930845567312
1467134134688
2566645762464
1742012041632
2841523669408
1535853611424
2635365239200
1534712759712
2634224387488
1809590666656
1488877405536
1466328828304
2565840456080
2634559932816
1809926211984
1552228189520
1758386619728
1483508712784
2583020340560
1827106096464
2861857588576
1556187530592
1762346026576
2861857654352
1556187596368
2655699224144
1831065503312
2930577131088
2639593048672
1551959672144
2651471299920
1815026419024
1553033413968
1759191844176
2858703471952
1487803681376
2587315309152
1762681588320
2862193216096
1831401065056
2588120549792
2588321925792
1539074853536
1484314019216
2583825646992
1759191926160
2858703553936
1553033495952
2652545123728
1827911402896
2927423030672
2655967676832
1831333956000
2930845583776
1810731453024
2910243080800
1763419719008
2569866922336
1745233201504
2844744829280
2638586399072
1813952678240
2913464306016
1487468136096
2586979763872
1762346043040
2861857670816
1556187612832
2655699240608
1831065519776
2930577147552
1539343222112
2638854849888
2841792120480
1740938298768
2840449926544
2634291496336
1534779868560
1810664343968
1832407616160
2931919243936
2927691400864
1470355360416
1467335460240
2566847088016
1742213367184
2841724994960
1536054936976
1484515329424
2584026957200
1742280493728
2841792121504
1488877406624
2588389034400
1487803681168
2587315308944
1556523157904
2656034785680
1831401064848
2930912692624
2638519306640
1813885585808
2913397213584
1832139180384
2931650808160
1484246829664
1487535244944
2587046872720
2861924779664
1556254721680
2655766349456
1831132628624
2930644256400
2639928641936
2635566516560
1810932795728
2910444423504
1832474724768
1831333873056
2930845500832
2931986352544
1813952694608
2913464322384
1556456048976
1759393253712
2858904881488
2634492774736
1552160999760
1827038906704
1467335477904
2584094000480
1759460279648
2858971907424
1828179756384
2927691384160
1540148528544
2639660156320
2858703473232
1484313938512
2583825566288
1759191845456
1758050993744
1826770470480
2926282098256
1484246829456
2583758457232
1759124736400
1552966306192
2652477933968
1471630361936
1815227745616
2914739373392
1551892645520
2651404273296
1745166173840
2844677801616
1758319495824
1552161065616
2651672693392
1827038972560
2926550600336
1484582438560
2584094066336
1553301915296
2652813543072
2927691450016
1484313954976
2583825582752
1759191861920
1553033431712
2652545059488
1746575394400
2846087022176
1540416964192
1815294871136
2914806498912
2846019913120
1471630427792
2571142055568
1746508334736
2846019962512
1540349904528
2639861532304
1815227811472
2914739439248
1471361944208
2570873571984
2845751478928
1540081420944
2639593048720
1827038987680
2926550615456
2927691467168
1832206288544
2931717916320
1763419784864
2862931412640
2909169339040
2588389050960
1470623812176
2570135439952
1745501719120
2845013346896
1539343288912
2586979764816
1762346043984
1831132547472
1487803598432
2587315226208
1762681505376
2862193133152
1556523075168
1740871141984
2840382769760
1809590618720
2909102246496
1758386555280
2857898183056
1552228125072
2651739752848
1762614396320
1470355376464
2569867004240
2844744911184
1539074853200
2638586480976
2635566499488
1809590618768
2582751839888
1758118119056
2857629746832
1551959688848
2651471316624
1826837595792
2926349223568
2840382769824
1809590618784
2909102246560
2571209115024
2846087021968
1540416963984
2639928591760
1815294870928
2914806498704
1488541813088
2588053440864
1466328843680
2565840471456
2840718378400
2909437855136
1832139246240
2927423030944
1484515345760
2584026973536
1828112729440
1470623730080
1487803598224
2570135357856
1484246911568
1552966388304
2652478016080
1827844295248
2927355923024
1758051060112
2857562687888
1826770536848
2926282164624
2569799879056
2652813494944
1810664344208
2910175971984
2931919242592
1758051075744
2857562703520
1551892645536
2651404273312
1470288266912
2569799894688
1467402570080
2566914197856
1742280477024
2841792104800
1536122046816
2635633674592
1810999953760
2910511581536
2656034703968
2566645761632
2841523668576
1557529774416
2657041402192
1832206289504
1831065503136
2930577130912
2931717982624
1467067024800
2566578652576
1741944931744
2841456559520
1810664408480
1553301931344
2652813559120
1828179838288
2927691466064
2841724929680
1810932778640
1763419768400
2862931396176
2656772965968
1832139245136
2931986418320
1488877423200
2588389050976
1763755330144
1832474806880
2587248199264
1762614478432
2862126106208
2569866921632
2930845501072
2931986352784
2863199848864
1746306943328
2845818571104
1466328827216
2565840454992
1741206734160
2840718361936
2656772982432
1832139261600
1488541877920
2588053505696
1534779820368
2634291448144
2569799812448
2844677719392
1539007661408
1466060409488
2565572037264
1740938316432
2840449944208
1534779886224
2634291514000
1809657793168
2909169420944
2927624341920
1471429101984
2570940729760
1746307008928
2845818636704
1540148578720
2639660206496
1815026485664
1488541862304
2588053490080
2656840091280
1467335460496
2927691451040
1470623795872
2570135423648
1745501702816
2845013330592
2913732807328
1484582439584
2584094067360
1553301916320
2914538047072
2587046790752
2655766267488
2635365172832
2861924697696
2930644174432
1810731452000
2910243079776
2588120532576
2862998439520
1470355294544
2569866922320
2840651253408
1534981195424
2634492823200
1810932844192
1471630427808
2571142055584
1540349904544
2639861532320
2657041401504
1470556685984
1483240277344
1740871124640
2840382752416
1534712694432
2845013329552
1814221178512
2913732806288
2846087071376
1815294920336
2914806548112
1483508696720
2583020324496
2857898231440
2926617708176
2588321858976
1557529707936
2657041335712
1557261290144
2639593048736
1745166109344
2844677737120
1827844229792
1813885586080
2913397213856
2927355857568
2857562639008
1758050993808
1488541797008
2588053424784
1534712695184
1826837596816
2926349224592
1470355311248
1745233218192
2844744845968
1746306960016
2845818587792
2565840390544
1741206669712
2840718297488
2634559867280
2638787742304
1471630379616
1746508286560
2846019914336
1540349856352
2639861484128
1815227763296
2914739391072
1814154021472
2913665649248
1488877340048
2635633625680
1810999904848
2910511532624
2570135374416
1745501653584
2845013281360
2638854851152
1814221130320
2913732758096
2652813494864
1551892579984
1814959326864
2914470954640
2858636379792
1827844228752
1813885585040
2913397212816
2861857605264
2862931347088
2931650823824
1540349920912
2639861548688
1810999953824
2910511581600
2566914197920
1763755313568
1832474790304
1470623795616
2570135423392
1745501702560
2930912627280
2635365172576
1810731451744
2910243079520
2569866921312
1745233200480
2844744828256
1539074770272
2638586398048
1813952677216
2913464304992
2926282099040
1483173087584
1758050994528
1826770471264
1809859053136
2909370680912
1742213318224
2841724946000
1810932794960
2910444422736
1470556636752
2570068264528
2844946171472
1539276113488
1831333890448
2930845518224
2913397196128
1471361926496
2570873554272
1826770537120
1813885586016
2913397213792
1742213367200
2841724994976
1810932843936
2910444471712
2570068313504
1745434592672
2844946220448
2582953215392
1758319494560
2857831122336
2634559931792
1742280476048
2841792103824
1814221178256
1746575443344
1540417013136
2639928640912
1763755312528
2570873620128
2651471300944
2909102311056
1557596898896
1832474805840
2931986433616
1557261289888
2656772917664
2861857606048
2635298081184
1831065455008
1745166109088
2844677736864
2910243096976
1470355310992
2931717933456
2652545059216
1551959689616
2651471317392
1826837596560
2926349224336
1759191861648
1483240262288
2582751890064
1535048238672
2634559866448
1809926145616
2909437773392
2635633608272
1810999887440
2910511515216
1467402503760
2566914131536
1742280410704
1745434592656
2844946220432
1742213319008
1536054888800
2635566516576
1810932795744
2910444423520
1470556637536
1745434544480
2844946172256
1539276114272
1759460297040
2858971924816
1467402520912
2566914148688
1536121997648
1471697488208
1746575395152
1540416964944
2639928592720
1470623746384
2570873570704
2845751477648
1540081419664
2639593047440
1814959326608
2914470954384
1488541812112
2588053439888
2927624291936
2844946171216
1539276113232
1814154020176
2913665647952
1487736505680
2587248133456
1466261669200
2565773296976
2840651203920
1534981145936
2841523604128
1746239915344
2845751543120
2569866921568
1745233200736
2844744828512
1813952677472
2913464305248
2570940663392
1746306942560
2845818570336
1815026419296
1466060391776
2862998505808
1552966387088
2652478014864
1465993218704
2565504846480
1809590602384
2909102230160
1827844213392
2927355841168
2570873571936
1810664425104
2910176052880
1466261654096
1534981130832
2634492758608
1809859037776
2909370665552
1553234741840
2652746369616
1539276098128
1826837595744
2926349223520
2652813542816
1828179821984
2927691449760
1758386621088
1827106097824
1535786501456
2635298129232
1556254640720
2655766268496
2930644175440
1763688204896
2931986417312
2651739801248
2570135422624
1557261273488
2656772901264
1535786437008
1488608922272
1557328399008
2656840026784
1831132564128
2930644191904
1465993218448
2565504846224
2566645713568
2841523620512
2909102295376
2657041336656
2931919243600
1557529708880
1832407615824
2909437790816
1809926163040
2566847023440
1467402521184
2566914148960
2846019898016
1556187547296
1557261289120
2656772916896
1814959326880
1831065437840
2566578587280
2569866921616
2914538047120
2565571954320
2910444422752
2844946171488
2913665648224
1471630378592
2571142006368
2846019913312
2914739390048
2930845517408
2657041352272
1557529724496
1556523091536
1831400998480
1763486893456
2862998521232
1466328778320
2565840406096
1741206685264
2844744893840
2910511532704
1466328827296
2565840455072
1741206734240
2840718362016
1809926210976
2909437838752
1483508696480
2583020324256
1762413087136
1813952694688
2913464322464
2927691450960
2931650808416
1758319494736
2857831122512
2857562638928
2927422965344
2857898165920
1552228107936
1827106014880
2926617642656
1557328381600
1826770470560
1553033414304
2652545042080
1484582373024
2584094000800
1551892564624
2588388985184
2913732757856
2914806499680
2914739456656
1465993217440
2565504845216
1740871124384
2840382752160
1809590601120
2909102228896
2565504861600
2639593047456
1470355309968
1557328397712
2656840025488
1832206304656
2931717932432
1745233216912
1827911337360
2930912627296
2652545058192
2931717933728
1762614412640
1763688154464
1810932794720
2910444422496
1745434543456
1746508285280
2846019913056
2657041352032
1484582389072
2584094016848
1759460296016
2858971923792
1553301865808
2652813493584
1828179772752
2927691400528
2930912626000
2656034719056
1540081469840
1465993299552
2565504927328
1740871206496
1758051060128
2857562687904
2914806548832
2844946220384
2913665697120
1828179756704
2927691384480
2910243162512
1465993299344
1488877421904
1762345962144
2861857589920
2914470939296
1484246829728
2583758457504
1552966306464
1470623794512
2570135422288
1745501701456
1551959673488
2651471301264
1826837580432
1556254640784
1483508632144
1553301850704
2858971908688
1828179757648
1487803599440
1762681506384
1488877341264
1832474724944
2931986352720
2652477950544
1484246828688
2583758456464
1759124735632
2858636363408
2927355840144
1488541795984
2565504846416
2840382753360
2588321858896
1832139179600
2931650807376
2910511581856
1552160998992
1466261653072
2565773280848
1484515264080
1553234740816
1832407681632
1535048238416
2634559866192
1809926145360
2569799879248
2844677786192
2913397262928
2927355906640
1539074837072
1471361993296
1763486894672
2862998522448
1809926161824
2909437789600
1813885568672
1827844213152
1540081404320
1814959311264
1832206289296
1551959755104
2651471382880
2910176052832
2638854834512
1814221113680
2913732741456
1758386538832
2571209099600
1746575378768
1809590601104
2909102228880
1534779819680
2857562621328
1483240212128
2582751839904
1758118119072
1746508334432
2846019962208
2652746369680
2914739438944
1814959327584
1758118169184
2857629796960
1484314004064
1759191911008
2858703538784
1762614396240
1539276096848
2638787724624
2857831056720
1758319428944
2639593114272
1540081486496
1758386604368
1814959393440
1762345961824
2914806547792
1539007677776
2571142055248
2909102294352
1831401047376
1746508334416
1831132547408
1487535163728
2638519371408
2913397278352
1762681570720
1831401047456
2930912675232
1556254656928
1831132563872
1745166092960
1810664344144
2566578588240
2841456495184
2587046806944
1556254655904
2655766283680
1557328397728
2656840025504
1810664360608
2910175988384
1467134133600
1535853610336
2910243145056
1470556685664
1831333938528
2930845566304
1467402503504
2566914131280
1483173087904
1758050994848
2857562622624
2840718314064
2565840407120
1809926161760
1483508647264
1552228124000
2914739374496
1810731469456
1552966321744
2652477949520
1539074835808
1466261735056
2566847104336
2635566581072
1810932860240
1758051059280
1758051010896
2857562638672
2651404208464
1759191909968
2930845567584
1759124800912
2858636428688
2570940664480
2566645697184
2651471301280
2930845567632
1488810298000
2588321925776
1832407681680
2931919309456
2587046857360
2857562704528
1488608905552
1763486812496
1487468053840
2586979681616
1762345960784
2861857588560
2584094001760
2583020259936
2651739736672
2652813478496
1488877341280
2588388969056
1487803664976
2587315292752
2909169403552
1488877405600
2588389033376
1763755312544
1832139179680
2565504845472
2582751823504
2583825565328
1487535163024
2638586399136
1536121980496
2638854833744
1814221112912
2913732740688
2587046806928
1467402570400
2566914198176
1742280477344
2841792105120
1810999954080
2652477934240
1809590682976
1815026420128
2914538047904
1745233201568
2565571955104
2840449862048
1746306943392
2930644175264
1552228108880
1470355359120
1487736554896
2569866986896
1466328827280
2565840455056
1466261670544
1470556637840
1745434544784
2913397262672
1540148577632
1465993233744
2846019913040
1540349855056
2914739389776
1488810247504
2588321875280
1467066975568
1809657791824
1483173086864
1540416947792
2639928575568
1815294854736
2914806482512
2571141989776
2846019896720
2638854834528
2571209099616
2846087006560
1758386538848
2651739736416
1484582373728
2584094001504
2639928576416
1810664342944
2910175970720
1745166091680
2844677719456
1539007661472
1813885568416
2913397196192
1813952677264
2913464305040
2565571954064
2569866921360
1745233200528
1746306942352
2846019978896
2565840389456
1742280410448
2841792038224
1810999887184
2910511514960
1746575377744
1466328761680
2913732740432
1813885584784
2565504861584
1740871140752
2840382768528
2584094066080
1759460345248
2858971973024
1553301915040
2638519354784
2862931396000
1540148512416
2639660140192
1540148529504
2639660157280
2931986368864
2587315243360
2930912627040
1813952694624
1746306958752
2845818586528
1832139179344
2931650807120
2565840455264
1741206734432
2840718362208
1535048304224
2634559932000
1809926211168
2909437838944
1540349856144
2582953167248
2857831074192
2584026909072
2858904816016
1487468071504
2566578588320
1488877423264
2588389051040
1809926210960
1487803614544
2587315242320
1762681521488
1484582373968
1534981211792
2634492839568
2913397278304
1471630379664
1746508286608
1815227763344
1466328763040
2565840390816
1741206669984
2840718297760
1809926146720
2927691449696
1557596817056
2657108444832
2913464387152
1745166173584
1552228124240
1556455982672
2655967610448
1759191860832
2584026974800
2858904881744
1742011992464
2931986368912
2841523620240
2656840009376
1762614412944
2862126040720
1831333889680
2930845517456
2863199782544
1809926162080
2909437789856
2635633624736
1746239833504
2845751461280
1814959310240
2914470938016
2587315243616
1809590617488
2909102245264
1557596833104
1832474740048
2588388984144
2931986367824
1488877356368
1535048238688
2634559866464
2566914131552
1536121980512
2635633608288
1745501635920
1539343205712
2638854833488
1814221112656
2639660139920
1815026419088
2914538046864
1484246893920
2583758521696
1742213319328
1745434544800
2862126041504
1556455983520
2565840407184
1741206686352
1809926163088
2931986369168
1742280428176
1483173169760
2582684797536
1540081485136
2914471019856
1831401063760
2930912691536
2587315307856
2588389049680
2845751543392
2639593113184
1831401063776
1484314019168
1466060326304
2565571954080
1740938233248
1534779803040
2634291430816
1810999888544
1551959755344
1466261669520
1741139576464
1534981146256
1742213318288
2914739455632
1815026501200
2914538128976
1471362008464
1466328761696
2565840389472
1741206668640
2840718296416
2583020258656
1467402503520
2566914131296
1742280410464
2565572019616
1534779868576
2634291496352
1487535244688
1488608986512
2652813478560
1831065503120
1810999969184
2910511596960
1487468135840
2586979763616
1831065519520
2861924697760
2583758539344
1759124818512
2858636446288
1465993300560
2565504928336
1809590684240
2861857671760
1467067042384
2566578670160
1831333890464
1557529725344
1809859053984
2840718313872
1535048255888
2634559883664
1809926162832
1551892563552
1826770470496
2634492773712
1831333872976
2930845500752
1810664359312
2910175987088
2566578603408
1815294854480
1540416947536
1831065438880
2930577066656
1471697487264
2635298146640
1831065520464
2930577148240
1831400981920
2930912609696
2930644175504
1746508350800
1540349920592
2639861548368
1815227827536
1466328827232
2565840455008
2840718361952
2909437838688
2565773362768
1534981211728
2634492839504
2566847104592
1536054953552
2635566581328
1813952677536
2913464305312
1557261338000
1832139244944
1466060409504
2931919243920
1831333954976
1831065520784
2913732807072
1762681587088
2583020340880
2857898247824
2657108526736
2566847038800
2634291512992
2571209180832
1746575460000
1758319511200
1552161080992
2926550615712
1484515346080
1759393253024
2927624357536
2910176036176
2639928592976
2571209116240
1746575395408
2638787741264
1466328762784
2565840390560
2926617660064
2927691401888
2565571954336
1809657710240
2931986351520
2857629813088
2587315243680
2930912627360
1758319445664
2857831073440
2926617659024
2566578653584
1809926228576
2656772917584
2909437856352
2930845583952
1487736572496
1762614479440
1535853628064
1557596898912
2657108526688
2931986433632
2651404274272
2582751906384
1553033497168
2570940663136
1763755264416
2863266892192
1827106032032
2926617659808
2638519356048
1488877421968
1763755328912
1832474805648
1832139261520
2931650889296
2651471365712
2652545107536
1470623794576
1832407697744
2931919325520
2588388984208
1763755263376
1762681521552
2862193149328
1828112713360
2571142006352
1467402504608
2566914132384
2930577130848
2566645696160
2858703554896
2930644257104
1557261272720
1534981146976
1483441539424
1539343207072
2638854834848
1814221114016
2930912626320
2841456510304
1810664359264
2910175987040
2634492839520
1488810314320
2841456576160
1466328763024
2565840390800
1483508632208
2583020259984
2914470938960
2857898232416
1758118119840
2565571971488
2909437855312
1746239850912
1539276180128
2638787807904
1551959738000
2651471365776
1826837644944
2926349272720
1484582438224
2570873621072
2565504911952
2840382818896
1758319430048
2857831057824
2639593030992
1487468137056
2586979764832
1762346044000
1809657792928
1471697472160
2571209099936
1746575379104
1487803680096
2587315307872
1762681587040
2570068247952
1557328463264
2931650872976
2862126089872
2583758473808
2845013264016
2913732740752
1487803615840
1488877357664
2588388985440
2635566516832
1540081469776
1556254722656
1831132629600
2846019914080
1540349921952
1832474741392
1809926211232
2909437839008
2652545107600
1487535180448
1831400982864
2930912610640
1762413069904
2586979681680
1831065437584
2862193150368
2930912627104
2566578603344
1827106030928
2844744911200
1488541878880
2588053506656
1763419785824
1832139262560
2565840472400
1535048321360
2634559949136
1809926228304
1536122063184
2635633690960
2840718379360
1762681588064
2841523685728
1831333955920
2930845583696
1488877421920
2588389049696
1810999904912
1740871206240
1557328464464
2931717999184
2914806482576
2841523685776
1467402504864
2566914132640
1745501637280
2845013265056
1832206371232
2566578669984
1809590602336
2566847022752
2931919242912
1467402569040
2652813559456
1828179838624
2931986352464
2858971907488
2566645695904
1488608904784
1832139179408
2638854899280
2844744828496
1539074836112
1813952743056
1540148577936
2566578652752
1540349838752
2639861466528
1467067041184
2566578668960
1810664424864
1556254657184
1483508648608
1484582374032
2566914214480
2841792121424
1810999970384
2930577148496
1488541878864
1470355309904
2569866937680
1745233216848
1746575461008
2910176053920
1483508714144
1465993217616
1534712694352
2931919242576
2931650823584
1467402519968
2566914147744
2931919308432
2909437774432
1467402504800
1540416948640
2565840456352
1540081469008
2639593096784
1762681571936
1831401048672
2570940679504
2845818586448
1827106096544
1745501718096
2571209181584
2639928658320
1831132612240
1810999904864
2910511532640
2638787725904
2857629812048
1831065519440
2930577147216
1814154021536
2566914214224
1539343288656
1552228107680
1488877340064
1487468137104
2862998505824
2857831139920
1759460361632
2652813559200
1828179838368
2927691466144
1487803680416
1762681587360
1536054887824
2931650889040
1832139261264
2914739391136
1745501718880
2845013346656
1831333874336
1466060342880
1553301932624
1832139197024
2565504845136
2840382752080
1740871124304
1809926212176
2909437839952
2909437856416
1466328844960
2565840472736
1488877422240
1540148512160
2639660139936
1540081468752
2571209181536
2846087088480
2844677802576
2588388969104
2566578586960
2841456493904
1810664342864
1810999954000
2910511581776
2566914198096
2566914214560
1809926161744
2638519289424
2930577132112
2571209180496
2586979764896
1831065520800
2930577148576
2857831057744
1759124735392
2858636363168
2639593031248
2571209116256
1831333874080
2931650873936
1832139262624
2931650890400
1809590666640
1745501719136
1487803681360
1831401065040
2930912692816
2931986433440
1465993218720
2565504846496
2566914214240
1465993299360
2565504927136
1466328843600
2565840471376
2566914213200
2931650808480
1832474806864
1745166091600
2844677719376
1745501719200
2845013346976
2914470937936
2845751461200
2846087088800
2930577065376
1831065437600
2565840389712
2931986433360
2566578587296
2930577066576
2931986418336
2931650808400
1832139261344
1467066960208
1832474806944
2931986434720
1831401065120
1831065437520
1467402585504
