1118117840208
5537618256
5537683792
5949786754
5470705992
5470783636
5470706248
5470783652
5470706056
5470783640
5470706312
5470783656
5676533842
6594648392
5537634692
5537634696
5537638788
5537638792
6595648072
6612408976
6612474512
6612413008
6612478544
6612413072
5471562312
6612478608
5538667076
5538667080
5538671172
5676599458
6611429768
5453732228
5453732232
5453736324
5453736328
5453736336
5453736352
5681285506
6594668168
5537634912
5537700448
5537634976
5537700512
6612413000
6612478536
6612413064
6612478600
6594652740
6594652744
5470726480
5470726496
5537617232
5537617248
5537633616
5537633632
6611441288
6612413024
6612478560
6612413088
6612478624
5538666848
5538732384
5538666912
5538732448
5537688196
5537688200
5740456480
6864136352
5807171744
6880913568
6611425680
6611425696
6611442064
6611442080
6611429776
6611429792
6611446160
5537867924
5537863832
5537867928
5537863844
5537867940
5537863848
5537867944
5470525768
5470591304
5470525832
5677140612
5677140616
5681334916
5681334920
5677156996
5677157000
5537941784
5537958168
5537941800
5537958184
5470783572
5470706244
5537876052
5537892436
5537876068
5537892452
5470590600
5945575746
6797027488
5945575810
6797035688
5538203796
5538220180
5538203812
5538220196
5537933460
5538191528
5538195624
5537933588
5537933844
5538195540
5538195604
6611425604
6611425608
6611429700
5537863780
5537929316
5537929380
5537929508
5537929764
5538191460
5538191524
5677140545
5677140546
6611634264
6611634328
6611699800
6611699864
5537942036
5537958420
5537942052
5537958436
5537942040
5537958424
5537942056
5537958440
5740194336
6612425348
6612425352
6612429444
6612429448
5538670920
5538736456
5538670984
5538736520
6611699796
6611699860
5538671176
5538736712
5538671240
5538736776
6594648464
6594648480
6594664848
6594664864
6594652560
6594652576
6594668944
6594668960
6611634276
6611634340
5681285764
5681285768
5681269384
5932993153
5932993154
5933009537
5933009538
5677075076
5677075080
5681269380
6611424608
5470509664
5470575200
5471562384
5471562400
5470509728
5470575264
5537683780
5537683784
5537687876
5537687880
5537700164
5537700168
5537704260
5453752708
5453752712
5470710340
5470710344
5470722628
5470722632
5470726724
5470726728
5945592132
5470509636
5470509640
5470513732
5470513736
5470526020
5470526024
5537634884
5537634888
5537638980
5537638984
5470710112
5470849556
5470710368
5470849572
5470710176
5470849560
5470710432
5470849576
5537618320
5537618336
5537634704
5537634720
5537622416
5537622432
5537638800
5537638816
5807102096
5807106192
5537703560
5680466082
6611424904
5680531618
6611429000
5681350978
5471557960
5471623496
5537621648
5537621664
5537638032
5537638048
5471558024
5471623560
5471558216
5471623752
5538687584
5538753120
6595647816
5471557968
5471557984
5471574352
5471574368
5471562064
5471562080
5471578448
5471578464
6595631428
5454785120
5454850656
5454785184
5680728161
5680728162
5454850720
6612605344
6612683288
6612605600
6612683304
5740210720
6611839328
5807122592
6611839584
5471623824
5723281568
5723285664
5453817480
5932992840
6611699236
5932992904
6611834528
5470513744
5470722640
5470722656
5470710352
5470726736
5470726752
5537876132
5537941796
5537892520
5537957992
5537958056
5470529096
5470529160
7019334212
7019334216
7023528513
7023528514
6611835216
6611835232
5676599378
6594648456
5677075010
6594648648
5677075074
6594648712
5453752648
5453732164
5453732168
5453736260
5453736264
5470705988
5470710084
5470710088
5453736272
5454801224
5454846600
5537688208
5537688224
5537704592
5537704608
6612609424
6612609440
6612609680
6612625824
5681285505
6594647712
5928814980
5928814984
5933009284
5933009288
5676337249
5676337250
5677091137
5680531538
5677091201
5680531554
5470508688
5470508704
5470525072
5470525088
5471562336
5471627872
5471627936
5680793682
6594664840
6611425616
6611425632
6611442000
6611442016
6611429712
6611429728
6611446096
6611446112
6797412888
6881303072
6881307168
6881315364
6881315368
5470529120
5677140548
5677140552
5681334852
5681334856
5677156932
5677156936
5681351236
5681351240
5945576001
5945576002
5470590624
6594651528
5677091138
6594651720
5677091202
6594651784
6611428960
5470574224
5453731460
5453731464
5453735556
5453735560
5453735568
5453735584
5453751940
5453751944
5470528848
5470594384
6813804704
5470783576
5470849112
5470849176
5470509700
5470509704
5807163544
5807163556
5807163560
5949786690
5471623504
5471623520
5471639888
5471639904
5471627600
5676345488
6611424672
5471627616
5471643984
5471644000
5471578768
5471578784
6611700008
6611700264
6611839632
6611839648
5676542112
6594648400
6594648416
6594664784
6594664800
6594652496
6594652512
6594668880
5471758928
5471758944
5471771280
5471775328
5537638992
5537704528
5537639056
5537700496
5471758992
5677091396
5677091400
5681285700
5681285704
5928815169
5928815170
5932993089
5932993090
5933009473
5933009474
5677140296
6611424864
5677140360
6611424928
5723228328
5740005544
6611441312
5933009218
6611429024
6595713608
6611835272
6611835528
5470721440
5470848548
5470721696
5470983840
5453801800
5453801864
5453736520
5453802056
5740190224
5740194320
5740206608
5740210704
5537618272
5537634640
5537634656
5537622352
6612609632
6612748836
6611424840
5538683528
5723293860
5723293864
6594669136
6594669152
7023528578
6611835488
5471623760
5471623776
5471640144
5471640160
5471627856
5471644240
5471644256
6595697224
5680474208
5680539744
6594664096
5681285448
6594651808
5681285512
6594668192
5680474272
6611445088
5471775136
5471758752
5537941780
5538203732
5470706000
5470706016
5470722384
5470722400
5470710096
5470574152
5470524808
5470578248
5470525000
5470590536
5470525064
6594665028
6594665032
6594669124
6594669128
5537682832
5537682848
5537699216
5537699232
5537686928
5537686944
5537703312
5537703328
5723236496
6611633700
5537617552
5537617568
5537633936
5537633952
5537929304
5537933400
5537933412
5537929320
5537933416
5470513476
5470579012
5470513540
5470579076
5454784864
5454846536
5454784928
5453801888
5945592392
5945592456
7019334280
6612429128
6612474504
6612429192
6611634724
5740013728
5470849108
5470849124
5470710148
5470710404
5470849128
5676533857
6594652484
5537633888
5537699424
5537699488
5681269057
5681269058
5681269121
5681285442
5470508624
5470508640
5470525008
5470525024
6611839312
6611446152
5538203800
5538220184
5538203816
5538220200
6611835268
6611839364
5470574160
5537617488
5537683024
5537683088
5470704976
5537617296
5537957972
5537958036
5470721376
5470783012
5470721632
5470983776
5453731144
5453796680
5453731208
5453796744
5453731400
5453796936
5453797000
5470508384
5470573920
5453818248
5538683552
5538749088
5470725776
5470725792
5470709392
5470709408
5537637776
5537637968
5537703504
5537703568
5470509392
5470509408
5470525776
5470525792
5470513488
5470513504
5677074753
5677074754
5470573904
5470590288
5470590304
5470578000
5470578016
5453751880
5470512464
5470512528
5470578064
5470512720
5470578256
5470512784
5470578320
6611700004
5537684100
5676533905
5676599441
6611425668
6611425860
5677140609
6611425924
5537634628
5453735520
5453735504
5681334913
5681334914
5681351297
5681351298
5470579040
5470513568
5470579104
6595648136
6595713672
6612490832
6612425360
6612490896
5740448292
6864128164
6864521768
6594668872
5537892440
5537892504
5933009480
6611839392
5933009544
5723228312
5740005528
6611441248
5932992834
5932992898
6611445344
5537622608
5537622624
5471574608
5471574672
5471640208
5470726544
5470988688
5470726800
5470988944
5471578704
5740186148
5807098020
6611699812
5453735240
5453735304
5453800840
5453735496
5453800864
5453801096
5470524768
6612609376
5538220136
5453802080
5453818436
5453818440
6611699988
6611700244
5470508432
5470508448
5470524816
5470524832
5470512544
5470528912
5470528928
5676271713
5676337234
6612425288
5470573968
5470573984
5470590352
5470590368
5470578080
5470594448
5470594464
5676271714
6594647432
5538666820
5538732356
5538666884
5538732420
5538732612
5538667140
5538732676
6612408644
6612408648
6594652832
5471578440
5471623816
5471578504
5471627912
6814190120
10907441544
6881298984
10907445640
6611442256
6611442320
5680732240
5680797776
5681269316
6594665040
5471758688
5471832600
5471898148
5537867880
5537933480
5537703584
5537933608
5537933864
5538195560
5537682768
5537682784
5537699152
5537699168
5537686864
5537686880
5537703248
5537703264
5723220112
6611633684
5537621584
5537637984
5928814916
5470509444
5470574980
5470575172
5470575236
5537863764
5537867860
5537863768
5537867864
5676279904
6594647648
5676345440
6594651552
5681269314
5681269378
6594665096
5454785156
5454801288
5928815172
5928815176
5933009476
5537618504
5537684040
5537618568
5537684104
5676533906
5676599442
6611425672
6611425864
5537958052
5537618244
5537618248
5677091458
6594652808
7120390786
5470984580
5470984584
5470988676
5470988680
5470575240
5470579332
5470579336
5470591620
5470591624
5470704992
5470782996
5470705248
5470705056
5470783000
5470705312
5470783016
5681350984
5740071080
6813812904
5807167648
5807179940
5807179944
5537621328
5537621392
5470709136
5470709152
5470725536
6611429984
6611430048
5538732680
5538736772
5537683872
5470595488
6594648452
6594652548
6594652552
6594664836
6594668932
6594668936
5537704328
5470509712
5470526096
5470526112
5470513808
5470513824
5470530192
5470530208
5677075073
5470726560
5538687624
5538753160
5537958164
5537957976
5537958040
5676279968
6611428704
5676345504
6611428768
5471578528
5471644064
6611446404
5538666824
5538732360
5538666888
5538732424
5538732616
5538667144
6612474184
5470783588
5470849188
5470984772
5470984776
5470988868
5470988872
5453736592
5453736608
5453752964
5453752968
5470722692
5470722696
5470726788
5470726792
5470706308
6612412996
5740186132
6611634260
5807098004
5928798785
5928798849
6611634280
5740448276
6612490888
5471574688
5680732304
6612490824
5537639008
5537704544
5537639072
5453736544
5453802144
6612429384
6611425936
6611425952
6611442336
6611430032
5928798792
6611634712
5928798856
6611634728
6595635528
6595697032
6595635592
6595701128
5928815233
6611699816
5537617504
5676538000
5676603536
6611425872
5807118496
6611839568
5538670944
5538736480
5538671008
5538736544
5537867876
5537933476
5537933604
5537933860
5538195556
5538195620
6612625760
6611429968
6595635792
6595635808
6595635856
6595652192
5471557956
5538220116
6612412804
6612412808
6612425096
6612413060
5470508360
5470573896
5470508424
5470573960
5470508616
5739997328
5538736720
6611445384
5677156744
5471644304
5471644320
6594648720
6594648736
6594665104
6594665120
6594652816
6594669200
6594669216
6611634344
6612425120
6612490656
5537617220
5537682756
5537617284
5537682820
5537617476
5537683012
5537617540
5537683076
5676271761
5676271762
5537633696
5681351048
6611445408
5537617224
5537682760
5537617288
5471775392
5472037536
5537682824
5537617480
5537683016
5537617544
5537683080
6595631748
6595631752
6595635844
6595635848
5470575176
5470579268
5470579272
5470591556
5470591560
5470595652
5470595656
5537684036
6612494752
5537684048
5537684064
5537700432
5537683856
5537700240
5537700256
5537687952
5537687968
5537704336
5537704352
6611634468
5470988704
5470705296
5470721680
5537633680
5537637712
5537618576
5471562308
5471574408
5471562372
5538670980
5538683268
5538683272
5470513760
5470579296
5470579360
5538203736
5470574928
5470574944
5470591312
5470591328
5470579024
5945592385
6864529952
5945592449
6864538152
5470530128
5470530144
5470526048
5681269313
5681285697
5681285698
6595701408
6814190116
5680732256
5680797792
5538671236
5680535648
5677091204
5470783780
5470784036
5470984784
5470984800
5470849316
5471644296
5538749060
5538749064
6611441056
6595652256
6595717792
5807114408
5470529864
5740054692
5740054696
5537621316
5537686852
5537621380
5537686916
5537621572
5537687108
5537621636
5537687172
5453801824
5453818180
5453818184
5537621320
5537686856
5537621384
5537686920
5537621576
5537687112
5537621640
5537687176
5676271778
7082625576
5470710152
5538203748
5538203752
7019334210
6881298980
5470594656
5537637792
5470529184
5470594720
5470528864
5470594400
6611839368
6595631520
6595647888
6595647904
5471627664
5677156680
5537622344
5537622408
5537687944
5537622600
5537688136
5537622664
5676533922
6611429704
5537638724
5537704324
5453798020
5453798024
5453802116
5453802120
5453802128
5453818500
5453818504
5470783592
5470783784
5470784040
5470710160
5470513480
5470579016
5470513544
5470579080
5470513800
5537929364
5537929368
5537933464
5537929384
5470530116
5470530180
5470595716
5470574176
5470590544
5470590560
5470578272
5676599393
5677091393
5677091457
6594652804
5470508420
5470512456
5453801120
5453735264
5453735328
5470595400
5470529928
5470595464
5453801796
5471754896
5471754912
6612408912
6612474448
5928815234
6611699880
5945592386
5945592450
7019334274
5740202532
6611839300
5807114404
6611839556
6611839620
5740464676
6864144548
5949786689
5949786753
7023528577
5470528904
5537633668
5537633672
5537637764
5537637768
5676341328
5676345424
5680535632
5681334849
6611442244
6611442308
5680732320
5680797856
5537703520
5723220128
6611633688
5739997344
5928814920
6611699224
6611699240
5470525828
5470591364
6594648708
5676603488
5676607584
5680801888
5676603472
5676607568
5680801872
5677091460
5677091464
5537634948
5537634952
5537621408
5537621600
5537687136
5537687200
5928814978
5537700176
5537634896
6594665092
6594669188
6594669192
5470512712
5470509648
5470575184
5453732420
5453797956
5453732484
5470574216
5470578312
5680539792
5680539808
6611445152
5470594696
5470512520
5740009616
5740013712
5739993248
5740009632
5537617312
5723232400
5723232416
5470849192
5470984836
5470984840
5470988932
5470988936
6880905368
5807114388
6611835460
6611835524
5740452384
6864132256
6880909472
5945592388
5945592452
7019334276
5537687120
5537687184
5470508368
5453751624
5453731396
5470709088
5470725472
5470705232
5470705040
5537618500
5537622596
5676275872
5928798530
5676341408
5928814914
5677075012
5677075016
5681269320
6612490576
5676607632
6611425888
5537700484
5537700488
5537704580
5537704584
5470574984
5470525840
5537704516
5537704520
5537699396
5537699400
5537703492
5537703496
5470525856
5470513552
5470529936
5470508680
5681334596
5681334660
6612408964
6612408968
6611634452
5537892456
5740186136
5470722372
5470722376
5453752644
5470726468
5470726472
5453732424
5453736516
5453736528
5470578336
5470594704
6611838624
6611834464
6611634472
6611835536
6611835552
5538748808
5538752900
5538752904
5471562056
5471562120
5471627656
5471627848
5471574660
5471574664
5471578756
5471578760
5538683524
5471558276
5471558280
5471562376
5538687620
5470783764
5470706256
5676337313
5676337314
5677156673
5680531602
6594648644
5677156737
5949786434
5740448296
5681334850
5681351233
5681351234
5676271777
5677140289
5680466066
5471558032
5471558048
5471574416
5471574432
5471562128
5471562144
5471578512
6595631492
6595631496
5538683472
5538749008
5538683536
5538749072
5470512800
5470709344
5470848536
5470848552
5537621344
5537683104
5453801056
5470984848
5470984864
5470849320
5470988960
6611441988
6611441992
6611446084
6611446088
5945592136
7019333960
6611424584
5676337298
6611424648
5677140290
5538667152
5538667168
5537684112
5537684128
5470574992
5470575008
5470591376
5470591392
5470579088
5470595472
5454780808
5454784900
5454784904
5454784912
6595631440
6595631456
6595631504
6595647840
6595631696
6595635552
6595631760
6595651936
5537929512
5470526084
5538748744
5538752836
5538752840
5676542032
6594648672
5676542096
6612412768
6612478304
6612474256
6612474272
6612490640
6612478352
6612478368
6612494736
5470849304
5538220120
5453797960
5453802052
5453802064
5453797700
5453797704
5453801808
6612408992
6612425376
6612429456
6612429472
6814206500
7120374402
6612408900
6612408904
5677156674
6595697056
6595713440
6595648096
6595701152
6595648160
6595713696
6612425056
6612490592
6612429136
6612494672
6612429200
5470526032
5470591568
5470591632
5470984528
5470722448
5470984592
5470722704
5537634960
5453818244
5723277476
5740054680
6612408656
6612408672
6612425040
6612412752
6612429152
6814190100
6814190104
5471558212
5471574596
5471574600
5471578696
5538683460
5538683464
5538736516
6612605536
6611446408
5537638728
5537704264
6612425032
6612474440
6611634324
5807098008
5928798786
5928798850
5740448280
6864128152
6612474208
6595651912
6595631684
5676537952
5676542048
5680736352
5680539728
5676341344
5680470160
5739989144
5680535696
5739989160
5470783768
5470784024
5470984608
6595631688
5471754832
5471754848
5471771216
5471771232
5470508356
5740058784
5740062880
5740071076
5945592194
5676341392
5680535712
5538683216
5538748752
5538683280
5538748816
5454785168
5454801540
5454801544
5471639952
5454780804
5454780996
5454781060
5677074818
6594647688
6612408708
6612408712
5470988612
5537637700
5537637704
5470508612
5470524744
5470508676
5470528840
5537633604
5537633608
6612494688
6612474192
7082625560
10907441736
5470591584
5470591648
5470984544
5470722464
5470722720
5537700192
5470512708
5723277464
6612408928
6612425296
6612425312
6612429392
6612429408
6814194208
7082629664
7082633760
5681351044
5470529872
5470595408
5453752900
5470595664
5470595728
5677156994
5681351300
5681351304
5537929496
5537929752
5538191448
5538191512
10907441800
5470525060
5470529156
5681350980
5470512516
5470512772
6595696992
6595631712
6595697248
6595631776
6595697312
6595635600
6612478288
6612412816
6611699876
5470595720
5537699204
5537699208
5537703300
5537703304
5680470176
6880921768
5740202536
6611839304
6611839560
5740464680
6864144552
5723277460
6611839624
5740202516
5740202520
5740186152
5470530120
6797019304
5681351042
5945592130
5537703240
5537637960
5538666832
5538683232
5538670928
5538687312
5538687328
6612605264
6612605280
6612605520
6612621664
5680793746
6611442056
6611442248
5538752848
5538687376
5538748768
5538683296
5538748832
5538752912
5454784840
5454846344
5454850440
5454785096
7082641956
7082641960
5538671248
5538671264
5676275856
5723211928
5723211944
5677140292
5677140356
5676275792
5676279888
5680474192
6594668896
5537699140
5537699144
5537703236
5471754592
5471770976
5538732368
5471754640
5537929748
5537933848
5470526088
5680466002
5677074817
5676599457
5680793745
5680793761
5680793762
5537941652
5537941668
5537941656
5537941672
5807122576
5932993096
5538732688
6611835296
5932993160
5945576065
5945576066
5681334657
5681334658
5681351041
5677156993
5538220132
5740206624
6611839376
5933009540
6611430020
6611430024
6797429288
7019317890
6611446432
6611446416
5537933592
5681269377
5470984516
5680728145
6594664772
5680793681
5470722436
6797412904
6611442312
6611446176
6880921764
6611425928
5723277480
5470509448
5470529924
5537618308
5537618312
5537622404
5470988624
5470988880
5537638736
5537704272
5681334593
5681334594
5453797768
5538191464
5470529860
5470595396
5470595460
5538191444
5538195544
6595635872
6611835208
5537688132
5470574916
5470574920
5470591300
5453801872
5676533841
5676533858
5680728146
5537618512
5537618528
5677075009
5538736708
5538195608
6612490848
6612490912
5538191508
5680736336
5807114392
6611835464
6611446352
5470513796
5537929300
5537933396
5681269122
6594664072
5928798536
5928798600
6611633704
5537683040
5537699408
6612474464
6612474528
5680736416
5680801952
5680797840
5680801936
5676603552
5676607648
5807163540
6612408720
6612408736
6612425104
6612412832
6612429216
6881298968
7120390792
5537863828
5538687304
5538687368
5538687560
5538753096
5537929492
6612494984
5538666896
5538732432
6611699992
5928815236
5537958180
5740190240
5807102112
10907445664
10907445896
5680728226
5677156930
6611429960
5470524996
6595652240
6612494928
6612494992
5537688144
5537688160
5470579280
5470595680
5537622340
5537634632
5470509380
5470509384
5470525764
5538753156
6611428744
6611428936
5677156738
5470710416
5470849300
5537687888
5537622672
5537637956
5537638020
5537703556
5677140353
5677140354
5471627680
5471644048
5471623568
5471623584
6594665056
5680736400
5470530184
6611442272
5471558288
5471558304
5681285761
5470726532
6594668868
5680793697
5932993092
6611835280
5932993156
5470578056
5470512776
5538753168
5537633860
5537633864
5537633924
5537633928
5537638024
6612605328
6612605584
5454850464
5454785160
5454850696
5471639968
5471574624
5471640224
5454781064
5470706320
5470579344
6595652000
6612495008
5538748804
6612621968
6612621984
5538670992
5538687392
10907445920
7124585090
10907462280
5676538016
5676275808
5677074820
5538683208
5538749000
5471627920
5676279952
5680474256
5471558224
5454780740
5454780744
5471754576
5676599394
5677091394
5470849172
5470710408
6612494944
5470988616
5676537936
6813796520
5945592196
5945592200
5949786497
5949786498
5681334664
5677156740
5538748996
5538753092
5471574344
5471640136
6612621728
5538752928
6612884128
5538736528
5928815240
5538687632
5538687648
6612609696
6612626064
6612626080
5537699460
5471775072
5470509472
5470784020
5470706272
5470706080
5470706336
5537683808
6595635780
6595648068
6595648132
6595652168
5471558240
5471562320
5471578720
5681334600
6594647456
6594663840
5681269064
5681269128
6611440992
5677091208
5681285508
5933009282
5677074824
5928798594
6611446368
5676533921
5680728209
5680728210
5680728225
5472033440
5538683488
5538749024
5471832612
5472033376
5471771040
5471771296
5537876056
5537876120
5537941592
5453731204
5453735312
5470709328
5471759008
5471775376
5538687568
5538753104
6595697288
6595651976
6595701384
6612683300
6612621920
6612884064
5454846280
5454781000
5454785104
5454801480
5470988640
5537892500
5470512480
5470512736
5470524752
5680793698
5470726536
5681285762
7019334024
5538667088
5538732624
5538732704
5471623840
5538667104
5538732640
5470721616
5470725728
5537633872
5537699472
6814198304
10907445856
5470529888
5470595424
5470529952
5537929768
5453752904
5470595744
5723216032
5470529104
5676271697
5676271698
5537638752
6595635616
6595701344
6797019288
6611429956
6864128168
6611446340
6611446344
5538736784
5538736800
5537704288
6611634708
6611700248
5470594640
6594647624
6594664008
5538736464
5538752864
6612683284
5538671184
5538671200
6612609616
6594647392
5677074760
5470575248
5453797764
5470509456
5470706064
5677091140
5677091144
5677156676
5537639044
6611446148
5471832596
5471754656
5471832616
6611429764
6611442052
5471898152
5538736736
5537622368
5537687904
5537622688
5537863784
5723216016
5537637728
5723236512
6612748840
6612888224
5470984520
5470722440
6594664776
6594652752
5470591368
5537683844
5537683848
5537687940
5537700228
5537700232
5537639048
5537618564
5537622660
5470988896
7124585089
5538687300
5538687364
5538687556
5453736288
5676599377
5807106208
6611700260
6595631432
6595696968
5471558020
6880905384
5807098024
5453732488
6594652768
5470706052
5537876072
5928798788
6611634456
5928798852
6814206504
6612412744
6612474248
6612478344
5453736580
5453736584
5677140610
5538736452
5538748740
5471640200
5453801860
5470987936
6595652232
6595717768
5537699464
5537876116
5537892516
5537876136
5454867080
5807118480
5470529168
5470574240
5470590608
6595647880
6595701320
6611835204
7023528322
5538753184
6612626016
6611441224
5677156929
5471758736
5537941588
6594647368
5537941608
6595635588
6611835472
6595635784
6594652488
5537618592
5471898136
5933009224
5680466018
6594648388
6612748824
5537700420
5470726816
5537941604
5453751688
6612621904
6595652228
5537957988
5538683204
7019317826
5537700424
10907441480
6797421088
6594648656
6595648144
5538670916
6594651744
6612425284
5453735300
5471562116
