1118118887760
1136456384928
2235968012704
1119546000032
2219057627808
1136725869216
2236237496992
1118203822496
2217715450272
1135383691680
2234895319456
1119277564320
2218789192096
1136457433504
2235969061280
1118472257952
2217983885728
1118120215200
2217631842976
1135300084384
2234811712160
1119193957024
1136439624352
2235951252128
2218705584800
1136373826208
2235885453984
1118136730256
2217648358032
1135316599440
2234828227216
1119210472080
2218722099856
1136390341264
2235901969040
1118405165712
2217916793488
1135652389280
2235164017056
1135567192656
2235078820432
1119478121104
2218989748880
1136657990288
2235145929296
1119528174160
1118185996880
2217697624656
1135365866064
2234877493840
2236169618064
2218704273808
1136372515216
2235884142992
1118387339664
2217898967440
1135567208848
2235078836624
1119461081488
2218972709264
1136640950672
1135568257424
2235079885200
1119462130064
2218973757840
1136641999248
2236153627024
1118388388432
2217900016208
1135568257616
1118203822432
2217715450208
1135383691616
2234895319392
1119277564256
2218789192032
1136457433440
2235969061216
1118472257888
2217983885664
1118120214880
2217631842656
1135300084064
2234811711840
1119193956704
2218705584480
1136373825888
2235885453664
1118388650336
2217900278112
2217915990672
1135584232080
2235095859856
1118119149968
2218722099792
1136390341200
2235901968976
1118405165648
2217916793424
1135585034832
2235096662608
1119478907472
2218990535248
1136658776656
1118471225696
2217982853472
1135651094880
2235162722656
1118187307680
2217698935456
1135367176864
2234878804640
1119261049504
2218772677280
1136440918688
2235952546464
1118455743136
1119261065824
2218772693600
1135585297040
2235096924816
1118119952720
2217631580496
1135299821904
2234811449680
1119193694544
2218705322320
1136373563728
2235885191504
1118388388176
1135315796368
2234827424144
1118404362640
2217915990416
1135584231824
2235901165968
2218721296784
1136389538192
1119209669008
2235095859600
1119529222560
2219040850336
1136709091744
1119193940560
2218705568336
1119276532128
2218788159904
1136456401312
1119478907232
2218990535008
1136658776416
2236170404192
1119261065552
2218772693328
1136440934736
1136456384848
2235968012624
2217630515536
2234810384720
2217982837072
2218771366224
1136439607632
1118186275232
2217697903008
1135366144416
2234877772192
1119260017056
1118118887776
2217630515552
1135298756960
2234810384736
1119192629600
2218704257376
1136372498784
2235884126560
1118387323232
2217898951008
1135634317968
2235145945744
1118119166352
2217630794128
1135299035536
2234810663312
1119192908176
2218704535952
1136372777360
2235884405136
1118387601808
2217899229584
1119276777824
2218788405600
1136456647008
2235968274784
1118187307616
2217698935392
1135367176800
2234878804576
1135382643104
2234894270880
1135366128016
1136456647056
1119545213328
2219056841104
1136725082512
2236236710288
1118136713616
2217648341392
1136390324624
2235901952400
1118118887840
2217630515616
1135298757024
2234810384800
1119192629664
2218704257440
1136372498848
2235884126624
1118387323296
1136657973584
2236169601360
1136389538128
2235901165904
1118135927120
2217647554896
1119209668944
2218721296720
1135315796304
2234827424080
1118203052640
2217714680416
1135585018208
2235096645984
1118135665312
2217647293088
1135315534496
2234827162272
1119209407136
2218721034912
1136389276320
2235900904096
1118404100768
2217915728544
1118202774160
2217714401936
1135382643344
2234894271120
1119276515984
2218788143760
1136456385168
2235968012944
1118471209616
2217982837392
1118186275168
2217697902944
1135366144352
2234877772128
1119260016992
2218771644768
1136439886176
2235951513952
1136709353872
2236220981648
2235147256400
1135298773408
2234810401184
1119192646048
2218704273824
1136372515232
2235884143008
1118387339680
2217898967456
1135567208864
2235078836640
1118185996688
2217697624464
1135365865872
2234877493648
1119259738512
2218771366288
1136439607696
2235951235472
1118454432144
2219039801744
1119544967584
2219056595360
1136724836768
2236236464544
1118454710944
2217966338720
1135634580128
2235146207904
2236152824480
1135635628704
1119546278480
2219057906256
1136726147664
1135584248400
2235095876176
2236237775440
2218788422224
1119528190544
2219039818320
1136708059728
1118135665248
2217647293024
1118118888032
2217630515808
1135298757216
2234810384992
2235162706272
1119192629856
2218704257632
1136372499040
2235884126816
1118202774096
2217714401872
1135382643280
2234894271056
1118471209552
2217982837328
1135651078736
2235162706512
1119276515920
2218788143696
1119545213280
2219056841056
1136725082464
2236236710240
1118136730000
2217648357776
1135316599184
2234828226960
1119210471824
2218722099600
1136390341008
2235901968784
1118405165456
2217916793232
1118471209376
2217982837152
1118118888080
2217630515856
1135298757264
2234810385040
1119192629904
2218704257680
1136372499088
2217647555152
1135315796560
2235884126864
1118118888096
1118454432080
2217966059856
1119528173904
2219039801680
1136708043088
2236219670864
1118185996624
2217697624400
1135365865808
2234877493584
1119546278240
2219057906016
1136726147424
2236237775200
1135652143520
2235163771296
1119545999968
2219057627744
1136725869152
2236237496928
1118204084896
2217715712672
1135383954080
1119478890912
2218990518688
1136658760096
2236170387872
1118388634272
2217900262048
1135568503456
2235080131232
1136440935008
2235952562784
1119528436368
2219040064144
1136708305552
2236219933328
1118119166368
2217630794144
1135299035552
2234810663328
1119192908192
2218704535968
1136372777376
2235884405152
1118387601824
2217899229600
1136658776400
2236170404176
1118136729936
2217648357712
1135316599120
2234828226896
1119210471760
2218722099536
1118405165392
2217916793168
1118472520032
2217984147808
1135652389216
2235164016992
1118187307424
2217698935200
1135367176608
2234878804384
1119261049248
2218772677024
1136440918432
2235952546208
1136657990224
2236169618000
1136725099104
2236236726880
1119529501328
2219041129104
1136709370512
2236220998288
1135583986320
2235095614096
2236170404512
1135568519824
2235080147600
1119462392464
2218974020240
1136642261648
2236153889424
1118203052448
2217714680224
1135382921632
2234894549408
1119276794272
2235162722976
1119478907552
2218990535328
1118204084832
2217715712608
1135383954016
2234895581792
1119277826656
2218789454432
1136457695840
2235969323616
1118472520288
2217984148064
1118119149904
2217630777680
1135635612304
2235147240080
1118187307360
2217698935136
1135367176544
2234878804320
1119261049184
2218772676960
1136440918368
2235952546144
1118455742816
2217967370592
1119477858720
2218989486496
2235080147536
1119462392400
2218974020176
1136642261584
2236153889360
1119529222496
2219040850272
1136709091680
2236220719456
1119276532064
2218788159840
1136456401248
2235968029024
1118186275424
2217697903200
1135366144608
2234877772384
1118404379296
2217916007072
1135584248480
2235095876256
1118135665056
2217647292832
1135315534240
2234827162016
1118119936592
2217631564368
1135299805776
2234811433552
1119209406880
2218721034656
1118455759520
2217967387296
1118202773904
2217714401680
1135382643088
1118471209360
2217982837136
1135651078544
2235162706320
1119276515728
2218788143504
1136456384912
2217714401632
1135382643040
2234894270816
1119546261920
2219057889696
1136726131104
2236237758880
1119461065296
2218972693072
1136640934480
2236152562256
1118119952784
2217631580560
1135299821968
2234811449744
1119193694608
2218705322384
1136373563792
2235885191568
1118388388240
2217900016016
1118135664992
2217647292768
1135315534176
2234827161952
1119209406816
2218721034592
1136389276000
2235900903776
1118404100448
2217915728224
1136724820304
2236236448080
1119544951120
2219056578896
1118202773840
2217714401616
1135382643024
2234894270800
1119276515664
2218788143440
1135651357328
2235162985104
2236152578720
1135383970464
1135567454880
2235079082656
1119461327520
2218972955296
1136641196704
1119478104720
2218989732496
1136657973904
2236169601680
1118388650320
2217900278096
1119192891792
2218704519568
1118186259088
2217697886864
1135366128272
2234877756048
1119260000912
2218771628688
1136439870096
2235951497872
1118454694544
2217966322320
1119544967520
2219056595296
1136724836704
2236236464480
1118454710880
2217966338656
1119528436320
2219040064096
1119479169680
2218990797456
1136659038864
2236170666640
1136440935072
1136641196640
2236152824416
1119260017312
1118204084640
2217715712416
1135383953824
2234895581600
1119277826464
2218789454240
1136457695648
2235969323424
1118472520096
2217984147872
1136642261600
2236153889376
1118136992400
2217648620176
1135316861584
2234828489360
1119210734224
2218722362000
1136390603408
2235902231184
1118405427856
2217917055632
1118387585632
2217899213408
1135567454816
2235079082592
1119461327456
2218972955232
1119277564240
2218789192016
1136457433424
2235969061200
1119528190608
2219039818384
1136708059792
1119260000848
2218771628624
1136439870032
2235951497808
1118186259024
2217697886800
1119528436304
2219040064080
1118120214928
2217631842704
1135300084112
1118472274272
2217983902048
2234811711888
1119193956752
2218705584528
1136373825936
2235885453712
1118388650384
2217900278160
1135568519568
2235080147344
1119462392208
1119276515744
2218788143520
1135634579856
2235146207632
1118204084576
2217715712352
1135383953760
1119478890848
2218990518624
1136658760032
2236170387808
2234895581536
1119277826400
2218789454176
1136657727904
2236169355680
1118203839136
1118136992336
2217648620112
1135316861520
2234828489296
1119210734160
2218722361936
1136390603344
2235902231120
1135585296976
2235096924752
2219041129040
1136709370448
2236220998224
1135583986256
2235095614032
1118119952800
2217631580576
1135299821984
2234811449760
1119193694624
2218705322400
1136373563808
2235885191584
2218974019984
1136642261392
2236153889168
1135635366544
2235146994320
1135568519504
2235080147280
1119462392144
2218974019920
1136642261328
2236153889104
1118120214864
2217631842640
1135300084048
2234811711824
1136457695584
2235969323360
1119528452768
2219040080544
1136708321952
2236219949728
2234811450016
1119193694880
2218705322656
1136373564064
2235885191840
1118388388512
2217900016288
1135568257696
2235079885472
1119462130336
1118187061904
2217698689680
1135366931088
2234878558864
1119260803728
2218772431504
1136440672912
2235952300688
1118455497360
2217967125136
2235147256480
2217630777744
1135651357024
2235162984800
1119544951200
2219056578976
1136724820384
2236236448160
1135634563744
2236153872720
2235146191520
1135584248416
2235095876192
2217900016224
1135568257632
2235079885408
1119462130272
2218973758048
1136641999456
2236153627232
1119546016160
2219057643936
1136725885344
2236237513120
1118135927456
2217647555232
1135315796640
2234827424416
1119209669280
2218721297056
1136389538464
2235901166240
1119260803664
2218772431440
1136440672848
2235952300624
1119529239120
2219040866896
1136709108304
2236220736080
1118187061840
2217698689616
1118203036304
2217714664080
1135382905488
2234894533264
1119276778128
2218788405904
1136456647312
2235968275088
1118471471760
1119462376096
2218974003872
1136642245280
2236153873056
1136389554848
2235901182624
1136708305504
2236219933280
1135567454624
2235079082400
1119461327264
2218972955040
1136641196448
2236152824224
1118120214944
2217631842720
1118387339600
2217898967376
1135567208784
2235078836560
1135300084128
1136708305296
2236219933072
2218771628432
1118186258832
1119260000656
1136439869840
1119546261856
2219057889632
1136726131040
2236237758816
1135652127136
2235163754912
1119528174176
2219039801952
1136439624272
2235951252048
2234828472912
1119477858960
2218989486736
1136657728144
2236169355920
1119209423520
2218721051296
1118135927392
2217647555168
1135315796576
2234827424352
1119209669216
2218721296992
1136389538400
2235901166176
1118404362848
2217915990624
1119478891104
2218990518880
2217983115856
1135651357264
2235162985040
1118203036240
2217714664016
1135382905424
2234894533200
1118471471696
2217983099472
1135651340880
2235162968656
1119276778064
2218788405840
2217697902928
1135366144336
2234877772112
1135584248208
2235095875984
1118136992144
2217648619920
1135316861328
2234828489104
1119210733968
2218722361744
1136390603152
2235902230928
1118405427600
2217917055376
1135567454560
1119478104656
2218989732432
1136657973840
2236169601616
2235079082336
2217648620192
1135316861600
1119529484944
2219041112720
1136709354128
2236220981904
1118186258768
2217697886544
1135366127952
2234877755728
1118454694224
2217966322000
1135634563408
2235146191184
1119528436048
2219040063824
1119477842272
2218989470048
1118185996960
2217697624736
1135365866144
2234877493920
1119259738784
2218771366560
1136439607968
2235951235744
1118454432416
1119479169616
2218990797392
1136659038800
2236170666576
1119193956688
2218705584464
1136373825872
2235885453648
1135366931024
2234878558800
1135585034896
2235096662672
2219041112464
1119260017248
2218771645024
1136439886432
2235951514208
1119478121120
2218989748896
1136657990304
2236169618080
2234877510304
1118455743072
2217967370848
1119193678416
2218705306192
1136709370464
2236220998240
2218990797136
1136659038544
2236170666320
1135316861264
2234828489040
1118405427536
2217917055312
1135585296720
2235096924496
1118136730272
2217648358048
1135316599456
2234828227232
1119210472096
2218722099872
1136390341280
2235901969056
1118405165728
2217916793504
2235146994336
1118203839120
2217715466896
1135383708304
2234895336080
1119277580944
2218789208720
1136457450128
2235969077904
1118472274576
2217983902352
1119276515680
2218788143456
1136456384864
2235968012640
2218771366496
1136439607904
1118404362912
2217915990688
1135584232096
2235095859872
1135299019152
2234810646928
1118388388256
2217900016032
1135568257440
2235079885216
1119462130080
2218973757856
1136641999264
2236153627040
1118187061648
2217698689424
1135366930832
2234878558608
1119260803472
2218772431248
1136440672656
2235952300432
1118455497104
2217967124880
1135367193184
2234878820960
1118405427872
2217917055648
1135585297056
2235096924832
2235951235408
1135298756944
2218704257360
1118120198480
2217631826256
1135300067664
2234811695440
1119209406800
2218721034576
1136389275984
1119545229968
2219056857744
1136725099152
2236236726928
2234895598240
1118136730208
2217648357984
1135316599392
2234828227168
1119210472032
2218722099808
1136390341216
2235901968992
1118405165664
2217916793440
1118203839056
2217715466832
1135383708240
2234895336016
2235163771472
1118472274512
2217983902288
1135652143696
1119277580880
2218789208656
1119528452704
2219040080480
1136708321888
1135567192416
2235078820192
1119461065056
2218972692832
1136640934240
2236152562016
1118185996640
2217697624416
1135365865824
2234877493600
1135568257376
2235079885152
1119462130016
2218973757792
1136641999200
2236153626976
1118454448800
2217966076576
1135634317984
1118135927200
2217647554976
1135315796384
2234827424160
1119209669024
2218721296800
1136389538208
2235901165984
1118404362656
2217915990432
2217983099536
1118187061584
2217698689360
1135366930768
2234878558544
1118455497040
2217967124816
1135635366224
2235146994000
1119260803408
1135382905232
2234894533008
1118471471504
2217983099280
1135651340688
2235162968464
1118203036048
1119276777872
2218788405648
1135634580112
2235146207888
1136640934560
2236152562336
1136708043360
2236219671136
2219039801936
1136708043344
2236219671120
1119259738704
2218771366480
1136439607888
2235951235664
1118454432336
2217966060112
1135634301520
1135652405904
2235164033680
1136389292704
1119544951136
2219056578912
1136724820320
2236236448096
1118454694496
2217966322272
1135634563680
2235146191456
2218973758112
1136641999520
2236153627296
1136658760288
2236170388064
1119479153296
2218990781072
1136659022480
2236170650256
2217698673296
1135366914704
2234878542480
1119546016096
2219057643872
1136725885280
2236237513056
1118455759456
2217967387232
1135635628640
2235147256416
1118135927136
2217647554912
1135315796320
2234827424096
1119209668960
2218721296736
1136389538144
2235901165920
1118404362592
2217915990368
2217900278176
1135568519584
2235080147360
1118471471440
2217983099216
1135651340624
2235162968400
1119545213264
2219056841040
1136725082448
2236236710224
1119276777808
2218788405584
1119528452496
2219040080272
1136708321680
2236219949456
1136657711456
2236169339232
1118202774176
2217714401952
1135382643360
2234894271136
1119276516000
2218788143776
1136456385184
2235968012960
1118471209632
2217982837408
1118388372128
2217899999904
1135568241312
2234827178656
1136708043408
2236219671184
1135366144672
2235951497616
1118472257936
2217983885712
2234877755792
1135316582800
1119260787088
2218772414864
1136440656272
2235952284048
2235968274832
2236220719520
1135652127072
2235163754848
2219039801760
1136708043168
1135635612256
2235147240032
2236219670944
2235968029088
1135382921824
2234894549600
1119529239184
2219040866960
1136709108368
2236220736144
2234828489376
2236152578704
2217898951072
1135567192480
2235078820256
1119461065120
2218972692896
1136640934304
2236152562080
1118185996704
2217697624480
1135365865888
1136709108320
1135366128208
2234877755984
1136708305488
2236219933264
1118454694480
2217966322256
1135634563664
2235146191440
1118119150160
2217630777936
1118404378960
2217916006736
1135635628432
2235147256208
1118202774112
2217714401888
1135382643296
2234894271072
1119276515936
2218788143712
1136456385120
2235968012896
1118471209568
2217982837344
1118136730016
2217648357792
1118404100688
2217915728464
1135583969872
2235095597648
1135316599200
2234828226976
1119210471840
2218722099616
1118455480976
2217967108752
1135635350160
2235146977936
1135583969936
2235095597712
1118203838864
2217715466640
1135383708048
2234895335824
1119277580688
2218789208464
1136457449872
2235969077648
1118472274320
2217983902096
1135634301280
2235145929056
1119528173920
2219039801696
1136708043104
2236219670880
1119528436384
2219040064160
1136708305568
2236219933344
1118136992080
2217648619856
1118454710608
2217966338384
1135634579792
2235146207568
1136390340944
2235901968720
1119277580624
2218789208400
1119478121056
1136372515408
2235884143184
1118387339856
2217898967632
1135567209040
2235078836816
1119461081680
2218972709456
1136640950864
1118118904400
1119529501344
2219041129120
1136709370528
2236220998304
1118404117152
2217915744928
1135583986336
2235095614112
2235078820448
1119461065312
2218972693088
1136640934496
2236152562272
1118185996896
2217697624672
1135365866080
2234877493856
1119259738720
2218989486688
1135652127376
2235163755152
1118118904160
2217630531936
1135298773344
2234810401120
1119192645984
2218704273760
1136372515168
2235884142944
1118387339616
2217898967392
1118136729952
2217648357728
1135316599136
2234828226912
1119210471776
2218722099552
1136390340960
2235901968736
1118405165408
2217916793184
2236170650000
1119546016080
2219057643856
1136725885264
2236237513040
1118203838800
2217715466576
1135383707984
2234895335760
1118472274256
2217983902032
1135584232032
2235095859808
1119545999776
2219057627552
1136725868960
2236237496736
2217967370912
1135635612320
2235147240096
1118203052704
2217714680480
1135382921888
2234894549664
1118388650656
2217900278432
1135568519840
2235080147616
1119462392480
2218974020256
1136642261664
2236153889440
1118187324048
2217698951824
1135367193232
2234878821008
1119261065872
2218772693648
1136440935056
2235952562832
1118455759504
2217967387280
1135585296992
2235096924768
1119478120848
2218989748624
1136657990032
2236169617808
1135651095184
2235162722960
1119210734240
2218722362016
1136390603424
2235902231200
1119477842576
2218989470352
1136657711760
2236169339536
2217900015952
1135634317920
2235145945696
1119193956960
2218705584736
1136373826144
2235885453920
1118388650592
2217900278368
1135568519776
2235080147552
1119462392416
2218974020192
1118119150176
2217630777952
1135299019360
2234810647136
1119192892000
2218704519776
1136372761184
2235884388960
1118118904208
2217630531984
1135298773392
2234810401168
1119192646032
1118187323984
2217698951760
1135367193168
1118455759440
2217967387216
1119261065808
2218772693584
1136440934992
2235952562768
1119529501264
2235885175440
1118388372112
2217899999888
1135568241296
2235079869072
1119462113936
2218973741712
1136641983120
2236153610896
1118202773920
2217714401696
1135585296784
2235096924560
1118135681680
2217647309456
1135315550864
2234827178640
1119209423504
2218721051280
1136389292688
2235900920464
1118404117136
2217915744912
1118118904224
2217630532000
2236170650192
1118471488160
2217983115936
1135651357344
2235162985120
1135585018512
2235096646288
1119477858976
2218989486752
1136439870048
2235951497824
1119478104736
2218989732512
1136657973920
2236169601696
2236152578448
1135634317712
2235145945488
1136373547600
2235885175376
1118388372048
2217899999824
1135568241232
2235079869008
1119462113872
2218973741648
1136641983056
2236153610832
1118202773856
1119479169696
2218990797472
1136659038880
2236170666656
1135366931104
2234878558880
1118135681616
2217647309392
1135315550800
2234827178576
1119209423440
2218721051216
1136389292624
2235900920400
1118404117072
2217915744848
2217983099296
2235885175456
1118186259104
2217697886880
1135366128288
2234877756064
1119260000928
2218771628704
1136439870112
2235951497888
1118454694560
2217966322336
1118118904144
1119461081424
2218972709200
1136640950608
2236152578384
2217630531920
1135298773328
2234810401104
1119192645968
2218704273744
1119528190624
2219039818400
1136708059808
1118405411488
2217917039264
1135585280672
2235096908448
2236219687584
1136708043152
2236219670928
1119545213584
2219056841360
1136725082768
2236236710544
1135568503440
2235080131216
1118454710688
2217966338464
1135634579872
2235146207648
1118136992416
1119529222736
2219040850512
1136709091920
2236220719696
1119478891088
2218990518864
1119545999952
2219057627728
1136725869136
2236237496912
1119546278544
2219057906320
1136726147728
2236237775504
1118204101264
2217715729040
1135383970448
2234895598224
1119277843088
2218789470864
1136457712272
2235969340048
1118472536720
2217984164496
1118186259040
2217697886816
1135366128224
2234877756000
1119260000864
2218771628640
2217966060192
1135634301600
2235145929376
2235900904016
2234811711904
1119193956768
2218705584544
1136373825952
2235885453728
1119260787344
2218772415120
1136440656528
2235952284304
1118388650400
1119529501280
2219041129056
1118187323792
2217698951568
1135367192976
2234878820752
1119261065616
2218772693392
1136440934800
2235952562576
1118455759248
2217967387024
1118404117088
2217915744864
1135583986272
2235095614048
1119462392224
2218974020000
1136642261408
2236153889184
1118455497376
2217967125152
1135635366560
1118405411408
2217917039184
1135585280592
2235096908368
1119260787280
2218772415056
1136440656464
2235952284240
1136709354064
2236220981840
1135652389520
2235164017296
1135567471184
2235079098960
1119462113952
2218973741728
1136641983136
2236153610912
1118136992352
2217648620128
1135316861536
2234828489312
1119210734176
2218722361952
1136390603360
2235902231136
1118405427808
2217917055584
1118472536656
2217984164432
1135652405840
2235164033616
1119277843024
2218789470800
1136457712208
2235969339984
1118387323488
1119545999712
2219057627488
1136725868896
2236237496672
2217898951264
1135567192672
1118136713872
2217648341648
1135316583056
2234828210832
1119210455696
2218722083472
1136390324880
2235901952656
1118405149328
2217916777104
1135568519520
2235080147296
1119462392160
2218974019936
1136642261344
2236153889120
2235080130976
2235952562512
1118455759184
2217967386960
1135635628368
2235147256144
1118187323728
2217698951504
1135367192912
2234878820688
1119529501008
2234811433360
1119193678224
2218705306000
1136373547408
2235885175184
1118388371856
2217899999632
1135568241040
2235079868816
1119462113680
1118187061920
2217698689696
1118472520272
2217984148048
1135652389456
2235164017232
1119261049424
2218772677200
1136440918608
2235952546384
1136373809744
2235885437520
1119478120784
2218989748560
1136657989968
2236169617744
1136657728160
1119529501072
2219041128848
1136709370256
2236220998032
2236169355936
2218788422304
1135583986064
2235095613840
1118135681424
2217647309200
1135315550608
2234827178384
1119209423248
2218721051024
1136389292432
2235900920208
1118404116880
2217915744656
1119477842512
2218989470288
1136657711696
2236169339472
1119529222800
2219040850576
1136709091984
2236220719760
1136658760272
2236170388048
1118136713808
2217648341584
1135316582992
2234828210768
1119210455632
2218722083408
1136390324816
2235901952592
2236170404432
1135635612048
2235147239824
1136641982800
2236153610576
1119193678160
2218705305936
1136373547344
2235885175120
1119462113616
2218973741392
1118388371792
2217899999568
1118187061856
2217698689632
1135651340704
1118203036320
2217714664096
1135382905504
2234894533280
1119276778144
2218788405920
1136456647328
1118119936608
2217631564384
1136456647248
2235968275024
1135299805792
2234811433568
1119193678432
2218705306208
1136373547616
2235885175392
1118387323536
2217898951312
1135567192720
2235078820496
1119461065360
2218972693136
1136640934544
2236152562320
1118185996944
2217697624720
1119209423184
2218721050960
1136389292368
1118135681360
2217647309136
1135315550544
2234827178320
2235900920144
1118404116816
2217915744592
1118471488096
2217983115872
1135651357280
2235162985056
1118186258848
2217697886624
1135366128032
2234877755808
1119260000672
2218771628448
1136439869856
2235951497632
1118454694304
2217966322080
2217916006816
1135584248224
1118405149264
2217916777040
1135585018448
2235096646224
2235095876000
1119479169632
2218990797408
1118119936336
2217631564112
1135299805520
2234811433296
1119478104672
2218989732448
1136657973856
2236169601632
1119529484960
2219041112736
1136709354144
2236220981920
1119276794528
2235884405392
1118387602064
2217899229840
1135567471248
2235079099024
1119461343888
2218972971664
1136641213072
2236152840848
2217630515872
1135298757280
2234810385056
1118454448464
2217966076240
1135634317648
2235145945424
1118203036256
2217714664032
1135382905440
2234894533216
1119276778080
2218788405856
1136456647264
2235968275040
1118471471712
2217983099488
1135366931040
2234878558816
1135585034912
2235096662688
1118136992160
2217648619936
1135316861344
1135383954000
2234895581776
2234828489120
1119210733984
2218722361760
1136390603168
1119544967824
2219056595600
1136724837008
2236236464784
1135365866128
2234877493904
1118204101008
2217715728784
1135383970192
2234895597968
1119277842832
2218789470608
1136457712016
2235969339792
1118472536464
2217984164240
1118186258784
2217697886560
1135366127968
2234877755744
1119260000608
2218771628384
2236219687504
1118120215120
2217631842896
1135300084304
2234811712080
1119193956944
2218705584720
1136373826128
2235885453904
1118388650576
1135651357072
2235162984848
1119528190560
1118119166544
2217630794320
1135299035728
2234810663504
1119192908368
2218704536144
1136372777552
2235884405328
1118387602000
2217899229776
1118405411424
2217917039200
1135585280608
2236152578464
1118204101280
1118120198752
2217631826528
1119545213520
2219056841296
1136725082704
2236236710480
1135300067936
2234811695712
1119193940576
2218705568352
1119260000592
2218771628368
1136439869776
2235951497552
1119478104464
2218989732240
1136657973648
2236169601424
1135651078800
2235162706576
1118118904416
2217630532192
1135298773600
2234810401376
1119192646240
2218704274016
1136372515424
2235884143200
1118387339872
2217898967648
1118454710624
2217966338400
1135634579808
2235146207584
1118136992096
2217648619872
1135316861280
2234828489056
1119210733920
2218722361696
1136390603104
2235902230880
2235900903760
1135634301264
2235145929040
2235162706256
2235884126544
1118387323216
2217898950992
1135567192400
2235078820176
1119259738448
2234895597904
1119546278224
1119479169424
2218990797200
1136659038608
2236170666384
1135652143760
1119461327200
2218972954976
1136641196384
2236152824160
1118454432352
2217966060128
1135634301536
1119478890896
2218990518672
1136658760080
2236170387856
1119210455440
2218722083216
2234828210576
1118405149072
2217916776848
1135585018256
2218771644832
1136439886240
2235951514016
1119477842528
2218989470304
1135583969952
2235095597728
1119478891152
2218990518928
1136658760336
2236170388112
1136456663712
2235968291488
1118455497312
2217967125088
1135635366496
2235146994272
1118187061664
2217698689440
1135366930848
2234878558624
1119260803488
2218772431264
1136440672672
2235952300448
1118455497120
2217967124896
2235900920480
1119528190352
2219039818128
1136708059536
2236219687312
1135585280400
2235096908176
1118119150224
2217630778000
1135299019408
2234810647184
1119192892048
2218704519824
1136372761232
2235884389008
2218721051232
1136389292640
2235900920416
1119260803744
2218772431520
1118471471776
2217983099552
1135651340960
1136457450080
2235969077856
1118472274528
2217983902304
1135652143712
2235163771488
1119546016352
2219057644128
1136725885536
2236237513312
2217647571296
1135315812704
2234827440480
1118135943824
2217647571600
1135315813008
2234827440784
1119209685648
2218721313424
1136389554832
2235901182608
1118404379280
2217916007056
2218990781088
1119462376080
2235162968480
2217714663840
1135382905248
2234894533024
1118471471520
1119193940384
2218705568160
1136373809568
2235885437344
1119276777888
1118203035984
2217714663760
1135382905168
2234894532944
1136456646992
2235968274768
1135567454544
1119477842592
2218989470368
1136657711776
2236169339552
1135651078816
2235162706592
1119544951456
2219056579232
1136724820640
2236236448416
1135584248464
2235095876240
2217715729056
1119529239200
2219040866976
1136709108384
2236220736160
2235952562848
1118202790560
2217714418336
1135382659744
2234894287520
1135299035792
2234810663568
2234894549328
1135300067920
2234811695696
2217714663776
1135382905184
2234894532960
1118471471456
2217983099232
1135651340640
2235162968416
1118471209312
2217982837088
1135583969632
2235095597408
1135651078496
1118135665040
2217647292816
1135315534224
2234827162000
1118404379216
2217916006992
1118404378976
2217916006752
1135567470928
2235079098704
1119461343568
2218972971344
1136641212752
2236152840528
1118118904480
2217630532256
1135298773664
2234810401440
1119192646304
1118119150240
2217630778016
1135299019424
2234810647200
1119192892064
2218704519840
1136372761248
2235884389024
1118387585696
2217899213472
2236219687568
2236236464720
1136724836944
1118471487824
2217983115600
1135651357008
2235162984784
1135567209056
2235078836832
1119461081696
2218972709472
1136640950880
2236152578656
2218704519520
1136372760928
2235884388704
1118387585376
2217899213152
1118454694240
2217966322016
1135634563424
2235146191200
1135584231776
1119529484688
1135583969680
2235095597456
1135652143456
2235163771232
1136390587024
2235902214800
1118405411472
2217917039248
1135585280656
2235096908432
2217900015968
1136373809552
2235885437328
1118388634000
2217900261776
1135568503184
2235080130960
1119462375824
2218974003600
1118120198544
2217631826320
1118186013264
2217697641040
1135365882448
2234877510224
1118454448720
2217966076496
1135634317904
2235145945680
1119259755088
2218771382864
1118119936656
2217631564432
1135299805840
2234811433616
1119193678480
2218705306256
1136373547664
1118187045520
1118203822736
2217715450512
1119462375760
2218974003536
1136642244944
2235080130896
1118119936416
2217631564192
1135299805600
2217631564448
1135299805856
2234811433632
1119193678496
2218705306272
1136373547680
2235079869088
1118119936672
1135315812688
2234827440464
1119209685328
2218721313104
1136389554512
2235901182288
1118454448544
2217966076320
1118135681696
2217647309472
1135315550880
1118405149008
2217916776784
1135585018192
2235096645968
1119478890832
2218990518608
1136658760016
2236170387792
1135652127056
2235163754832
1119477842320
1118202790544
2217714418320
1135382659728
2234894287504
1119276532368
2218788160144
1136456401552
2235968029328
1118471226000
2217982853776
1119260017232
2218771645008
1136439886416
2235951514192
1136456663632
2235968291408
1119528452688
2219040080464
1136708321872
2236219949648
1135634317664
2218772676944
1136440918352
2235952546128
1135315534160
2234827161936
1118135664976
1119546262160
2219057889936
1136726131344
2236237759120
1118136976016
2217648603792
1135316845200
2234828472976
1119210717840
2218722345616
1119477858912
1136657728096
2236169355872
1119276532304
2218788160080
1136456401488
2235968029264
1119544967760
2219056595536
1118202790480
2217714418256
1135382659664
2234894287440
1118455480928
2217967108704
1119209685344
2218721313120
1136389554528
2235901182304
1135567208800
2235078836576
1119461081440
2218972709216
1136640950624
2236152578400
1136708059744
2236219687520
1118135681632
2217647309408
1135315550816
2234827178592
1119209423456
1118202790496
2217714418272
1135382659680
1119259754832
1119528190288
1118388633936
2217900261712
1135568503120
1119193940304
2218705568080
1136373809488
2235885437264
2217967108768
1135635350176
2235146977952
1118136713888
2217648341664
1135316583072
2234828210848
1118405149344
2217916777120
1135585018528
1119546278560
2219057906336
1136726147744
2236237775520
1119192908432
2218704536208
1136372777616
1136440934816
2235952562592
1118455759264
2217967387040
1119529501088
2219041128864
1136709370272
2236220998048
1119529484624
2219041112400
1119276794192
2218788421968
1136456663376
2235968291152
1118404100432
2217915728208
1118119936352
2217631564128
1135299805536
2234811433312
1119193678176
2218705305952
1136373547360
2235885175136
1118388371808
2217899999584
1119209406864
1118405411152
2217917038928
1135585280336
2235096908112
1118136975696
2217648603472
1135316844880
2234828472656
1119210717520
2218722345296
1119546278496
2219057906272
2217915744672
2235096646304
2219056857696
1118119166560
2217630794336
1135299035744
2234810663520
1119192908384
2218704536160
1136372777568
2235884405344
1118387602016
1135383691920
2234895319696
1119277564560
2218789192336
1136457433744
2235969061520
1118472258192
2217983885968
1136440934752
2235952562528
1119529501024
2219041128800
1136709370208
2236220997984
1119462113696
2218973741472
1136641982880
2234895581856
1118472520352
2217984148128
1135652389536
2235164017312
1118120198816
1119277826720
2218789454496
1136457695904
2235969323680
1119529222544
2219040850320
2217647309216
1135315550624
2234827178400
1136390586704
2235902214480
1119209423264
2218721051040
1136389292448
2235900920224
1118404116896
1119528173968
2218721034640
1135382659472
2234894287248
1136389276048
2235900903824
1136657711504
2236169339280
2217966059920
1135634301328
1118202790288
2217714418064
1118136713824
2217648341600
1135316583008
2234828210784
1119210455648
2218722083424
1118405149280
2217916777056
1135585018464
2235096646240
1119545229648
2219056857424
1118203822672
2217715450448
1135383691856
2234895319632
1118472258128
2217983885904
1135652127312
2235163755088
1136457433680
2235969061456
1118471225744
2217982853520
1135651094928
2235162722704
1135568240992
2235079868768
1119462113632
2218974003552
1136642244960
2236153872736
2218973741408
1118120198496
2217631826272
1135300067680
1135635612000
2235147239776
1135585280352
1119260787024
2218772414800
1136440656208
2235952283984
1118455480656
2217967108432
1135635349840
2235146977616
1119529222480
2219040850256
2235901952672
1119210455712
2218722083488
1136390324896
2217915744608
1135583986016
1119477858656
2218989486432
1136657727840
2236169355616
1118454448480
2217966076256
2235095613792
1118202790224
2218788159824
1136456401232
2235968029008
1119544967504
2219056595280
1136724836688
2236236464464
1119276532048
1118471225680
2236236464800
1136439624096
2235951251872
1118119166624
2217630794400
1135299035808
2234810663584
1119192908448
2218704536224
1136372777632
2235884405408
1118387602080
2217899229856
2217966338704
1119528452752
2219040080528
1136708321936
2236219949712
1119479152976
2218990780752
1136457450064
2235969077840
1119546016336
2219057644112
1136725885520
2236237513296
2235079885392
1118455497296
1118187045200
2217698672976
1135366914384
2234878542160
1119528436112
2219040063888
2217697886608
1118135927184
2217647554960
2217714663824
1118454694288
2217966322064
1135634563472
2235146191248
1118204101024
2217715728800
1135383970208
2234895597984
1119277842848
2218789470624
1118472536480
2217984164256
1135652405664
2235164033440
1136726147680
2236237775456
2217899229792
1135567471200
2235079098976
1119461343840
2218972971616
1136641213024
2236152840800
1118454710864
2217966338640
1135634580048
2235146207824
1118186275408
2217697903184
1135366144592
2234877772368
1136440656480
2235952284256
1119478891168
2218990518944
1136658760352
2236170388128
2234877493664
1119259738528
2218771366304
1136439607712
2235951235488
1118454432160
2217966059936
1135634301344
2235145929120
1119528173984
1118204100960
2217715728736
1135383970144
2234895597920
1119277842784
2218789470560
1136457711968
2235969339744
1118472536416
2217984164192
1118136713632
2217648341408
1135316582816
2234828210592
1119210455456
2218722083232
1136390324640
2235901952416
1118405149088
2217916776864
1119545999760
2219057627536
1136725868944
2236237496720
1118203822480
2217715450256
1135383691664
2234895319440
1119277564304
2218789192080
2217900278352
2234878820944
1118204101200
2217715728976
1135635628624
1135383970384
2234895598160
1118405427792
2217917055568
1135568519760
2217714418000
1135382659408
2234894287184
1119192629840
2218704257616
1136372499024
2235884126800
1118387323472
2217898951248
1119546000016
2219057627792
1136725869200
2236237496976
1118136713568
2217648341344
1135316582752
2234828210528
1119210455392
2218722083168
1136390324576
2235901952352
1118405149024
2217916776800
1119545999696
2219057627472
1136725868880
2236237496656
1118203822416
2217715450192
1135383691600
2234895319376
1118472257872
2217983885648
1118472520080
2217984147856
2236153610656
1136659022160
1136658776672
2236170404448
1119260803680
2218772431456
1136440672864
2235952300640
1119529239136
2219040866912
2218789208672
1119478907488
2217631826592
1135300068000
2234811695776
1119193940640
2218705568416
1136373809824
2235885437600
1119478104480
2218989732256
1136657973664
2236169601440
1118119149984
2217630777760
1135299019168
2234810646944
1119192891808
2218704519584
1118187307664
2217698935440
1135367176848
2234878804624
1119261049488
2218772677264
1136440918672
2235952546448
1118455743120
2217967370896
1118135943840
2217647571616
1135315813024
2234827440800
1119209685664
2218721313440
1118203052688
2217714680464
1135382921872
2234894549648
1119276794512
2218788422288
1136456663696
2235968291472
1118471488144
2217983115920
1119461343648
2218972971424
1136641212832
2236152840608
2217982853456
1135651094864
2235162722640
1118186275216
2217697902992
1135366144400
2234877772176
1119260017040
2218771644816
1136439886224
2235951514000
1118454710672
2217966338448
2217900261984
1135568503392
2235080131168
1119462376032
2218974003808
1136642245216
2236153872992
1119477842256
2236169339216
1118455743056
2217967370832
1135635612240
2235147240016
1119276532112
2218788159888
1136456401296
2235968029072
1118186013328
2217697641104
1135365882512
2234877510288
1119259755152
2218771382928
1136439624336
2235951252112
1118454448784
2217966076560
1136390324832
2235901952608
2218989748832
1118135943776
2217647571552
1135315812960
2234827440736
1119209685600
2218721313376
1136389554784
2235901182560
1118404379232
1119276794448
1119545229904
2219056857680
1136725099088
2236236726864
1118203052624
2217714680400
1135382921808
2234894549584
1118471488080
2219056595552
1136724836960
2236236464736
1136439624032
2235951251808
1119209407120
2218721034896
1136389276304
2235900904080
1118404100752
2217915728528
1135567470944
2235079098720
1118472536672
2217984164448
1135652405856
2235164033632
1118187324000
2217698951776
1119277843040
2218789470816
1136457712224
2235969340000
1119260016976
2218771644752
1136439886160
2235951513936
1119528452432
2219040080208
1136708321616
2236219949392
1118186275152
1118118887824
2217630515600
1135298757008
2234810384784
1119192629648
2218704257424
1136372498832
2235884126608
1118387323280
2236152562064
1118186013344
2217697641120
1119277842768
2218789470544
1136457711952
2218771382608
2219039818064
1136708059472
2236219687248
1136439624016
2235951251792
1118186013008
2217697640784
1135365882192
2234877509968
1136709091728
2236220719504
1118187045264
2217698673040
1135366914448
2234878542224
1118455480720
2217967108496
1135635349904
2235146977680
1118135665232
2217647293008
1135315534416
2234827162192
1119209407056
2218721034832
1136389276240
1119544967568
2219056595344
1136724836752
2236236464528
1118186275472
2217697903248
1135366144656
2234877772432
1119260017296
2218771645072
1136439886480
2235951514256
1118454710928
1118186013280
2217697641056
1135365882464
2234877510240
1119259755104
2218771382880
1136439624288
2235951252064
1118454448736
2217966076512
1118405411168
2217917038944
1119479153312
1136659022496
2236170650272
1118136976032
2217648603808
1135316845216
2234828472992
1119210717856
2218722345632
1136390587040
1118204084880
2217715712656
1135383954064
2234895581840
1119277826704
2218789454480
1136457695888
2235969323664
1118472520336
2217984148112
1136390586784
2235902214560
1135568503200
1118120198560
2217631826336
1135300067744
2235884405072
1118387601744
2217899229520
1135584248144
2235095875920
1118135943504
2217647571280
2218704274080
1136372515488
2235884143264
1118387339936
2217898967712
1135567209120
2235078836896
1119461081760
2218972709536
1136640950944
1118187307408
2217698935184
1135367176592
2234878804368
1119261049232
2218772677008
1136440918416
2235952546192
1118455742864
2217967370640
1118135943584
2217647571360
1135315812768
2234827440544
1119209685408
2218721313184
1136389554592
2235901182368
1118404379040
1118136975760
2217648603536
1135316844944
2234828472720
1119210717584
2218722345360
1136390586768
2235902214544
1118405411216
2217917038992
1118203052432
2217714680208
1135382921616
2234894549392
1119276794256
2218788422032
1136456663440
2235968291216
1118471487888
2217983115664
1118136975968
2217648603744
1135316845152
2234828472928
1119210717792
2218722345568
1119277826640
2218789454416
1136457695824
2235969323600
1119546262096
2219057889872
1136726131280
2236237759056
1118204084816
2217715712592
1136641982816
2236153610592
2234811695456
1119193940320
2218705568096
1136373809504
2235885437280
1118388633952
2217900261728
1135568503136
2235080130912
1119462375776
2235145945440
1118135681376
2217647309152
1135315550560
2234827178336
1119209423200
2218721050976
1136389292384
2235900920160
1118404116832
1118455742800
2217967370576
1135635611984
2235147239760
1136709353808
2236220981584
2217698935120
1135367176528
2234878804304
1119261049168
1119277826448
1118135943520
1119260787360
2218772415136
1136440656544
2235952284320
1119529222816
2219040850592
1136709092000
2236220719776
2234878542496
1119193678240
2218705306016
1136373547424
2235885175200
1118388371872
2217899999648
1135568241056
2235079868832
1136725098832
2236236726608
1118203052368
2217714680144
1135382921552
1118404100496
2217915728272
1118471226016
2217982853792
1135651095200
1119276532384
2218788160160
1136456401568
2235968029344
1119544967840
2219056595616
1136724837024
1119545229984
2219056857760
1136725099168
2236236726944
1135567471264
2235079099040
1119461343904
2218972971680
1136641213088
2236152840864
1119528190368
2219039818144
1136708059552
2236219687328
1118186013088
2217697640864
1135365882272
2234877510048
1119259754912
2218771382688
1136709091664
2236220719440
1119529222752
2219040850528
1136709091936
2236220719712
1118187045472
2217698673248
1135366914656
2234878542432
1119260787296
2218772415072
2218989470032
1136657711440
2234894287456
1118471225952
2217982853728
1135651095136
2235162722912
1119276532320
2218788160096
1136456401504
2235968029280
1119544967776
1119528452448
2219040080224
1136708321632
2236219949408
1119478120800
2218989748576
1136657989984
2236169617760
1118203052384
2217714680160
1119528190304
2219039818080
1136708059488
2236219687264
1118186013024
2217697640800
1135365882208
2234877509984
1119259754848
2218771382624
1118455742880
2217967370656
1135635612064
2235147239840
1118405411232
2217917039008
1135585280416
2235096908192
1119529484704
2219041112480
1119479153056
2218990780832
1136659022240
2236170650016
1118136975776
2217648603552
1135316844960
2234828472736
1119210717600
2218722345376
1119461081744
2218972709520
1136640950928
1135652389264
2235164017040
1119546261904
2219057889680
1136726131088
2236237758864
1118204084624
2217715712400
1135383953808
2234895581584
1119461327440
1119277580896
2218972955216
1136641196624
2236152824400
1119546016400
2219057644176
1136725885584
2236237513360
2235163771536
1118119953040
2217631580816
1135299822224
2234811450000
1119193694864
2235096908128
1119479152992
2218990780768
1118136975712
2217648603488
1135316844896
2234828472672
1119210717536
2218722345312
1136390586720
1118472520016
2217984147792
1135652389200
2235164016976
1118204084560
2217715712336
1135383953744
2234895581520
1119277826384
2218789454160
1135568257680
2235079885456
2235902214496
1118203822752
2217715450528
1135383691936
2234895319712
1119277564576
2218789192352
1136457433760
2235969061536
1118472258208
2217983885984
1136725098848
2236236726624
1118455480736
2217967108512
1135635349920
2235146977696
1118187045280
2217698673056
1135366914464
2234878542240
1119260787104
2218772414880
1135585034576
2235096662352
2218772431184
1136440672592
2235952300368
1119529238864
2219040866640
1136709108048
2236220735824
1135652143440
2218705322640
1135651094944
2235162722720
2217714418080
1136373564048
2235885191824
1118388388496
2217900016272
1118471225760
2217982853536
1118202790304
1118203822688
2217715450464
1135383691872
2234895319648
1119277564512
2218789192288
1136457433696
2235969061472
1118472258144
2217983885920
1136457695568
2235969323344
1118120215184
2217631842960
1135300084368
2234811712144
1119193957008
2218705584784
1136373826192
2235885453968
1118388650640
2217900278416
1118187045216
2217698672992
1135366914400
2234878542176
1119260787040
2218772414816
1136440656224
2235952284000
1118455480672
2217967108448
1135652405600
2235164033376
2218788405664
1136456647072
2235968274848
1119462130256
2218973758032
1136641999440
1135652127328
2235163755104
1136659022176
2236170649952
2236153627216
1135299822160
2234811449936
1118135927440
2217647555216
1135315796624
2234827424400
1119209669264
2218721297040
1136389538448
2235901166224
1118404362896
1136457712032
2235969339808
1135585018272
2235096646048
1136372760976
2235884388752
2234877772448
2218771645088
1136439886496
2235951514272
1118387585424
2217899213200
1135567454608
2235079082384
1118186275488
2217697903264
1118204100944
2217715728720
1135383970128
1118472536400
2217984164176
1135652405584
2235164033360
2217715466912
1135383708320
2234895336096
1118472274592
2217983902368
1135652143776
2235163771552
1119277580960
2218789208736
1136457450144
2218974003856
1136642245264
2236153873040
2234827424336
1118404362832
2217915990608
1135584232016
2235095859792
1119209669200
2218721296976
1136389538384
2235901166160
1118135927376
1119546261840
2219057889616
1136726131024
2236237758800
1118119952976
2217631580752
1135652127120
2235163754896
2235079082320
1135299019088
1135634580064
2235146207840
2234810646864
1118387585360
2217899213136
1119192891728
2218704519504
1136372760912
1119545213344
2219056841120
1136725082528
2236236710304
1118455497056
2217967124832
1135635366240
2235146994016
1135585034592
2235096662368
1119529238880
2219040866656
1136709108064
2236220735840
2235884126880
1118387323552
2217898951328
1135567192736
2235078820512
1119461065376
2218972693152
1119259738768
2218771366544
1136439607952
2235951235728
1118454432400
2217966060176
1135634301584
2235145929360
1119528174224
2219039802000
1135635349856
2235146977632
1118202790240
2217714418016
1135382659424
2234894287200
1119546278304
2219057906080
1136726147488
2236237775264
1136440656288
2235952284064
1118187324064
2217698951840
1135367193248
2234878821024
1119261065888
2218772693664
1119277843104
2218789470880
1136457712288
2235969340064
1119478907536
2218990535312
1136658776720
2236170404496
1118186013072
2217697640848
1135365882256
2234877510032
1119259754896
2218771382672
1136439624080
2235951251856
1118454448528
2217966076304
1118455759200
2217967386976
1135635628384
2235147256160
1118187323744
2217698951520
1135367192928
2234878820704
1119261065568
2218772693344
1118136730192
2217648357968
1135316599376
2234828227152
1119210472016
1135568257360
2235079885136
1119462130000
2218973757776
1136641999184
2236153626960
1118136713552
2217648341328
1135316582736
2234828210512
1119210455376
2218722083152
1136390324560
2235901952336
1136708305232
2236219933008
1118187061600
2217698689376
1135366930784
2234878558560
1119260803424
2218772431200
1136440672608
2235952300384
1118203036000
1119259738464
1119209685392
2218721313168
1136389554576
2235901182352
1118404379024
2217916006800
1119545229712
2219056857488
1136725098896
2236236726672
1135635366288
2235146994064
2218973741456
1136641982864
1135567470992
2235079098768
1119461343632
2218972971408
1136641212816
2236152840592
1118203036064
1119528452512
2219040080288
1136708321696
2236219949472
1135634563488
2235146191264
1135635628448
2235147256224
1119462375840
2218788422240
1136456663648
2235968291424
1119462130320
2218973758096
1136641999504
2236153627280
1135634317728
2235145945504
1119461081504
2218972709280
1136640950688
1135382659488
2234894287264
1135583986080
2235095613856
1118135681440
2235145929104
1118388634192
2217900261968
1135568503376
2235080131152
1119462376016
2218974003792
1136642245200
2236153872976
1118120198736
2217631826512
1135583969888
2235095597664
1118203839072
2217715466848
1135383708256
2234895336032
2236219949664
1119261049440
2218772677216
1136440918624
2235952546400
1136659038816
1118118904464
2217630532240
1135298773648
2234810401424
1119192646288
2218704274064
1136372515472
2235884143248
1118387339920
2217898967696
2235162968736
1136440672928
2235952300704
1135652127392
2235163755168
1118472536736
2217984164512
1135652405920
2235164033696
1118187045536
1136457433488
2235969061264
1119546262176
2219057889952
1136726131360
2236237759136
1119478120864
2218989748640
1136657990048
2236169617824
1118471487904
2217983115680
1135651357088
2235162984864
1135567471008
2235079098784
1119478907216
2218990534992
1136709353888
2236220981664
2218788422048
1136456663456
2235968291232
1119545229728
2219056857504
1136725098912
2236236726688
1119546262112
2219057889888
1136726131296
2236237759072
1119193694800
2218705322576
1136373563984
2235885191760
1119529484640
2219041112416
1136709353824
2236220981600
1135382921568
2234894549344
1118471487840
2217983115616
1119276794208
2218788421984
1136456663392
2235968291168
1119545229664
2219056857440
1118404100512
2217915728288
1135583969696
2235095597472
1136389276064
2235900903840
1119477842336
2218989470112
1136657711520
2236169339296
2234894270864
2235968012688
1119544951184
2219056578960
1136724820368
2236236448144
1119529238928
2219040866704
1136709108112
2236220735888
1119478907280
2218990535056
1136658776464
2236170404240
1135652143504
2235163771280
2236170649936
1135651078480
1118471209296
1135634563728
2235146191504
1135652405648
2235164033424
1119546278288
2219057906064
1136726147472
2236237775248
1119461327248
2218972955024
1136641196432
2236152824208
1135299035488
2234810663264
1135635366304
2235146994080
1118405165472
2217916793248
1135585034656
2235096662432
1119529238944
2219040866720
1136709108128
2236220735904
1118119953056
2217631580832
1135299822240
2217916007008
1118119166304
2217630794080
1118119952992
2217631580768
1135299822176
2234811449952
1119193694816
2218705322592
1136373564000
2235885191776
1118388388448
2217967125072
1135635366480
2235146994256
1136372760992
2235884388768
1118387585440
1118405427616
2217917055392
1135585296800
2235096924576
1118187323808
2217698951584
1135367192992
2234878820768
1119261065632
2218772693408
2235884388688
1118387601760
2217899229536
1135365882528
1119210733904
2218722361680
1136390603088
2235902230864
1119479169360
1136658776736
1119461327184
2218972954960
1136641196368
2236152824144
1118404362576
2217915990352
1135584231760
2235095859536
1119478104400
2218989732176
2217898951056
1135567192464
2235078820240
2217647292752
2218771366240
1136439607648
2235951235424
1118454432096
2217966059872
1118119149920
2217630777696
1135299019104
2234810646880
1119192891744
2235145945760
1118119952736
2217631580512
1135299821920
2234811449696
1119193694560
2218705322336
1136373563744
2235885191520
1118388388192
1136456385104
2235968012880
1119544951376
2219056579152
1136724820560
2236236448336
1118118888016
2217630515792
1135298757200
2234810384976
2217899213216
2235095859552
1119478104416
2218989732192
1136657973600
2236169601376
1135300067728
2234811695504
1119193940368
2218705568144
1136642245008
2236153872784
2218989470096
1119479153040
2218990780816
1136659022224
1135567209104
2235078836880
2218974003616
1136642245024
2236153872800
1135584231840
2235095859616
1119528436128
2219040063904
1136708305312
2236219933088
2234811433376
1135299019344
2234810647120
1119192891984
2218704519760
1136372761168
2235884388944
1118387585616
2217899213392
1135567454800
2235079082576
1119544951392
2218789454224
2219056579168
1136724820576
2236236448352
1136390341024
2235901968800
1119478907296
2218990535072
1136658776480
2236170404256
1119546016144
2219057643920
1136725885328
2236237513104
2219041128784
1135583986000
2235095613776
1118119166288
2217630794064
1135299035472
2234810663248
1119192908112
2218704535888
1136372777296
1136657990240
2236169618016
2217630532176
1135298773584
2234810401360
1119192646224
2218704274000
2236152578640
1119192908128
2218704535904
1136372777312
2235884405088
2235951235680
1119209407072
2218721034848
1136389276256
2235900904032
2235145929312
1135315534432
2234827162208
1135651078752
2235162706528
1135584248160
2235095875936
1118203838816
2217715466592
1135383708000
2234895335776
1119277580640
2218789208416
1136457449824
2235969077600
2235163771216
1136457449808
2235969077584
1135635628688
2235147256464
1119461343584
2218972971360
1136641212768
2236152840544
1118120215136
2217631842912
1135300084320
2234811712096
1135651340896
2235162968672
1119545213536
2219056841312
1136725082720
2236236710496
1119477858704
2218989486480
1136657727888
2236169355664
1135585034640
2235096662416
1118135943568
2217647571344
1135315812752
2234827440528
1119259755168
1135651078560
2235162706336
2218771382944
1118203838880
2217715466656
1135383708064
2234895335840
1119277580704
2218789208480
1136457449888
2235969077664
1118472274336
2217983902112
1119461065104
2218972692880
1136640934288
1119477858896
2218989486672
1136657728080
2236169355856
1136372515152
2235884142928
2234811695520
1118187045456
2217698673232
1135366914640
2234878542416
1118455480912
2217967108688
1135635350096
2235146977872
1119277564496
2218789192272
1119210717776
2218722345552
1136390586960
2235902214736
1118136975952
2217648603728
1135316845136
1119479153232
2218990781008
1136659022416
1119529484896
2219041112672
1136709354080
2236220981856
1118404100704
2217915728480
1136657711712
2236169339488
1136390586976
2235902214752
1118388634016
2217900261792
1136709370192
2236220997968
2236153610640
1118119936400
2217631564176
1135299805584
1119529484880
1118187307600
2217698935376
1135367176784
1118471225936
2217982853712
1135651095120
2235162722896
2234878804560
2219041112656
1135568240976
2235079868752
2236220736096
2235968275104
1119545213600
2219056841376
1136725082784
2236236710560
1118388372064
2217899999840
1135568241248
2235079869024
1119462113888
2218973741664
1136641983072
2236153610848
1135635350112
2235146977888
1118120198800
2217631826576
1135300067984
2234811695760
1119193940624
2218705568400
1136373809808
2235885437584
1118388634256
2217900262032
2236169355600
1119477858640
2218989486416
1136657727824
1118119166608
2217630794384
2217698673312
1135366914720
1119192629920
2218704257696
1136372499104
1119528174240
2219039802016
1136708043424
2236219671200
1118455480992
1136457695632
2235969323408
2235902230944
1119479169440
2218990797216
1136659038624
2236170666400
1119544951440
2219056579216
1136724820624
2236236448400
1118135665296
2217647293072
1135315534480
2234827162256
1136439869792
2235951497568
1119528436064
2219040063840
1136708305248
2236219933024
1118135943760
2217647571536
1135315812944
2234827440720
1119209685584
2218721313360
1136389554768
2235901182544
1119478121040
2218989748816
2219039818336
1119461343824
2218972971600
1136641213008
2236152840784
2235096908384
1119479153248
2218990781024
1136659022432
2236170650208
1135652389472
2235164017248
1136373809760
2235885437536
1118388634208
2236170666592
2218990535264
1119276794464
1135585034848
2235096662624
1118204101216
2217715728992
1135383970400
2234895598176
1119545229920
2235902214816
1118405427552
2217917055328
1135585296736
2235096924512
1119479169376
2218990797152
1136659038560
2236170666336
1135583969616
2235095597392
2235969339728
1119192629584
1136372498768
1119461065040
2218972692816
1136640934224
2236152562000
2219057906000
1136726147408
2236237775184
2235096646032
2235969077920
1119546016416
2219057644192
1136725885600
2236237513376
1118187307344
1135651340944
2235162968720
1118387585680
2217899213456
1135567454864
2235079082640
1119461327504
2218972955280
1136641196688
2236152824464
