1392996794704
6754441537
6754441538
6754445633
6754445634
5659559445
5659559446
5659559461
6796363926
6796363930
6796363941
6796363945
6796363942
6796363946
6796380309
6796380313
6796380310
6796380314
6796363878
6796363882
6817335441
6821529745
6817351825
6821546129
6817335457
6821529761
6817351841
6821546145
6817335442
6821529746
6754429264
6754429280
6754445648
6754445664
6750251344
6750251360
6750250576
5933406852
5933406856
5929212560
5929212576
5933406864
5933406880
5663909505
5663909506
5723212073
5723212054
5723212058
5723212070
5723212074
5723216161
5723228710
5723228457
5723212309
5723212313
5811292689
5815486993
5811309073
5815503377
5811292705
6754212372
6750087720
6750083604
6750087700
6754277908
6754282004
6750083608
6750087704
6754277912
6754282008
5680548392
5680810520
5680826904
5680810536
5680826920
5680564760
5680564776
6813735441
6813739537
6813735442
5677275777
5677275778
5677292161
5677292162
5677279873
5677279874
5677296257
5677296258
5676616216
5676632600
5676616232
5676632616
5676288276
5676304660
5676288292
5676304676
5680482580
5680498964
5727406609
5731600913
5727422993
5731617297
5727406625
5731600929
5727423009
5731617313
5727406610
5731600914
5677390356
5677394452
5681584660
5681588756
5677390360
5677394456
5681584664
5681588760
5677390372
5677394468
6750012954
6750012969
6750012970
6754207253
6754207254
6754207269
6754207270
6754207257
6754207258
6754207273
5681469762
5681473857
5681486145
5681486146
5681490241
5681490242
5677275457
5677275458
5677279553
5677279554
6818007570
6822201874
6754441601
6754441602
6750247504
6750247520
6754441808
6754441824
5680704144
5659716256
5663910544
5663910560
5659732624
5659732640
5681473872
5681473888
5659761172
5659765268
5663955476
5663959572
5659761176
5659765272
5663955480
5663959576
5659761188
5659712096
5663906384
5663906400
5663922768
5659716176
5659716192
5659732560
5659732576
5663910480
5663910496
6851566209
6851566210
6851570305
6851570306
6750280212
6750284308
6750280216
6750284312
6754474516
6754478612
5928995348
5929011732
5933189652
5933206036
5928995364
5929011748
5933189668
5933206052
5928995352
5929011736
7023761956
7023766052
6855198885
6855198886
7019715201
7019715202
7019719297
6797036053
6797036057
6797036054
6797036058
7019719298
7019731585
7019731586
5744249361
5748443665
5744249377
5748443681
5744265745
5748460049
5744265761
5748460065
5744249362
5748443666
6750021912
6754212116
6754216212
6754212120
6754216216
6754216228
6754212136
6754212132
6750017828
6750021924
6754424456
6754428548
6754428552
6750246532
6750246536
6750250628
6754444932
6754444936
6750250632
6754440836
6855760452
6855760456
6855764548
5740005653
5740005657
5681486401
5681486402
5681474113
5681474114
5681490497
5681490498
6801230354
6805424658
5929044501
5929044502
5929044506
5929044521
5929044522
5929044517
5929044518
5929044505
5933238805
5933238806
5680482596
5680498980
5676288280
5659715906
5659715905
5659711056
5659711072
5659727440
5659727456
5663905360
6851566240
5663905376
5663921744
5663921760
6813161633
6813165729
5928954448
5928954464
5933148560
5933148576
5663906440
5659728516
5659728520
5659732612
5659732616
5663922820
5663926916
5663922824
5663926920
5663910532
5677542020
5677542024
5681736324
5681736328
5929216656
7019715137
7019715138
7019719233
7019719234
7019731521
7019731522
7019735617
7019735618
7023909441
7023909442
5950016037
5950016038
5676489089
5676489090
5676505473
5676505474
5676493185
5676493186
5676509569
5676509570
5676505668
5676505672
5663906433
5663906434
5663922817
5663922818
5663910529
5663910530
5663926913
5663926914
6754280996
6754276904
6754281000
6750082580
6750086676
6750082584
6750086680
6754276884
6754280980
6754276888
6868339218
6872533522
6868339234
6872533538
5677291906
5677296002
6754440834
6754444929
6754444930
5933173286
5933173273
5933173274
5928978969
5928978970
5928978985
5928978986
5933173289
5933173290
5933173269
6813796885
6813796889
6813796901
6813796905
6813796886
6813796890
6813796902
6813796906
6813813269
5677337112
5677353496
6855744065
6855744066
6855748161
6855748162
6855760449
6855760450
6855764545
6851553858
6855764546
5676505760
5680700048
5680700064
6817990946
6822185250
6818007330
6822201634
7019735681
7019735682
6817991185
6822185489
6817991201
6822185505
6818007569
6822201873
6818007585
6822201889
6817991186
6822185490
5659711876
5659711880
5659715972
5659715976
5663906180
5663906184
5663910276
5663910280
5659728260
5659728264
6855747969
6855747970
5680797972
5680802068
5680797976
5680802072
6813747734
6813747738
5676509506
5676505412
5676505416
5680699713
5680699714
5676509508
5676509512
5680703809
5680703810
5676489025
5659448962
5659453825
5663926850
5659712065
5659712066
5659728449
5659716161
5659716162
5659732545
5659732546
5659728450
5663906369
6750230145
6750230146
6750246529
6750246530
6750234241
6750234242
6750250625
6750250626
6754424449
6754424450
7023913552
7023913568
5807180325
5807180329
6813813034
6797019669
6797019673
6797019685
6797019689
6797019670
6797019674
6797019686
6797019690
6851549505
6851549506
6851553601
6851553602
6851565889
6851565890
6851569985
6851569986
6855743809
6855743810
5933390468
5933390472
5659568408
5663758612
5663762708
5663758616
5663762712
5659564324
5659568420
5659453762
5659469377
5659469378
6855747920
6855747936
6851570000
6851570016
6855764304
6855764320
6750231120
6750231136
6754425424
6754425440
6750235216
6750235232
5677558404
5677558408
5681752708
6851037272
6851504708
6851504712
5676493121
5676493122
5676509505
5676615960
5676632344
5680810264
5680826648
6855764292
6855764296
6754441796
6754441800
6754445892
6754445896
6754272793
6754272794
6754272809
6754272810
5676508804
5676508808
6750235016
5928938144
5928954512
5928954528
6855215208
6855231592
5681580569
5681580570
5681580585
5681580586
5681486209
5681490305
5681486210
5681490306
5663762968
5659564580
5676534037
5676534038
5676534041
5676534042
5676534053
5676534054
5676534057
5676534058
6750230081
6750230082
6750246465
6750246466
6750234177
6750234178
6750250561
6750250562
6754424385
6754424386
5744183569
6851565892
6851565896
6851569988
6851569992
5748377873
5744183585
5748377889
5744199953
5748394257
5659470468
5659470472
5663664769
5663664770
5659449985
5659449986
5659454081
5659454082
6750246480
6750246496
6754440784
6754440800
5677275536
5677275552
5681469840
5681469856
5677291920
5677291936
5681486224
5681486240
5677279632
5677279648
5664959105
5664959106
5664975489
5664975490
5680728617
5680728618
5659773464
5659789848
7023913601
7023913602
7023929985
7023929986
6796958225
6796962321
6796974609
6796978705
6796958226
6796962322
6796974610
6796978706
6796958241
6796962337
6750230096
6750230112
6754424400
6754424416
6750234192
6750234208
5945989792
7019473296
7019473312
7023651201
7023651202
7023667585
7023667586
6750231172
6750231176
6750235268
6750235272
6754425476
6754425480
6754429572
6750247560
6750251652
6750251656
6855699073
6855699074
5663909520
5663909536
6855743888
6855743904
6855760272
6855760288
5680798228
5680802324
5945821717
5945821718
5945821733
5945821734
5945821721
5945821722
5945821737
5945821738
5945989700
5945989704
5663910468
5663910472
5659728452
5659728456
5663922756
5663922760
5659732548
5659732552
5663926852
5663926856
5659470402
5933390465
5933390466
5933406849
5933406850
5933394561
5933394562
5933410945
5929216642
5680531989
5680531990
5680531993
5680531994
5680532005
5680532006
5680532009
5680532010
5929060888
5929077272
6813817362
6813821458
5740071446
5740071450
5740071462
5740071466
5681531416
5681547800
5681531432
5681547816
5677337108
5677353492
5677337124
5677353508
5681531412
5681547796
5815487009
5811309089
5815503393
6880921893
6880921897
6880921894
6880921898
5676353816
5676370200
5680548120
5680564504
5676353832
5676370216
5680548136
5680564520
5929212548
5929212552
5677537924
5677537928
6750234960
6750234976
5928934032
5928934048
5928950416
5928950432
5933144720
5933144736
5928938128
5807114774
5807114778
5807114790
5807114794
6796380325
6796380329
6796380326
6796380330
5659822613
5676489120
5676505680
5676505696
5680700033
5680700034
5676489345
5676489346
5676505729
5676505730
5676493441
5676493442
5676509825
5676509826
5676505732
5676505736
6818007314
6822201618
5676509768
6754441604
6754441608
6754445700
6754445704
6750247300
6750247304
6750251396
6750230916
6750230920
6750235012
6880905765
6880905769
5663925889
5663925890
5659712129
5659712130
5659728513
5659728514
5659716225
5659716226
5659732609
5659732610
5676505665
5676505666
5676509761
5659712068
6813157525
6813157529
6813157541
6813157545
5659712072
5663906372
5663906376
5659716164
5659716168
5945756181
5945756182
5945756197
5945756198
5945756185
5945756186
5945756201
5945756202
5945760292
5945764388
5681470017
5929196097
5929196098
5929212481
5929200193
5929200194
5929216577
5929216578
5933394498
5933410882
5929212482
5676272165
5676272166
5676272169
5676272170
5676272149
5680466453
5680466454
5680466457
5680466458
5680466469
6880905749
6880905753
5664016917
5664016918
5664016921
5664016922
5664016933
5664016934
5664016937
5664016938
5660760705
5660760706
5945993872
5945993888
5676288532
5676304916
5676288548
5676304932
5680482836
5680499220
5680482852
5680499236
5676288536
5676304920
5740005669
5740005673
5740005670
5740005674
5680732436
5680736532
5680732440
5680736536
5680732456
5680736552
7019514408
7019530792
7023708712
7023725096
5807118866
5807122962
5680794153
5680794154
5681470081
5681470082
5681474177
5681474178
5681486465
5681486466
6750017812
6750021908
6750017816
6755474052
6755474056
5811292433
5815486737
5811292449
5815486753
5811308833
5815503137
5811292434
5815486738
5659493929
5659493930
5659732296
5663926596
5663926600
6755478145
6755478146
5945977488
6851004501
6851004502
6855198825
6855198826
6851488336
6851488352
6851504720
6851504736
6851504516
6851504520
5928933776
5928933792
7019735620
7019735624
7023929924
7023929928
5807102482
5807106578
5677328932
5676509762
5676489092
5676489096
5676493188
5676505476
5676505480
5680699780
5676603940
5676608036
5680798244
5680802340
5677275521
5677275522
5677291905
5677279617
5677279618
5677296001
5681469825
5681469826
5659469456
5659469472
6754445697
6754445698
5929200196
7019473540
7019473544
7023667844
7023667848
5659715152
5659715168
5928954180
5928954184
5933144385
5933144386
5933148481
5933148482
5928950084
5928950088
6813817378
6813821474
6813817377
6813821473
5811292706
5815487010
5811309090
5815503394
5740071461
5740071465
5949950501
5949950502
5928954256
5928954272
6864128533
6864128537
6864128549
6864128553
6864128534
6864128538
6864128550
6864128554
6864144917
6864144921
5681490561
5681490562
5659727496
5659731588
5676599593
5659712132
5659712136
5659716228
5659716232
5663906436
5676275988
5676280084
5676275992
5676280088
5680470292
5680474388
5680470296
5680474392
5676276008
5676280104
6851549776
6851549792
5677291841
5677291842
5677295937
5677295938
5676488321
5676488322
5676492417
5676492418
5676504705
5676504706
5676508801
5676508802
5676504708
5676504712
5933390401
5933390402
5933406785
5933406786
5676288552
5676304936
6813157477
6813157481
6813157478
6813157482
6813141077
6813141081
6813141078
6813141082
6813141098
6813141093
5660764738
5660781121
5660781122
5680699040
5676504720
5659822614
5659822617
5659822618
5659822629
5659822630
5659822633
5659822634
5659499048
5659503144
5663693352
5663697448
6880922133
6880922137
6880922149
6880922153
5676353812
5676370196
5680548116
5680564500
5676353828
5676370212
5680548132
5680564516
6754280984
5663922784
5663693332
5676489104
5676505488
5676505504
5680699792
5680699808
5676493200
5676493216
5680536084
5680540180
6750341658
6750341673
6750341674
5945838116
5945854500
5950032420
5950048804
5928950160
5928950176
5928950352
5928950368
5933144464
5933144480
5928937872
5928937888
5659564328
5659568424
6851004505
6851004506
6851566224
6855760528
6855760544
5739993378
5739997474
6751283856
6751283872
6813751841
6813755937
6813735458
6813739554
6813751842
6813755938
6813751825
6813755921
5663688229
5663688230
5663688233
5663688234
6751300168
7019473552
7019473568
6813813014
6813813018
5723277866
5680535076
5680539172
5680535080
5680539176
5676340760
5676344856
5676504641
5676504642
5676508737
5676508738
7019453057
7019453058
7019719312
7019719328
5807102498
5807106594
5807118882
5807122978
6797035818
5933394576
5933394592
5933410960
5933410976
6851020968
6851037352
5659757077
5659757078
5659757081
5659757082
5659757093
5659757094
5659757097
5659757098
5945973377
5945973378
5945989761
5945989762
6750079509
6750079510
6750079513
6750079514
5929216580
5929216584
6750079529
6750079530
5676353064
5676369448
5681580565
5681580566
5681580581
5681580582
5677386261
5677390376
5677394472
5681584680
5681588776
5949983268
5945772568
5945788952
5723212310
5723212314
5677295944
5681490244
5681490248
5677291844
5677291848
5681486148
5659728480
6754445636
6754445640
5681736272
5681736288
5681752656
5681752672
5677541968
5677541984
5677558352
5677558368
5677537872
5677537888
6754207274
5676509584
5676509600
5676509776
5676509792
5680703888
5680703904
6754429520
6754429536
5677537921
5677537922
5676509828
5676509832
5680704129
5680704130
5681732225
6754474520
6754478616
6750280228
6750284324
5811292450
5815486754
6750230928
6750230944
6754425232
6754425248
6750247312
6750247328
6754441616
6754441632
6750235024
6750235040
5681515033
5681515034
11314686608
11314686624
11314702980
11314702984
5677295952
5677295968
5681490256
5681490272
6885099793
6889294097
6885099809
6889294113
6885116177
6889310481
6885116193
6889310497
6885099794
6889294098
5664959041
5664959042
5664975425
7023925840
7023925856
6796363925
6796363929
6796367970
6796372066
6750345752
6750349848
6754540056
6754544152
7023913537
7023913538
7023929921
7023929922
5681732176
5681732192
5677554256
5677554272
5681748560
5681748576
5945825812
5945829908
5945989697
5945989698
5945825816
5945829912
5945993793
5945993794
5945825828
5945829924
6754535961
6754535962
6754535977
6754535978
5945838120
5945854504
5950032424
5950048808
6750013973
6750013974
6750013977
6750013978
6750013993
6750013994
6754208277
6754208278
6864149025
5677320725
5677320726
5677320729
5677320730
5677320741
5677320742
5677320745
5677320746
5681515029
5727472162
5731666466
5727488546
5731682850
5723236882
5659773460
5659789844
5659773476
5659789860
5663967764
5663984148
5663967780
5663984164
5676550692
5676567076
6813145186
6813149282
6813161569
6813165665
6813161570
6813165666
5681474120
5677275716
5677275720
5677279812
5677279816
5681470020
5681470024
5681474116
5677292100
5677292104
6851570320
6851570336
6855764624
6855764640
6813161634
6813165730
6750018088
6750022184
6754212392
6754216488
6754216468
6750018068
6750018084
6750022180
6754212388
6754216484
6750083348
6750087444
6754277652
6754281748
6750083352
6750087448
6754277656
6754281752
6797023777
6797027873
6797023778
6797027874
5744200210
5748394514
6851549572
6851549576
6855743876
6855743880
6851553668
6851553672
6855747972
6855747976
7019456900
7019456904
7023651204
7023651208
6851488400
6851488416
6851504784
6851504800
6851504772
5723294250
6851504776
6754568728
6754552360
6754568744
6754445956
6754445960
6864144677
6864144681
6864144678
6864144682
6855764560
6855764576
5681748548
5681748552
5681752644
5681752648
5933242916
5933247012
11175873046
11175873050
11175873062
11175873066
5680793893
5680793894
5740058914
5740063010
5740075298
5740079394
5933242920
5933247016
6880909585
6880913681
6880909586
6880913682
6880925969
6880930065
6880925970
6880930066
5680699784
6796380246
6796380250
6796380262
6796380266
6796363861
6796363865
6796363877
6796363881
6796363862
6796363866
11108768290
11108772386
5681486152
5677295940
5677275460
5677275464
5677279556
5677279560
5681469764
5681469768
5681473860
5681473864
6754428545
6754428546
6754440833
7023925889
7023925890
6851553604
6851553608
6855747908
6855747912
6855760196
6855760200
6851020900
6851037284
6851488324
6851488328
6851504513
6851504514
6851020888
6851020904
6851037288
6855744080
6855744096
5677386262
5677386277
5677386278
5677386265
5677386266
5677386281
5677386282
5723228454
5723228458
5660764801
5660764802
5660781185
5660781186
5664955009
5664955010
5680704160
5676509840
5676509856
5676489360
5676489376
5676505744
6750345768
6750349864
6754540072
6754544168
5663959592
5659765284
5659761192
5659765288
5663955492
5663959588
5663955496
6851549584
6851549600
6851565968
6851565984
6851553680
6851553696
6755494468
6755494472
6754440840
5659498772
5659502868
5663693076
5663697172
5659498776
5659502872
6755478081
6755478082
5811358226
5815552530
5811358242
5815552546
5677324840
5945760296
5945764392
5949950505
5949950506
5739989274
5739989285
5739989289
5740005654
5740005658
7019502120
7019506216
7023696424
7023700520
5929216592
5929216608
6817351826
6821546130
6817351842
6821546146
5681596952
5681613336
5681596968
5681613352
5681732256
5681748624
5681748640
6851570272
6851549840
6851549856
6813747749
6813747753
6813747750
5680793897
5680793898
5680536100
5680540196
6754428481
7023667588
7023667592
6754428482
6754440769
6754440770
6754444865
6754444866
5676509572
5676509576
5680703876
5680703880
5933238821
5933238822
5933238825
5933238826
5723294245
5723294249
5723294246
5744183586
5748377890
5744199970
5748394274
5680466470
5680482840
11175877154
11175881250
11175889446
11175889450
5681515049
5681515050
5663762980
5659564584
5659568680
5663762984
5676341800
5676345896
5680536104
5680540200
5659499028
5659503124
5664975426
5660760641
5660760642
5660764737
5664954945
5664954946
6797035814
5680744984
5680761368
5676550696
5676567080
5680745000
5680761384
6750341653
6750341654
6750341669
6750341670
6750341657
6796368017
6796372113
6796368018
5676492432
5676492448
5676508816
5676508832
5680703120
5680703136
5676504736
5680699024
5663693348
5663697444
5659499032
5659503128
5945838100
5945854484
5945989712
5945989728
5945838104
5945854488
5663951381
5663951382
5676508752
5676508768
5659469444
5659469448
5723212053
5723212057
5723212069
5723228453
6750345748
6750349844
6864144933
6864144937
5676599577
5676599578
5676599589
5676599590
5676599573
5676599574
5676599594
5680793877
5680793878
5680793881
5663693336
5663697432
5676276004
5676280100
6851553872
6851553888
6855748176
6855748192
5677279888
5677279904
5677296272
5933238809
5933238810
5663910536
6754552344
6750276117
6750276118
6750276133
6750276134
6750276121
6750276122
6750276137
6750276138
6754470421
6754470422
5739993362
5739997458
5740009746
5740013842
5739993361
5739997457
5740058897
5740062993
5740075281
6750292520
6750308904
6797035798
6797035802
6851004517
6851004518
6851004521
6851004522
5739993634
5739997730
5740010018
5740014114
6754429316
6754429320
6880930322
6755478160
6755478176
6755494532
6755494536
6754540068
6754544164
5681523220
5681519128
5681523224
5811309074
5815503378
6754277924
6754282020
6750083624
6754277928
6754282024
6855760193
6855760194
5663910224
5663910240
5928983080
5928987176
5680728361
5680728362
6851549828
6851549832
6855744132
6855744136
6851553924
6851553928
6855748228
6855748232
6851566212
6851566216
5676340776
5676344872
5659469186
5807163942
5663910288
5663910304
5663926672
5663926688
5659711888
5659711904
5659728272
5659728288
5663906192
5663906208
5933394497
5723277846
5723277850
5723277862
5723220513
5723232801
5723236897
5723216418
5723220514
5723232802
5723236898
11180067362
11184261666
7023757849
7023757850
7019579924
7019596308
7019579940
7019596324
7023774228
5929077288
7023790612
7023774244
7023790628
7019579928
6750280232
6750284328
6754474532
6754478628
6754474536
6754478632
6821529697
6817351761
6821546065
6817351777
6821546081
6813157462
6813157466
6813157465
6750250564
6750250568
6864132369
6864136465
6864132370
6864136466
6864148754
6864152850
6864132385
6864136481
6750231169
6750231170
6750235265
6750235266
6750247553
6750247554
6750251649
6750251650
6754425473
6754425474
6754470425
6754470426
6754470441
6754470442
5744249378
5748443682
5744265762
5748460066
6851549764
6851549768
6855744068
6855744072
6851553860
6851553864
6855748164
6855748168
6851566148
6851566152
5677554305
5677554306
5677542017
5677542018
5677558401
5677558402
5681732226
5663758628
5663762724
5663758632
5663762728
5677537936
5677537952
5681732240
6855215272
6855231656
5928995368
5929011752
5933189656
5933206040
5933189672
5933206056
5660764744
5660781124
5660764740
5660764768
5660781128
5664954948
5664959044
5664954952
6796388513
6796384418
6796388514
5727423010
5731617314
6796384401
6796388497
6796372114
6796384402
6796388498
6750230084
6750230088
6754424388
6754424392
6750234180
6750234184
6754428484
6754428488
6750246468
6750246472
5928933761
5928937857
5933148546
5928950340
5928950344
5928954436
5928954440
5933144449
5933144450
5933148545
7023757861
7023757862
5663922576
5663922592
6797023505
6797027601
6797023506
6797027602
6797039890
6797043986
6797039906
6797044002
6750231105
6750231106
6750235201
6750235202
6750247489
6750247490
6750251585
6750251586
6754425409
6754425410
6855198889
6855198890
6851004565
6851004566
6851004569
6851004570
6851004581
6851004582
6851004585
6851004586
5681752642
5677537857
5677537858
5677554241
5677554242
5677541953
5677541954
5677558337
5677558338
5681732161
5676616212
5676632596
5680810516
5680826900
5676616228
5676632612
5680810532
5680826916
5727406626
5731600930
5727422994
5731617298
6750349860
5659773480
5659789864
5663967768
5663984152
5663967784
5663984168
5676607768
5933410884
5933410888
7023925825
7023925826
5681490512
5681490528
6750017044
6750021140
6750017048
6750021144
6754211348
6754215444
6754211352
6754215448
6750251332
6750251336
6750017060
6750021156
6754211364
6754215460
6750017064
6750021160
6754211368
6754215464
5928937793
5928937794
5928950081
5928950082
5928954177
5928954178
5928933697
5928933698
5676615972
5676632356
6750230913
6750230914
6750247297
6750247298
6750235009
6750235010
6750251393
6750251394
6754425217
6754425218
5928954500
5928954504
5933148801
5933148802
5676505424
5676505440
5680699728
5680699744
5676509764
5680703873
5680703874
5676340756
5676344852
6813157526
6813157530
6813157542
6813141157
6813141161
6813141158
5744265490
5748459794
6801213986
6805408290
7019469441
7019469442
6750251408
6750251424
5950184065
5950184066
6797019413
6797019417
6797019429
6797019433
6797019414
6797019418
6797019430
6797019434
6851570308
6851570312
6855764612
6855764616
11108784674
11108788770
6754535973
6754535974
6750230849
6750230850
6750247233
6750247234
6750234945
6750234946
6750251329
6750251330
6754425153
6754425154
5681470018
5677275713
5677275714
5677279809
5677279810
5677292097
5677292098
5677296193
5677279824
5677279840
5681474128
5681474144
5677296208
5677296224
5659712144
5659712160
5659728528
5659728544
5663906448
5663906464
5663922832
5663922848
5659716240
5681752705
5681748610
5681752706
5740054825
5740054826
5660764816
5660764832
5664959120
5664959136
6754277668
6754281764
6754277672
6754281768
7023725076
7023708708
7023725092
7019514392
7019530776
7023708696
7023725080
6751279688
6751283780
6751283784
6755473988
6755473992
6755478084
6755478088
6751283792
6751283808
6751300164
5681469828
5681469832
11175873061
11175873065
6864132625
6864136721
6864149009
6864153105
6864132626
6864136722
6864149010
6864153106
6864132641
6864136737
6880909601
6880913697
6880925985
6880930081
6855202964
6855207060
5680703105
5680703106
5663926864
5663926880
5928950145
5928950146
5928954241
5928954242
5659712080
5739989286
5739989290
5739989270
7023909508
7023909512
7023913604
7023913608
6813813270
6813813274
6813813286
6813813290
5659711824
5659711840
5659728208
5659728224
5676340772
5676344868
5680744724
5680761108
5676550436
5676566820
5680744740
5680761124
5676550424
5676566808
5680744728
5680761112
5659711120
5659711136
5659727504
5659727520
5663905424
5663905440
5663921808
5663921824
5929196112
5929196128
5929212496
5929212512
5933390416
5933390432
5933406800
5933406816
5929200208
5929200224
6750230148
6750230152
6754424452
6750234244
6750234248
6801230370
6805424674
6750292500
6750308884
6750292516
6750308900
6754486804
6754503188
6754486820
6754503204
6750292504
6750308888
6754441857
6754441858
6813804834
6813817122
6813821218
6797023521
6797027617
6797023522
6797027618
6754216232
5663906128
5663906144
5663922512
5663922528
5659715920
5659715936
5659826712
5659830808
5664021016
5664025112
5677275472
5677275488
5681469776
5681469792
5677291856
5677291872
5681486160
5681486176
5677279568
5677279584
5740059170
5740063266
5663758888
5723277861
5723277865
5676370472
5663758884
6797040161
6797044257
6797040162
6797044258
6797023761
6797027857
6797040145
6797044241
6750247568
6750247584
6813817121
6813821217
6813800738
6813800721
6813804817
6813817105
6813821201
6813800722
6813804818
6813817106
7023692313
7023692314
7019563541
7019563542
7019563557
7019563558
7019563545
7019563546
7019563561
7019563562
7023757845
7023757846
6855760514
6855764609
6855764610
6851549825
6851549826
6851553921
6851553922
6750251664
6750251680
6754445968
6754445984
5740071205
5740071209
5740071206
5740071210
5807114533
5807114537
5744249105
5748443409
5744265489
5748459793
5744249121
5748443425
5744265505
5748459809
5744249106
5748443410
5660781192
5928937864
5928954433
5928954434
6851553616
6851553632
7019715216
7019715232
7023909520
7023909536
5659728257
5659728258
5659732353
5659732354
5676271141
5676271142
5676271145
6750082596
6750086692
6754276900
6750082600
6750086696
11175889445
11175889449
6880905494
6880905498
6880905510
6880905514
5680466201
5680466202
5663693080
5663697176
5659498788
5659502884
5663693092
5663697188
5659498792
5659502888
5663693096
5663697192
6851008676
6851012772
6855202980
6855207076
5663922564
5663922568
5663926660
5663926664
5676538132
5676542228
5676538136
5676542232
5676538148
5676542244
5676538152
5676542248
5680732452
5680736548
7019498005
7019498006
7019498021
7019498022
7019498009
7019498010
7019498025
7019498026
7023692309
7023692310
5945989764
5945989768
6855764354
6851549569
6851549570
6851553665
6851553666
6851565953
6851565954
6851570049
7023692325
7023692326
6754273813
6754273814
6754273817
6754273818
6855747984
6855748000
6851570064
6851570080
6855764368
6855764384
5945772584
5945788968
6750235280
6750235296
6754429584
6754429600
6750231184
6750231200
5677554320
5677554336
5676538388
5676542484
5676538392
5676542488
5680732692
5680736788
5680732696
5680736792
5676538404
5676542500
6754445953
6754445954
6855743873
6855743874
6796958242
6796962338
6796974625
6796978721
6796974626
6796978722
5739989525
5739989529
5739989526
5739989530
5739989541
5739989545
5739989542
5739989546
5740005909
5740005913
6864132386
6864136482
6864148770
6864152866
5659826728
5659830824
5664021032
5664025128
6813145169
6813149265
6813145170
6813149266
6813161553
6813165649
6813161554
6813165650
6813145185
6813149281
5676538408
5676542504
5680535832
5680539928
5676341528
5676345624
5677275792
5677275808
5681470096
5681470112
5677292176
5677292192
5681486480
5681486496
5681470084
5660760644
5660760648
5664959056
5664959072
5664975428
5664975432
5929200200
5664959048
5933406788
5933406792
6750230864
5723228693
5723228697
5723228709
5723228713
7023925904
7023925920
6817335458
6821529762
6750246560
6754424464
6750230160
6750230176
6750246544
6754440848
6754424480
6750234256
6750234272
6750250640
5676276264
5676280360
5680470564
5680470568
5676276244
5676280340
5676276248
5676280344
5680470548
5680474644
7019715152
7019715168
5663922561
5663922562
5663926657
5663926658
5807163926
5807163930
5807163946
6880921878
6880921882
5723212325
5723212329
5723212326
5723212330
5723228694
5723228698
6880909841
6880913937
5663910465
5663910466
5663926849
6851549761
6851549762
6851553857
6813747733
6813747737
6880922134
6880922138
5676599829
5676599830
5676599833
5676599834
5676599845
5676599846
5676599849
5676599850
5680794133
5680794134
5659715216
5659715232
5659731600
5659731616
5663925904
5663925920
5928950148
5928950152
5677402644
5677419028
5677402660
5677419044
5681596948
5681613332
5681596964
5681613348
5677402648
5677419032
6851570244
6851570248
6855764552
6864153121
5680826660
5676615956
5676632340
5680810260
5680826644
5680810276
5945993860
5945993864
6750251600
6750251616
6754445904
6754445920
5680536088
5680540184
5681736321
5681736322
5677558416
5677558432
5681752720
5681752736
6754470437
6754470438
6754429328
6754429344
6868322833
6872517137
6868322849
6872517153
6868339217
6872533521
6868339233
6872533537
6868322834
6872517138
6754440864
5676615976
5676632360
5680810280
5680826664
5676550420
5676566804
5659715984
5723232786
6813800993
6813805089
6813805074
6813800994
6813805090
5740005910
5740005914
5676608040
5659727492
5663921796
5663921800
5676534309
5676534310
5676534313
5676534314
5680728597
5680728598
5680728601
5680728602
5680728613
5680728614
5676603668
5676607764
5659716000
5659732368
5659732384
5676603684
7023913616
7023913632
5676370456
5676354088
5676354068
5676370452
5676354084
5676370468
5680548372
5680564756
5680548388
5680564772
5681490568
5740055082
5681736264
5680797988
5680802084
5680797992
5680802088
5676603672
7019719300
7019719304
11108784658
11108788754
5681469761
7023930000
7023930016
6754428496
6754428512
6750250592
6754444880
6754444896
7019514388
7019530772
7023708692
7019514404
7019530788
7023766040
7023761940
5807168034
5807172130
5807180326
5807180330
6797036070
6797036074
5681473952
5663906370
7023667841
7023667842
5663697428
5659499044
5659503140
5680732708
5680736804
5659564312
5659564308
5659568404
6754429313
6754429314
5676341524
5676345620
5740075282
5740079378
5680535828
5680539924
6813145233
6813149329
6813145234
6813149330
6813161617
6855764289
6855764290
5681473936
5681490320
5681490336
5676550676
5676567060
6754441793
6754441794
5676341540
5676345636
5676341544
5676345640
5680535844
5680539940
5680535848
5680539944
6754486824
6754503208
6813165713
6813161618
6813165714
6813145249
6813149345
6813145250
5677537860
5677537864
5677541956
5677541960
5681732164
5681732168
5681736260
5677554244
5677554248
5677558340
6801213969
6805408273
6801230353
6805424657
6801213985
6805408289
6801230369
6805424673
6801213970
6805408274
6813731349
6813731353
6813731350
6813731354
6813731365
6813731369
6813731366
6813731370
5676271913
5676271914
7019731536
6851020884
6851037268
7019579944
7019596328
7023774248
7023790632
5740005925
5740005929
5740005926
5740005930
5659732289
5659732290
5659838996
5659855380
5659839012
5659855396
5664033300
5664049684
5664033316
5664049700
5659839000
5739993617
7019735684
7019735688
7023929988
7023929992
11108784673
11108788769
5663905345
5663905346
6813813285
6813813289
6851020948
6851037332
6855215252
6855231636
6851020964
6851037348
6855215268
6855231652
6851020952
6851037336
6817942034
6822136338
6796368033
6796372129
6796368034
6796372130
6796384417
5677328936
5681519140
5681523236
5681519144
5681523240
5677324820
5677328916
5677324824
5677328920
5681519124
7023761960
7023766056
5659469384
5663663489
5663663490
5659448705
5659448706
5659452801
5659452802
5659469185
5950020132
5950024228
6750022164
5933173270
5933173285
5928978965
5928978966
5680794149
5680794150
6754208281
6754208282
5740075297
5740079393
5740054805
5740054809
5740054821
5740054806
5740054810
5740054822
5740071189
5744183825
5748378129
5744183841
5748378145
5744200209
5748394513
5744200225
5748394529
5744183826
5748378130
5681748609
5945993808
5945993824
5677542032
5677542048
5681736336
5681736352
6754445889
6754445890
5676550680
5676567064
6851008612
6851008596
6851012692
6851488321
6851488322
6751279684
6754425488
6754425504
6754441872
6754441888
5740071193
5740071190
5740071194
6754441540
6754441544
5677296196
5677296200
5676276260
5676280356
6880926225
6880930321
5659452752
5659452768
5659469124
5659469128
5659448642
5659452738
5659452737
5659826708
5659830804
5664021012
7019719248
7019719264
7019735632
7019735648
6885116449
6889310753
7019502104
7019506200
5681732162
5681736258
6885116434
6889310738
5744265746
5663922497
5663922498
5663926593
5663926594
5748460050
5740059169
5740063265
5740075553
5740079649
5740075554
5740079650
6851008616
6851012712
6851504528
6851504544
6855202920
6855207016
5681470088
5681474180
5681474184
5677292164
5677292168
5677296260
5677296264
5681486468
5681486472
5681490564
6864144662
6864144666
6754428560
6754428576
6750250656
6754444944
6754444960
6855760513
5723216417
5723216401
5723220497
5723216402
5723220498
5723232785
5723236881
6864144918
6864144922
5659839016
5659855400
5677324836
5945825832
5945829928
5663762964
5659564568
5659568664
5663758872
5659568676
5659564564
5659568660
5663758868
6817925649
6822119953
6817925665
6822119969
6817942033
6822136337
6817942049
6822136353
6817925650
6822119954
5681736257
5681752641
5677296016
5677296032
6750083364
6750087460
6813747754
6851566145
6851566146
6851570241
6851570242
6750231108
6817351778
6821546082
6817335377
6821529681
6817335393
5677275524
5677275528
5677279620
5677279624
5681473924
5681473928
5677291908
5677291912
6817335394
6821529698
6851565956
6851565960
5929216672
6754429576
5659563556
5659567652
5663757860
5663761956
6855198869
6855198870
11091991073
11091995169
11091991074
11091995170
5681486212
5681486216
5681490308
5681490312
5739989269
5739989273
5659826724
5659830820
5664021028
5664025124
6885116450
6889310754
6855760260
6855760264
6855764356
6855764360
5928978981
5928978982
6813796629
6813796633
6813796645
6813796649
6813796630
7019502116
7019506212
5680794137
5680794138
5677402664
5677419048
5807102241
5807106337
5807102242
5807106338
5807114534
5807114538
6885099810
6889294114
6885116194
6889310498
5664025108
6851549508
6851549512
6754429249
6754429250
6855743812
6855743816
5933255208
5933271592
6864132642
6864136738
6864149026
6864153122
5659453826
5659453840
5659453856
5659470404
5659470408
5663663745
5663663746
5659448961
6813141141
6813141145
6813141142
6813141146
6813141162
6813157546
5928983060
5928987156
5933177364
5933181460
5928983064
5928987160
5933177368
5933181464
5928983076
5928987172
6751279745
6751279746
6751283841
6751283842
6751300225
6751300226
6755474049
6755474050
5723216162
5723220258
5723220257
5945973392
5933390480
5933390496
5945973408
5945989776
5663921793
5663921794
5659731536
5659731552
5663909456
5663909472
5663925840
5663925856
5676304664
5680482584
5680498968
5676288296
5676304680
5680482600
5680498984
5727406353
5731600657
5727406369
5731600673
5727422753
5731617057
5727406354
5740009745
5740013841
5739993377
5739997473
6751279748
6751279752
6813796634
6813796646
6813796650
6813813013
6813813017
5933394504
5929196100
5929196104
5933390404
5933390408
5933394500
5929212484
5929212488
6817991202
6822185506
6818007586
6822201890
6754441860
6754441864
5681531428
5681547812
5659453057
5663905409
5663905410
5659469441
5659715201
5659731586
5659711044
5659711048
5663905348
5663905352
5659715140
5659715144
5663909444
5663909448
5659727428
5659727432
6797023762
6797027858
5663692312
5663696408
5659498020
6797040146
5663696420
5659498024
5664975492
5664975496
5933410952
5807102481
5807106577
5807118865
5807122961
5928933712
5659452816
5659452832
5659469392
5659469408
5659469188
5659469192
5663663492
5663663496
5928933728
7019567656
7019571752
6855198873
6855198874
6797036069
6797036073
5744249122
5748443426
5744265506
5748459810
6751279681
6751279682
6751283777
6751283778
6751300161
6751300162
6755473985
6755473986
5811358225
5815552529
5811358241
5815552545
5811374625
5815568929
11108780566
11108780570
6851484289
6851484290
6851488388
6851488392
6851488385
6851488386
6851504769
6851504770
6750358036
6750374420
6754552340
6754568724
6750358052
6750374436
6754552356
6754568740
6750358040
6750374424
6797035797
6797035801
5659728193
5659728194
6855744144
6855744160
6796367969
6796372065
6813149346
5659563560
5659567656
5681732228
5681732232
5929200272
5929200288
5945993796
5945993800
5950016041
5950016042
6754540052
6754544148
6750345764
6855764353
6855760258
6750251400
6813800977
6813805073
6813817361
6813821457
6868322850
6872517154
6880909602
6880913698
6880925986
6880930082
5929060904
6754445712
6754445728
5933255192
5933271576
5807098133
5807098137
5807098149
5807098153
5807098134
5807098138
5807098150
5807098154
5660764804
5660764808
5664955012
5664955016
5664959108
5664959112
5660781188
6817990929
6822185233
6817990945
6822185249
6818007313
6822201617
6818007329
6822201633
6817990930
6822185234
6855760257
6750231112
6754425412
6754425416
6750235204
6750235208
6754429508
6754429512
6750247492
6750247496
5928934017
5928934018
5928938113
5928938114
5928950401
5928950402
5928954497
5928954498
5928950404
5928950408
6750083620
6750087716
7023929936
7023929952
5933255204
5933271588
6813800737
6813821202
6813804833
11108764181
11108764185
11108764182
11108764186
11108764198
11108764202
11108780565
11108780569
7023925828
7023925832
7019715140
7019715144
7019719236
7019719240
7019731524
7023909444
5659711108
5659711112
5663905412
5663905416
5659715204
5659715208
5929200260
5929200264
5933394564
5933394568
5677554308
5677554312
5681748612
5681748616
5744183842
5748378146
5744200226
5748394530
6750251592
5929196168
5740013858
5740009761
5740013857
5659855384
5664033304
5664049688
5664033320
5664049704
6754272805
6754272806
6754425220
6754425224
5933148816
5933148832
6750230852
6750230856
6754425156
6754425160
6750234948
6750234952
6754429252
6754429256
6750247236
6750247240
5928933764
5928933768
5928937860
5928950337
5928950338
5928954244
5928954248
7019452801
7019452802
7019456897
7019456898
7019469185
7019469186
7019473281
7019473282
7019456912
7019456928
5677296194
5676493456
5676493472
11091986965
11091986969
11091986966
11091986970
11091986982
5676354072
7023696404
7023700500
7023696408
7023700504
7019502100
7019506196
5659563540
5659567636
5663757844
5663761940
5659563544
5659567640
5663757848
5663761944
5933144452
7023909505
7023909506
5659711812
5659711816
5950184080
5950184096
5676607780
5659493914
5676603928
5676608024
5680798232
5680802328
5677275728
5677275744
5681470032
5681470048
5677292112
5677292128
5681486416
5681486432
5680548376
6813157461
5663921729
5663921730
5663925825
5663925826
6751300228
6751300232
6880921877
6880921881
5659559450
5659559462
5659559465
5659559466
5929216644
5929216648
5933410948
5807114789
5807114793
5680470308
5680474404
5680470312
5680474408
7019596312
7023774232
7023790616
6751283844
6751283848
6755478148
6755478152
5680699777
5680699778
6880905750
6880905754
6880905766
6880905770
5676493192
7023909448
7023913540
7023913544
7019731528
7019453060
7019453064
7019457156
7019457160
7019469444
7019469448
5740055061
5740055065
5740055062
5740055066
5740055077
5740055081
5740071445
5740071449
5807098389
5807098393
5807098390
5807098394
5807098405
5807098409
5807098406
5807098410
5676603688
5676607784
5663688213
5663688214
5663688217
5663688218
5659493909
5659493910
5659493913
5659493925
5659493926
5929196176
5929196192
5663926928
5663926944
6755494529
6755494530
5950188176
5950188192
6750247556
7023651460
7023651464
5676603944
5659728464
6851008600
6851012696
6851504705
6851504706
6851012708
5659453088
5659453072
5660764752
5659711041
5659711042
5663663425
5663663426
5659469121
5659469122
7019473284
7019473288
5723277845
5723277849
5723281953
5723286049
5811292690
5815486994
5807102497
5807106593
5660760708
5660760712
5681752712
11314686593
11314686594
11314702977
11314702978
6851570256
6880909842
6880913938
6880926226
5739997713
5740010001
5740014097
5739993618
5739997714
5740010002
5740014098
5740010017
5740014113
5933410881
6855202968
6855207064
6855760464
6855760480
6851566160
6851566176
5680466473
5680466474
5680499224
5680482856
5680499240
5676488336
5676488352
6880922150
6880922154
5659498004
5659502100
5663692308
5663696404
5659498008
5659502104
5659502116
5663692324
5676271129
5676271130
5929060884
5929077268
5929060900
5929077284
5933255188
5933271572
6754444868
6754444872
5681474192
5681474208
11108768273
11108772369
11108784657
11108788753
11108768274
11108772370
11108768289
11108772385
5680732712
5680736808
5740009762
6797044242
5676603924
5676608020
5680798248
5680802344
6755478096
6755478112
6813813029
6813813033
6813813030
5807118881
5807122977
6813739538
6813751826
6813755922
6813735457
6813739553
7019731552
5807114773
5807114777
6855215256
6855231640
5681584676
5681588772
5663689237
5663689238
5663689241
5663689242
5663689257
5663689258
5659494933
5659494934
5680699009
5680699010
5681490500
5681490504
5676550440
5676566824
5680744744
5680761128
5680531749
5680531750
5680531737
5680531738
5680531753
5680531754
5933410946
5663906178
5807168033
5807172129
5811308834
5815503138
5681515030
5681515045
5681515046
11318897281
11318897282
5680474660
5680474664
5680470552
5680474648
5676341780
5676345876
5676341784
5676345880
5680728357
5680728358
5680728345
5680728346
5740058898
5740062994
5740079377
5740058913
5740063009
5659502120
5663692328
5663696424
6754535957
6754535958
6851008660
6851012756
6851008664
6851012760
5659715908
5659715912
5663906116
5663906120
5663910212
5663910216
5659728196
6851553936
6851553952
6855748240
6855748256
5680466217
5680466218
5676271893
5676271894
5676271909
5676271910
5676271897
5676271898
5663906113
5663906114
5663910209
5663910210
5659711809
5659711810
7019452804
7019452808
6750358056
6750374440
6885100049
6864144661
6864144665
6889294353
6885100065
6889294369
6885116433
6889310737
5677558344
5929048616
5929052712
5676272153
5676272154
11175873045
11175873049
5680793882
5659731524
5659731528
5663921732
5663921736
5663925828
5663925832
5731600674
5727406370
5727422754
5731617058
6750012949
6750012950
6750012965
6750012966
6750012953
7019567636
7019571732
7023766036
7019567640
7019571736
7023761944
7019567652
7019571748
5929196161
5929196162
5929212545
5929212546
5929200257
5929200258
5929216641
5659559449
5663753749
5663753750
5663753765
5663753766
5663753753
6750017832
6750021928
7023909456
7023909472
5676303908
5680481828
5680498212
5676287528
5676303912
5680481832
6755494465
6755494466
5811374626
5815568930
5676272150
7023696420
7023700516
5933394512
5933394528
5933410896
5933410912
6880909857
6880913953
6851008680
6851012776
6855202984
6855207080
7019469188
7019469192
5723281954
5723286050
5744199954
5748394258
11175877153
11175881249
5680547368
5680563752
6864144934
6864144938
5676341796
5676345892
6817925666
6822119970
6817942050
6822136354
6813141097
6813141094
5659453058
5659469442
5681490576
5681490592
6754486808
6754503192
6797035813
6797035817
5739993633
5739997729
6855744129
6855744130
6855748225
6855748226
5680728341
5680728342
6855747905
6855747906
5659732304
5659732320
5663926608
5663926624
5933177380
5933181476
5933177384
5933181480
5659448708
5659448712
5659452804
5659452808
5659453761
6813800978
5928954208
5928954192
5933148496
5933148512
11180083746
11184278050
7023757865
7023757866
5680530985
5680530986
5659711105
5659711106
5659727489
5659727490
5659731585
5659715202
6754440772
6754440776
5723228714
5676336661
5727472145
5731666449
5727472161
5731666465
5727488545
5731682849
5727472146
5731666450
5659728200
5659732292
5663922500
5663922504
5676271146
5676271125
5676275236
5676279332
5680465445
5680465446
5676275240
5676279336
5680465449
5659727425
5659727426
5659715137
5659715138
5659731521
5659731522
5663909441
5663909442
6885100050
6889294354
5928933762
6750018072
6750022168
6754212376
6754216472
5933144705
5933144706
5676504644
5676504648
5676508740
6880909858
6880913954
6880926241
6880930337
6880926242
6880930338
5659470465
5659470466
5659454096
5659454112
6851570050
7019457153
7019457154
7019473537
7019473538
6855760516
6855760520
6750251588
5740055078
6880905493
6880905497
6880905509
6880905513
5929196164
5663663760
5663663776
5659448976
5659448992
5659453828
5659453832
5659470401
5676271126
5676493136
5676493152
6864128277
6864128281
6864128278
6864128282
6864128293
6864128297
6864128294
6864128298
5929048596
5929052692
5929048600
5929052696
5933242900
5933246996
5933242904
5933247000
5929048612
5929052708
5659453776
5659453792
5659469380
5663753754
5663753769
5663753770
5680547364
5680563748
6813813273
5945977473
5945977474
5945993857
5945993858
7023651457
7023651458
5681473858
5744199969
5748394273
5744183570
5748377874
5731600658
6754429569
6754429570
5676336665
5676336666
5676336681
5676336682
5680530981
5680530982
5676508744
7023692329
7023692330
5676336662
5676336677
5676336678
5676489026
5676505409
5676505410
7019731600
7019731616
5659711873
5659711874
5659715969
5659715970
5663754794
5663754793
5659560473
5659560474
5663754773
5663754774
5663754777
5663754778
5680466213
5680466214
5676509520
5676509536
5680703824
5680703840
5676489040
5676489056
5659732356
5659732360
5659560469
5659560470
5659560489
5659560490
7019731588
7019731592
7023925892
7023925896
7019715204
7019715208
5950188161
5950188162
5928937858
5663906177
6754273833
6754273834
5949966888
5949983272
5933144456
5933148548
5933148552
5680465450
5945977504
5659494937
5659494938
5659494953
5659494954
5807163925
5807163929
5676337429
5676337430
5676337445
5676337446
5676337433
5676337434
5676337449
5676337450
5680531733
5680531734
5680498216
5676287508
5676303892
5676287524
5676287512
5676303896
5663909508
5663909512
5928950096
5928950112
5677275780
5677275784
5677279876
5677279880
5681486404
5681486408
7019735696
7019735712
5663910273
5663910274
5807163941
5807163945
5676353044
5676369428
5663922753
5663922754
5740059153
5740063249
5740075537
5740079633
5740059154
5740063250
5740075538
5740079634
5933144400
5933144416
5928937808
5928937824
7019457168
7019457184
5659731592
5663925892
5663925896
6750230880
6754425168
6754425184
6750247248
6750247264
6754441552
6754441568
11108780582
11108780586
5676337685
5676337686
5676337689
5676337690
5676337701
5676337702
5676337705
5676337706
6750078502
6750078505
6750078506
6754272789
6754272790
6817335378
6821529682
6817351762
6821546066
5677337128
5677353512
6885116178
6889310482
5663951385
5663951386
5663951397
5663951398
5663951401
5663951402
6750078485
6750078486
6750078489
6750078490
6750078501
11314682497
11314682498
5680744980
5680761364
5680744996
5680761380
6754429505
6754429506
5677296288
5676353048
5676369432
5676504656
5676504672
5676353060
5676369444
5663757864
5663761960
11180067345
11184261649
11180067361
11184261665
11180083745
11184278049
11180067346
11184261650
5950020136
5950024232
6754208297
6754208298
6851549520
6851549536
6855743824
6855743840
6851565904
6851565920
6855760208
6855760224
5681473921
5681473922
5677296004
5677296008
5680466197
5680466198
11091986986
5945772564
5945788948
5945772580
5945788964
5949966884
6885100066
6889294370
5681748545
5681748546
5676534293
5676534294
5676534297
5676534298
6750083368
6750087464
6851570052
6851570056
11092003366
11092003370
