5723539872
6797478496
6797281696
6804866720
5991975328
6804884096
6800706176
6804900480
5740513888
6814255712
5722426000
5739267488
5739283872
5727652496
5743479168
5747673472
5730863520
6804802144
6804605344
11099572640
5731912096
6805850720
6805653920
11100621216
6804605584
6804605600
5744495008
6801459872
6805654160
6805654176
6804801952
11099572832
5731912288
6805654112
5739481760
6813223584
6821579424
11108190880
5748886176
6872763040
6822628000
11117595296
5739547296
6863620768
6813289120
11108256416
5815798432
6889736864
6889540256
11184507552
6889802400
5726669408
6800607648
6800411232
6813026656
5727717984
6801492544
6801459808
6822398336
6008769104
6868601472
6872779392
6017354368
6872795776
5807426144
6881184336
6881167968
5740317280
6821644880
6796249680
6796249696
5743675776
6817417600
6821595712
6822365792
7070124672
7074302592
7074318976
5807376784
6881102432
6881118800
6881118816
6000364160
5723540128
6797478560
6797281952
6821643936
5991975584
6821661312
6817483392
6821677696
5740513952
6814255776
5739268768
6813010592
5743741312
5747935616
5726669216
6800411040
5739530656
6813207200
6813223568
5811603872
6868568736
6872763024
5739481696
6813223520
6821579168
11108190816
5748722240
6872762976
6822464064
11117431360
5747902800
6821644624
6864341392
5730863440
6804801872
6800607584
6804801888
5731862912
6805604928
6801427008
6805621312
5727718048
6801656480
6822431136
5726931600
5731125904
5726931616
5731125920
5727980176
5732174480
5727980192
5732174496
6805850784
11100621472
5731912336
6805850768
6872959584
5722442384
6796184208
6863554144
5739480720
6796495456
6796511824
6796511840
5747919424
6871992704
6821661248
6889474656
5748689488
6822431312
6872779328
6872795712
6863554960
6863554976
5807377040
6881118864
6881380960
6000609936
7074351760
7141427840
5722507920
6796446352
6796249744
6863554208
5748624016
6871992896
6822365840
6872009280
5739481744
5722491216
5722507600
5722491232
5722507616
11117628032
5723556512
6797494944
6797298336
11092265632
5991991968
7065930400
7065733792
11116644992
5747903056
6864390752
6864407136
5748902528
6822644352
7091063392
6863555216
6822431392
5747903136
6821644960
6871976608
11109042848
6864603808
5722506656
6796248480
6796445280
11091150496
5747673408
6821415232
6871943488
11099867456
5748640128
6805670464
6805686848
5727652512
6801394336
6821415296
5722770064
6796511888
6863619744
5815732880
6884592192
6888786496
5991991952
6867815040
6871992960
6872009344
5739547280
6813289104
5739547216
6813289040
6863620496
6863620512
5815798352
6885378624
6889556544
6889572928
5744511616
5996153504
6000347792
6000347808
5726620032
5726635392
6796183888
6796167520
6796183904
5726635648
6797216096
5726620288
5991909728
5743708512
6814009936
6813993568
6814009952
5744462464
6868535936
6818204288
7074089568
5722491280
5722507664
5722491296
5722507680
5726947712
5748623760
5744429472
5748623776
5730862480
6796184144
6796167776
6796184160
5730879872
6804818496
6801394272
6805588576
5730879104
6797232720
5740251552
6804867472
6800673184
6804867488
5996153248
6805670528
6801492608
6805686912
6813025696
5739284880
5739284896
5727718032
5748689296
5748689312
5726669472
6800705856
5722753440
5722769808
6813288784
6813288800
5723540112
5723556496
5722491536
5739284112
5744495200
6818237024
6822431328
5743725184
5722490464
6796232288
6881184352
6013160064
7086901888
7091079808
5722490512
5722506896
5722490528
5722506912
5743724864
5747919168
5743741248
5747935552
5722753424
6796248736
6796445344
11091216032
6821677376
6872009024
11116644672
5722491552
6796429984
6796233376
6813025952
5744429728
6821661056
6817483136
6821677440
5726685760
5748623696
5744429408
5748623712
5723474320
5723474336
5726685824
5991909792
5722425680
5727734400
5726931344
5740267920
5740267936
6000347536
6000347552
5740317328
5740317344
5740333712
5740333728
5744757392
6008752800
6008769168
6008769184
6821644688
6821644704
5726669392
5730863696
5730863712
5727717968
5731912272
5730862736
5726668448
5730862752
5731142016
5726964096
5731158400
5739465296
5739530592
5743708576
6814010000
6813993632
6814010016
5744528000
6868798080
6818269824
5815831168
5815798160
6818433696
6822627984
5739267744
5730863456
6804605280
11099572576
5731879296
6805621120
5739284128
5743724928
5747919232
5730863776
5740317088
6804867728
6800673440
6804867744
6008752544
6805916304
6801722016
6805916320
5739285088
6813026912
11107994208
11117398624
5748689504
5723490704
5991926160
5991926176
5730862672
6796446032
6796429664
6796446048
5730880064
6804621888
6804818304
6872697184
5747903072
5744708224
5744724608
5748918912
5740333648
6008752736
6008769120
5740333664
5723490976
6797232800
11092200096
5991926432
7065668256
11116382848
5740268192
6804604576
6804801184
11091216800
6804900224
6804900416
11099867520
5807376800
6881118624
11176085920
6000380544
7074122368
11369089664
5739284832
6863554912
5748656512
6872730176
11100621408
6797494928
6797298320
6871975584
5744527936
5739547232
6813289056
11108256352
5815798368
6889540192
11184507488
5723474576
5723490960
5991910048
5723474592
5743463040
5991926416
5747902864
6864341648
6864341664
5747902816
6871976288
6821644640
11108977248
6796446288
6796429920
6796446304
6804884032
6804883840
6872697440
6813223248
6821579104
6822382144
6818204224
6822398528
5748640320
5747903120
5743708832
5748951696
5744757408
5748951712
6864603792
5807442592
6881184416
6881381024
11176151712
6796183968
11091151264
5731846560
6805588384
11099605376
5731912352
6821414464
11091478880
6797216416
5743479360
6867749248
6817221184
6889474400
5747673664
6871943552
5723802272
6797544096
6880396960
5992237728
6884592256
6888786560
5740579488
5739480736
6813222560
6821578400
11091478944
5747935808
6872009088
6821677632
11116644928
6871976352
11109042784
6822431376
6872959632
6872959648
5748689568
5747870080
6796446096
6796446112
5743675968
5807442528
11176151648
7091096192
6796248720
6796232352
6821660992
6817483072
5739464352
5727668864
5996120448
5730829696
5726636416
5730830720
5726669136
5723818656
6797560480
11092527776
5992254112
7065995936
11183753856
5739465360
5739465376
5744691856
5748886160
5744691872
5739284816
5744462208
5726669200
5730863504
5722442064
6804571712
5731846480
6800378432
6804572736
6872697504
6796446368
5726931360
6800673376
6814009760
5727750784
6801689216
6821644944
6822693520
6873025168
7070157472
7074351776
5722769760
6796511584
5815732576
11116382784
5739546976
6796233120
6800705920
5739465312
6813207136
5747902880
6871976544
11108977312
5748722304
6872992384
6822464128
5739546960
6821579152
5815748992
6822447680
6818269760
5723556448
6797298272
11092265568
5991991904
7065733728
11116579456
6818466432
7082510944
5722425744
5726668192
6804867664
5726702208
6800640640
6800444032
7065668000
6814059104
6814075488
5726669456
5739268512
5739284048
6796429728
6817417792
6821595520
6872697248
6814075472
5722442128
6796183952
6804801120
5731846544
6800640576
6804834880
5723474272
6800378496
6804572800
6796511904
5810850176
6884592000
5743708768
5807426208
6881168032
6881184400
6013192864
7086934688
7091128976
7091128992
5726701952
5722753696
6796495520
6813288096
5811538592
6888786304
5730862496
5726685568
5730896256
5740251792
5740251808
5743478400
6797232784
5743479424
6867749504
6817221248
5731125648
6864341600
5731928704
6805867136
7074286176
6814075536
6814059168
6814075552
6868830880
6818499232
7082511008
5739481440
6813223264
11108190560
5748656704
6872729984
11117365824
6797281888
5747870016
5722491472
5722507856
5722491488
5722507872
5743659392
5723540048
5723540064
5743659648
5991975520
6804834688
11099605568
5739547024
6821579408
6813288848
5740268176
6872976000
5740513936
5740530320
5740530336
5811620480
6008949408
6008965776
6008965792
11091217056
11116644736
5748705920
6822447744
7074286240
11369319072
5807442336
6017157760
7090899584
6863620704
6863620448
5815765376
6889507392
6889507200
5739530832
5739530848
5811604048
5811604064
6821644896
5731125664
5731945088
5739284064
6821578336
6813025888
11091216992
6821612096
6801427072
6805604992
6805621376
5726668384
5730862688
6873025184
5723490656
6797232480
11092199776
5991926112
7065667936
11099540096
5739546272
11091479200
5815044480
11183753600
6017387168
7141460640
11386096288
5739464288
6796511568
6796495200
5739465040
5739465056
5739481424
5744446016
5744462400
5739530896
5739530912
5811604112
5815798416
5811604128
6805883520
11100654208
6804867680
11099834784
6822693536
11117660832
5743676032
6817417856
6821595776
5743675008
5723490720
6797232736
6797232544
11092199840
7065668192
11099605632
6800378240
6805588320
6796511632
6796495264
6796511648
5743741504
6817483328
6867814784
6889474464
6000347744
6871943808
5739268752
5739285136
5739285152
5744495248
5748689552
5744495264
5722425696
6804571520
5727652192
6804572544
5731846800
6805588624
6871943744
6804621952
6804638336
6797216160
6797216352
6804637312
7074089632
11117431424
5739267680
5806639520
6814272144
6814272160
6796249424
6796233056
6796249440
5731912080
5747902096
5747919488
6804604512
6800640384
6800443968
6822365536
5726702144
7133039264
6797494880
5731142272
7065930336
5739480672
6813222496
6821415488
6821579088
6800607904
6800411296
6813026720
6863620752
6889736848
6885542560
6864407184
6880397920
6889753216
6885575296
6889769600
5806655888
6864390816
6864407200
5815814784
6889556608
7091063456
5722424720
5722424736
5722441104
5722441120
5726685504
5726701888
5730879808
5730896192
11091151200
11099539840
5739481680
6813223504
5748705856
6872762960
5740268112
6813026960
6813026976
6864652960
6814321312
6880397984
6009014944
6889802384
6885608096
5726669152
5727668608
5727684992
5815798176
6889540000
6889736800
5739465104
5739465120
5739481488
5739481504
5744691792
5744691808
5748886096
5748886112
5739547040
5722490448
5722506848
5743659328
5743675712
6822660736
11091216736
5730896448
6804638272
6864390560
6880397664
6008949344
6885313152
6889491072
6889507456
5727717776
5727717792
6800443776
6796167584
11092265376
5731158656
11099867776
5731124896
11109239456
7082707616
11184540288
5806655904
6880397728
6889572992
5748623968
11116579200
5726636672
6804834624
6804638016
11099605312
6796166560
6796166752
6796182944
6800443712
6800640320
5747672704
5747673728
5747902112
5747935872
5744511552
5811571072
5740268128
6864341408
7074122304
11117365888
5722753376
5811538272
5740595872
6864669344
6814337696
11109304992
6009031328
7133104800
7082773152
11184769696
5730895488
6804833920
6796249488
6796249504
6800706112
6822365600
6821579344
6821579360
6818433632
6822627920
6822627936
6813223312
6813288864
6796248672
6796248656
6821595456
6817417536
6821611840
5740530272
6814272096
6864406944
11109239392
6008965728
7082707552
7090899520
11184474752
5722424976
5722424992
5722441360
5722441376
5726947648
5726964032
5731141952
5731158336
6796183120
6796183136
6804818240
6804802128
6800607840
6805850704
6801656416
5740251488
6804867408
6800673120
6804867424
5806638752
5810850432
6804604320
6813272736
6885345952
5739268448
6868568672
6804900160
5722490272
6796183184
6796166816
6796183200
5743479104
6804883776
6821414528
6821415552
6885378688
5731125600
11099834720
5739285072
5744495184
5739268688
5739268704
6885345888
5722442144
5722507936
6796249760
5748624032
6822365856
6804605536
5996169856
5996186240
5807360400
5807360416
11091150240
5743707808
5743741568
5740267872
6864341344
6814009696
6000314752
7074056768
7074056576
11100588672
5806655136
5815044736
5740251744
5744446080
6000347728
5996153440
5730880128
6804818560
5722769824
5743725120
5807426128
6013143680
6796445328
6871992640
5747870336
6821612160
6821611136
7074089376
6801426816
5730863760
6804802192
6863555168
6822398592
11091151520
6813026896
5726701184
6797232528
6881102240
7069928064
6813272672
5748640384
6872713856
6822382208
6813206944
6813223328
6868568480
6872762784
5727685248
6800410976
6804605520
6805654096
5730829952
6804571776
5730830976
5807360656
5807360672
5807377056
5996415632
5996415648
6000609952
6813206880
11091215968
11116579136
5740251728
6796233312
5744429664
6821611904
6813010528
5722753360
5743462976
5740317264
5815732640
5811866256
5748623952
5730896512
6804834944
5807426192
5807442576
6013192848
6017387152
5807425952
6881102496
6881118880
6012963456
6863555232
6868535680
11108190624
11117595232
6804802208
11099572896
5726930592
6797298080
5726964352
7065733536
5731125584
5731863168
5731879552
5723474256
5748656768
5739529888
6889474720
6881381008
7141460624
6881184160
11176086176
5722769744
5815732560
5722442080
5731846496
5806639456
5811571328
5815732624
6805588640
5811636864
11100588416
11107994272
11117398688
5723539856
5723556256
5726947968
5991991712
6804638080
11386063488
6801459616
5806655840
11100555936
5740579472
5806656144
5806639776
5806656160
5816060560
5811866272
5816060576
11100883616
5747869312
6804637248
5740513872
5806655824
5811554944
5815749248
5815765632
6871942784
5722425760
5727652256
6864603744
7133039200
5726931296
5726931280
5723802256
5810834048
6804801936
11099835040
5811538336
6872730240
6814075296
7082510752
6797298256
5740333472
5722426016
5722442400
5731846816
5731124880
6796167840
6796184224
7069862528
7074056832
6818237088
5722769056
6796510880
11091478176
5815044416
6888786240
11183753536
6008768928
5722752656
5722752672
5810833728
5810850112
5722753680
5722770080
5726636352
6800378176
6804572480
5722424672
6796166496
6796182880
5810833792
5722441056
11091150176
5730830656
11099539776
5807688352
6881430176
6881446560
6076123808
7149865632
7149882016
5815732896
5807704736
11176413856
6076140192
11444849312
6881102176
6881118560
5807360352
5996120704
11176085856
6000315008
11369024128
5807376736
6796494496
6884591936
5726619968
5722424656
5807688336
6076123792
5807360336
5996104320
