296710653264
22906541697
22906541698
22906545793
22906545794
22910736001
22910736002
22910740097
22910740098
22906800517
22906800518
28557580968
24044259913
22923610760
22990719620
22990719624
22927788676
22927788680
22927805060
22927805064
22990703233
22990703234
22990719617
23993133713
23993133729
24065247876
24065247880
23998306976
23998311072
24002501280
24002505376
24060254596
24060254600
24060258692
24060258696
24060270980
24060270984
24060275076
24060275080
24061037189
24061037193
24312892038
24312908422
22919124625
22919124641
22919124626
22919124642
22919128721
22919128737
22919128722
22919128738
23997257345
24001451649
23997261441
24001455745
23997257346
24001451650
23997261442
24001455746
24043460244
24043460260
23997253194
24001447498
24048446048
24052636256
24052640352
24061041232
24061045328
24061057616
24061061712
24061041248
24061045344
24001452609
23997262401
24001456705
24001452610
23997262402
22906808961
22906808962
22910999169
24047655504
24047659600
24051849808
24051853904
24047655520
24047659616
24051849824
24051853920
24048442000
24048442016
24052636304
24052636320
24048446096
24048446112
24052640400
24052640416
24317086337
24317086338
24060258720
23993084292
23993100676
23993080200
23993084320
24060238434
24060242530
22919349860
22919349864
28355225988
28355242372
22919334277
22919350661
22919334278
22919350662
22919334281
22919350665
22919334282
22919387537
22919387553
22919387538
23997318789
24001513093
23997318793
24001513097
23997318790
24001513094
23997318794
24001513098
24060237457
24060237473
23993133732
24060250516
24060250520
23993129361
23993129377
23993133473
24001513861
24060238225
24060238241
22987303556
22987319940
22987299464
22987315848
22987303560
22987319944
28624702100
24065411657
24065411658
24069605957
24069605958
24069605961
24069605962
28624706208
28624702116
24002497094
24002497097
23998302793
23998302794
24002497093
24002497098
24061037220
24061037224
24061053588
24061053592
24061053604
24061053608
24061233748
24061237856
24061233764
24061250148
24061233752
24061241952
24061233768
24061250152
28355992148
28355992164
23993128593
23993128609
23993128594
23993128610
23993132705
23993132706
23993129617
23993129633
28355991970
28355996066
28624718504
22920436370
22920440466
22920436385
22920440481
22920436386
22920440482
22919321234
22919321250
22919325329
22919325345
22919325330
22919325346
24065485456
24065485472
22987295316
22919424580
22919424584
22919420488
22987299424
22987303520
24061057696
24061061792
24065477253
24065477254
24065477257
24065477258
24069671557
24069671558
24069671561
24069671562
23992882820
23992886928
23992886916
23992903300
23992882824
23992886944
23992886920
23992903304
23993128596
23993128612
24043461281
24043465377
24061254288
24061258384
24061254304
24061258400
24047655584
24047659680
24051849888
24051853984
24061237904
24061242000
24060241553
24060237458
24060241554
24060241569
24060237474
24060241570
24060250757
24060250761
24043477392
24043477408
24043481668
24043481672
24043481488
24043481504
24043497872
24043497888
24065411653
24065411654
22919355024
22919355040
22919342736
22919342752
22919359120
22919359136
23997258384
23997258400
24001452688
24001452704
24060238418
24060242514
24060242513
22919141008
22919145104
22919157392
22919161488
22919141024
22919145120
22919157408
22919161504
22986512772
22986529156
22986516872
22986533256
22986512776
22986529160
22986516868
22986533252
24001514053
24001514054
24065428100
24065444484
24069622404
24069638788
24065428104
24065444488
24069622408
24069638792
28360186512
28360190608
24001513865
23997319562
24001513866
23997319557
23997319561
24060250501
24060266885
24060250502
24060266886
24064445057
24064461444
24064461441
24068655745
24064445058
24064461448
24064461442
24068655746
28356008580
28356012688
24044509841
24044509857
24044509842
24044509858
24044513953
24044513954
28360182345
28364376649
28360182342
28364376646
28360182346
28364376650
22919404176
22919404192
22919420560
22919420576
22919408272
22919408288
22919424656
22919424672
24043477636
24043477640
22919326097
22919326113
22919326098
22919326114
22919322257
22919326354
22919326370
22919322273
22919322258
22919322274
22919326369
22923577989
22927772293
22923577993
22927772297
22923577990
22927772294
22923577994
22927772298
22987295365
22987311749
22919136932
22919153316
22919136916
22919153300
22919136920
22919136936
22919153320
22919153304
23992866449
23992870545
22987549346
24312945298
24312949394
24001448261
24001448262
24001448325
24001448326
23997253962
23997253957
23997253958
23997253961
24001448265
24001448266
22919136856
22919153240
22919136872
22919153256
23994182312
23993133716
24061057680
24061061776
24061041284
24061057668
24051845537
24051845538
24051845765
24051845766
24047651217
24047651218
24047651233
24047651234
24051845521
24051845522
22923528578
22923545160
22923544962
22927739266
22920374930
22920374946
22920370833
22920370849
22920370834
22920370850
22920374929
22920374945
28355992152
28355996248
28355996260
28355992168
28355996264
24044182097
24044186193
24044182098
24044186194
24044182113
24044186209
22919334500
22919350884
22919334488
22919350872
22919334504
22919350888
28360186498
28360190593
28360190594
28364380801
28364380802
28364384897
28364384898
23992867474
22919154328
23992867490
23992871586
23992871570
22919137960
22919154344
22919137940
22919154324
22919137956
24061221544
24044251793
24044251809
24044247650
24044251746
24044247698
24044247714
24044247697
24044247713
24043460945
24043460961
24043460946
24043460962
24043465041
24043465057
24043465042
24043465058
24044186210
28561771141
28561771142
28561771145
28561771146
28565965445
24060249748
24060249752
24060249764
24060249768
24060253856
24001448522
24001448518
28355204753
28355204769
28355204754
28355204770
28355208865
28355208866
28355205777
24061221457
24061225553
24061221458
24061225554
24061221473
24061225569
24061221474
24061225570
24061233797
24061233801
22919321937
22919326033
22919321938
22919326034
22919321953
22919326049
22919321954
22919326050
22919334469
22919334473
22987283026
22987283042
22987287121
22987287137
22987287122
22987287138
22919334548
22919350932
22919334564
22919350948
22919334552
22919350936
22919334568
22919350952
24044182161
24044186257
24047659393
24051853697
24047659394
22902614440
22902364740
22902368848
22902368836
24051853698
22902385220
22902385224
22902364744
22902368864
22902368840
24047654560
24047658656
24051848864
24051852960
24069675664
24069679760
24069675680
24069679776
24048704144
24048704160
24052898448
24052898464
24048708256
22927739272
22910737025
22910737026
22910741121
22910741122
24329726610
24329726626
24044251794
24044251810
24001517968
24001517984
24001522080
23997323664
23997323680
23997327776
22927805057
22906541648
24043464356
24043464344
24043464360
22919326116
22919322024
22919326120
22920370786
22920374882
22920370785
22920374881
22919338372
22919354756
22919342468
22919358852
22919338376
22919354760
22919342472
22919358856
22919387732
22919387748
24329734804
24329738912
24329734820
24329751204
24329734808
24329743008
24329734824
24329751208
28355205521
28355209617
28355205522
28355209618
28355205537
28355209633
28355205538
28355209634
24060250712
24060267096
24061037156
24061037160
24061053524
24061053528
24061053540
24065481360
24065481376
28360448656
28360448672
22910731845
22910731846
22910731849
22910731850
23994116696
23994116712
24061036948
24061041056
24061036964
24061053348
24061036952
24061045152
24061036968
24061053352
28355991956
28355991972
22919391889
24060238482
24060242578
24060238497
24060242593
24060238498
24060242594
24043465106
24043465105
24043465121
23992886864
23992886880
23992882756
23992882760
23992886852
23992886856
23992903236
23992903240
24044268168
24044284552
24044186274
24044186273
24044182178
24044186258
23993067928
23993080196
23993084296
23993084304
23993100680
23993063848
24047651461
24047651465
24051845769
24061037125
24061037129
24061037126
24061037130
24061053509
24061053513
24061053510
24061053514
23993129364
23993133460
23993129368
23993133464
23993129380
23993133476
23993129384
23993133480
22919399828
22919403936
22919142032
22919142048
22919158416
22919158432
22919146128
22902302340
22902318724
22902298248
22902302368
23992904260
23992904264
22919162440
23992887952
23992887968
22919141968
22902298244
22902302344
24061237892
24061254276
24061241988
24061258372
24061237896
24061254280
24061241992
24061258376
24048441985
24052636289
22987283025
24048700041
24048700042
24052894345
24052894346
24048454273
24048454274
24052648577
24052648578
24048700037
24048700038
24044182162
24044182177
24044259973
24044276357
22919342660
22919342664
22919354948
22919354952
22919359044
22919359048
22919338576
22919338592
22919354960
22919354976
24044247704
22902281874
22902285970
22902281889
22902285985
22902281890
22902285986
24044247720
24044251796
24043461201
24043465297
24043461202
24043465298
24043461217
24043465313
24043461218
24043465314
24060250724
24060250728
24060267108
24060267112
22919416420
22919400024
22919416408
22919400040
22919416424
24044247636
24044251732
24044247640
24044251736
24044247652
22919400084
22919416468
22919400100
22919416484
22919400088
22919416472
22919400104
22919416488
23993129620
23993067864
23993067880
24061250185
24061250182
24061250186
24061028945
24061024850
24061028946
24061024865
24061028961
22919338564
22919338568
22906546754
22910741058
24052894341
24052894342
24317135493
24321329797
22902610580
22902610596
22902610584
22902610600
22902614680
22902614696
22919137880
22919154264
22902614676
22902614692
24312896132
24312896136
24312900228
24312900232
24312912516
24312912520
24312916612
23993128600
23993128616
23993132692
23993132708
23993132696
22923582017
22923582018
23997258113
24001452417
23997262209
24001456513
23997258114
24001452418
23997262210
24001456514
23993064033
23993068129
28557585048
28557585064
24044247700
22919416404
22919400020
22919400036
24051849872
24051853968
23993084548
23993084552
23993100932
24312945314
24312949393
24312949409
24312949410
24061053577
24061024913
24061029009
24061024914
24061029010
24061024929
24061029025
24061024930
24061029026
24061287057
24061291153
22919354016
22919358112
24044247457
24044251553
24044247458
24044251554
24312892042
24312908426
24065247810
24069442114
24061291169
22919387800
22919387816
22919391892
28364638858
22919391908
22919391896
22919391912
24060258888
24060275272
24044509848
24044509864
22919153252
22919387540
22919391636
22919387544
22919391640
22919387556
22919391652
22919387560
24069622402
24065444481
24069638785
23997258080
24001452384
24001456480
23997262176
24001456528
23997258144
23997262240
22923581840
22923585936
22927776144
22923577937
22927772241
22923577953
23993129556
23993129572
22923528580
22923544964
22923545153
22927739268
24061237920
22927788610
22923610690
22927804994
22919355012
22919355016
22919359108
22919359112
24061045384
24061061768
22919136901
22919136905
22919136902
28355225992
28355242376
24312912528
24312912544
28364380816
28364380832
28360190624
28364384912
28364384928
24044259928
24044276312
24044259944
24044276328
24044259924
24044264008
24044259940
24048437665
24052631969
24048437650
24052631954
22919350868
22919338640
22919338656
22927739522
22923582032
22923582048
22927776336
22927776352
22923586128
22923586144
22927780432
23997323905
23997323906
23997328001
23997328002
24001518209
24001518210
24001522305
24001522306
23993062993
23993063009
23993062994
23993063074
23993067169
23993067153
23993063057
23993063073
23993063058
22923582096
22923586192
22927776400
22927780496
22923582112
22923586208
22927776416
22927780512
22986533536
22986513040
28356254370
22986500754
22919157320
22919161412
22986500770
28565965450
23997257376
23997261472
24001451680
24001455776
22906542672
22906546768
22910736976
22910741072
22906542688
22910736992
24065428097
24069622401
24065428098
24065444482
28557531784
28557535876
28557552260
24044259988
24044276372
24044260004
24044276388
24044259992
24044276376
24044260008
24044276392
24312879761
24312883857
22923576970
24317135505
24317135506
24321329809
24321329810
24317135521
24317135522
24048454276
24048470660
24052648580
24052664964
24048454280
24048470664
24052648584
24052664968
24312896144
24312900240
24061287064
24061291160
24047651205
24047651206
24047651209
24047651210
24051845509
24051845510
24051845513
24051845514
24043461272
24043465368
24043461284
24043465380
24043461288
24043465384
22902352488
24044198304
24044202400
24044202568
24044218784
24044268104
22923332161
22923348548
24060267141
23997319813
24001514117
23997319817
24001514121
23997319814
24001514118
23997319818
24001514122
24065477265
24069671569
24065477281
24069671585
24065477266
24069671570
24065477282
24069671586
22919399060
22919399064
22919399076
22919399080
22919403168
22919407264
22919415460
22919415464
22987283090
22987287186
22987283105
22987287201
22987283106
22987287202
22987565728
22902282913
22902287009
22902282914
22902287010
22902347170
22924565072
22924565088
22928759376
22928759392
22924569168
22924569184
22928763472
24048441744
24048441760
24048445840
24065415760
24065419856
24065415776
24065419872
24060242577
22919404100
22919404104
24048437649
24052631953
24048437666
24052631970
23993132712
23993129636
23993129624
23993129640
23993133720
23993133736
22923527809
22923527810
22923544196
22923544200
22927771297
22923576977
24060267142
24060267146
24060250693
24060267077
24060267081
24060267078
24060250697
24060267145
22986508692
22986525076
22986508708
22986525092
22986508696
22986525080
22986508712
22986525096
24060250708
24060267092
22986512800
22986516896
23994129028
23994129032
23994133124
23994133128
23994133136
23994133152
23994149508
23994149512
24001448581
23993079428
23993083536
23993083524
23993099908
23993079432
23993083552
23993083528
23993099912
24044247460
24044251556
22910732873
22910732874
22910731913
22910731914
22906537349
22906537350
22906537353
22906537354
22910731653
22910731654
22910731657
22910731658
28624689810
28624693906
28624689825
28624693921
28624689826
28624693922
22923347585
22923347586
22923347588
22923347592
22927541889
22927541890
22923577745
22923577746
22923577761
22923331201
24047651462
24065411721
24069606025
24065411718
24069606022
24065411722
24069606026
23997257360
24001451664
23997261456
24061221521
24061225617
24061221522
24061225618
24061221537
24061225633
24061221538
24061225634
22924634768
22928829088
22995933856
22928824976
22991743632
22924630672
22924630688
22995937952
22928829072
22995933840
28355226256
28355226272
28624710304
28355226000
28355226016
24060254608
24060254624
24060270992
24060271008
24060258704
24060275088
24060275104
22919124561
22919128657
22919124562
22919128658
22919124577
22919128673
22919124578
22919128674
24065411666
24069605970
22919349908
22919349912
22919349924
22919349928
22919322001
22919322017
22919322002
22919322018
22924560965
22928755269
22924560969
22928755273
22924560966
22928755270
22924560970
22928755274
22986496401
22986496417
23997262465
23997262466
24001452673
24001452674
24001456769
24001456770
23993064020
23997253257
23997253258
24047655312
24047655328
24051849616
24051849632
24047659408
24047659424
24051853712
24051853728
24065411665
24061037204
24061037208
28355992212
28355996308
23993080388
23993080392
22986495633
22986499729
22986495634
22986499730
22986495649
22986499745
22986495650
22986499746
28565965446
28565965449
22919400010
22919416393
22919350853
22919334470
22919350854
22919350857
22919334474
22919416394
23992883844
23992887940
23992904324
23992883848
23992887944
23992904328
23993145988
22919140996
23993129554
23993129569
23993133650
24329726609
24329726625
23993063828
23993067924
23993063832
23993063844
24043461009
24043461010
24043461025
28360182149
28360182150
22919157380
24065419906
24069614209
24065415809
24065415810
24069610113
24069610114
24069614210
24043465064
24043460948
24043465044
24043460964
24043465060
24052636048
24052636064
22919399832
22919399844
22919399848
22919408032
22919416228
22919416232
22920370840
22920374936
22920370852
22920374948
22920370856
22920374952
24061024866
24061028962
24061303456
24061307552
22902363780
22902363784
22902367876
22902367880
22902367888
22902367904
22902384260
22919341700
22919341704
22902384264
22923577734
22927772038
22906800522
22910994826
22923577737
22927772041
22910994821
22906800521
22910994825
22920370772
22920370788
22920370776
22920370792
22920374868
22920374884
22920374872
22920374888
22920370836
24312945300
24312949396
24312945304
24312949400
24312945316
24312949412
24312945320
24060238226
24060238242
24052640144
24052640160
24060242321
24060242337
24060242322
24060242338
22927772050
23997319558
24001513862
22927772065
22923577762
22927772066
24060267172
24060267176
24043461204
24043461220
24043465300
24043465316
24044251812
24043497864
24043481476
24043481480
24043465048
24043497860
24044251800
24044251816
24044259977
24065415824
24065419920
24069610128
24069614224
24065415840
24065419936
24069610144
24069614240
23997254026
22919350632
24001448329
24001448330
22902610324
22902614420
22902610328
24061233812
24061233816
24061061728
24061250196
24061250200
22919337604
22919337608
22919353988
22919353992
22920374865
22920370770
22920374866
22919322004
22919326100
22919322008
22919326104
22919322020
22986508677
22986525061
22986508678
22986525062
22986508681
22986525065
22986508682
22986525066
22987283089
23992866402
23992866465
23992866450
23992866466
23992870481
23992870497
23992870482
23992870498
22906537546
22923578001
22927772305
22923578017
22927772321
22923578002
22927772306
22923578018
22927772322
22927775376
24048437637
24052631941
24048437641
24052631945
24048437638
24052631942
24048437642
24052631946
24060238417
24060238433
22927788609
23997258305
23997258306
28356254360
24001522241
23992883780
23992883784
23992887876
23992887880
23992887888
23992887904
23997323841
24065419905
22923577738
22927772037
22927772042
22919333524
22919333528
28360186448
24061225576
28360186464
28364380752
28364380768
28360190560
28364384864
28557515409
24312916624
24312916640
22987545234
22987549330
22987545249
22987549345
22987545250
23993063764
23993067860
23993063768
23993063780
23993067876
23993063784
23998368393
24002562697
23998368390
24002562694
23998368394
24002562698
23993067170
24044182114
24060271248
24060275344
24060271264
24060275360
24047655568
24047659664
23997254021
23997254025
23997254022
28356258466
24061233798
24061233802
24048441986
24061045408
23997323920
23997328016
24001518224
24001522320
23997323936
23993145924
23993145928
23993150020
23993150024
23993150032
23993150048
23993166404
23993166408
22923528584
22923544968
22923545154
22919341712
22919341728
22919358096
23993067940
23993067944
24044247441
24044251537
24051844742
24047650442
24051844746
23998311041
23998311042
24002505345
24048445856
24069638786
28360186497
24061287080
24061291176
22919342672
22919342688
22986533280
22987295380
22987295384
22987295396
22987295400
22987311764
22987311768
22986529168
22986533264
22987311780
22919386776
22919390872
22919386788
22919390884
22919386792
22919390888
22906546848
22902364804
22902364808
22902368900
22902368904
22902368912
22902368928
22902385284
22902385288
28557535880
28557535888
28557535904
24001455760
24061041224
24061057608
24048437841
24052632145
24048437857
24052632161
24048437842
24061045316
24061061700
24061045320
22923594305
22923610689
22927804993
22923594306
22923610692
22923610696
24051849793
24051849794
24044247444
24044247448
24044247464
24044251540
24044251544
24044251560
23993064088
23993064104
23993068180
23993068196
23993068184
23993068200
23997258128
23997262224
24001452432
23992867409
23992871505
24060250536
24060266920
24060266900
24069610064
24069610080
24060254800
24060258896
24060271184
24060275280
24060254816
24060258912
24060271200
24060275296
23993133665
28557580952
28557585044
28557585060
24051849857
22927780240
22927805058
22923594369
22923594370
22919354784
22919358864
22919358880
24321329825
24321329826
24048437905
24052632209
24048437921
24052632225
24048437906
24052632210
24048437922
24052632226
24065411717
24069606021
24002570912
22928763488
24060250505
24060266889
24060250506
24060266890
23992866385
23992866386
23992866401
22986508948
22986525332
22986508964
22986525348
22986508952
22986525336
22986508968
22986525352
23997258320
23997262416
28557519505
24051849601
24051849602
22906542721
22906546817
22906542722
22906546818
22919338628
28360186528
22919333514
22919333509
22919333513
22919333510
22919349893
24043465122
24061061704
22924626569
22924626570
22928820869
22928820870
22928820873
22928820874
24043464340
24043460248
24043460264
22906804865
22906804866
23997253254
24001447557
24001447558
24001447561
24001447562
22927780256
22906541712
22906541728
22910736016
22910736032
22906545808
22919387729
22919391825
22919387730
22919391826
22919387745
22919391841
22919387746
22919391842
22919125585
22919129681
24317139600
24317139616
24321333904
24321333920
24317143696
24317143712
24321338000
24321338016
28561775248
28561775264
22919140960
22919140944
22919145040
22919157328
22919161424
24043461268
24044259732
24044263840
24044259748
24044276132
24044259736
24044267936
24044259752
22919350666
22919391633
22919391649
22906538565
22906538566
24043460257
24043464353
24043460258
24043464354
23993063060
23993067156
23993063064
23993067160
23993063076
23993067172
24061037144
28360182341
28364376645
24061037140
23994112660
24051845770
23997322896
23997322912
28557531780
22919350922
22919416458
22919400074
22919350918
22919400069
22919416453
22919400070
22919334537
22919350921
22919416454
22902610578
22902614674
22902610593
22902614689
22906542736
22906546832
22910737040
22910741136
22906542752
22910737056
22910741152
24060254852
24061287058
24061287074
24061291154
24043461282
24043465378
23993064084
23993064100
24043461265
28360182405
28364376709
22919354768
22919338400
22919342496
22927804996
22927805000
24001522336
22919337616
22919337632
22919354000
24044198276
24044198280
22902351506
22902347425
22902351521
22902347426
22902351522
22902347409
22902351505
24060250788
24060250792
22995700353
22995700354
24043465128
24043465112
24043461012
24043461028
24043461016
24043461032
24043465108
24043465124
22923332225
22923348612
22923348609
23993064036
23993064024
23998368389
24002562693
22902613652
22902609560
22902613656
22902609572
22902613668
22902609576
22902613672
22919125586
22919125602
22923586113
22923586114
28565973664
23992867425
23992871521
24048437833
24052632137
24048437830
24052632134
24048437834
24052632138
28557580946
28557580962
28557580961
28557585057
23993129618
23993129634
24061291170
23997254278
24001448582
24044259974
24044259978
24044276361
24044276358
24044276362
22919387796
22919136852
22919136868
22919153236
22986524328
22923581072
22923585168
22986516128
22923581088
28355996312
22923585184
28355996244
28355996328
28355992228
22919391828
22919387736
22919391832
22919391844
24043481416
24043497800
22906804640
22906808736
22906804624
22910998928
22910998944
23997254213
24001448517
23997254217
24001448521
23997254214
23997254218
22923544193
22927738497
22923544194
22927738498
24052632146
24048437858
24052632162
22924565121
22924565122
22924569217
22924569218
22928759425
22928759426
22928763521
22928763522
24060254788
24060254792
22919137929
22919350696
22919145056
22919157344
22919161440
22919350676
23993063761
23993063777
23993063762
23993063778
23993067873
23993067874
23993067938
23993063825
22927772229
24001517200
24001517216
23997327008
28557515410
28557519506
28557515425
28557519521
28557515426
28557519522
28557580945
22907853472
22907857568
23998306960
24002501264
22928759440
22928763536
22928771720
22928788104
23998372496
24061291156
23997253193
23997253190
24001447494
22927775392
22927779472
22927779488
22987295370
22987311754
23997254277
23997254281
24001448585
23997254282
24001448586
24043465361
24065247874
24069442178
24065231489
24065247873
24069442177
22919350858
23994116756
23994112664
23994116760
23994112676
23994116772
23994112680
23994116776
24061221524
24061225620
24061221528
24061225636
24061225624
24061225640
24043461266
24043465362
22906537545
24312891988
24312896096
24312892004
24312908388
24312891992
24312900192
24312892008
24312908392
24069605969
24065411681
24065411682
24069605985
24069605986
24065411729
24065411730
24001452448
24001456544
24044268164
24044280452
24044280456
24044284548
22902626948
22902626952
22902631044
22902631048
23993064097
23993064082
23993064098
23993068177
22902631056
22902631072
24044280480
22910735760
22910735776
22906541456
22906541472
22910739872
22902348433
22902352529
28355205778
24061037190
24061053574
24061037194
24061053578
24312892052
24312908436
24312892068
24312908452
24312892056
24312908440
24312892072
24312908456
28355992209
28355996305
22919334484
22919142024
22919158408
22919146120
22919162504
22903659156
22903663252
22903659160
22903663256
22903659172
22903663268
22903659176
22927739265
22923528577
22923544961
22923545156
28557552264
24060250532
24060266916
22923594372
22923594376
22923610756
23997262496
24001456800
24052640386
22986507940
22986507944
22986512032
22986524324
24002497162
22920448676
22920448680
22920465060
22991739536
22919359056
22919359072
24044198288
22923577938
22911003265
22910999170
22911003266
22923582081
22927776385
22910732933
22910732934
22910732937
22910732938
24044202372
24044202376
24044202576
24044202592
24044218756
24044218760
24061250216
28557580948
22919390868
24060250762
24043481744
24043481732
24043498116
24043481760
24043481736
24043498120
24044509844
24044509860
28360444549
24044259910
24044259914
24044276297
24044276298
28364638853
28360444553
28364638857
22910736961
22910736962
22910741057
22910994822
22906542657
22906542658
22919404112
22919404128
22919420496
22919420512
22919408208
22919408224
22919424592
22919424608
23997319750
23997319753
23997319754
24001514057
24001514058
22919416457
22919145096
22919157384
22919161476
22919161480
22919145032
22919161416
22919321233
22919140932
22919157316
22919145028
22919140936
24312896160
24312900256
22919136906
22919153285
22919153289
22919153286
22919153290
22919158340
22919158344
22927776321
22927776322
22919146052
22927780418
22919162436
22927780417
24065247812
24065247816
23997323856
23997323872
24001518160
24001518176
23997327952
23997327968
24001522256
24001522272
23993080452
24047659586
24051853890
24047650437
24051844741
24047650441
24051844745
24047650438
22906545824
22910740112
22910740128
24312957588
24312961696
24312957604
24312973988
24312957592
24312965792
24312957608
24312973992
22924561041
22924561042
24060258952
24060275336
24061061764
22923528833
22923545220
22923545217
22927739521
22923528834
22923545224
22923545218
23994116770
24061242016
22987557528
22987561632
22986529440
22987557540
22987557544
22987573924
22987573928
22986517136
23993067154
24047655489
24047655490
24047659585
24051853889
24069614176
24044219012
24044219016
24044202656
22927788673
22923610753
22927788674
22923610754
24047655553
24060254864
24060258960
24060254880
24060258976
24061299348
24044513960
23993068114
24044264068
24044264072
23993133714
23993133730
22919125649
22919125665
22919125650
22919125666
22919129745
22919334534
22919334538
22919350917
24043460952
24043460968
24001522242
23997258336
23992870561
23992870546
23992870562
24060266148
24060266152
24044251752
24001456720
24048437829
24052632133
22906537605
22906537606
22906537609
22906537610
22919142020
22919146116
22919158404
22919162500
22923582082
22919145092
22919141000
22923576978
22923576993
22923576994
22927771298
22927771281
24048470657
24048470658
24052664961
24052664962
24065231490
22919387793
22919387809
22919387794
22919387810
22919391905
22919391890
22919391906
24043477320
24043481440
24043481424
24043481412
23993063826
23993067922
23993129362
23993129378
23993063842
24060257952
24312892037
24312892041
24312908421
24312908425
24044247633
24044247649
24061287076
24061291172
22906800778
22910995082
22919387752
22919391848
22919137861
22919137865
22919137862
22919137866
22919154245
22919154249
22919154246
22919154250
22919136837
22919136841
24044259909
24060258884
24060271172
24060271176
24001521312
22923577925
22923577929
22927772233
22923577926
22927772230
22923577930
22927772234
28355992210
28355992226
28355996321
28355996306
28355996322
24060275268
22986529184
22906545568
22919342480
22923332226
22923348610
22923594308
22923594312
22927788612
22927788616
23993129576
23993133672
22920383128
22920383140
22920383144
22920399508
22920399524
22920399528
24048441936
24048441952
24052636240
23993067106
23993067105
23993063010
22906804880
22906808976
22910999184
22911003280
22906804896
22906808992
22910999200
22911003296
23993129570
23993133666
28624702120
28624718500
23997328032
22991743648
22987315872
22987319968
23993064040
23993068116
23993068132
23993068120
23993068136
22902347412
22902351508
22902347416
22902351512
22902347428
22902351524
22902347432
22902351528
23997253253
22902281873
22902285969
22902348369
22902352465
22991506049
22991506050
22987549329
28355222152
23993064018
23993064034
23993068130
22919137876
22919154260
22919137892
22919154276
22902347348
22902351444
22902347352
22902351448
22902347364
22902351460
22902347368
22902351464
24044513940
24044513956
28364376713
28364376714
24044247634
24044251745
24048437893
24048437894
24044276136
22920383060
22920387168
22920383076
22920399460
24061041220
24061057604
22920465064
24052902560
22910995078
22910995081
23997262432
23993068193
22920383114
22920370769
22923577733
22923576969
22927771273
22923576966
22927771270
22927771274
22920383124
22920399512
22902347169
22902347154
22919349894
22919349897
22919349898
22919386769
22919386785
22919390865
22919390881
22919390866
24060250698
24060267082
23997319749
22919408196
22919408200
22919420484
24061057632
22906537541
24061233828
24061250212
24061233832
24061041296
24061041312
24061045392
28356008584
24001452624
24001452640
24001456736
22919338384
22919334533
24043461208
24043465304
28356254354
23993063841
23993067937
22927772049
24329722514
24329722530
24044251748
28355991953
28355991969
28355991954
28355996065
24317102724
24317102721
24321297025
24317102728
24317102722
24321297026
22927780448
24061221460
24061225556
24061221464
24061225560
24061221476
24061225572
24061221480
22995929745
22995929746
22920387216
22920387232
22920403600
22920403616
22920391312
22920391328
22920407696
22920407712
24044264080
24044264096
23993129560
23993133656
23993133668
22919129762
28565969552
28565969568
28561779360
24069614160
24052632198
24048437898
24052632202
28356012704
28356012680
28356029064
22920383064
22920383080
22920391264
28557580964
28557585058
22927776386
22919342724
22919342728
22919338632
22987295366
22987311750
22987295369
22987311753
24061053573
22920448660
22920452768
22920448664
22920456864
22919387554
22919391634
22919391650
24043497796
24043477316
22919404164
22919404168
22919408260
22919408264
22919420548
22919420552
22919424644
22919424648
22986513028
22986513032
23993084560
23993080456
23993084576
22902347153
22902351265
23998302790
22919400073
22920436369
22986496402
22986496418
22986500497
22986500513
22986500498
22923332162
22923348545
22923348546
22923348552
22927542849
24312879762
24312883858
24312879777
24312883873
24312879778
24312883874
28355992216
28355992232
28355996324
22919416389
22919416390
22919141956
22919141960
22919146056
22923581856
22923585952
23997323842
24048437897
24052632197
24052632201
23993063012
23993067108
22919326353
22902348372
22902348388
22902348376
22902348392
22902348436
22902348452
22902348440
22902348456
22902352468
22902352484
22906803856
22906803872
22910998160
22910998176
22906807968
22911002272
24060250694
28355205794
28355209890
24060267156
24060267160
24060250776
24060250772
28355992225
22987295124
22987295128
22987295140
22987295144
22987299232
22987303328
22987311524
24001518240
24043461026
22990719618
22994913921
22994913922
22919358084
24061041288
24061045380
22906800773
22906800774
22906800777
22919162512
22919387812
22906799749
22906799750
22906799753
22906799754
22910994057
22923348616
22986525318
22986525322
22919386772
24048446081
24052640385
22987315844
22987283041
24044247656
28355226244
28355226248
28355222148
28355242628
28355242632
22902348370
22902352466
22902348385
22902352481
22902347410
23993129553
23993133649
22923576965
22927771269
22986496658
22986496674
22986500753
22986500769
24051853953
23993067921
22987287185
22919350692
22919334296
22919334308
22919350680
24047655297
24047655298
24061024849
24061299364
24061315748
24061299352
24061299368
24061315752
28356254356
28356258452
24047659649
24047659650
24061250181
23993062996
23993063000
23993063016
24312949416
22923331202
24002505360
24044202384
24044202564
24044218768
23994112596
23994112612
23994112600
23994112616
23994116692
23994116708
24061287060
24043465364
23997258369
22919137944
22919154340
23997258370
22927772257
22927772242
22923577954
22927772258
23993145992
23993150084
23993150088
23993166472
24061221540
23993133474
24317135494
24317135497
24317135498
23993084484
23993084488
23993084496
23993084512
23993100868
23993100872
22919124369
22919128465
22919124370
22919128466
22919124385
22919128481
22919124386
22919128482
24043461224
24043465320
24060258948
24060271236
24060271240
24060275332
24048446082
23998372512
24002566800
24002566816
22927776160
24001456706
22919391656
23997262480
24001456784
22995929761
22995929762
22991489665
22991489666
22991506052
22991506056
22991735441
22991735442
22991735457
22991735458
22919129698
22919129697
22919129682
22919125601
22919129761
22919129746
23998306896
23998306912
24002501200
24002501216
23998311008
24002505312
22924561029
22928755333
22924561033
22928755337
22924561030
22928755334
22924561034
22928755338
22987311528
22919358088
22919146144
22919162528
28355996257
28355992162
28355991960
28355991976
28355996068
28355996072
22910994058
22910994053
22910994054
22919333540
22919333544
23994178196
23994182292
23994178200
23994182296
23994178212
23994182308
23994178216
22902352545
22902352530
22902352546
22902348449
22902348434
24047655554
24051849858
23993100936
22910995077
24329722529
22986500514
23993150096
23993150112
23993166468
24060254856
22902302084
22902302088
22902302096
22902302112
22902318468
22902318472
22986508933
22986525317
22986508934
22986508937
22986525321
22986508938
22987545233
22902285714
22902285730
22902281617
22902281633
22902281618
24047651466
24051853954
22902281554
22902281569
22902285665
22902281570
22902281634
22902285666
22902285713
22902285729
23993068178
23993068194
22927771282
24044247716
22987295320
22928755282
22924560977
22928755281
22924560993
22928755297
22924560978
22924560994
22928755298
22924565136
22924569248
22924565152
22902347345
22902347361
22902610340
22902610344
22902614436
22902614424
22986513056
24312883810
28356258472
22928755345
22924561057
22928755361
22928755346
22924561058
22928755362
28356012676
28356029060
28355992146
28355996258
28355992145
28355992161
28355221892
28355221896
22902614690
22920387204
22920387208
22920391300
22920391304
22920403588
22920403592
22920407684
22920407688
22987299460
22919400006
28624702104
22924634784
24060250758
24061287073
22924626565
22919136838
22919136842
22919153221
22919153225
22919153222
22919153226
23993063080
23993067176
22902297988
22902297992
23993133652
22902347346
22902347362
22902351457
22902351458
24060238481
28364642976
28364647072
23998302789
24043477384
24043481696
24061053544
24044198532
24044202640
24044202628
22987299472
22987303568
22987315856
22987319952
22987299488
22987303584
22987557524
22987295332
22987295336
22987311716
22987311720
22902318728
22902302352
22924577410
22924593793
22924593794
22928771713
22928771714
22928788097
22928788098
22919146064
22919158352
22919162448
22919141984
22919146080
22919158368
22919162464
22902610322
22902610338
22902610337
22902614433
22902614434
22991735429
22991735430
22991735433
22991735434
22995929733
22995929734
22995929737
22995929738
23998306945
23998306946
23993064017
23993068113
24060266904
22902351266
22919400009
22906538630
22906538633
22906538634
22910731909
22910731910
24044198536
23255992996
23255993000
23256009380
23256009384
23256001184
22991739552
23255992980
28360182153
28360182154
28364376454
28364376458
23992867489
23992871585
22919136660
22919140768
22919136676
22919153060
22919136664
22919144864
22919136680
22919153064
22986496657
22986496673
28360444550
28364638854
28360444554
28360182409
28360182406
28364376710
28360182410
24044247442
24044251538
22907849349
22912043653
22907849353
22912043657
22907849350
22912043654
22907849354
22912043658
24312916616
28355209873
22902609556
24044513944
24002497157
24002497158
23998302857
23998302858
23997327938
24001518145
24001518146
24002497161
22924577409
24044202632
22927542913
22924626577
22928820881
22924626593
22928820897
22924626578
22928820882
22924626594
22928820898
22919321249
22919400005
22919333460
22919333464
22919333476
22919333480
22919337568
22919341664
28356254372
23997327937
22906537542
22919154314
22919386770
22902647428
22902647432
22910732869
22906538569
24044284576
22927780481
22927780482
24069442113
22911003040
22920383109
22920383113
28364642960
28360452768
24048454212
24048454216
24043477380
24043481680
23993064081
24061057672
23997253189
24065231425
24065231426
24329722513
22910735952
22910735968
22906541664
22906545760
22910740064
24312883793
23993067112
22920374932
22919137896
22928771716
22919334232
22919342432
22919334228
22919338336
45804558993
45804559009
45804558994
45804559010
22910741088
22906546784
28624689809
24312879697
24312879713
24312879698
24312879714
24312883809
24312883794
22920436372
22920440468
22920436376
22920440472
22920436388
22920440484
22923586177
22923586178
22986529412
22927542850
24064444993
24064444994
24064461377
24064461378
24064461380
24064461384
24068655681
24068655682
24321329801
24321329798
24321329802
22902610594
23992867426
23992871522
23992867473
23992871506
23992867410
23998311056
22919334292
24052648516
22902348450
24312945297
24312945313
22919154280
22995937936
23994112609
23994112594
23994112610
23994116705
23994116706
24047654544
24051848848
24060242529
22986512784
22986516880
22919386786
24052636290
24002501249
24002501250
24002505346
22920399493
22920383110
22920399494
22920399497
22920399498
22919334248
22919350628
22928824992
22986529424
22986533520
22986517152
24069606034
22924577412
22924593796
22928788100
22902348386
22902352482
28624693905
28355205793
22902614673
28356254353
28356254369
23994116754
22902609553
22902609569
22920436392
22902347160
22902351256
22902347172
22902351268
22902347176
24065247809
22919390882
22919334312
22906538629
22902351252
22902351272
24044280464
24044284560
24044268176
24044268192
22903659170
22903663266
22902613665
22902609554
22902609570
22902613666
22924626566
22919137926
22919137930
22919154310
22919137925
22902282897
22902286993
22902282898
22902286994
22902610577
23255992984
23255997088
22902352472
22902352532
22902352536
22902352548
22902352552
28356258468
28356258456
28356254376
23998302853
23998302854
22987311784
22920440465
23994116753
23994116769
23994112593
22927542914
22910732870
22906538570
23994112658
23994112674
23994112657
23994112673
24052648520
24048470600
24052664904
24065411745
24069606049
24065411746
24069606050
22920399464
22902347156
24069606033
22986529416
22924569232
23994178193
23994178209
22928759456
22928763552
22902299268
22902303376
22902303364
22902319748
22902299272
22902303392
22902303368
22902319752
24043460242
22919334244
23997258064
24001452368
22986517128
22986533512
24043460241
22987545256
23992870306
22986533508
23994178194
23994178210
23994182305
23994182306
22903663272
22986517124
22920440488
28355209874
28355209889
23992871569
22987545236
22987545252
22987545240
22987549332
22987549348
22987549336
22987549352
22902610321
22906546753
22924577416
22924593800
22986507924
22986507928
22919154309
22919154313
23992866193
23992866209
23992866194
23992866210
23992870305
45804563105
23255980689
23255980705
23255980690
23255980706
23255984785
23255984801
22907853456
22912047760
22912047776
22912051872
45804563106
23998376608
28356258465
22903663265
22903659153
22903659169
22903659154
23255984786
23255984802
