1121344374096
1121344440720
2220856068496
2238035937680
1125639408016
2225151035792
2242330904976
1121612876176
2221124503952
2238376987296
1125711759712
2225223387488
1138596661600
2238108289376
1142904472976
2242416100752
1125993039248
2225504667024
1138609505680
2238121133456
1143172908432
2242684536208
2225236231568
1121698071952
1125913021088
2225424648864
1125996971664
2225508599440
1125723556448
2225235184224
1142903425632
2242415053408
1121362217632
2220873845408
1138542086816
2238053714592
2225168812704
2242348681888
1121630653088
2221142280864
1138864065120
2238375692896
1121685161296
2221196789072
2238376658256
1125980128592
2225491756368
2242671625552
1121415678608
2220927306384
1138595547792
2238107175568
1125710645904
2225222273680
1142890515088
2242402142864
1121684114064
2221195741840
1142891627856
2242403255632
2225173251728
1142841493136
2242353120912
1121635092112
2221146719888
1138814961296
2238326589072
1125930059408
2225441687184
1138591631760
2238103259536
1142886599056
2242398226832
2225218357648
1138542135696
2238053763472
1125657233808
1121696957856
2221208585632
1138876827040
2238388454816
1125991925152
2225503552928
1143171794336
2242683422112
1121429636512
2220941264288
1138609505696
2238121133472
1125724603808
2225236231584
1142904472992
2242416100768
1121698071968
2221209699744
1138612586832
2238124214608
1125727684944
2225239312720
1138810504544
2238322132320
1143171549600
2242683177376
2225167747664
1142835989072
2242347616848
1138881022368
2238392650144
1125728552352
1142891562336
2242403190112
1121416725856
2220928353632
1138596595040
2238108222816
1125711693152
2225223320928
1121685161312
2221196789088
1121415678624
2220927306400
2238107175584
1125710645920
2225222273696
2242402142880
1121684114080
2221195741856
2225487907152
1121429653840
2220941281616
1121349962064
2220861589840
2225156557136
1125657512272
1121417070928
2220928698704
1138865292896
2238376920672
1125980391008
2225492018784
2242671887968
1138881104544
1138810586720
2238322214496
1125925684832
2225437312608
1143105554016
2242617181792
2238392732320
1125996202656
1143104702864
2242616330640
1125924833680
1138809735568
2238321363344
2238322395808
1125925866144
2225437493920
1143105735328
2242617363104
1121366656672
1138546525856
1121635092128
2221146719904
1121614203232
2221125831008
1143092169376
2242603797152
2242684553888
1138814716256
2238326344032
1125929814368
2225441442144
2242621311328
1138525555040
2238037182816
1125640653152
2225152280928
2242332150112
1125996201616
2225507829392
1121630897808
1142841247120
2242352874896
2221142525584
2225173005712
1125925865104
2225437492880
1121432783440
2220944411216
1138612652624
2238124280400
1125727750736
2225239378512
1142907619920
2242419247696
1143172925840
2242684553616
1121635174800
2221146802576
1125930142096
1121412875600
2220924503376
1138592744784
2238104372560
2225219470672
2242399339856
1125928766048
2225440393824
1138860133008
2238371760784
1143155100304
2242666728080
2220923456144
1138591697552
2238103325328
2225218423440
1121345767840
2220857395616
1138525637024
2238037264800
2225152362912
2242332232096
1121614203296
2221125831072
1121361430944
2220873058720
1138541300128
2238052927904
1125656398240
2225168026016
1142836267424
2242347895200
1138545280656
2238056908432
1125660378768
2225172006544
2242351875728
1121633846928
2221145474704
1138813716112
2238325343888
2238325295760
1125928766096
2225440393872
2221145426576
1121344637584
2220856265360
1138524506768
2238036134544
1125639604880
2225151232656
1142819474064
2242331101840
1121618331216
2221129958992
2242604795472
1143093167696
2225424926288
1138798200400
1125924899152
2225436526928
1121432783456
2220944411232
1138612652640
2238124280416
1125727750752
2225239378528
1142907619936
2242419247712
1121701218912
2221212846688
1142887712096
2242399339872
2221192938848
2238372808032
1138591697568
2238103325344
1125706795680
2225218423456
1142886664864
2242398292640
1121680263840
2221191891616
1121618332064
2221129959840
1138798201248
2238309829024
2225424927136
2242604796320
1138815026784
2238326654560
2225441752672
2242621621856
1121365411488
1138545280672
2238035872096
1125660378784
1121633846944
1121618315600
1143093152080
2242604779856
2221129943376
2238309812560
1121349895776
2220861523552
1138529764960
2238041392736
1125644863072
2225156490848
1142824732256
2242336360032
1121618331232
1138814782048
2238326409824
1125711693200
2225223320976
1125980128656
2225491756432
1121416725904
2220928353680
2238108222864
2242403190160
1125723243856
2225234871632
1142903113040
2242414740816
1121417071184
2220928698960
1142823732816
2242335360592
2242336344416
1143093152096
2242604779872
1121618315616
2221129943392
1138798184800
2238309812576
1125913282912
2225424910688
2238037264992
1138877892000
2238389519776
1143172859296
2242684487072
1121617266080
2221128893856
1138797135264
2238308763040
1125912233376
2225423861152
1138528519760
2238040147536
1138881873568
2238393501344
1125996971680
2225508599456
2242688468640
2238392403296
1142907307360
2242418935136
1143175742816
2242687370592
1125727438176
2225239065952
1121432470880
2220944098656
1138612340064
1125929814608
2225441442384
2242352876112
1138814716496
2238326344272
1121634847312
2221146475088
1142891562400
2242403190176
1125657184848
2225168812624
2242348681808
1121635175056
2221146802832
2238326672016
1125930142352
1121345768096
2220857395872
2238037265056
2242332232352
1121614203552
1121429391712
2220941019488
1138609260896
2238120888672
2225235986784
2242415855968
1121697827168
2221209454944
1121348634960
2220860262736
1138528504144
2238040131920
2225155230032
2242335099216
1121617070416
2221128698192
2221191825760
2238371694944
2242666662240
1121348650592
2220860278368
1138528519776
2238040147552
1125643617888
2225155245664
1142823487072
2242335114848
1121617086048
2221128713824
1138612586848
2238124214624
1142907554144
1121412531792
2220924159568
1138592400976
2242667431504
2242419181920
2238104028752
2242398996048
1125707499088
2225219126864
1142887368272
1125728798032
2225240425808
1142908667216
2242420294992
2238392715920
1121432783504
2238103258512
1138612652688
2238124280464
1125657232784
2225168860560
2242348729744
1143177054816
2242688682592
1121366411872
2220878039648
1138546281056
2238057908832
1125661379168
2225173006944
1142841248352
2242352876128
2238104372624
2242399339920
1121412875664
2220924503440
2225219470736
1121361151568
2220872779344
2225152297616
1142820539024
2242332166800
2238040131936
1142823471456
2242335099232
1143091906912
2242603534688
1125912037728
2225423665504
1125644863120
2225156490896
1142824732304
2242336360080
1121618331280
2221129959056
1138798200464
2238309828240
2242604795536
1121680967264
2221192595040
1121701234336
2221212862112
2238392731296
1125996201632
2225507829408
2242687698592
1121702266208
1138882135392
1143177102688
2242688730464
1125728798048
1143105734304
1121701218976
2221212846752
1125639407952
2225151035728
2242330904912
1142841494096
2242353121872
2242402486864
2220924503456
1138592744864
2238104372640
2225219470752
1142887712160
2242399339936
1121681311136
2221192938912
2221146473824
1142890857824
2242402485600
2238107518304
1125979145552
2225490773328
1121684178256
2242670642512
1142907356496
2242418984272
2225424910736
2238309812624
2242604779920
1121696761184
2221208388960
1138876630368
2238388258144
1143171597664
2242683225440
1143159014752
2242670642528
1121349895840
2220861523616
2242616396128
1121432470928
2220944098704
1121361495440
2220873123216
2238052992400
1125656462736
1138591614288
2238103242064
1125706712400
2225218340176
1143159014800
2242670642576
1125995922832
2225507550608
1121415742864
1121344439696
2220856067472
2238035936656
1121684458064
2221196085840
1138864327248
2238375955024
1125979425360
2225491053136
1143159294544
2242670922320
2238389324176
2242684291472
1138545494368
1138792744352
2238304372128
1125907842464
2225419470240
1143087711648
2242599339424
1121411548576
2220923176352
2242335049040
1121349880224
1138529749408
1125644847520
1142824716704
2220860278416
1138528519824
2238040147600
1125643617936
2225155245712
1142823487120
2242335114896
1121617086096
2221128713872
1138796955280
1121432470944
2220944098720
1138612340128
2238123967904
1125727438240
2225239066016
1142907307424
2242418935200
1121700906400
2221212534176
1142887368096
2242398995872
1121696778656
2221208406432
1138876647840
2238388275616
1125991745952
2225503373728
1143171615136
2242683242912
1121684458080
2221196085856
1121614121552
2221125749328
1138793990736
2238305618512
1143088958032
2242600585808
1125723243872
2225234871648
1125909088848
2225420716624
2220941019552
2238120888736
2225235986848
1121617070480
2221128698256
1121696712272
2238388209232
1125991679568
2242683176528
1125643864416
1143160326816
2242671954592
1125975934608
2225487562384
1121680967312
1138860836496
2238372464272
1143155803792
2242667431568
1121702266256
2221213894032
1138882135440
2238393763216
1138613699984
2238125327760
2242420295056
1138865113696
2238376741472
2225491839584
2242671708768
2225423878816
1138546281120
1121634847392
2221146475168
1143154755216
2242666382992
1125657184864
2225168812640
1142837054048
2242348681824
1143159032416
2242670660192
1125996923488
2225508551264
2242688747920
1143160079952
2242671707728
1142903097680
1138528504224
2238040132000
1125643602336
2225155230112
1142823471520
1125979145808
1121680967328
2221192595104
1138591417952
2242687634000
2225172220304
1138545494416
2225239311712
1138612585824
2238124213600
1121365411472
1138595612304
1125710710416
1142890579600
1121629653664
2221141281440
2238321150624
1125924620960
2225436248736
2242616117920
1121428261216
2220939888992
1138608130400
1138877941328
2238389569104
2238309894816
1143088974432
2242600602208
1125640668816
2225152296592
1142820538000
2242332165776
1121411745168
2220923372944
1138591614352
2238103242128
2225218340240
1125710989968
2225222617744
1138864327312
2238375955088
1121634060704
2221145688480
2238325279120
1121635158672
2221146786448
1125930125968
2225441753744
1138815027856
2238326655632
2221209699936
2242620262048
1125656398416
2225168026192
1121629866576
1138809735760
1121411745184
2220923372960
1143160341856
1121685505376
2221197133152
2242671969632
1125980472672
1142891906400
2238107519648
1125710989984
2225222617760
2242402486944
1121684458144
2221196085920
1121345686160
2220857313936
1138525555344
2238037183120
1142820522640
2242332150416
1121614121616
2221125749392
2221128714656
1138796956064
2238308583840
1125912054176
2225423681952
1143091923360
2242603551136
2225487891088
1125643552096
2225155179872
1142823421280
2242335049056
2238372481696
1125975952032
1121428276880
2220939904656
1138608146064
2238119773840
1125723244176
2225234871952
1142903113360
1121696712336
2221208340112
2225503307408
2225508534880
2242621377120
1121361431136
1125656398432
2221125749408
2242600585888
1143171533200
2242683160976
1121428261264
2220939889040
1125723228560
2225234856336
1121433586000
1121428276896
2220939904672
1138608146080
2238119773856
1125723244192
2225234871968
1142903113376
2242414741152
1121696777632
2221208405408
1138876646816
2238388274592
1143171614112
2242683241888
1125980195152
2225239132496
2242348665168
1121345488208
2220857115984
2238036985168
1125640455504
2225152083280
2242331952464
1121613923664
2221125551440
2238393780640
1125639408272
1142819277456
1121344440976
1125728748896
2225240376672
1121428261280
2220939889056
1138608130464
2238119758240
2225234856352
1138609505936
2238121133712
2225504667280
2225236231824
1125724604048
1138877941392
2238389569168
1121429636752
2220941264528
2221209699984
2238376658512
1125997249936
2225508877712
1125996137056
2225507764832
2242687634016
1125980472720
2225492100496
1121345488224
2220857116000
1125640455520
1121613923680
1125640653200
2225152280976
2225218095440
2242397964624
2238392714656
1121416726112
2220928353888
2238108223072
1125711693408
2225223321184
2242403190368
2238321149600
2242616116896
1121612892752
2221197133216
1121365412432
2220877040208
1121633782176
2221145409952
1138813651360
2238325279136
2225440377248
2242620246432
2225441753760
2242621622944
1143154772320
2238371432800
1125974903136
1121412875856
2220924503632
1138592745040
1142824782176
2242336409952
1125644912992
1125980408480
1121362478432
1121630913888
2221142541664
1125925881184
2221141494432
1121415939408
2220927567184
1138595808592
2238107436368
1125710906704
2225222534480
1142890775888
2242402403664
1121428277648
2220939905424
1125723244944
2225234872720
1138528766608
2225487890768
1121412860240
2220924488016
1138796955040
2238308582816
1125912053152
2225423680928
1143091922336
2242603550112
1138860852896
2238372480672
1125975951008
2225487578784
2242667447968
1142890775904
2238375871840
1121415939424
2220927567200
2238107436384
1125710906720
2225240181152
2238393435744
1142904472928
2242416100704
2242688403040
1125995873872
2242418935376
2225487890784
2220872861024
2242415052432
2225152083360
1121617070432
1138796939616
1138528504160
2238123952464
1125727422800
2225239050576
2242418919760
1121432536400
2220944164176
2238053696848
1138612340320
1125706467728
2225218095504
1121416726176
2220928353952
2238108223136
1125711693472
2225223321248
2242403190432
1121685161632
2221196789408
2220927371664
2238107240848
1121362478480
2220874106256
1121630913936
2221142541712
2242599340448
1121629588048
2221141215824
1121429391968
1138609261152
2242616395424
1138814716320
1125929814432
2225441442208
2242621311392
1121617070672
1138881037920
2238392665696
1125996136032
2225507763808
2242687632992
1121433830992
2242604862112
2220924503696
2238104372880
2225219470992
2220874106272
1143109682576
2242621310352
2238053975456
2242330920592
1138792760912
2221213894240
1121681295760
1138813650336
2238325278112
1125928748448
1121361233296
1138541102480
1142836069776
1138815026848
2238326654624
2242414725536
1125710906784
1138860837280
2238372465056
1125975935392
2225487563168
1143155804576
2242667432352
1121349944672
2220861572448
1138529813856
1125975148112
2225486775888
1143155017296
2242666645072
2225239116432
2242684291728
1142904489616
2242416117392
2242335360656
1121696712016
1138876581200
1121700891024
2221212518800
2238392387984
1125995858320
2225507486096
1121432471200
1138612340384
2238123968160
1125727438496
1142907307680
2242418935456
1121617331792
2221128959568
1121411745376
1138591614560
1125706712672
1142886581856
1121429392032
2238309614928
2221129745744
2225437297056
2242617166240
1121432455584
2220944083360
2242670643872
1142835989152
2242347616928
1143171599008
2242683226784
1121630700944
1125924555360
2242336146784
2242600602256
1125661443664
1125930075472
1121366672720
1121635093072
1121697040800
1121365673312
2220923373200
1138591614608
2238103242384
2225218340496
2242398209680
1142841509216
1143109944672
1121366672736
1138546541920
2238058169696
2221145688736
1142887434848
1138792941200
1143156083296
2242667711072
1138609506704
2238121134480
2221192594848
1121417070176
1121685505632
2220877055312
1138545296720
2238056924496
1142840264016
2242351891792
1138596596048
2238108223824
2225503307104
1143171548512
2238389585504
2225504683616
1143172925024
2242684552800
1143092168288
1138865113760
1121417054560
1125928765024
2242351891808
1121365427552
2220877055328
1138545296736
2238056924512
1142840264032
1125728748944
2225240376720
2242687355488
2225168074320
2238052976208
1121630700960
2221142328736
1138810570144
2238322197920
1125925668256
2225437296032
1143105537440
2242617165216
1142841509264
1121635108240
2221146736016
2238375675552
2242670642848
1121429308768
1121433586272
1138613455456
1142908422752
2242420050528
2225235183248
1138860115600
1121701217936
2238321084000
1121415694752
2238377002640
2242671969936
1121366672800
2220878300576
2238305420896
1121432799568
2220944427344
2238124296528
1125727766864
2225239394640
2242419263824
2238326589008
1143109928528
2238056924560
1125706467936
2242397964896
1138881809056
1138612668768
2238124296544
2225239394656
1142907636064
2242419263840
1125979342416
2225490970192
1143159211600
2242670839376
1121365427616
2220877055392
1138545296800
2238056924576
1125711694176
2225223321952
2242414987872
1121697024656
2238120805792
2242415773088
1138863983184
2238375610960
1143158950480
2242670578256
1121701169824
2221212797600
2238392666784
1125656185168
2225167812944
2242616117584
2242347682128
1121361217872
2220872845648
2221125551776
2238305420960
2242600388256
2225173055840
1138525373840
1142887384400
2242399012176
1121680983376
1121412547920
2220924175696
1138592417104
2225219142992
1125656185184
2225167812960
2238052714848
1138541087072
2242347682144
1125925881488
2225437509264
2242348942992
1121630898576
2242616134304
1143093217632
2242604845408
1142836004240
1143104505488
2242616133264
1121614137680
1125909104976
1138591680864
1138863983200
1142836316512
1142886648160
2242398275936
2238322132304
2238052714912
2242347682208
1121701218704
2221212846480
2238304389456
1125907859792
2225419487568
2242416117072
1138814977616
2225441703504
1138796938576
1121617069392
2221128697168
1121681033808
2221192661584
1138860902992
2238372530768
1143155870288
2242667498064
2220876989776
2238056858960
2242351826256
1121344390496
2242616380048
1138865048160
2238376675936
1125980146272
2225507748512
1121685226912
1138865096096
2225491821984
2242671691168
1138860132944
1125975231056
2225486858832
1143155100240
2242687436128
1125979080288
1143104752272
1121344375136
2220856002912
1138524244320
1121344440992
2220856068768
1121685177680
2220927322768
2221145475424
2225440442720
1121633847648
1121344390736
2220856018512
2242603795856
2220928370016
1138798267040
2225424991888
1125980457616
1138877942160
1121432799840
2238124296800
1125925866064
2225437493840
2220927584656
2225152034128
1125710924176
2225222551952
1121618332000
2221129959776
1121412548176
1138592417360
2238104045136
2242399012432
1121344702096
2242688746848
1121701235360
2220874091152
2221209699728
1143171794512
1143177053600
2242603551120
1121702282640
2242688746896
1121361218208
1138794007136
2238305634912
1125909105248
1125907793488
2221213910432
2242617165200
1121366657616
1142841494112
1121345504592
2220857132368
1138525373776
2238037001552
2225152099664
2242331968848
2220941280912
1138609522320
2225236248208
1143172909456
2242684537232
1121429637520
2220941265296
1121617331856
2242331116880
1121428522576
1142890792272
2242402420048
1121415955792
2220927583568
2238107452752
1125710923088
2221145475728
1138524243344
2238035871120
2242330838416
1121349896800
1121618332256
1143087646032
2242599273808
1121612809552
2221124437328
1138524243280
2225150969168
2238304306512
2242330838352
1125907776848
1121344374160
1121348651664
1138792678752
2238304306528
2225419404640
2242599273824
1143177119376
2225508877968
2242420296096
1138882153056
1121698073168
2238393779792
1138882152016
1121629914528
2221141542304
1138877942416
2238389570192
1143172909712
2242684537488
1121698073232
2221209701008
1121415956064
2220927583840
2238107453024
1125710923360
2225222551136
2242402420320
1121415956128
1121685506656
1125979146848
1121702283936
2221213911712
2242398210464
1121685506720
1121362479712
2238053976672
2242348943968
1121630915168
1125980195424
1121362479776
2242349008272
2225508878944
1121411500368
1121680197984
1125979358816
2225490986592
1121348584800
2220860212576
2242688682656
1125710924192
2238107454048
2242402421344
1121685439824
2225492034896
2242671904080
2242687354192
2242347615632
1121344375392
2220856003168
2238035872352
2242330839648
1121344375456
2220856003232
2238035872416
2225508879008
1121685441120
2221197068896
2238376938080
1125656184208
2225167811984
2242347681168
2242688748192
2242671905376
1121361216912
