365430130000
28360190561
22919424600
22906804641
22906804642
22906808737
22906808738
22910998929
22910998930
22910998945
22910998946
28364384929
28356029080
23993079400
23993083496
28557601444
28557601448
24329743012
24329755304
24069675665
24069675666
24044264040
24044530328
24044280424
24065485458
24069679762
24044263832
24044267928
24044267940
24044267944
24044263844
24044280228
24044280232
24044263848
22919342740
22919342756
24044526232
24044530340
28364380833
22986516132
22923585185
24064461385
24064461386
24064444998
24064445002
24064461381
24068655685
24068655686
24052648521
24052664905
24048454218
24048470602
24052648522
24052664906
24001456482
22994913930
22923610761
22990719621
22990719625
22990719622
22990719626
22923610762
22927788677
22927788681
22927788678
22923528585
22923528586
22923581858
22927776162
22923594314
24001522321
24001522337
24043477400
24043481496
24065231493
24065231494
24065231498
24065247877
24065247878
24065247881
24065247882
24002501265
24002505361
24002501266
24002505362
24060254612
24060254616
24060254628
24060254632
24060258708
24060258712
24060258724
24060258728
24060270996
28364384913
22919158424
22919158440
24317102729
24321297030
24317102726
22919145128
22919145124
22919161492
22919161508
22919161512
22919140948
22919140964
22919157332
22919157348
22919140952
23997257361
24001451665
23997257377
24001451681
23997261457
24001455761
23997261473
24060258968
24060258984
24001455777
24069675681
22927779489
22927779490
24043481748
24043481764
22923544198
22923544202
22987299496
22987303592
24065415825
24069610129
24047655314
24051849618
28557535892
28557531800
28557535908
23997257297
23997257298
23997257313
24048441937
24048441953
24048441938
24048441954
24052636241
24052636257
24052636242
24052636258
23997258338
24001452642
23997262418
24001456722
23997262434
24001456738
22910999201
22910999202
22911003281
22911003282
22911003297
22911003298
24048441762
24052636066
22919424612
22919424616
24061258404
24061258408
22906804898
22906808994
22919342484
22919358868
24047659410
24047659426
24051853713
24051853729
24051853714
24051853730
22923581841
22923581842
22923581857
22923585937
22923585938
22923585953
22923585954
22927776145
24001522322
24061041304
24061041320
24047655505
24047659601
24047655506
24047659602
24051849809
24051853905
24065415762
24051849810
24051853906
24047655521
22987315620
22987315624
22987303528
22919408212
22919408228
22919424596
24068655690
23997258402
23997262498
24044202648
24044202664
24044268180
24044284564
24048442001
24048442017
24048442002
24048442018
24052636305
24052636321
24052636306
24052636322
24048446097
24048446113
24001518178
24001522274
24061303464
24061303460
22919408296
22919424680
24061307556
23993080212
23993084308
23993080216
23993084312
23993100692
24044263828
22923545161
22923545162
23994198696
24069610145
24069610146
24048446098
24052640402
24048446114
24052640418
24043481752
24043481768
24060271208
24060275304
22994913926
22919337560
22919341656
22919337572
22919337576
22919341668
22919341672
22919353960
22919358056
24043498152
28355226020
28355242392
22923528581
22923544965
22923545157
22927739269
22923528582
22923544966
22927739270
22923544969
22986516904
22986533288
23997322897
24001517201
23997322913
24001517217
23997327009
24001521313
23997322898
24052640417
28355222164
28355226260
28355242644
28355222168
28355226264
28355226276
28355242648
24044218788
24043480728
24043480744
22919353956
24060254888
24060271256
24060271272
24060275352
24001517985
24001522081
24060271252
24069638789
24069638793
22987299476
22987315860
22987299492
22987315876
28624706196
24065415761
24065415777
24065415778
22928763474
22928763490
24069614226
24069614242
23997258321
23997258322
23997258337
23997262417
23997262433
24001452625
24001452626
22987303588
22987319972
22987578024
22987582120
24061237844
24061237860
24061237848
24061237864
22924634770
22928829074
22928824993
22928824994
22924630690
22924634786
22928829090
22911003042
24048470666
24052664970
22927739274
23997322914
24001517202
24001517218
23993166420
23993166424
28356008616
22923527814
22923544201
22919337624
22919341720
24001456785
24001456801
24043481688
24043481704
28364380578
28364384674
28624722600
24069442186
28624726696
22927788613
22927788614
28360190610
22924630673
22924634769
22928824977
22928829073
22924630674
22928824978
22924630689
22924634785
24044264036
24044268120
24048470662
24052664966
24048454282
24052648586
23997323858
23997323874
28356029076
22919354792
24065481361
24065481377
24065481362
24065481378
24069675682
24065485457
24065485473
22987299412
22919408216
22919408232
22919404116
22919404120
22995937937
22995937938
24065428106
22986529192
24069622410
24061057684
24061061780
24061057688
24061061784
24061057700
24061061796
28557535912
24044268196
24044268200
24069614241
22927776161
22927780257
24001452689
24001452705
23997327010
22986512036
22986512040
24044284568
24064461382
24065444485
28360186450
28360186466
22928788105
23992886948
23992886936
23992903320
23993144984
23993145000
23993149092
23993149096
23992882836
23992886932
23992882856
22923347594
22986529444
22986529448
24051849889
24051853985
24047655569
24047659665
24047655570
24047659666
24051849873
24051853969
24051849874
24051853970
24047655585
22919403172
22919419556
24060253844
24060253848
24060253860
24060253864
23992903272
24060257944
24060257956
24060257960
22927775394
22927775377
22927779473
22923582113
22923582114
22923586209
22923586210
22927776401
22927776402
22927780497
22927780498
22927776417
22927776418
22923585170
22919338644
22919338660
22919338648
22919338664
22919355028
22902367656
22902367652
22902363560
22902363544
24002570913
24002570914
22920452776
24060254804
24001452706
24001456786
24001456802
24060258900
24060271188
24047655330
28360190625
28360190626
24044284584
24044280488
24044198552
24061057640
24061061736
22919337556
22919157416
22919145044
24047658658
28557597336
28557597352
22986529188
22986533284
22987303336
24065428102
22927780241
22986516884
22919354984
24001456721
24001456737
23997323873
23997327969
23997327970
24001518177
24001522273
23997327953
23997327954
24001518161
24001518225
24001518226
22902625944
22902630052
22902630040
22902630056
22902625960
22902646440
28355221908
28355221912
28355226004
28355226008
24060254868
24060254872
22902630820
22906542673
22906546769
22910736977
22910741073
22906542674
22906546770
22910736978
22910741074
22906542689
22906546785
22902368868
22902368872
24061241944
24061241960
22986517144
22986517160
24061242020
24001517986
24065428101
24065444486
24069622405
24069622406
24069638790
24065428105
24065444489
24044284328
28364380770
24051848866
24051852962
24061041048
24043498136
24061254312
23997323665
24001517969
23997323681
23997327777
23997323666
24001517970
24065415841
24065419937
22919141012
22919145108
22919157396
22919141016
22919145112
22919157400
22919161496
22919141028
22927780258
28356028840
24052648585
24048704145
24069610081
24069614177
24048704161
24052898449
24052898465
24048704146
24048704162
22991506054
22991506058
28565969569
28565969570
28360186449
28364380753
28360186465
28364380769
28364384865
22987561624
22987565720
24060275112
23993084324
22920456872
22920473256
22919404180
22919404196
22919404184
22919404200
22919420564
22919420580
22919420568
24047655586
22919420584
23997323937
23997323938
22919404136
22906541729
22906545825
22927739525
22927739526
22927788617
22927805001
28561779362
28565973666
22919338580
22919338596
22919354964
22919354980
22919338584
22919338600
22919354968
22919342676
22919342692
22919355044
22919355032
22919355048
24001452385
24001452386
22923594373
22923610757
22927805061
22923594377
22927805065
22923594374
23994133092
22987303524
24312896152
24312900248
24001452641
24048445858
24052640162
24052640161
22919141032
28360190609
28360186529
22919342436
22919342440
22919354724
22919354728
22919358824
22919338324
22919338328
22919342424
23993100712
22995937954
24051849634
24321333906
24321338002
23997258065
23997258066
23997258081
23997258082
24001452369
24001452370
23997258129
23997258130
23994149528
28364384914
24043477656
22902367892
22902367896
22902363800
22902363816
22902367908
22902367912
24048441745
24048441746
28355242408
22919354008
22919358104
28557531796
24061241956
22919157352
22919145064
22919161448
24047659409
23993144980
24061045156
24061041064
24061057448
24061045144
24061045160
24051849890
24051853986
24069614161
24069614162
24044219048
23997328034
24001518241
24001518242
24001522338
24002501218
24002505314
22923545158
24069679778
24065415842
22923594309
22923610693
22927804997
22923594310
22923610694
22927804998
22923594313
22923610697
24060270244
24060275300
28356008532
28356008536
28356008552
28356012632
28356012644
28356012648
24044198292
24044202580
24044202388
24044218772
24044198308
24044202584
22919359064
24044198312
24044198296
24044202596
24044202392
24044218776
24061041256
24061045352
23993150120
28565973665
24060271016
28360186513
28360186514
28360186530
28624722596
22919142036
22919158420
22919146132
22919162516
22919142052
22919158436
22919146148
22919162532
24060275284
24061242004
24061258392
24060258904
24060258920
24060275288
24061242024
24061254296
24061237912
24047654562
24069610065
24044202404
24044202408
22986529176
22986533272
22927776353
22927780449
28557617832
28360190562
22987299480
22987315864
22906541650
22986533268
24043477416
24043497892
24043497896
24052640354
24001518162
22927780513
22927780514
28355221140
28355221144
28355221160
28355225252
28355225256
24065419857
24065419858
22927779474
24069610066
22924577418
22924593802
22928771721
22923610698
22927805002
24060275092
24060275108
24060275096
22991743649
22919358100
22919358116
22910998177
22911002273
24002505377
24069614225
22919338344
22927739273
22923544970
22987299416
22987303512
22928771722
22919342744
22919359128
22919342760
22919359144
24044202644
24044219028
24044219032
24044202660
24044198548
24312912488
22902364776
22902385256
22902364756
22902368852
22902364760
22902368856
22902385236
22902630824
22902626728
24047654545
24047654561
24047654546
24051848849
24051848865
24051848850
24047658657
24060270248
23993084504
23993100888
24069679777
24048708258
24052898466
24052902562
24065485474
24048708257
24052902561
23992882792
23992886868
23992886884
23992903252
23992903256
24052898450
23997323682
23997327778
24001522082
24061041044
24061041060
24061061544
22927541898
22927805066
22927788682
22927805062
22910735969
22910740065
22910735970
22910740066
24043480740
22924565090
22924569186
22919358884
22919354788
22924565073
22924569169
22928759377
22928763473
22924565074
22924569170
22920391268
24069610082
24069614178
22919338408
22919342488
22919358872
22919342504
22919358888
22919404132
22919420500
22919420516
22919420504
22919420520
24329738904
24329738920
24060254808
24060271192
24060254824
28355221928
28355226024
28355242388
22920387236
22920391332
24061057620
24061057624
24061041252
24061057636
28360448673
28360452769
28364642977
28364642961
28364647073
28364642962
28360448674
28360452770
22906545762
22910735953
22910735954
23994133096
23994133080
23994149480
28356008360
28356012456
28356008340
28356008344
28356012452
24060254884
24060258980
24044202600
24044218792
24047659425
22923347589
22923347590
22902298280
22919157336
22919161428
22919161444
22919161432
22923347593
22902298004
23992903316
23992882840
24044198568
22919338340
23993100696
22902363732
22902363736
22902363752
24065444490
24047659681
24047659682
24069638794
24065247818
22919403928
22919403944
22919408036
22919408024
22919403940
22919420324
22919420328
22919408040
22906546833
22910737041
22910741137
22906542738
22906546834
22910737042
22910741138
22906542753
22906546849
24043481700
24043477412
24064445062
24064461446
24064461449
24068655750
22906545810
22910736017
22910740113
22910736018
22910740114
22906541730
22906545826
22910736033
22910740129
22910736034
22923582049
22923586145
22902298264
22902302360
22902302372
22906546850
22902319768
22902385300
22902385304
22927542858
22923348617
24052640401
24061237928
24061242008
24048454281
24048470665
24052664969
24048454277
24048470661
24052648581
24052664965
24048454278
24052648582
22902385320
22902626712
23993150100
23993150116
22919359124
22919359140
22902363796
22919424676
23993084500
24044280472
22902302356
22902318740
22902318744
24047659617
24051849825
24051853921
24047655522
24047659618
24051849826
24051853922
24060271204
24044264024
24044268136
24044264020
24044280408
24044284520
22919408292
23993146004
23993166484
23993146008
23993150104
23993166488
23993100648
23993080148
23993080152
23993084248
23993080168
23993166504
23993146024
22986529172
24061045336
24061061720
24061045348
24061061732
24069622409
22910736994
22919359060
22919359076
22919342680
22906546786
22910741090
22919342696
22919359080
24061258388
24317139601
24321333905
24317139617
24321333921
24317143697
24321338001
22902626964
22902626968
22902631076
22902631060
22902647444
22902631080
24312916628
24312916632
24317143698
24317139602
24312912548
24312912552
23993149080
28364380834
28364380817
22927776337
22927776338
22923582033
22923582034
22923586129
24001452449
23997262225
24001456529
23997262241
24001456530
24001456546
24001456545
24044264100
22919408280
22919424664
24044264084
24044264088
24044268184
24044264104
24044280468
24044280484
24064461450
24064445066
24064461445
24068655749
24317139618
24317143714
24061045416
24061057704
24061061800
24069679761
22919354020
24048441761
22923348613
24065247817
23993083540
23993083556
22919419560
22919407256
22919407272
22919423656
22919408276
22919424660
22902631064
24044530344
22919145060
22919157412
22919424424
22986512788
23997262226
23997262242
23997258145
23997258146
24001452433
24001452434
24001452450
22927776146
22923582050
22927776354
22927780433
23993166440
23993080232
23993084328
23993145940
23993145944
23993150036
23993150040
24043497880
23997262177
23997262178
22919140968
24043477396
24043481684
24061254292
24061254308
22927541894
22928763489
22928759393
24065419873
24065419874
24048445842
24052640146
24048445857
24052636049
24052636050
24052636065
22923528837
22923528838
22923528842
22923545221
22923545222
22923545225
22923545226
23997257314
23997261410
24001451618
24001455714
23997257362
23997257378
24001451666
24001451682
23997258385
23997258386
23997258401
23997262481
23997262482
23997262497
24001452690
24060254820
22986517140
22986529432
22986513060
22986533528
22986517156
22986533544
22986529428
22986513064
22986533524
24043477336
24043481444
23997261474
24001455778
22910741089
22906542690
24001521314
24060274344
28557552276
28557535896
28557552280
28557531816
24312896148
24312900244
24312912532
24312912536
23992886872
23992886888
23992882772
23992882776
22919140760
22919144868
22920469156
22920469160
22902318484
22902318488
22902318504
22902302100
22902302116
22902302104
22902302120
24312916648
23993080424
23993084520
24044268132
23993100904
22923332166
22923348553
22923332165
22923348549
24068655754
22923348550
23997323922
23997328018
24064445061
28561775265
28561775249
28565969553
28561775266
28561779361
28561775250
22919403156
22919403160
22919403176
22919407268
24043481508
22919338392
22902299284
22902303380
22902319764
22902299288
22902303384
22902303396
22910735778
22910739874
22924569185
23994129000
24060258964
24052640145
23993099924
22927775378
22923585186
22923544197
22923581073
22923581074
22923585169
22927738501
23993149864
23993145752
23993149860
22923581089
23998306898
23998306913
23998306914
23998311009
24312961684
24060258916
22986512808
22986516888
22919146088
23994133156
22919341716
22919341732
22919337620
22919354004
22919337636
22910735761
22910735762
22906541713
22906541714
22906545809
22923331205
22923331206
22927780242
24061323944
24051852961
24065419938
24043477332
22991739538
22928829089
22995933842
22991743634
22995933858
22991739537
22991739554
22991743650
22991743633
22919141988
22919146084
22919338388
22919354772
22919338404
23994128984
22991506057
22995700358
22991489670
23993084568
23993100952
22919145048
22919144872
22919354024
22919358120
23993083544
23993083560
23993099928
23993099944
22928759378
22986512804
22986516900
22986512792
23997261458
28356012712
24061045400
28356012696
28356008596
28356012692
28356008600
22986516136
28565969554
24048446049
24052640353
22927788618
23992887972
23992904344
23992887976
23992904360
23992883880
23992883860
23992887956
23992883864
23997323857
24001522257
24001522258
24051849633
24047655313
24051849617
24047655329
28360186274
28360186257
28360186258
28360186273
28360190369
28360190370
28364380562
22910740130
24043497816
24043497832
22919403924
22919158360
22920403608
22920407704
22920403624
22920407720
24061045396
23997328033
24061041300
24061041316
24061045412
24061045332
24312900196
22919337640
24312900184
24312900200
24312916584
22911003041
22906804626
22920387172
22920403556
22920387160
22920387176
22920403560
24312961704
24312961688
24329738916
24329743000
24329743016
24312978084
24312978088
24312965796
22902647448
24002566818
24043481512
24043481492
24043497876
24043497812
22910736993
22902630808
23993100968
22907857569
24061061716
24061041236
22919341736
22919354776
22919342500
22919158356
22987303576
22987299240
22987319720
22987319956
22987315880
22987319960
22987319976
22987303320
24001455762
22912051873
22912051874
22912047777
22912047778
23992886952
22906541649
22923586194
23997323921
23997328017
22923331210
22906804625
22906542737
28356270760
23992887892
23992887896
23992887908
23992887912
23992904276
23992904280
22986533540
22919142040
22919142056
22919146136
24060275348
22919162456
28557552296
28364380754
28364384866
24061254244
24061254248
24061258344
23993084260
23993084264
23993079444
23993079448
23993079464
24060275364
23993145960
24043481432
24043481448
24048445841
22919141972
22919146068
28364380818
22919162452
22919141976
28364384930
22987303572
22902367832
28356012708
22902368920
22902368932
22902368936
22902364820
22902364824
22902364840
24048446050
23993080408
23993080404
23993084516
24044284580
24312896088
23993150052
23993150056
23992883800
24060271000
24060271012
28364642978
28364647074
24061237908
24061237924
22902299304
22902303400
22927541893
22920403604
22995700362
24321338018
24321333922
23992903336
23992887960
23998376609
22924565089
22928759394
24061057444
24060271268
22906542754
22910737058
23993080468
23993084564
23993080472
23993100948
23993084580
22927738506
22923527818
22923527813
24043476648
24043476632
24043497128
22910998161
22906803873
22906807969
22906803858
22910998162
22919146072
23993145748
23993145768
23993149848
24317143713
24321338017
23993099880
23993083492
23994129044
23994129048
23994133140
23994133144
23994133160
24061041240
24043476628
22919158372
22910998178
22906541474
22906545570
22906803874
22906807970
24065415826
24069610130
24065419921
22919162536
23993166248
28355226280
22924565138
22910999186
24060275368
23993079380
23993079384
23993080488
23993084584
22902385240
22906804881
22906804897
22906804882
22906808977
22991489674
22991506053
22995700357
22927780434
22919158376
24043498132
23998372513
24002566817
23998372498
24002566802
23998372514
22919162472
22919141992
22919162468
22923586130
23992904296
24048470601
24065231430
24065247814
24069442118
24065231434
22902626984
22923581090
22986516120
28356029032
22987315816
22987319912
22987299428
22987299432
22927780450
22906808978
22910999185
22906808993
22927542917
22927542918
22923332229
24048454213
24052648517
24048454217
22928763537
22928763538
22928759457
22928759458
22928763553
22928763554
22923332230
24001456481
23993100884
23998311074
22907853474
22907857570
23997261409
22927775393
24065419922
24069442181
24069442182
23994149524
23994149544
22902302376
22902298260
22906541665
22906541666
22920391256
22920391272
24312896084
24312896100
24312896104
24312912484
22902367848
22902647464
22902368916
22906541457
22906541473
22906541458
22910737057
22910741153
22910741154
22987299224
22987303332
22987299236
22987299220
24312896164
24312900260
24312916644
24312896168
24312900264
22919162520
22919146152
22903675540
22903675544
22920452756
22920452760
22920452772
22920456868
22920456856
23998311073
22923582097
22923582098
22923586193
28624706212
28624710308
28624706200
28624710296
28624706216
28624710312
28557601432
24044526248
24043477672
24044526228
24044546728
24052648518
22986528424
22986532520
22986512020
22986512024
22924577413
22928771717
22924593797
22928788101
22924577417
22924593801
22924577414
23993165480
22911002274
24065231429
24065247813
24069442117
24312961700
22924565137
22924569233
22924569234
22924565153
22924565154
24002505378
22986513048
22987565732
22987565736
22987561620
24069442122
22923594378
22923610758
24061307560
24061319848
24061303448
22927739530
22923332234
24001451602
24043481428
24317102725
24321297029
24321297034
22902298008
22902298024
22923348554
22927542854
22927542853
24048454214
22920391316
22919140772
22919157156
22923586146
22906803857
22902384232
22902384276
22902384280
22902384296
28356029096
22986513044
22994913925
22990703237
22990703238
23998311058
23992883796
22995933841
22995933857
22995937953
23998376610
28360448657
24002501217
24002505313
23998311010
24061307544
22920407656
22920387156
22928759442
22924593798
22928771718
24312965784
24061303444
22920407700
22920403620
22920407716
22920387224
22910735777
22910739873
22927738502
24064444997
22902297960
22902302056
22902318440
22902297944
24317086342
24317086346
24317102730
24317086341
22920387240
22920391320
28557597332
22991489669
24002501202
22924569249
22924569250
22928759441
23992883816
28355242664
28355222184
45804575384
45804579492
24329738900
24329755300
24043477352
22987315812
22919140756
24043477652
22923348614
22923348618
23998306978
24002501282
22986528420
24002501201
28356274856
28356270744
22902647208
24312965800
24312982184
23998311057
23998306962
23998306977
23994129064
22990703242
22902318760
22920391336
22919140776
22919144856
23998372497
24002566801
22991739553
23998306897
23994194600
23994194584
23994198680
23994198692
23994215080
24329759400
22919157160
22919161256
22920387220
22902626708
28356274840
28356291240
28356270740
28360448658
22902367640
22902384040
22902363540
22987561640
23998306961
22906545569
23255997080
23256001176
23255997096
23256001192
23256001188
23256013480
23256017576
23994194580
22907853457
22912047761
22907853473
22907853458
22912047762
22902367844
22923332170
24061319844
28356274852
24002501281
22927542922
22903679656
22906545761
22902625940
22928788102
22928788106
22903675560
45804575380
45804575400
45804579496
22987578020
23992904340
22987561636
23994128980
23992882584
23992882600
23255997076
23255997092
23256013476
22903696040
23992886692
23992882580
23992886696
23992903080
22902319784
22902302052
22903679640
28355241640
22903679652
45804595880
