21761377348
26073385028
43253254212
22046853188
39226722372
26341820484
43521689668
21778434184
38958303368
26073401480
43253270664
22030862472
39210731656
26325829768
43505698952
21762704520
38942573704
43237541000
22031139976
39211009160
43505976456
21779481736
38959350920
21761640516
38941509700
26056607812
43236476996
22030075972
39209945156
26325043268
43504912452
21778417732
38958286916
21761378376
38941247560
26056345672
43236214856
21761656964
38941526148
26056624260
43236493444
22030092420
39209961604
26325059716
43504928900
21778434180
38958303364
38941509704
26056607816
43236477000
22030075976
43254302788
39209945160
21761393732
38942311492
26057409604
43237278788
39210746948
26325845060
26341836932
43521706116
21761378436
38941247620
26056345732
43236214916
22029813892
39209683076
43504650372
21778155652
26074186824
22047654984
21761378440
26073401416
43521706056
39226460296
26341558408
26341557380
43521426564
43504649348
21778154628
43237524616
26073121924
43252991108
26074432644
43254301828
43236493448
26324780168
21778154632
38958023816
26073121928
26325828744
21761377416
38941246600
38941263944
39227524168
43522491464
38958286984
43505976452
26056344712
26324797508
43504666692
22046607428
39226476612
43521443908
38942296196
21779481668
38959350852
43504927812
43521442884
26057671748
43237540932
22031139908
21778171976
38958041160
22046607432
39226476616
26073400392
21761393736
38941262920
26056361032
43236230216
26324796488
43522476168
26057671752
43237540936
26326107208
43505976392
22047917128
43522753608
26325042312
38958285960
26073384072
43253253256
22046852232
26074433668
43254302852
22047901828
39227771012
43522738308
26057656456
43237525640
22031124616
26326091912
21761393796
22029829252
26324796548
43504665732
21778171012
26074449028
43254318212
38941246536
43236213832
26056361096
21778171016
38958040200
21779481732
38959350916
38959089796
22047656068
39227525252
26342623364
43522492548
38959073352
22030862404
39210731588
43505698884
43522476100
21762426948
43505961028
39210731592
43505698888
38942296136
43504650312
21778433156
39210748040
43505715336
39227525256
43237525572
39209960584
43522753604
38942311496
39210746952
38959088712
21761639556
26073400456
38959088776
22046606468
39227524232
43254319240
39227787400
43522754696
22046591108
43521705092
26342869128
43522738312
38959073416
39227508872
38959072392
26341558404
39210747976
26325846088
26057393220
21762425924
38942295108
38959088772
38942295112
26341836936
22046607492
26056344644
26073384068
