279509730624
279779215744
554657122688
284074183040
558952089984
279577889152
554455796096
283872856448
558750763392
279846324608
554724231552
284141291904
559019198848
558749976128
283871807104
558749714048
279845275264
554723182208
284140242560
559018149504
279510779520
554388686464
283805746816
558683653760
559018412416
283805747520
558683654464
279779215680
554657122624
284074182976
558952089920
279511042432
554388949376
283806009728
558683916672
279578151296
554456058240
554387637568
558682604864
283804697920
554656073024
279778166080
284073133376
558951040320
279576839488
554454746432
283871806784
279779216000
554657122944
284074183296
558952090240
279577889408
554455796352
283872856704
558750763648
279846324864
554724231808
279846323584
554724230528
279510779264
554388686208
283805746560
558683653504
279846586688
554724493632
284141553984
559019460928
279778167104
554656074048
279576840512
554454747456
283872070016
558749976960
284140505472
279509731712
554387638656
283804699008
558682605952
279778167168
554656074112
284073134464
558951041408
279576840576
554454747520
279509993088
554387900032
279778428544
554656335488
284073395840
558951302784
279577101952
554455008896
279577889088
554455796032
283872856384
558750763328
279846324544
554724231488
284141291840
559019198784
284141553024
559019459968
279779214656
558951302464
279577101632
554455008576
283872068928
558749975872
279845537088
279511042688
554388949632
283806009984
558683916928
284074445440
558952352384
279578151552
554456058496
279846324800
554724231744
284141292096
559019199040
279578151488
554456058432
283873118784
558751025728
284140243520
279510780480
284073133632
554657121600
284074181952
558952088896
279577888064
554455795008
283872855360
279846323520
554724230464
284141290816
279509731968
554387638912
283804699264
558682606208
279778167424
554656074368
284073134720
558951041664
279576840832
554454747776
283873118528
558751025472
279511042368
554388949312
283806009664
558683916608
279577889344
554455796288
283872856640
558750763584
284074183232
558952090176
283873118848
558751025792
279846587008
554724493952
284141554304
559019461248
554656335424
284073395776
558951302720
279577101888
554455008832
279845537344
554723444288
284140504640
559018411584
283872069184
284141290880
559019197824
279779214720
554657121664
284074182016
558952088960
279577888128
554455795072
283872855424
558750762368
558951040576
279576839744
554454746688
283871807040
558749713984
279845275200
554723182144
284140242496
559018149440
554388687424
283805747776
558683654720
279779215936
554657122880
279576840768
554454747712
558682867072
279511041408
554388948352
283806008704
558683915648
559018411392
558683916864
279846586944
554724493888
284141554240
559019461184
279511042624
554388949568
283873117824
558751024768
279846585984
554724492928
284141553280
559019460224
279578150272
554456057216
283873117568
279846585728
554724492672
279779214976
554657121920
284074182272
558952089216
279846323840
554724230784
279846585920
554724492864
283871808128
558749715072
283804961152
558682868096
279577102720
554455009664
283871806848
559019197760
554723444032
284140504384
559018411328
558682867008
279846586752
554724493696
284141554048
559019460992
279577101696
554455008640
283872068992
558749975936
279509992832
554387899776
284074444416
558952351360
279578150528
554456057472
279845274944
554723181888
284140242240
559018149184
279509731648
554387638592
283804698944
558682605888
279578151232
554456058176
279577102976
554455009920
279509730880
554387637824
283804698176
558682605120
279778166336
554656073280
279846323776
554724230720
284141291072
279509730944
554387637888
283804698240
558682605184
283871807808
558749714752
279577102656
554455009600
283872069952
558749976896
279846585664
554724492608
284141552960
559019459904
283871808064
558749715008
279509731904
554387638848
283804699200
558682606144
283872070272
558749977216
558952351296
279509730688
554387637632
283804697984
558682604928
284141553216
559019460160
279778428480
279779214912
554657121856
284074182208
558952089152
279577102912
554455009856
283872070208
558749977152
283872069248
558749976192
