1396150912068
2517406074948
1692772354116
2792283981892
1675609262148
2775120889924
2499957770308
1675324049476
2774835677252
1417626011716
2517137639492
1400715364488
2500226992264
1675593271432
2775104899208
1417627075720
2517138703496
1692504982664
2792016610440
2517406861448
1400462674056
2499974301832
1396436141128
2495947768904
1671314048072
1413616010312
2513127638088
1688493917256
1417642787972
2517154415748
1692520694916
2792032322692
2787989014660
1692788885576
2495931254920
1671297534088
2770809161864
1400732141700
2500243769476
1675341890692
2774853518468
2792033387652
1396151175240
2495662803016
1671029082184
2770540709960
1413331044424
1688208951368
2787720579144
1400446142536
1675340826696
2774852454472
1417642788936
1692520695880
2792032323656
2513127901316
2788005808260
2787990063176
1417910962312
2517422590088
1692788869256
2792300497032
1675341891656
2774853519432
2792033388616
1396436124804
1671314031748
2792283718788
2792032060548
1400731092100
1692772090948
2792283718724
2495680627844
1413348869252
1396167689352
2495679317128
1671045596296
2770557224072
1692520711304
2792032339080
2512859464840
2495679595656
1671029885060
2512843475076
1688209754244
1396150912136
2495662539912
1688477123720
2787988751496
2500225942664
1675592221832
2775103849608
2517405811848
1675609000008
2775120627784
2517422590024
2792300496968
2512859187272
1671314032712
1417894462536
1692772369480
2792283997256
2512860496964
2788006839364
2792300774472
2775120905288
1396436403272
1396419609732
1413599478916
1396151174276
1413616256132
2513127883908
1400462918788
2774852453508
2513128670276
2788006577220
1400462918792
2499974546568
2517154415752
1413616256136
2792033372296
1396151175236
2495662803012
1671029082180
1413331044420
2512842672196
1688208951364
2787720579140
1675592484932
2775104112708
1675592500296
2517423899784
2770558534792
2512860497032
2787738403976
1675593271364
2775104899140
1396420397124
2495932024900
1671298304068
2770809931844
2774836480132
1675593287812
2775104915588
2792284784772
2770826709064
1413330782276
2792283981960
2513111910468
2775104915524
2787989817412
2495680628804
2512860497988
1400462919748
1417626797124
2517138424900
2792016331844
2500244031560
1400462672964
1396150928452
2495662556228
1400462657672
2792301823108
2512859186312
2787737093256
1671297254536
2788006577288
1671314031752
2512843457668
2787990079624
1671315080328
2770826708104
2513128670344
1396150913156
1671028820100
2770540447876
2512860234888
1675609277508
1400462935108
1400731093128
1675609000072
2517137376388
1396169000072
2517155464328
2495662539844
2512842409028
1688225728648
2787738159240
2770826725512
2788006594696
1671045596292
1417912289416
2517138704452
2792016611396
2517138703428
1671298304136
1675610048648
2792301824132
1400714593412
1417642804360
2517154432136
2792284784708
2792285046852
1692790196360
2517155480712
2792033387656
2787989801028
2512843457604
2792301824136
1400462935176
