292410377540
5676099840
6552704512
6553077844
6553077908
5676116224
6552708608
6553077848
6553077912
6603999508
6603999764
5672290594
6603041024
6603999524
6603999780
5672289810
6552705280
6553688320
6553753856
5474789632
5475772672
5475838208
5677144576
6615620096
6616603136
6616668672
5677160960
6615624192
6616607232
6616672768
5677079040
6598842880
5656549894
5924985350
5673327110
5941373445
5656549898
5924985354
5673327114
5941373446
5672290593
6598846720
6599805220
6599805476
5655513617
5924591877
5673064965
5924592133
5655513633
5924591878
5478898176
5478963712
5479946752
5480012288
5478914560
5478980096
5479963136
5480028672
5677083136
6603037184
5655501318
5474682388
5924735249
6548489748
6548490516
5474683172
5474683428
5655500293
5671885061
5671884293
5671885317
5478876436
5478876692
5478877460
5478877716
5478876452
5478876708
5478877476
5478877732
5655500294
5671889157
6620842536
5457947136
5458012672
5478876440
5478876696
5478877464
5478877720
5672307234
6619834624
6620817664
6620883200
6548489752
6548490520
6548490772
6548490776
5541856788
5541857556
5541857812
5541828096
5541856804
5541857572
5541857828
5924735505
6615598612
6615599380
5545985300
5545985556
5545986324
5545986580
5545985316
5545985572
5545986340
5545986596
5672937733
5672306978
6603057408
6603999528
6603999784
5655513618
5924595973
5673064966
5924596229
5655513634
5924595974
5673064970
5924596230
5474720000
5474785536
5475768576
5475834112
5474724096
5541816832
5541882368
5542865408
5542906392
5541833216
5672306961
6598859008
6599805208
6599805464
5673077265
6616012864
6616582420
6616582676
5673077281
6616016960
5479094336
5479356480
5479926036
5479926292
5479110720
5479372864
5479926052
5479926308
5673077010
6553098304
5545986328
5545986584
6619792916
6619793684
6619793940
5924751890
6619792932
6619793700
6619793956
7015110917
6847338629
7015111173
5924997665
7015110918
6847338633
7015111174
6598822436
5672306209
6548531456
6549514496
6549580032
5672307217
5474707712
5474773248
5475756288
5475821824
5924735250
6552684052
6552684820
6552685076
5924735266
6552684056
6615599636
5924735521
6615598616
6553692416
6553757952
5672306210
6552725760
6553708800
6553774336
5673339425
6847350945
6747068937
7015504393
5672290833
6615619840
6616602880
5546006784
5546072320
5547034900
5547035156
5546023168
5546088704
5547034916
5547035172
5673077266
6620207168
5672306962
6603053312
6603999512
6603999768
5672289826
6552709376
5478918400
5478983936
5479966976
5480032512
5474747668
5474747924
5474748692
5474748948
5474747672
5474747928
5474748696
5474748952
5541811712
5478902016
5478967552
5479950592
5480016128
5676096000
6548511232
6549494272
6549559808
5676112384
6548515328
6549498368
6549563904
5474703872
5474769408
5681355264
6615640576
5474707968
5474773504
5475756544
5475822080
5474724352
5474789888
5475772928
5475838464
6620776984
5478902272
5478967808
5479950848
5480016384
5478918656
5478984192
5479967232
5480032768
5681277440
6603053568
5924997650
7015115013
6847338630
7015115269
5924997666
7015115014
6847338634
7015115270
5681289728
6598863360
6599846400
6599871016
6603016468
6603016724
5677099264
6603015716
6603016484
6603016740
5672278150
5671885062
5671884294
5671885318
5672868358
5655501317
5672933637
5672278149
5672933893
5474682132
5457930752
5457996288
5458979328
5459020312
5672933894
5542877696
5542906404
5673339409
6847350929
6747068933
7015504389
5541894400
5542840612
5542840868
5924735506
5924735522
6619792920
6619793688
6619793944
5541815808
5541856792
5541857560
5541857816
6549473832
5673077025
6548908096
5677165056
6619818496
6620801536
6620867072
5681359360
6619834880
6620817920
6620883456
5680306688
6548531712
6549514752
5474900032
5475162176
5475731732
5475731988
5474916416
5475178560
5475731748
5475732004
5677099520
6603041280
6604024320
6604065316
5681293824
6603057664
6604040704
6604065320
5677148416
6619813376
6620186708
6620186772
5677164800
6619817472
6620186712
6620186776
5474720256
5474785792
5475768832
5475834368
5655500297
5474683156
5474683412
5474682148
5474682404
6599805480
5672868102
5672278086
5655501321
5546051864
5546052120
5546006016
5546051092
5546051860
5546052116
6553118784
6553667880
6553668136
6616582440
5671888389
5671889413
5655500298
5671889158
5671888390
5671889414
5655501062
5672872197
5672278089
5672872453
5475731752
5672278153
5541829120
5541894656
5478941992
5478942248
5478943016
5478943272
5462099224
5462099480
5462100248
5462100504
5672307233
6615640320
6616623360
6616688896
5681338880
6615636480
6616619520
6616685056
5655512609
5924526342
5474703616
5474769152
5475752192
5475817728
5676116480
6552709632
6553692672
6553758208
5680310784
6552726016
6553709056
6615599384
6615599640
5924735265
5474747684
5474747940
5474748708
5478941972
5478942228
5457930496
5457996032
5458954520
5458954776
5478942996
5478943252
5478941988
5478942244
5474904192
5475166336
5475797272
5475797528
5474920576
5475182720
5475797288
5475797544
5928753664
6548908160
6619793960
5673339426
6847350946
6747068938
7015504394
5673355810
6847367330
6747073034
7015508490
5672290849
6615623936
6616606976
6616672512
6615599400
5545985304
5545985560
6615636224
6616619264
6616684800
5673093650
6620223552
6620776740
6620776996
5673093666
6620227648
6620776744
6620777000
5542840872
5541828864
5541832960
5541898496
5542840616
5672307218
6619830528
6620813568
6620879104
5672289809
6548510976
5462120704
5462186240
5479073876
5542906388
5681273344
6598859264
6599842304
6599871000
5546027264
5546092800
5547034920
5547035176
5474682152
5474682408
5474683176
5474683432
5655505161
5672868106
5672282182
5672868362
6620842264
6620842520
5933017600
6620227712
6620842280
5941774881
7019338240
7015516705
10911615512
5941791265
7023532544
5671888394
5671889418
6553733400
6553733656
5932952064
6553118848
6553733416
6553733672
5478897920
5932997120
6616029312
5478963456
5479946496
5480012032
6616647972
6616648228
5673064969
5924592134
5655530017
5924591882
5673069065
5924592138
5474916480
5475178624
5546088960
5547072000
5547100708
5677095168
6598821412
6598822180
5681289472
6598821416
5924751889
6615598628
6615599396
6615599652
5655505157
5672868105
5672282181
5672868361
5478941976
5478942232
5478943000
5478943256
5479094400
5479356544
5479991572
5479991828
5479110784
5479372928
5479991588
5479991844
6599825920
6599870996
5457905944
5457906200
5457904936
5457905192
5457905960
5457904920
5457905176
5541791268
5541792036
5541792292
5656549893
5924985349
5673327109
5941369349
5941369350
5656549897
5457926656
5457992192
5458975232
5459020308
5673093649
6616029248
6616582436
6616582692
5672937989
5655505414
5672937737
5672282249
5672937993
5941774882
7019342336
7015516706
10915809816
5941791266
7023536640
7015533090
10915809832
5474706688
5474772224
5541791000
5541791256
5541792024
5541792280
5474682392
5474683160
5474683416
5474702592
6604036608
6604065304
5673077009
6548904000
5479073940
5677144320
6615619072
6615992404
6615992468
5924997649
5933001216
6620223616
6620842276
6620842532
5924595978
5673069066
5924596234
5479114880
5479377024
5479991592
5479991848
5677148672
6619814400
6620797440
6620862976
5681342976
6619830784
6620813824
6620879360
5924526346
5673068809
6598822420
5546022400
5546051108
5546051876
5546052132
5457970712
5457971480
5457971736
5474772480
5474706944
5457925632
5457970708
5457971476
5457971732
5457906216
5474723328
5474788864
5475141736
5475141800
5541791012
5655505158
5672872201
5672282185
5672872457
5655505162
5672872202
5672282186
5672872458
5478913536
5478979072
5479336100
5545986344
5545986600
5478917632
5478983168
6604020224
6604065300
5462099240
5462099496
5462100264
5462100520
5474718976
5546010112
5546051096
5463214616
5672290577
6598842624
6599805204
6599805460
5474747688
5474747944
5474748712
5474748968
5673064713
5924526598
5655528993
5924526602
5474879576
5474879640
5474723072
5474788608
6616582424
6616582680
5478900992
5478966528
5479073880
5479073944
5478917376
5478982912
5479073896
5479073960
5655501066
5672872198
5474904128
5475166272
5475731736
5475731992
5546023424
5546027520
5546093056
5547076096
5547100712
5673064714
5924530694
5655528994
5924530442
5673068810
5924530698
5676100096
6552705536
6553688576
6553754112
5474920512
5475182656
5541898752
5479376960
5479114816
5462124800
5462190336
5463148824
5463149080
5462141184
5462206720
6549473556
6549473812
6549473560
6549473816
6553774592
5546051112
5546051880
5546052136
6553667860
6553668116
5673077026
6553102400
6553667864
6553668120
5672290578
6603036928
6615992472
5681355008
6615639552
6615992424
6615992488
5673339410
6847350930
6747068934
7015504390
5475141720
5475141784
5541791016
5541791272
5541792040
5541792296
5672933638
6598822184
6598822440
5474900096
5475162240
5475797268
5475797524
5475797284
5475797540
5928737280
6548904064
6620776724
6620776980
5542881792
5542906408
5673077282
6620211264
6620776728
5672306977
6598863104
6599805224
6549580288
6616623616
6616689152
5672289825
6548515072
6549498112
6549563648
5457929728
5672937990
5655505418
5672937738
5672282250
5672937994
5655530018
5479098432
5479926040
5479926296
5479360576
5541812480
5541878016
5542840596
5542840852
5655505417
5672933642
5672282246
5672933898
5474784512
5474879588
5474879652
5474879592
5474879656
6616647956
6616648212
5928802816
6616012928
5478913280
5478978816
5479073892
5479073956
6615598632
5925014049
7015110922
6847342729
7015111178
5677160704
6615623168
6615992408
5655504393
5671885066
5671884298
5671885322
6549539092
6549539348
6549539096
6549539352
5541790996
5541791252
5541792020
5541792276
5546026496
5681359104
6619833856
6620186728
6620186792
5457946112
5457970728
5457971496
5457971752
5474748964
5928819200
6616017024
6616647960
6616648216
5655501322
5672937734
5676112128
6548514304
6548883544
6548883608
5680306432
6548530688
6548883560
6548883624
5672290834
6619814144
6620797184
6620862720
5672290850
6619818240
6620801280
6620866816
5479336040
5462124032
5462165016
5462165784
5479336036
5924751649
6548489768
6548490536
6548490792
5474682136
5681293568
6603015720
6603016488
6603016744
5478876456
5478876712
5478877480
5478877736
5655504394
5671889162
5474768128
5474879572
5474879636
5655501061
5672868101
5462166040
5462140416
5462165032
5462165800
5462166056
5474719232
5474784768
5475141732
5475141796
5547035160
5546010880
5547034904
5924985353
5673327113
5656553993
5924989449
5673331209
5941369354
5655512594
5924530437
5673064710
5924530693
5928806912
6620207232
6620842260
6620842516
5677095424
6598846976
6599830016
6599871012
5655505413
5672933641
5672282245
5672933897
5677078784
6598821396
6598822164
5928741376
6553098368
6553733396
6553733652
5928757760
6553102464
6615599656
5541832192
5541856808
5541857576
5541857832
5924751905
5545985320
5545985576
5672278154
5655530001
5924591881
5673069061
5924592137
5924751906
6619792936
6619793704
5478897152
5478962688
5479336020
5479336084
5677082880
6603015700
5680310528
6552724992
6553077864
6553077928
5673093665
6616033344
6616582696
5673093409
6548924480
6549473576
5672278085
5672868357
5655501065
6616647976
6616648232
5933013504
6616033408
5479926056
5479926312
5457905172
5457906196
5457905940
5673093410
5479336104
5656553994
5924989450
5673331210
5941373450
5941774866
7019325952
7015516690
10915809812
5932947968
6548924544
6549539112
6549539368
6548883540
6548883604
5479098496
5479360640
5479991576
5479991832
7015533089
10911615528
5655530002
5924595977
5673069062
5924596233
5546076416
6616668416
5655512593
5924526341
5673064709
5924526597
6552684824
6552685080
5672278090
5672872454
5457926400
5457991936
5541816576
5541882112
5542840600
5542840856
5458954516
5458954772
5462099220
5462099476
5462100244
5462100500
5463148820
5463149076
5941774865
7019321856
7015516689
10911615508
5541812736
5541878272
5542861312
5546007040
5546072576
5547055616
5547100692
5655512610
5924530438
5546011136
5546076672
5547100696
5462120960
5462186496
5463169536
5463214612
5462125056
5462190592
5463173632
5547059712
6603015704
6603016472
6603016728
5681273088
6598821400
6598822168
6598822424
5924751650
6552684072
6552684840
6552685096
5478896896
5478962432
5478901248
5478966784
5479336024
5479336088
5681277184
5681338624
6615635456
6615992420
6615992484
5474702848
5474768384
5475141716
5475141780
5478943012
5478943268
5925014050
7015115018
6847342730
7015115274
5673355809
6847367329
6747073033
7015508489
5681342720
6619829760
6620186724
6620186788
5475732008
5457946880
5458012416
5458954536
5458954792
5676095744
6548510208
5475752448
5475817984
5463148840
5463149096
5478914304
5478979840
5479962880
5480028416
5462119936
5462165012
5462165780
5462166036
5928823296
6620211328
5458995712
5459020328
5462141440
5462206976
5463190016
5463214632
6549494016
6549559552
