1391922005316
5479164032
5479229568
5479426176
5479491712
5479991640
5479991704
5479991896
5479991960
5671888518
5671889478
5671889542
5740177926
5807089798
5924596297
5924596361
6552901120
6553077332
6552966656
6553077396
6553078100
6553078356
6553078164
6553078420
6552905216
6553077336
5479241984
5479504128
5480122724
5480122980
5480122788
5480123044
6603233344
6603298880
6603299072
6603561024
5546354944
5546616896
5547034984
5547035048
5547035240
5547035304
6615820544
6616082688
6615886080
6616148224
6616779096
6616779352
6616779160
6616779416
6615836928
6616099072
5479074132
5479074388
6615598696
6615598760
6615599464
6615599528
6615599720
6615599784
6620186984
6620187240
6620187048
6620187304
6797006986
6813784202
7015115078
7015115142
6864115850
6880893066
7015115334
7015115398
6603016852
6599871144
5458192512
5458258048
5458258432
5458520192
5459020120
5459020184
5459020376
5459020440
5479159296
5479335508
5479224832
5479335572
5479336276
5479336532
5479336340
5479336596
5479163392
5479335512
5479073192
5479073448
5479074152
5479074408
5479074216
5479074472
6620973476
6620973732
5475310080
5476030976
5476190820
5474982400
5475244544
5475047936
5476096512
5476190884
6599039104
6599104640
6615991892
6615991956
6615815680
6615881216
5723265158
5740042374
5941373253
5479926440
5941373317
5740435974
5807151238
5941373509
5941373573
6599059520
6599125056
6599805544
6599805608
6599125248
6599387200
6599805288
6599805352
6620777060
6620777124
6620842584
5672343625
5672409161
5672872517
5672872581
5672085577
5672151113
5672872265
5672872329
5546051940
5546052004
5546052196
5546052260
5740173829
5924592197
5924591942
5924592006
5458192448
5458257984
5458258176
5458520128
5458954584
5458954648
5458954840
5458954904
5458208832
5458274368
5479160320
5479422464
5479225856
5479488000
5480208896
5480385108
5480274432
5480385172
5479176704
5479438848
6620842408
5740440074
6620842600
6620842664
5672081545
5672933702
5672933766
5672343686
5672409222
5672933958
6615598420
6615598484
6615598676
6615598740
5474682468
5478876500
5478876564
5478876756
5478876820
5478877524
5478877588
5478877780
5478877844
5478876516
5478876580
6620842344
6603015524
6603015588
6603015780
6603015844
6603016548
6603016612
6603016804
6603016868
5672937866
5459020392
5458208896
5458274432
5478876504
5478876568
5478876760
5478876824
5478877528
5478877592
5478877784
5541791064
5541791128
5541791320
5541791384
5541792088
5541792152
5541792344
5541792408
5541791060
5541791124
5479229952
5479492096
5480212992
5480385112
5480278528
5480385176
10915063936
6620031232
6620293376
6620096768
6620358912
6620973416
6620973672
6620973480
6620973736
6615992664
6615992728
6615991896
6615885312
6615991960
6615992920
6615992984
6553971200
6554126952
6554036736
5672872262
5672872326
5672343626
5672409162
5672872518
5672872582
5546052200
5546052264
6615599444
6615599508
6615599700
6615599764
6615598436
6615598500
6552987904
6553250048
6880893062
7015115333
7015115397
5546050920
5546050984
5546051176
5546051240
5546051944
5546052008
5740173574
5474880084
5474879892
5474880148
6615901696
6615991976
6615992680
6615992936
6615992744
6615993000
6620014848
6620276992
6620080384
5941373514
6620342528
6620973400
6620973656
6620973464
6620973720
5479073428
6548490584
6548490648
6548490840
6548490904
6548489556
6548489620
6548489812
6548489876
6548490580
6548490644
5479508224
5480122728
5480122984
5480122792
5480123048
6548711680
6548973824
6548777216
6549039360
6549670232
6549670488
6549670296
6549670552
6548728064
6548990208
5541791332
5541791396
5541792100
5541792164
5541792356
5541792420
5672081541
5672147077
5672933701
5672933765
10915326080
5545985364
5545985428
5545985620
5545985684
5545986388
5545986452
5545986644
5545986708
5545985380
5545985444
5475244160
5475309696
5475797348
5475797412
6616098880
6616164416
6616582504
6616582568
6616582760
6616582824
6603237632
6603315264
6603303168
6603565312
6603999588
6603999652
6603999844
6603999908
6603253824
6603319360
6620186280
10915809944
7065836042
7116171846
6814177802
6881286666
7082613258
7116171910
5723199622
5739976838
5924596037
5924596101
5740173830
5807085702
5924596293
5924596357
5723199626
5739976842
5475051776
5475313920
5474982144
5475244288
5475047680
5475309824
5475928420
5475928676
5475928484
5475928740
5924530757
5479336600
6619792984
6619793048
6619793752
6619793816
6619794008
6619794072
6552970752
6553077400
6553078104
6553078360
6553078168
6553078424
5542160896
5542422656
5542906216
5542906280
5542906472
6599871124
6599039040
6599104576
6599104768
6599366720
6549473624
6549473688
6549473880
6549473944
6548707456
5740177930
5479159872
5479225408
5479422016
5479487552
5479926100
5479926164
5479926356
5479926420
5479176256
5479241792
6620777064
6620777128
5545985368
5545985432
6619792724
6619792788
6619792980
6619793044
6619793748
6619793812
6619794004
6619794068
6619792740
6619792804
6797006981
6813784197
7015110981
7015111045
5475313792
5475797352
5475797416
5475797608
5475797672
6864115845
6598821540
6553864552
6553864808
6553864616
6553864872
6598822308
6598822244
6598822564
6598821204
6598821268
6598821460
6598821524
6598822228
6598822292
6598822484
5478942296
5478942360
5478943064
5478943128
5478943320
5478943384
5475928424
5475928680
5475928488
5475928744
6599043136
6599108672
6599121152
6599370816
6552683860
6552683924
6552684116
6552684180
6552684884
6552684948
6615598744
6615599448
6615599512
6615599704
6615599768
6552905984
6553168128
6552971520
6553233664
6553864536
6548711488
6548777024
5541856856
5541856920
5541857624
5541857688
5541857880
5541857944
6548973632
6549039168
6615902464
6616164608
6616779112
6616779368
6616779176
6616779432
5542074432
5542139968
5542140160
5542402112
5542840660
5542840724
5542840916
5542840980
5542090816
5474747732
5474747796
5474747988
5474748052
5474748756
5474748820
5474749012
5474749076
5474747736
5474747800
5546268736
5546334272
5546334464
5546596416
5547034964
5547035028
5547035220
5547035284
5546285120
6553164032
6552967424
6553229568
6553864532
6553864788
6553864596
6553864852
5479229696
5479491840
5480122712
5480122968
5480122776
5480123032
5479180544
5479442688
5479246080
6598821544
6598822248
6598822312
6598822504
6598822568
7116167818
6620842648
5479176448
5479438592
5457906004
5457906068
5457905044
5457905300
5457905236
5457906260
5457906324
5542906264
5542144128
5542144512
5462099284
5462099348
5462099540
5462099604
5807155338
5547100760
5547100824
5546289280
5546354816
5546355200
5546616960
5547100520
5547100584
5547100776
5547100840
6615820800
6616082944
6548884116
5740173833
5807085705
5924592198
5924592262
5475046912
5807085701
5723199625
5474970112
5475232256
5475035648
5475297792
5671889290
6549055552
6549473640
5476018688
5476190808
5476084224
5476190872
5474986496
5475248640
5475052032
5475314176
5476035072
5478943332
6620080192
6620276800
6620342336
6620776792
6620776856
6620777048
6620777112
5672347786
6620293248
6620358784
6620027392
6620289536
6620092928
6620355072
6553864792
6553864600
6553864856
5479164416
5479426560
6797006982
6813784198
7015115077
7015115141
5479442560
5479508096
5479991656
5479991720
5479991912
5479991976
6599043584
6599121024
6599109120
6599371264
6599870820
6599870884
6599871076
6599871140
6599059584
6599125120
10910870016
10911131776
10911615336
10911615400
10911615592
10911615656
6603015508
6603015572
6603015764
6603015828
6603016532
6603016596
6603016788
5479228928
5479335576
5479336280
5479336536
5479336344
5672081478
5672147014
5672868166
5672868230
5672343622
5672409158
5672868422
5672868486
5672081542
5672147078
5458274816
5458536576
5459020136
5459020200
5924596042
5924596106
5941373578
6615820352
6615885888
6616082496
6616148032
6616582488
6616582552
6616582744
6616582808
6615836736
6615902272
5541791316
5541791380
5541792084
5541792148
5541792340
5541792404
5541791076
5541791140
6619792728
6619792792
6620342784
6621063680
6621235800
6621129216
6621235864
5478942036
5478942100
5478942292
5478942356
5478943060
5478943124
5478943316
5478943380
5478942040
5478942104
5541856596
5541856660
5541856852
5541856916
5541857620
5541857684
5541857876
5541857940
5541856600
5541856664
5479926360
5479926424
6620187284
5672938058
6549473704
6549473896
6549473960
6548727872
6548793408
6548990016
6599125504
6599387264
6599870824
6599870888
6599871080
5924530821
6620080640
5474747748
5474747812
5474748004
5474748068
5474748772
5474748836
5474749028
5474749092
5672933770
5672347782
5672413318
5672933962
5672934026
6620015104
6620277248
5723265162
5740042378
5941373254
5941373318
5740435978
5807151242
5941373510
5941373574
5671888458
5671888522
5671889482
5671889546
6553733784
5479422208
5479225600
5479487744
5480122708
5480122964
5480122772
5480123028
5479180800
5479442944
5479246336
5479508480
5480229376
6620031488
6548711936
6548974080
6548777472
6549039616
6549760512
6549932632
6549826048
6549932696
6548728320
6548990464
6621075968
5474965568
5475031104
5475227712
5475293248
5475731796
5475731860
5475732052
5475732116
5474981952
5475047488
10915809640
6603237888
6603315328
6603303424
6603565568
6604065124
6604065188
6604065380
6604065444
6603253888
6603319424
6620009984
6620186196
6620075520
6620186260
5462469120
5462730880
5463214440
5463214504
5463214696
5463214760
5476190824
5476100608
5476190888
6616094848
6616160384
6616648036
6616648100
6616648292
6616648356
6620014656
6620031040
6620096576
6797400585
6864509449
7065836041
7116167750
6814177801
6881286665
7082613257
7116167814
6797404681
6864513545
5672347721
5672413257
5672872521
5672872585
6620293632
5458274560
5458536512
5458954920
5479074196
6552922240
6552987776
6553184384
6553249920
6553733480
6553733544
6553733736
5479164160
5479426304
6599805272
6599805336
6599805528
5474682532
5474683236
5474683300
5474683492
5474683556
5671884101
5671884165
5671885125
5671885189
5474682196
5478943140
5480385128
5546050900
5546050964
5546051156
5546051220
5546051924
5546051988
5546052180
5546052244
5546050904
5546050968
5547100564
5547100756
5547100820
10915809896
6552905792
6552971328
6553167936
6553233472
6553667928
6553667992
6553668184
6548793856
6549056000
6549776896
6549932648
6549842432
6615832640
6615898176
6616094784
6616160320
6616582500
6616582564
5545985384
5545985448
5545985640
5545985704
5545986408
5545986472
5545986664
5545986728
5478876772
5478876836
5478877540
5478877604
5478877796
5478877860
5671888197
5671888261
5671889221
5671884102
5671884166
5671885126
5671885190
5924591946
5924592010
5740177929
5807089801
6617041492
6616930816
6617041556
5924592202
5924592266
5672147081
5475732132
5475244096
5475141224
5475051008
5475141288
5475141992
5475142248
5475142056
5475142312
5462099288
5462099352
5462099544
5462099608
5739976774
5924530501
5924530565
6615816448
6616078592
6615881984
6616144128
6616779092
6616779348
6616779156
6616779412
6615832832
6616094976
5474878808
5474879064
5474878872
5474879128
5474879832
5474880088
5474879896
5474880152
5474878824
5474965760
5475227904
5475031296
5475293440
5475928404
5475928660
6552906240
6553168384
6552971776
6553233920
6553954816
6554126936
6554020352
6598821464
6598821528
6598822232
6598822296
6598822488
6598822552
6615598424
6615598488
6615598680
5478943396
6880897162
7015115338
7015115402
5672413322
6599805524
6599805588
6599805592
6553250304
5546285184
5546350720
5723269258
5740046474
5941373258
5941373322
5546338816
5546600576
5547100504
5547100568
5458188352
5458253888
5458254080
5458516032
5458954580
5458954644
5458954836
5458954900
5671884362
5671884426
6615833088
6616095232
6615898624
6616160768
6616881664
6617041508
6616947200
6617041572
5479242240
5479504384
5480225280
5480385124
5480290816
5480385188
6616098944
5474969728
5475035264
5475231872
5475297408
5475797336
5475797400
5475797592
5475797656
5474986112
5723199562
5739976778
5924530502
5924530566
5740173578
5807085642
5924530758
5924530822
6797400586
6864509450
6603319808
6603581568
6604065128
6604065192
6604065384
6604065448
6621080064
6621235816
6621145600
6621235880
5541791080
5541791144
5545985624
5545985688
7015110986
7015111050
6864119945
6880897161
7015111242
7015111306
6603237440
6603302976
6603315456
6603565120
6603999576
6603999640
6603999832
6603999896
6615898368
6616160512
6616779108
6616779364
6616779172
6616779428
6620293184
6620358720
6620776808
6620776872
6549539160
6549539224
6549539416
6549539480
5479926376
5479438400
5542840680
5542840744
5542840936
5542841000
5542156352
6620027136
6620289280
6620092672
6620354816
6620973412
6620973668
5479160064
6616648104
6616648296
6616648360
5462452480
6548711552
6548777088
6548973696
6549039232
5462714432
5463148888
5463148952
5463149144
5463149208
6549539176
6620186216
5475928468
5475928724
6620096000
5541791336
5541791400
5542074496
5542140032
5542140416
5542402176
5542906196
5542906260
5542906452
5475797604
5475797668
5474682456
5474682520
5474683224
5474683288
5474683480
5474683544
5474682216
5474682280
5672868170
5672868234
5478876840
5478877544
5478877608
5478877800
5478877864
5672872330
5671889226
5672085578
5672151114
5672872266
6616164480
5545986392
5545986456
5545986648
5545986712
5474982016
5475047552
5546351104
5546612864
5547100580
5547100516
5547100836
5474748776
5474748840
5474749032
5474749096
6548489560
6548489624
6548489816
6548489880
5474747992
5474748056
5474879144
5474879848
5474880104
5474879912
5474880168
5474966016
5475228160
5475031552
5475293696
5476014592
5476190804
5476080128
5476190868
5475141204
5478877848
5478876520
5478876584
5672347718
5672085573
5672151109
5672868169
5672868233
5672347717
5672413253
5672868425
6603015528
5478942056
5478942120
5478942312
5478942376
5457905000
5457905064
5672343685
5672409221
5672933957
5672934021
5672085637
5672151173
5672933705
5672933769
5672347781
5672413317
6615816256
6615881792
6616078400
5672085641
5672151177
5672937801
5672937865
5672347785
5723203718
5672938057
5672413321
5672938121
5672343689
10915064320
5457905304
5457906008
5457906072
5457906264
5457906328
5474878804
5474879060
5474878868
5474879124
5474879828
6615902720
6616164864
6616885760
6617041512
6616951296
6617041576
6548707392
6548772928
5462100312
5462100376
5462100568
5462100632
5479073108
5462100308
6615832064
6615991908
6615897600
6615991972
6615992676
6615992932
6615992740
6615992996
5541856612
5541856676
5479245952
5542906536
6621235860
6621235812
5924526666
5924526730
6620026368
6619794020
6620186212
6620186276
6619792996
6619793060
6619793764
6619793828
6620186980
6620187236
5475231808
5475297344
5457970772
5457970836
5457971540
5457971604
5457971796
5474748760
5474748824
5474749016
5457906024
5457906088
5457906280
5457906344
5457905240
5672347722
5672872522
5672413258
5672872586
5462165160
5462165864
5462165928
5462166120
5462099304
5462099368
5546350848
5546612800
5547034980
5547035044
5547035236
5547035300
6603299328
6603561088
6604065108
6604065172
6604065364
6604065428
6603237504
6603303040
5462100584
5462100648
5474878888
5546052248
5474879908
5474880164
5474878820
5462164820
5462164884
5462165848
5462165912
5462448640
5462710400
5463214420
5463214484
5463214676
5463214740
5462386816
5462452352
6620842644
6620777108
6620026944
6620092480
6620289088
6620354624
6620776804
6620776868
6620010560
6620076096
6620272704
7116167749
6814177797
6881286661
7082613253
7116167813
6599805332
5474749080
5474747752
5474747816
5474748008
5474748072
6552901696
6552967232
6553668248
6548884072
6548883880
6548884136
5723199561
5739976777
5924526406
5924526470
5740173577
5807085641
5924526662
6616582484
6616582548
5479073112
5479073368
5479073176
5479073432
5479074136
5479074392
5479074200
5479074456
5479073128
5479073384
6620027008
6620092544
5547100772
5924530506
5924530570
5740177674
5807089738
5924530762
5924530826
6554127000
5542840932
5542840996
5542094912
5542160448
5542160640
5542422592
5475051648
5475248256
5475309632
5475731812
5546350656
5546289216
5546354752
5480294912
6548969536
6549035072
6549473620
6549473684
6549473876
6549473940
6616143936
5479074212
5479074468
6553163840
6553229376
6553667924
6553667988
6553668180
6553668244
5479503936
5479926116
5479926180
5474969088
5475141208
5475034624
5475141272
5475141976
5475142232
5475142040
5475142296
5941369226
5740440073
5807155337
5941369418
5941369482
5541792104
5541792168
5541792360
5541792424
5672934022
5478943080
5478943144
5478943336
5478943400
6598821220
6598821284
6598821476
6598821224
6598821288
6598821480
6599370880
6599870808
6599870872
6599871064
6599871128
6599870804
6599043200
6599108736
6599121408
6548772992
6620338240
6620776788
6620776852
6620777044
5542094976
5542160512
6615837184
6616099328
6552901760
6552967296
6603315712
6603565184
6604065112
6604065176
6604065368
6604065432
6621141504
6552922624
5457970776
5457970840
5807085706
5924596294
5924596358
5723203722
5739980938
5807089802
5924596298
5924596362
5672081546
5672147082
5542406208
5542840664
5542840728
5542840920
5542840984
5479991956
5479176320
5479241856
6603233408
6603298944
5457904984
5457905048
5457905256
5457905320
5474879844
5474879080
5672085638
5672151174
6615816320
6615881856
6616078464
6616144000
6616648020
6616648084
6616648276
6616648340
5474682212
5474682276
6615832704
6615898240
5723199621
5739976837
5924591941
5924592005
5924592261
5462099560
5462099624
5462100328
5462100392
5479073124
5479073380
5479073188
5479073444
5479074148
5479074404
6615819776
6615836160
6615991912
5541856616
5541856680
6615598440
6615598504
6797006985
6813784201
7015110982
5671885386
5671885450
5671884358
5671884422
5671885382
5671885446
5671884106
5671884170
5671885130
5671885194
6548969600
6549035136
6549539156
6549539220
6549539412
6549539476
6619793000
7015115082
7015115146
6864119946
5546051160
5546051224
5546051928
5546051992
5546052184
6620014080
6620186200
6620079616
6620186264
6620186968
6620187224
6620187032
6620187288
6620030464
5541856872
5541856936
5541857640
5541857704
5541857896
5541857960
5457970520
5457970584
6615885952
6616082560
6616148096
6616648024
6616648088
6616648280
6616648344
5474683496
6615820416
5474683560
5479179776
5479335528
6603015592
6548883048
5924592265
6620973716
5462166184
5462164824
5462164888
5462165080
5462165144
5462166104
5462166168
5462164840
5672868426
5672868490
5474682472
5474682536
5474683240
5474683304
5474682200
5474682264
6552684200
6552684904
6552684968
6552685160
6552685224
6603016552
6603016616
6603016808
6603016872
5478876776
5924526725
5924526726
5474878884
5474879140
5474880100
5462164904
5462165096
5474981376
5475141220
5475141284
5475141988
5475142244
5475142052
5475142308
5474985472
5474879076
5547035288
5672937798
5672151178
5672937802
5723265161
5740042377
5941369158
5941369222
5740435977
5807151241
5941369414
5941369478
5723269257
5740046473
5672081481
5672147017
5672872261
5672872325
6620842404
6620842596
6620842660
6620010624
6620076160
6620272768
6620338304
6620842324
6620842388
6620842580
10911615576
10911615640
10910783616
10910849152
10910849536
10911111296
5672085574
5672151110
5672413254
6864115849
5671888198
5671888262
5671889222
5671889286
5671888454
5671888202
5671888266
5672933706
5672933961
5672934025
5672081477
5672147013
6548884120
6548772352
6548710912
6553163904
6553229440
6553733460
6553733524
6553733716
6553733780
6552905856
6552971392
6553168000
6553233536
5739976841
5723203721
5739980937
5941369162
6619793064
5924596038
5924596102
5740173834
5672937862
5672343690
5672409226
5672938054
5672938118
5672085642
5723203717
5739980933
5924591945
5924592009
5740177925
5807089797
5924592201
6619793768
6619793832
6619794024
6619794088
5479175680
5479335524
5479241216
5479335588
5479336292
6553077352
6552987136
6553077416
6553078120
6553078376
6553078184
6553078440
6552921600
6616582756
6616582820
6599043328
6599120960
6599108864
6599371008
6599805284
6599805348
6599805540
6599805604
5672868165
5672868229
5672343621
6549539240
6549539432
6549539496
6548727936
6548793472
6548990080
6549055616
6553733464
6553733528
6553733720
6553733800
6552922176
6552987712
6553184320
6553249856
6553667944
6553668008
6553668200
6553668264
6603319552
6603581504
6603999592
5479336548
5479336356
5479336612
10914977920
10915043456
10915043840
10915305600
10915809620
10915809684
10915809876
10915809940
10915809880
10914982016
6615836800
6616648040
6615902336
6615886336
6616148480
6616869376
6617041496
6616934912
6617041560
6548883860
6548883028
5672409157
6620289152
6620354688
6620842340
6620031104
6620096640
7065840137
7116167754
6814181897
6881290761
7082617353
10910787712
10910853248
10910853632
10911115392
5739980934
5924596041
5924596105
10915809960
6620014720
6620080256
6620276864
6620342400
6620842328
6620842392
6616582740
6616582804
6797400581
6864509445
7065836037
5542906516
5542406272
5542906200
5542078592
5542906456
5479073364
5479073172
5479074452
5924526469
6797400582
6864509446
7065836038
7116171845
6814177798
6881286662
7082613254
7116171909
5672081482
5672147018
5475035200
5475731800
5475731864
5475732056
5475732120
5542078528
5542144064
5542144256
6548776448
6548883800
6548884056
6548883864
5462100372
6548489576
6548489640
6548489832
6548489896
6548490600
6548490664
6548490856
6548490920
5462100564
5479245312
5479335592
5479336296
5479336552
5479336360
5479336616
5479163968
5479229504
5479426112
5479491648
5479926104
5479926168
5546272832
5547034968
5547035032
5547035224
5541856868
5541856932
5541857636
10911615316
10911615380
10911615572
10911615636
10911615320
10911615384
6621235876
5723203657
5739980873
5924526410
5924526474
5740177673
5807089737
6620076544
6620338688
6621059584
6621235796
6621125120
5475797396
5475797588
5475797652
5475293312
5475797332
5474965632
5475031168
5475227776
5723203658
5739980874
5545985636
5545985700
5545986404
5545986468
5545986660
5545986724
5479159936
5479225472
5479422080
5479487616
5479991636
5479991700
5479991892
5462382720
5462448256
5546268800
5546334336
5546334720
5546596480
5547100500
5546272896
5546338432
6619792744
6619792808
6603016600
6603016792
6603016856
5723199558
7015111046
6880893065
7015111238
7015111302
6797011081
6813788297
5807085638
6598821208
6598821272
6548883032
6548883096
6548727296
5475142036
5475142292
6552683864
6552683928
6552684120
6552684184
6552684888
6552684952
6552685144
6552685208
6552683880
6552683944
6615598692
6615598756
6615599460
6615599524
6615599716
6615599780
6603015784
6603015848
5546050916
5546050980
5546051172
10915047552
10915047936
10915309696
10915809688
5475030528
5475141268
5475141972
5475142228
5474964992
5474969664
5457971544
5457971608
5723265157
5740042373
5941369157
5941369221
5457971860
5457971800
5457971864
5457970516
5457970580
6797011082
6813788298
6603015512
6603015576
6603015768
6603015832
6603016536
5475732072
5475732136
5671884357
5671884421
5671885381
5671885445
5462382656
5462448192
5462448384
5462710336
5463148884
5463148948
5463149140
5463149204
6619794084
5723199557
5739976773
5924526405
5740173573
5807085637
5924526661
5478942052
5478942116
5478942308
5478942372
5478943076
5672938122
5541857700
5541857892
5541857956
6620186964
6620187220
6620187028
6620187300
6797404682
6864513546
7065840138
7116171850
6814181898
6881290762
7082617354
7116171914
5546338368
5475731876
5475732068
5474986048
5475051584
5475248192
5475313728
5475731816
5475731880
5474986240
6548706816
6548883092
6548883796
6548884052
5458253952
5458254336
5458516096
5459020116
5459020180
5459020372
5459020436
5458188416
5546338560
5546600512
5462452736
5462714496
5463214424
5463214488
5463214680
5463214744
5462386752
5462452288
5462403136
5479926184
10910804096
10910869632
5672868489
5462165076
5462165140
5462165844
5462165908
5462166100
5462166164
5672409225
5672938053
5672938117
5740435973
5807151237
5941369413
5941369477
10915809624
10914998400
6620097024
6620359168
5672868421
5672868485
5542090880
5542156416
5542156800
5542418560
5542906212
5542906276
5542906468
5542906532
6620091904
6620187044
5671889285
5671888453
5671888517
5671889477
5671889541
5480385192
5479438464
5479504000
5479991652
5479991716
5479991908
5479991972
5479180416
6548707840
6548969984
6548773376
6549035520
6549756416
6549932628
6549821952
6549932692
5474682452
5474683476
5474683540
5474682516
5474683220
5474683284
6552901888
6552902144
6553164288
6552967680
6553229824
6553950720
6554126932
6554016256
6554126996
6603999572
6549035264
6599805268
5546051236
6603999636
6603999828
6603999892
6620010752
6620272896
6620076288
6620338432
6620973396
6620973652
6620973460
5542906520
5474682260
5475928408
5475928664
5475928472
5475928728
5475248384
6599105024
6599366784
6599870868
6599871060
6615816704
6616078848
6615882240
6616144384
6616865280
6615992660
6615992916
6615992724
6615992980
5479180352
5479245888
5479442496
5479508032
5458954600
5458954664
5458954856
6620011008
6620273152
5672937861
6548490836
6548490900
5672937797
5459020456
5462100628
6603999656
6603999848
6603999912
5462468672
5462468864
5462730816
5463148904
5463148968
5463149160
5463149224
6880893061
7015111237
7015111301
6598822500
6598822548
6548793600
6549055744
6549670248
6549670504
6549670312
6549670568
5474969856
5475232000
5475035392
5475297536
6552922368
6553184512
6548707584
6548969728
6548773120
6549670228
6549670484
6549670292
6549670548
6553184768
6554127016
6552988160
6864115846
5457970536
5457970600
5457970792
5457970856
5457971560
5457971624
5457971816
5457971880
5479926120
5542156544
5542418496
5542840676
5542840740
6549932712
5462403200
5462468736
5479926372
5479926436
6548792832
6548883112
6548883816
6552685140
6552685204
6552684136
10915809704
