21761376580
5478877442
5672306760
5457905153
5474682369
5474747649
5541791233
5457970689
5474747905
5541856769
5457971457
5475141697
5475731969
6549473793
6599805441
6616582657
5475797505
6549539329
6599870977
6616648193
6620842242
7023888898
5479991810
5479073857
5672290376
5677254914
5677255170
5479336001
6603016449
6553077825
6620186689
5479926017
6603999489
5474682114
5663885569
5663884801
5663885825
5474682370
5672868128
5671885088
5672933664
5474683138
5672306756
5672290372
5671884304
5672290436
5474683393
5672868368
5671885328
5672868112
5924591888
5474879617
5924526608
5479991553
5547035137
5463214593
5479991809
5547100673
5457905154
5474747650
5541791234
5457905922
5474879554
5541792002
5457906178
5474748930
5541857794
5462100481
5478877697
5479073921
5545986561
5462166017
5478943233
5479336065
5546052097
5463149057
5479926273
5479073858
5462100482
5478877698
5479073922
5545986562
5462166018
5478943234
5479336066
5546052098
5463149058
5479926274
5479336002
5478942978
5546051842
5479991554
5547035138
5463214594
5478876673
5545985537
5462100225
5462099201
5478877441
5545986305
5475797249
6549539073
6616647937
5924526352
6598821377
6548489729
6615598593
5474748673
6598822145
5542840833
5474683137
6615599361
5547100674
6620842498
10915809794
5659691266
5659690498
5659691522
5672872208
5671889168
5672937744
5671888400
5457904898
5541790978
5542840578
6616582402
6755453441
5542840834
6616647938
6616582658
7023888897
5545985538
5462100226
5545986306
6620776962
5672872464
5924530704
5924596240
6603016705
6553077889
6620186753
6603999745
5924526368
5924591904
5671888416
5672306824
5474747906
6598821378
6548489730
6615598594
5474879553
5677254913
5677255169
6548883521
6615992385
6548490497
5474748929
6598822401
6548490753
6615599617
6549473538
6599805186
5475797250
6549539074
6599805442
5541792001
5677517313
5541857537
6851528833
5542840577
6616582401
5457905921
5475731713
5458954498
5475731714
5458954754
6598822146
6615599362
5672306820
5681449473
5681711617
5541857538
6553733378
6604065282
6553733634
5462099457
5478941953
5462164993
5478942209
6751259137
7019694593
5546051073
5462165761
5478942977
6619793666
6855723138
6620186754
5546051841
5924595984
5929175554
5478942210
5546051074
5462165762
5672933904
5545985281
5660740098
5478876417
5924530448
5672290440
5677517314
5663885570
5545985282
5462099458
5478941954
5478876674
5672872480
5671889440
5672938016
5681711618
5924596256
6620776961
6553733633
6604065281
6620842497
5924530720
6603016706
6553077890
6603999746
5475797506
6549539330
6615992386
6855723137
6549473794
6552684034
6603015682
6619792898
6619792897
6552684801
6619793665
6552685057
6619793921
5475141698
6620776705
6553733377
6620842241
5541857793
6615992449
7015111184
5542906369
10911615489
6603016450
6552684802
6552685058
6619793922
6751259138
7019694594
6553667841
5479926018
6553667842
6603999490
6620776706
5463148802
5547034882
5541792258
5672933920
5924592160
5941369376
6615599618
6615992450
7015111200
5542906370
6616648194
5941369360
5659691521
5660740097
5672933648
5929175553
5474879618
5457971714
5475141762
5671885072
6851528834
5547034881
6548883522
5681449474
6755453442
6553077826
5672872224
5458954497
5458954753
5924596000
5478876418
5663884802
5663885826
5924530464
7015110928
5475141761
6548883585
5457971713
5672938000
5941373456
7015115280
5933369857
5541856770
7015110944
6548883586
6598822402
5474748674
6548490498
6620186690
5475731970
5941373472
7015115296
5671889184
5672937760
6552684033
6603015681
6599805185
6549473537
5459020289
5664934402
5933369858
5681449217
5457906177
5541792257
5924592144
6599870978
5474683394
5671885344
5672868384
6548490754
5459020290
5462164994
5474682113
5541790977
10911615490
5681449218
5463148801
7015115024
10915809793
7015115040
6553668098
5924526624
5659691265
5659690497
6553668097
5671884320
5664934401
5457970690
5457971458
5671889424
5462099202
