21761377604
6620317953
7116171856
5546576001
6620317825
6620318209
10915285121
5542840642
6616582466
6616779074
6822562305
5542906178
6616648002
6616844802
10911615298
5545985666
5672937888
5924596128
5941373344
5546051202
6619793026
6620186242
7015115168
5546575938
6620317762
5672421448
5672421512
5475928706
6599805570
6549670530
6616779394
5476190850
6599871106
6549932674
6617041538
5478877762
5671889504
5672872544
5672938080
5478943298
6552685122
6603016770
6619793986
5479926338
6553668162
5815470145
5815470209
5475142210
5478876545
5671888272
5672159304
5672159368
6598822274
6548884034
6615992898
5542119681
5458233857
5475207297
5475011073
6548752641
6615861505
6599084545
6548949121
5541791297
5457970754
5474747970
6619990081
5479139457
6552881281
6603212929
6619990145
5478876481
5671888208
5672093768
5672093832
5478942017
5479336577
5546052225
5463149185
5479926401
5480123009
5547035265
5463214721
5479991937
5475272962
6599346242
6549014786
6616123650
5475273218
6599346306
6549015042
6616123906
5671888224
5672110152
5672110216
5478942018
6552683842
6603015490
6619792706
6619990146
5479139394
6615991874
5924596304
5941373520
5546052161
6619793985
6620187009
7015115344
5547035201
6620777025
6620973441
7086803458
5546052226
5463149186
5479926402
5480123010
5547035266
5462427777
5479204993
5479401985
5546313857
5546050945
5462427713
5479204929
5462099329
5479073345
5479467138
6553208962
5545986626
5924596320
5941373536
5546052162
5474683265
5671884432
5672421444
5672421508
5474748801
6548490625
6598822273
6615599489
5475731841
6549473665
5546248321
6619990273
6801590786
5545985345
5546313794
5478942082
5479335490
5546050946
5479401986
5546313858
6603999874
6620777090
6554126977
5479074433
5672872592
5924530832
5924596368
6603016833
6553078401
6620187265
6599871041
6549670273
6616779137
6549801473
5672933968
5924592208
5941369424
5541857857
6615599681
6615992705
5474683266
5671884448
5672437828
5672437892
5474748802
6548490626
6615599490
5475731842
6549473666
5457971778
6619990530
5545985346
10914957442
5546248258
6619990082
6619990274
6805785090
5546248322
5479074434
5672872608
5924530848
5924596384
5479336578
6603016834
6553078402
6620187266
5475928449
5542840897
5459020353
5475797569
5476059649
5542906433
5479467074
6553208898
5744166978
5744167042
5479335489
6553143809
6620252673
6603015553
6553077313
6620186177
5541792129
5811275905
5811341441
5541857665
6615992897
6885083265
6620055681
6616779329
6603278401
6620055617
5475928642
6599805314
6549670466
6603278593
6620252225
5479401601
6553143425
6603278849
6620252289
5478876737
5671889232
5672872272
5672937808
5476190786
6599870850
5462099522
5478876738
5479073154
5545985602
5462165058
5478942274
5479204354
5479073346
5672175688
5748361282
5748361346
6603015554
6553077314
6620186178
5479401730
6603278402
5475207233
5475010817
5547100546
6620842370
5541792130
5815535745
5541857666
6889277569
5542840706
6616582530
5462165825
5478943041
5479336257
5546051905
5463148865
5479926081
5480122689
5547034945
5463214401
5479991617
6616058114
5475207682
6599084162
6548949506
6616058370
5480122690
5547034946
5463214402
5479991618
5480188418
5547100482
5479926337
6553668161
6603999809
5479991873
6553733697
6604065345
6620842561
5545986625
5672938064
5462100546
5479074178
5462166082
5479336322
5463149122
6603999618
6553864513
6620973377
5480188417
6604065089
6553930241
6621039105
5479074113
5672355912
5744363778
5744364034
5542906434
5727389825
5727455361
5541856577
6615795777
6548687362
6801590785
6615598401
6615795201
6801197185
5542053953
6552881218
6603212866
5541791042
5479074114
5672372296
5748558082
5475928385
5542840641
5459020097
5475797313
5475994113
5542906177
6620055618
5479204994
6552946818
6603278466
6620055682
6818368002
5547100481
6620842305
10915809601
5545986369
5672355976
5744626178
5457905986
5474683202
5474879810
5541792066
5478877825
5671889552
6553733761
6604065409
6620842625
5672938128
5478943361
6552685185
6620777089
5547100801
6621235841
10915809921
5457904962
5474682178
5474878786
5474945089
5474945281
5458167937
5478877826
5671889568
5672938144
5478943362
6552685186
6619794050
6553668226
6619792769
6552946753
6552946817
6603278465
6599084289
6616057921
5474682433
5671885136
6548752897
6615861761
5672868176
5672933712
5474747969
5457905218
5474682434
5474878850
5541791298
6599805505
5478877761
5671889488
5672872528
5478943297
6552685121
6603016769
5457906242
5474683458
5474879874
5541792322
5478876546
5671888288
5672175752
6552683906
6619792770
5479204930
6552946754
6620973697
7116171920
5545986689
5941373584
6619794049
7015115408
5545986690
5941373600
7015115424
6868699650
5545985409
5744232578
6817974402
5545985410
5748426882
6822168706
6620973698
7116171936
5547100802
6620842626
6621235842
10915809922
5474945154
5474945538
5542054018
5478877505
5671888464
6552684865
6603016513
6619793729
6598822466
6548883842
6615992706
6616648066
6620317954
7116171872
5546576002
6620317826
6620318210
10915285122
5478877506
5671888480
5672372360
5478943042
6552684866
6603016514
6619793730
5479926082
6553667906
5462100353
5478877569
5479074369
5545986433
5462165889
5478943105
5479991681
5480385089
5547100545
5479336513
5462165890
5478943106
5479336514
5546051970
5463148930
5479926146
5480122946
5547035010
5463214466
5479991682
5457970561
5474747777
5475141185
5541856641
5458233409
5475010625
5475207425
5542119489
5457905025
5474879042
5541791106
5457970562
5474747778
5545986370
5748558338
6599805313
6616582529
6552684929
6603016577
6619793793
6620776833
6620973633
6885476866
6620187201
5480122945
6603999617
6553864769
5479074370
5672437832
5815470146
5815470210
6603016578
6553078338
6620187202
6620973634
6889671170
5475928450
6599805506
6549670274
6616779138
5476059650
6599871042
6549801474
6616910338
5545985665
5672937872
5924596112
5941373328
5546051201
6619793025
6620186241
7015115152
5546575937
6620317761
5457905282
5474682498
5474879106
5541791362
6620252418
6872893954
6620252674
10915022978
6553668225
6603999873
5462100609
5480385153
7015111312
5457906306
5474683522
5474880130
5541792386
6553733506
6548752642
6615861506
5475011074
6599084546
6548752898
6615861762
5462165121
5478942337
5479335553
6603999810
6620777026
5479991874
6553733698
6604065346
6620842562
6553667905
6603278594
6620252226
5479401602
6553143426
6603278850
6620252290
5475928386
6599805250
6549670210
5475994114
6599870786
6549735938
5474683521
5479926145
6553667969
6553733505
6604065153
6620842369
5671888528
5475010049
5541856833
5458233601
5542119937
5457905217
5474878849
5457970753
5546051969
5474945282
6599018562
6615795970
5478877570
5671888544
5672437896
6552684930
6619793794
6553667970
5474682497
5671885200
5672868240
5475010050
5541856834
5458233602
5475207234
5475010818
5542119682
5458233858
5475207298
5542119938
5462689857
5479467073
5462164865
5478942081
10915809665
5811275906
5811341442
6885083266
5547035009
5924526416
5924591952
6598821441
6548751873
6615860737
6603999554
6620776770
6553733442
6604065090
6620842306
5545986434
5815535746
6889277570
6620776834
6620056065
10915023361
5672868192
5924526432
5924591968
6598821442
6548751874
6615860738
6599084290
6616582785
5475797633
6549539457
6599871105
6616648321
6617041473
10911615361
5463214722
5479991938
5480385154
6620187010
7015115360
5547100737
6621104641
10915809857
5463148929
5463214465
5671885216
5672868256
5672933792
5474748034
6548489858
6598821506
6615598722
6549014657
6599346305
6616123521
5479467522
6619792962
6620055042
7015115104
6620055809
7070026242
5546314241
5672159300
5672159364
6548489601
6598821249
6615598465
5727389826
5727455362
5546050881
6619792705
6619989505
6801197186
6604065410
6616582786
5475797634
6549539458
6616648322
5547035202
6620973442
7090997762
5547100738
6621104642
10915809858
5474682241
6548883009
6615991873
6599084097
6548949249
6616058113
5744232577
5474879041
5475797377
6549539201
5542906241
5457905026
5474682242
5671884192
5672175684
5672175748
6548489602
6598821250
6615598466
6548489793
5480385090
5748820482
5546051906
6620186946
6872500354
5475272770
6549014594
6616123458
5475272834
6549014658
6616123522
5671885152
5672933728
6548489794
6615598658
6548949058
5546313986
6620055810
7074220546
5546314242
6603540546
5475272769
5475272961
5542381633
5458495617
5475272833
5475273217
5542381697
6615599745
6615992961
5941369168
6615598657
7015110992
5542381698
5457906049
5474880065
6549670465
5476190785
6599870849
6549932609
5457906050
5474880066
5457971586
5458954626
5541856897
6615598721
6615991937
7015111056
5941369184
7015111008
6616057922
6603540610
5924526480
5924592016
5475141249
6598821505
6548883073
6599346241
6549014785
6616779330
5475797378
6549539202
10915022977
5546313793
6620252417
5479401729
6552683905
5462427778
5462427714
5462164866
5462099330
5924526496
5924592032
5475141250
6548883074
6620973378
6822562306
6621039106
10915809602
5457906241
5474683457
5474879873
5541792321
5457971777
5474748993
5475142017
5458954817
5475732033
6548752450
6599084098
6615861314
5475010690
6548752514
6615861378
5474748994
5475142018
5541857858
5458954818
5475732034
5542840898
5459020354
5475797570
7015111328
5474945537
5457970497
5474682177
5541791041
5474747713
5474878785
5474944513
5458167873
5542054017
6549932610
6617041474
6553864834
6554126978
6621235778
10915809666
6554126913
6621235777
5811275842
6553078337
5457970498
5474747714
5474944514
5541856578
5458167874
5474945090
5542053954
5458167938
5462100354
5672868432
5924526672
6616910337
6598822465
6548883841
6553209090
6553209346
5672868448
5924526688
5924592224
6553143553
6548687105
6615795969
6599018625
6548687361
6615796225
5672093764
5727389761
6599018626
6548687106
5672110148
5731584065
5731584129
6598821186
6548686338
6615795202
6616123457
6616648065
5672933776
5474748033
6548489857
6549014593
5542840962
7116167840
5542906498
10911615618
5480122753
5463214657
5480253953
5457905281
5474879105
5541791361
5457970817
5458495553
6885476865
5542840705
5462100289
5457970818
5541856898
5458495554
5542381634
5458495618
6553864770
6604065154
6554126914
7116167776
10911090818
5479205121
5546313985
5462428161
5479205377
6822168705
6616058369
10910828673
6615861313
6616123649
7116167760
6616123905
10911090817
5941369232
6553143554
6553143810
5941369248
6615991938
7015111072
5462099521
5479073153
5545985601
5462165057
5478942273
5479204353
5546051137
5462427905
5479401537
5457906305
5474880129
5541792385
5457971841
5474749057
5475142273
5542906497
6617041537
5457971842
5474749058
6549539393
6616648257
5671885392
6548490817
5546051138
5462427906
5479401538
5479205122
5462428162
5479205378
6549473857
6616582721
5671885408
5672933984
6548490818
6615599682
6549473858
5671884112
5672093828
6548489537
6548686913
6599018561
5474945153
6889671169
5542906242
5541857921
5458954881
5475732097
5475928705
5542840961
5459020417
6553208897
6603540545
6553209089
5479467521
6603540609
6553209345
5462099586
5478876802
5479073410
6620056066
10915023362
5462165122
5478942338
5479335554
6552946945
6552947201
5924530512
5924596048
6616057985
6548949057
6548686914
6615795778
6548686978
6615795842
5671884128
7015111248
7086803457
10911615553
5475142274
6598821185
5541857922
5458954882
5672872288
5542119490
5924530528
5541791105
5458233473
5475010689
5475207681
5542119553
5479073090
5462164802
5479138818
5546050882
10911615362
5479139393
5546248257
5462362241
5479139841
5941369440
7015111264
6616582722
6553078145
6615795841
5458233410
5475010626
5475207426
5475141186
5541856642
5458233474
5542119554
6598822529
6548884097
5672868496
5924526736
5924592272
6599805569
6553864833
5462166145
5672110212
5731649665
6615598402
6805391489
5462100610
5462166146
5672868512
5924526752
5924592288
6598822530
6548884098
6603015745
6552946177
6620055041
6599084161
6548949505
5744166977
5744167041
6549539394
6616648258
10911615554
6599805249
6616582465
5748361281
5748361345
6548883010
6548949250
6548949122
6616057986
5457905985
5474683201
5474879809
5541792065
5457971521
5474748737
5475141953
5541857601
5458954561
5475731777
6548489538
6548686977
5475141954
5541857602
5458954562
5475731778
5459020098
5475797314
5476190849
6553078146
6553995777
6553078081
6620186945
6552684097
6619792961
6553143361
5672355908
5744363777
5744364033
6598822209
6548883777
6615992641
6616844801
5924596064
6603015746
6552946178
5671889248
5672937824
6552684098
6553143362
5672372292
5748558081
5748558337
6598822210
6548883778
6615992642
5479073089
5727389762
5479138817
6603015489
5479467265
5462689921
5479467137
5462099585
5478876801
5479073409
6549539138
5671885456
5672934032
6548490881
6549473921
5941373264
7015115088
5462689858
5479467266
5462689922
5671885472
5672934048
6548490882
6615599746
5475732098
6549473922
5941373280
6548752449
6548752513
6615861377
5671884176
5459020418
5672872336
5924530576
6603015809
6553077377
5480122754
6553864578
5480253954
6553995778
6548686337
5459020161
6615599425
6868306049
6805785089
6615796226
10910763138
10911615617
6616779393
7116167824
5941369488
5479336258
6553078082
6603999553
5672872352
5924530592
6603015810
6553077378
7070026241
10910829057
6552946946
6552947202
5941369504
6615992962
5462100545
5479074177
5462166081
5479336321
5463149121
6868699649
6817974401
5463214658
6872893953
10910828674
5748426881
5479139585
5462099265
5462164801
5462362177
6549539137
6599870785
6616648001
6549670209
6616779073
6549735937
10911615297
5457971522
5474748738
5671884368
5672355972
6548490561
6549473601
5462362178
5479139586
5462362242
5479139458
5479139842
5462099266
5478876482
6553864577
5924530768
5671884384
5672372356
6548490562
6615599426
6549473602
7090997761
5924530784
5457971585
5475142209
5458954625
5475928641
6619990529
10914957441
6552683841
6552881217
6603212865
5731584130
5731649666
6619989506
6805391490
6603212930
6552881282
6552880641
6552881409
6552881665
6553864514
6553930242
7074220545
10910829058
6818368001
5744626177
5459020162
5731584066
6552880642
10910763137
6552881410
6552881666
5748820481
6872500353
6549670529
6549932673
6552684161
6553208961
5671889296
5811275841
6548884033
6553733762
6868306050
6620776769
6553733441
5671889312
6552684162
5462100290
5462165826
5463148866
6549015041
