75340466690
79635224706
79635286338
148354639894
74357696678
74198812165
74265429029
74357843993
74357843994
74199599649
75323476129
74266462369
75340204193
75319224358
75323418662
75323418758
75340195878
74199632386
75323508866
75323542082
79630968966
75701430809
75701430810
75566688810
74265561121
75339302945
75339696641
75575077386
74367117478
74367117482
74400671782
74199353426
75273082902
75323414598
75340191766
75323476038
75340204054
79630964758
79635159062
74199369810
75273086998
74198321233
75272038421
74199345177
75272038922
75339147786
75322493570
79629920394
75339172386
79634114698
74199353889
75323415049
75273083401
75340192265
75323476609
79630964873
75340204577
79635159177
74199370273
75323419145
74265412770
75339154594
75339154978
75440859242
75339400738
75457636394
75700938857
75700938858
74265429154
75339170978
74198813218
75322493090
74265430178
75339172002
75273087241
75340196105
74198812937
74265430041
75322493001
75339171865
75272038665
75339147529
75322493313
75436665385
75339172129
75436665386
75340450322
79635220614
74198370322
75272050694
75322431494
75339159558
75322431554
75339159570
79629932550
79634126854
74198370338
74198305297
75322366469
75272034821
75339143685
75322427969
75440859417
75339155985
75440859418
74198321681
75322370565
74199861793
75323541665
74266478753
75340220577
74182568074
74199345194
74181641537
74198320674
75322369546
75272037898
75339146762
75322492546
75440859305
75339171362
75440859306
74182625418
74199353386
75323017345
75566688809
75339671561
75272562697
75323017281
75566688793
75339696161
75272562694
75339671558
74198812946
75322493010
75322493250
79629920326
75339662882
75474413610
75700938921
75700938922
74198305298
75322366470
75272034822
75339143686
75322427970
79629916294
75339155986
79634110598
74198321682
75322370566
74181576838
74198304806
75318171674
74362919082
74362923173
74362923177
74362923174
74362923178
74198304033
74361972742
74181514373
74198291493
74198291973
74265400357
74357712981
74357712982
74357712985
74357712986
74181518469
74198295589
74182625413
74199353381
74177319974
74181514278
74362919002
74362923093
74362923097
74362923094
74362923098
74198320401
74362021894
74362919062
74362919066
74362923157
75323541825
79630968901
74198321697
75322370569
74198311969
74198320273
74357712026
74177319973
74181514277
74181575753
74198303769
74383894550
74383894554
74627180649
74627180650
75339147782
75322369158
75339146278
75318192138
75322386442
75322435594
75339163658
79634176066
79634434114
79995938906
75322492482
75440859289
74181650498
74198329362
75323476102
75340204070
74198829570
75322509442
75322755202
79629985802
74198304018
75322365190
75272033542
75339142406
75322426690
75436664921
75339154706
75436664922
74198320402
75322369286
75318174746
75273087493
75340196357
75322369050
74265413777
75339155601
75339401505
75503773738
75700939033
75700939034
74198325281
75318192137
75322386441
74198817281
74265434145
75322497153
75339175969
74177357834
74181552138
74181650442
74198329354
74199353382
75272054790
74198550033
74361972745
74265412705
74361972746
74181641601
74362038277
74198320417
74362038278
74199616002
75323492482
74266478674
75340220498
74198845474
75322525730
75272562698
75339671562
75340204073
79630964777
79635159081
74198386817
75272054817
74265413778
75272554762
75339663626
75339155602
74181515337
74198292505
74198292745
74265401369
75318171673
75322365977
75322366025
75339143193
74181519433
74198296601
74182625414
75319220250
75323414554
75339418113
75507968266
75701168425
75701168426
74265429073
74362021898
74362923158
74362923162
74383894598
74383894602
74198555138
74265417762
75322431618
74181641602
75318174986
74199353890
75323415050
74198551073
75322427553
75322428033
75440859433
75272292873
75339401737
75339401761
75507968042
74198813217
75322493089
74181576777
74198304793
74198304913
75272034341
74177325093
74181519397
74181519493
74198296613
74181642313
74198321177
75339418114
79634176130
79634434178
79995938922
74181515338
74198292506
74181519429
74198292746
74265401370
75322365978
75322366026
75339143194
74181519434
75339155746
79634110538
74198321442
75322370314
75272038666
75339147530
75322493314
79629920330
75339172130
79634114634
74199353633
75323414793
75273083145
75340192009
75323476353
79630964809
75340204321
79635159113
74199370017
75323418889
79634180106
79635220866
148354635802
74265412690
75339154514
75339400466
75453442074
75700922457
75700922458
74265429074
75339170898
75322493066
75339171882
79629920298
79634114602
75273341450
75340450314
75340450338
79635220618
74198551074
75322427554
75322428034
79629916298
74181519494
74198296614
74181642314
74198321178
74198321298
74198583810
75322460290
75322755586
79629985922
75272038438
74178373669
74182567973
74182568069
74199345189
74182633601
74199361569
74199369873
75273087013
75323476354
79630964810
74198845458
75322525714
74383890458
74198812177
74362038281
74400667670
74400667674
74400671766
75323541641
75340220457
79630968873
79635163177
74177320981
74181515285
74181515333
74198292501
74181576773
74198304789
74198304849
75272034325
74177325077
74181519381
75272037642
75339146506
75322492290
75436665001
74198304865
75272034329
75322427525
75339155493
75432487209
75432487210
74198583313
75322460177
75272300549
75339409413
75322755137
75499579929
75339434001
74367117466
74367117461
74367117465
74383890566
74383890570
74383894662
74383894666
75322755585
75507968521
75272301057
74182690950
74199369766
75319224346
75323418650
74265434122
74181576258
75318171142
74198304274
75322365446
74198549794
75322426466
74265412754
74198550034
74198583329
75322460193
75272300553
75339409417
75322426514
75322426754
75436664937
75272291846
75339400710
74181584002
74198311970
74198320274
75272037414
74181646345
74198325257
74181585025
74198312993
74177341457
74181535761
74181646341
74198325253
74198558209
74265420833
75339172385
75440859690
75339663905
75575076906
75700939305
75700939306
74266478690
75340220514
75340220706
79635163210
74198304866
75272034330
75322427526
75339155494
79629916186
79634110490
74198321250
75272038426
74198550801
75322427473
74265413713
74181575749
74198295573
74177319957
74181514309
74181514261
74198303765
74198303825
74357695578
74177324053
74181518357
74199345674
74266454058
74181646402
74198325266
74265479186
75339221010
75318192134
75322386438
74198817026
74265434130
75322497090
75339175954
75273603594
75340712458
75340712482
79635286154
74199353442
75273082906
75272034346
74182563913
74199341081
74199341321
74266449945
74181577026
75318171910
74198305042
75322366214
74400671786
74627197097
74627197098
74198550802
75340208162
79635220613
74198567425
75322443905
75322689665
75499579689
75339663650
79634237514
75323480194
79630968854
79635163158
74182629506
74199357474
75323541642
75340220458
74182633602
74199361570
74181577281
75318172165
74198550817
75322427489
74181642817
75318176261
75322426506
75339154474
75432503401
75432503402
74181577282
75318172166
74198550818
75322427490
74199353634
74198812945
75322427713
75436665113
75272292613
75339401477
75339401489
75322493009
75322493249
74266478738
75340220562
75340220946
79635163270
75323414794
74198567426
75322443906
74265479202
75339221026
74178369574
74182563878
74182563974
74199341094
74182625354
74199353370
74199353490
75273082918
74178373670
74366150666
75340204322
79635159114
74265430054
74181642378
74357696666
75322443793
74198567169
75322443841
74265479185
75339221009
74181838977
75318249505
74198566945
75322443809
74182568009
74199345417
74266454041
74198321174
74198321234
75272038422
74199353425
75273082901
74178373653
74182567957
74182568005
74199345173
74182629505
74199357473
74199369809
75273086997
75273603589
75340712453
75340712465
79635286149
74198583314
75322460178
75272300550
75339409414
75322755138
79629985798
75339434002
79634180102
74198583330
75322460194
74182691137
75319224581
74199370001
75323418885
74199616001
74199341077
74199341317
75322492997
74177320982
75273087017
74181515286
74181515334
74181518405
74177341458
74181535762
74181646342
74198325254
74181584962
74198312978
74198386754
75272054802
74177341474
74181535778
74198305313
75322366473
75272034825
75339143689
75339156001
75440859434
75339663906
79634237578
79634238082
79995906218
75323542145
79630968969
75340220961
79635163273
75340450337
79635220617
75339171106
75436665002
75322492042
75339170858
75432503465
75432503466
74198308869
74181580865
74177337353
74181531657
74181580809
74198308873
74181580929
74198308897
74198370337
74198308881
75339663889
75575076890
75700922921
75700922922
74182691202
75319224586
74199370018
75323418890
74198305314
75322366474
75272034826
75339143690
75339156002
79634110602
74198321698
75322370570
74198582785
74357778457
74357778458
74358745193
74358745194
75318171685
75322365989
74198550793
74265413657
75322427465
75339155481
74198820874
74265438218
75323415046
74362923113
74362923110
74362923114
74362919078
74367113366
74367113370
74367117462
75339175945
74627197081
74627197082
75340220689
79635163205
75701430825
75701430826
74265561105
75339302929
75339696145
75566688794
75339696385
75570883082
74181646466
74198325282
74199345669
74266454053
74177320997
74181515301
74181515397
74198292517
74400671770
74627180713
74627180714
74265495586
75273349633
75340458497
75340483073
79635228801
75339237410
75339434018
79630968874
79635163178
74198304034
75322365194
75272033546
75339142410
75339154722
75436664938
74198320418
75322369290
74265413793
75339155617
75700939049
75700939050
74265430177
75339172001
74198549769
74265412633
74357762089
74357762090
74181584001
74357713045
74357713046
74265495618
75339237442
75339679762
79634241542
75272563202
75339672066
75339696642
79634245762
75319224362
75323418666
75340450082
79635220554
75323541826
79630968902
75340220690
79635163206
74265413794
75339155618
75339401762
79634172042
79634172546
79995906154
74182691394
75319224838
74199370258
75323419142
75340191770
75570882826
75701168665
75701168666
74265495585
75339237409
75339434017
75499579946
75339680257
75575077130
75701168681
75339159586
79629932554
74178369558
74182563862
74182563910
74199341078
74182625350
74199353366
74178373654
74182567958
74199599626
74266462250
75323476106
75340204074
74182625601
75319220485
74199353617
75323414789
75318192162
75322386466
75272038917
75339147781
75322493505
75440859673
75339172369
75440859674
74265412706
75339154530
75339400722
75457636378
75700922473
75700922474
74265429090
75339170914
74266462370
75340204194
75340204578
79635159178
79635221122
148354635818
74265495682
75339237506
75339679778
79634241546
74181518410
74198295578
74198295818
74265404442
74181580866
74198308882
74177337354
74181531658
74181580810
74198308874
74181580930
75273083141
75340192005
75323476289
79630964805
75340204305
79635159109
75339663890
79634237574
79634237826
79995889834
74266462305
75340204129
75340450321
79635220865
79995939210
74266478689
75340220513
75318171686
75322365990
74198550794
74198304273
74366150662
74367113302
74367113306
74367117397
74367117401
74367117398
74367117402
74198320657
74366216198
74182625353
74199353369
75319220261
75323414565
74199599369
74266462233
75323476041
74199369826
74181642562
75318176006
74198321426
75322370310
75273087002
75323418698
75340195866
74265561106
75339302930
75339696146
79634245638
75339696386
79634245698
79634761794
79996004506
74265561122
75339302946
75272034566
75339143430
75322427714
79629916230
75339155730
75318171669
75322365973
74181642309
74198321173
75318175765
75322370069
74198812933
74265430037
75322427461
74199861770
75339662866
75474413594
75700922537
75700922538
74266478634
74198551046
74265413670
75701168682
75318176009
74198321441
75322370313
74198813201
75322493073
74265430113
75339171937
74182625665
75319220489
79635286153
75322426442
75339154458
75318174758
75322369062
74198558210
74265420834
75322434690
75339162658
75318192161
75322386465
74198559233
74265421857
75322435713
75339163681
75436664986
74181904514
75318265890
74199599621
74266462245
75323476101
75340204069
75323418762
75340195882
79635221058
148354635814
75339155537
75339155729
75436665114
75503773722
75700922649
75700922650
74265430097
75339171921
74198296070
74181579905
74198307873
74357696661
74357696662
74198554113
74357696597
74357696598
74198549765
75272300034
75339408898
75339433474
75457636490
75340191785
74265421833
75322435593
75339163657
74198303781
74357696613
74357696614
74198550021
74265412645
74177319962
74181514266
74181514314
74198291482
74265413714
75339155538
79634126858
74199369874
75273087014
74199341082
74198308898
75272050698
74198813190
74177320985
74181515289
74181576837
74198304805
74177325081
74181519385
74198551057
75322427537
75322427777
75436665129
75272038918
74199353873
75323415045
75273083397
75340192261
75323476545
79630964869
75340204561
79635159173
74199370257
75323419141
75273083146
75340192010
75322689666
79629981706
75339417634
79634176010
74265413658
75322427466
75339155482
74198305041
75322366213
75272034565
75339143429
74199861765
74266478629
75323541637
75340220453
75318175786
75322370090
75322370186
75339147306
74199599650
75323476130
74198551058
75322427538
75322427778
79629916234
75272292870
75339401734
75339401746
79634172038
74198813202
74181904898
75318265986
74198829090
75322509346
75339163654
75340204057
79635286401
79995939466
75272037894
75339146758
75339171346
75440859290
75319220262
75272558601
75339667465
75339679777
75566688554
75323414566
75319224361
75323418665
75323418761
75340195881
75340450081
79635220553
79635221057
79996004682
74198821122
74265438226
75322501186
74177357833
74181552137
74181650441
74198329353
74181650561
74198329377
74198452257
75272071177
74265412769
74366167050
74177319978
75322427462
75339155478
74181642310
74362923161
75318175766
75322370070
74198812934
74199599365
74266462229
74199353365
75319220245
75323480193
75323414549
75319224341
75323418645
75322370118
75339147286
74178373658
74182567962
74182568010
74265495570
75339237394
75339680002
79634241602
79634499650
79995938970
74177321001
74181515305
74181515401
74198292521
74181576841
74198304809
74198304929
75272034345
74177325097
74181519401
74177321002
74181515306
74181515402
74198292522
75273087242
75340196106
75318192146
75322386450
74198558978
74265421842
75322435650
75339163666
74181585026
74198312994
74198812938
74265430042
75322493002
75339171866
75318174742
75322369046
74198554114
74265416738
75322430594
75339158562
79634238018
79995906202
74199861794
74198312977
74198386753
74198296073
74265404457
74357713061
74357713062
74357713065
74357713066
74198325258
74198386818
75272054818
75340220705
79635163209
75340204130
75340712466
79635286150
79635286402
148354639898
74181518474
74198295594
74198296074
74265404458
75318208521
75322402825
74198820873
75503774218
75701185033
74265495617
75339237441
75339679761
75566688538
74181518409
74198295577
74198295817
74357696677
74357696681
74357696682
74181514313
74198291481
74198291721
74265400345
74181641349
74198320165
74177341450
74181535754
74181584906
74198312970
74181575814
74198303782
74198291722
74265400346
75318170650
75322364954
74357713050
74198816773
79634237510
79634237762
79995889818
79635224705
79635286337
79995939402
75318208522
75322402826
75322501130
75339180042
74181514374
74198291494
74198291974
74265400358
75318170662
75322364966
75322365062
75339142182
74181518470
74198295590
75322369098
75339146266
74181584905
74198312969
75339401745
75507968026
74198296841
74265405465
75318175769
75322370073
75322370121
75339147289
74182690949
74199369765
74199369825
75273087001
74199345418
74266454042
74198296602
74198296842
74265405466
75318175770
75322370074
75322370122
75339147290
74177320986
75339662858
74181575817
74198303785
74357712997
74357712998
74198550025
74198821377
74265438241
75322501249
75339180065
74265429089
74362038282
75322509441
74198829313
75322509377
74265495569
75339237393
74181904513
75318265889
74198829569
75272300554
75339409418
74198812178
75322492050
74181904450
75318265874
74181576066
75318170890
74198303786
75318170666
75322364970
74198550026
74265412650
75339180050
75318208518
75322402822
74181650562
74198304914
75272034342
74177325094
74181519398
74199599633
75323476113
75273341445
75340450309
75436665130
75323541889
79630968905
74181577089
75318171913
74198305057
74198303906
74198305058
75322366218
74265413730
75339155554
74181642626
75318176010
74182625666
75319220490
74199861778
75323541650
74198452241
75272071173
75322501125
75339180037
75322501185
75339180049
74181575750
74198303766
75318170646
75322364950
74198549766
74265412630
75322426438
75339154454
74181579906
74198307874
74198292997
74265401381
75322366085
75339143205
74198291497
74198291977
74265400361
74357713001
74357713002
74181518473
74198295593
75339142186
75318174762
75322369066
75322369162
75339146282
74198291498
74198291978
74265400362
75339180038
79629953030
79634147334
75322365002
75339142170
75322426502
75339154470
75432487017
75432487018
75339175953
75432733209
75432995353
75432995354
75322501129
75339180041
75432995369
75432995370
75272033322
75322365066
74198320290
75272037418
74198452242
75272071174
75322501126
75322509329
74198583553
75322460225
74265495681
75339237505
74181641793
74366216197
75318265985
74181576257
74366150661
74182563977
74199341097
74199341577
74266449961
75319220265
75323414569
75323414665
74181519497
74198296617
74181642377
75273082922
75318171690
75322365994
75322366090
75339143210
74181519498
74198296618
74198297098
74265405482
75318175781
75322370085
75322459266
74265429138
75339170962
74181904642
75318265922
74198829074
75322509330
74198583554
75322460226
75322366086
75339143206
74182563973
74199341093
74199341573
74266449957
75323414661
75340191781
74198297094
74265405478
75318175782
75322370086
75322370182
75339147302
74181515398
74198292518
74198292998
74265401382
74198292741
74265401365
79635163162
74198845457
75322525713
74198845473
74198845697
75322525761
74182166657
74198320673
74366232582
75318331425
74198845953
74198845698
75322525762
74181641858
75318175242
74198845954
75322525826
74182166594
75318331410
75323017282
79630051334
74265404454
74357696665
75272054793
74181646401
74198325265
74198386705
75272054789
74198320225
74357695658
74181646465
74198386721
74177341445
74181576002
75272292617
75339401481
74198370321
75272050693
74198320209
74357695642
74198386722
75272054794
74357778505
74357778506
74358745241
74198303842
75272033306
74177324058
74198386706
74181518362
75318171689
75322365993
74198551049
74265413673
75322427529
75339155497
74198321193
75318175785
75322370089
74198303905
74357711978
74182625921
75319220745
74182691457
75319224841
75273087497
75340196361
74181577345
75318172169
75322431498
75339159562
74198303826
75272033302
75322364998
75339142166
75432487001
75432487002
75323476610
79630964874
74182625922
75319220746
75323542146
79630968970
75340220962
79635163274
75340196362
74199369770
74181576842
74198304810
74198551050
74265413674
75322427530
74366216201
74199341574
74266449958
75323414662
75340191782
74198292742
74265401366
75318171670
75322365974
75322366022
75339143190
75323414597
74182691138
75319224582
74198816778
75322497034
75339175946
74181646346
74198549778
74198295814
74265404438
75322369094
75339146262
75322426450
74198321194
74198321314
75272038442
74178373673
74182567977
74182568073
74199345193
74182690953
74199369769
75432503834
74199369889
74198829073
75272558597
75339667461
75322755329
75503774217
74177357829
74181552133
74181650437
74198329349
74265413653
74182625349
74198583809
75322460289
74177319961
74181514265
74181575813
74198303841
74357695594
75272033798
75339142662
75322426946
75440859225
75339154962
75440859226
74198320658
75322369542
74181576774
74198304790
74198550790
74265413654
74199599366
74266462230
74199603714
74266466338
74198554634
74265417738
74198558729
74181584901
74265404441
74198312965
74198558725
74265421829
75318192133
75322386437
75322435589
75339163653
74178373674
74182567978
79629920294
79634114598
75323418757
75340195877
75322525825
75272563201
75339672065
74383894570
74367117413
74367117417
74383890470
74383890474
74383894566
75323476066
75323476546
79630964870
75273341194
75340450058
74265412629
74357762073
74357762074
74265416737
75318188041
75322382345
75322431553
75339159569
75432487450
74178373657
75318188038
75322382342
74198554882
74265417746
74198558730
74265421834
74181584902
74198312966
74198558726
75322382346
75323476105
75322366089
75339143209
75432503593
75432503594
74198321313
75272038441
75323476049
75273341189
75340450053
75340450065
79635220549
75272562946
75339671810
75323017346
79630051338
75272553994
74177357830
75272054801
75322497029
75339175941
75322435649
75339163665
75432749577
75323414666
75340191786
74198304930
74199369890
75273087018
74265430161
75339171985
74182625857
75319220741
74199599393
75323476065
74266462353
75340204177
74182691393
75319224837
74357696601
74357696602
75339405825
74199599394
74266462354
75340204178
74182625858
75319220742
74199353874
74181642818
75318176262
75339155477
75432487193
75432487194
75323476037
75340204053
74199603713
74266466337
79630964757
75340208161
74198550789
75319220246
75323414550
75319224342
75323418646
75323418694
75340195862
74265430038
75322492998
75339171862
79629916182
74265429033
74357844009
74357844010
74181641353
74198320169
74198812169
74181642373
74198321189
74198321249
75272038425
74178369561
74182563865
74199353441
74379700246
74379700250
74627180633
74627180634
74627180697
74627180698
74265412689
75339417617
75499579674
75339417857
75323418693
75340195861
79630968853
79635163157
75339171090
75339417618
79634176006
75339417858
75339417090
75457636426
75700922521
75700922522
75272296961
74198566401
74362021897
74383890502
74383890506
75322689601
75499579673
75272296705
75339405569
75340450054
75340450066
79635220550
79629936658
79634130962
75322370117
75339147285
75322366021
75339171861
75432487449
74181515290
74177325082
74181519386
74199345178
74181642374
74198321190
74178369562
74182563866
74182563914
75339400454
74198566402
75322442882
75322492226
75436664985
75272295938
75339404802
75272296962
75339405826
75322431493
75339159557
75432732953
75432732954
79634110486
79629920278
79634114582
74198304850
75272034326
75339155498
74182625417
74199353385
74199599625
74266462249
75339172113
75436665370
75339663633
75570882586
75700922905
75700922906
74266462289
75340204113
74181641354
74198320170
75340454402
75272292614
75339401478
75339401490
79634171974
79634110534
79634172226
79995889754
74367117414
74367117418
74627197033
74627197034
74265429153
74366232586
74265438225
74182567961
75339696162
79634245642
74181552134
74181650438
74198329350
75323414570
75272562693
75339671557
74181584961
75318192145
75322386449
74198558977
74265421841
75432749578
75432765961
74181575754
74198303770
74198549770
74265412634
74198303890
75272033318
74198329378
74181904449
75318265873
74181535749
75319220249
75323414553
75323414601
75340191769
75319224345
75323418649
75323418697
75340195865
75503773962
75701168409
75701168410
74361956362
75339417633
74198829314
75322509378
75499579690
74265479201
75339221025
75323484289
75340212257
79630968869
79635163173
75432503577
75432503578
74199341322
74266449946
75323414602
74199599370
74266462234
75323476042
75340204058
74181576778
74198304794
74627197018
74265429137
74366216202
75339434497
75507968522
75701201417
75701201418
75701185034
75700938905
75700938906
75339154578
75339400482
75453442090
75700938841
75700938842
75339663649
75570882602
75700939289
75700939290
75323542081
79630968965
75339401506
79634171978
79634172482
79995906138
74265430162
75339171986
75339172370
75273349634
75340458498
75340483074
75273345537
75340454401
75340466689
75436665369
75272554757
75339663621
74199599377
75272554758
75339663622
75339663634
75322427474
74199599378
75323476050
75323476290
79630964806
75273341190
74177319958
74181514262
74181514310
74198291478
74362923109
75499579930
75322755201
75499579945
74362919014
74362919018
79996004746
75340712481
79635286657
79996005002
74266478754
75340220578
75322366217
74265413729
75339155553
74181642625
74182691201
75319224585
79635220801
79995939146
74266478673
75340220497
74181577090
75318171914
74199599634
75323476114
74266462306
74265430098
75339171922
75339172114
79634114630
74266462290
75340204114
75340204306
79635159110
74198304017
74361956358
74362918998
75323541890
79630968906
74181514377
74357778569
74357778570
74198559234
74265421858
75322435714
75339163682
74181514378
74358745257
74358745258
74357696617
75339175970
75322492038
75339170854
75432487081
75432487082
74198817282
74265434146
75322497154
74265438214
74177319977
74181514281
74181650497
74198329361
75432765962
74198303889
74357711962
74358761561
74358761562
74181514282
74181575818
75272555013
75339663877
79630964761
79635159065
79630968857
79635163161
75322493061
75339171877
74199599622
74266462246
74199861766
74266478630
75323541638
75340220454
75322493062
75339171878
74358761641
74358761642
75432503385
75432503386
79629936674
79634130978
75432503449
75432503450
75322497030
75339175942
74198550050
74358745177
74358745178
74383890454
75272559105
75339680001
75272558850
75339667714
75272559106
75339667970
75339680258
79634241666
75272553990
75339662854
79635220802
148354635798
74265421830
75322435590
74199861777
75323541649
75339155745
75700922665
75700922666
75272292869
75339401733
74177337350
74181531654
74181580806
74198308870
79634172290
79995889770
74265430114
75339171938
75340450310
75273603590
75340712454
75319224357
75323418661
74199607810
74266470434
75323484290
75340212258
75322370181
75339147301
74265438217
74198820869
74265438213
75318208517
75322402821
74357778473
74357778474
74358761577
74358761578
74198320289
74357712042
75322501250
75339180066
79629953034
79634147338
74198820870
74198452258
75272071178
74198829089
74198320226
75272037402
75432733225
74362021893
75322370185
75339147305
75322493065
75339171881
75432503849
75432503850
74199353505
75273082921
79629916202
79634110506
74199353506
75319220266
74182690954
75322431497
75339159561
74265400341
74198295813
74265404437
74198291477
74198291717
74178369577
74182563881
74198812193
74366232585
74367117477
74367117481
74400667686
74400667690
74198550049
74366167049
75272562945
75339671809
74198812194
75322492066
75322426530
75322427010
75440859241
75272291850
75339400714
75339409921
75272300801
75339409665
75339434241
74265434117
74198291718
74265400342
74181518406
74198295574
74198321297
75272038437
75432503833
74177325098
75272300802
75339409666
75339434242
79634180162
75272301058
75339409922
75339434498
79634180226
74198582786
74181641538
75318174982
79629916198
79634110502
79630968870
79635163174
74198812961
75322493025
74177324073
74181518377
75322493569
75440859689
75272555017
75339663881
75273341449
75340450313
75273603593
75340712457
79635221121
79635286658
148354639914
75272292874
75339401738
75272555018
75339663882
75323541666
74198549793
74366150665
74379696166
74379696170
74379700262
74379700266
74198817025
74265434129
75322497089
74182568070
74199345190
74181519430
74198296598
74266454037
74198550022
74265412646
74181641350
74198320166
74198816774
74265434118
74178369557
74182563861
74182563909
74181580805
74198554629
74265417733
75318188037
75322382341
74198292502
74177324074
74181518378
74357713049
74358761625
74358761626
75272291594
75339400458
74177324057
74181518361
74198549777
74361956361
74379696150
74379696154
75322525729
74182166593
75318331409
74199345673
74266454057
74198293001
74265401385
74265412753
74627197017
74181576322
75318171146
74198304290
75322365450
74182166658
75318331426
74198554630
74265417734
74182563978
74199341098
74199341578
74266449962
74198293002
74265401386
79634499842
79995955338
79634500098
79995971722
74178369578
74182563882
74199353489
75273082917
79630964773
79635159077
75272050697
74177337349
74181531653
74198554633
74265417737
75273082905
75339143189
75318188042
74198320210
75272037398
75323492481
75322497033
75322755330
79629985858
74177341449
74181535753
74358745242
74357696618
75432733226
75432733210
75272291590
74198813193
74265430057
79629936646
79634130950
79629936650
79634130954
74181838913
75318249489
74198566929
74198296597
74198296837
74265405461
75340191765
74266449941
74182568006
74199345174
74198296838
74265405462
74177325078
74181519382
74199345413
74265412649
74181838978
75318249506
74198566946
75322443810
74181838914
75318249490
74198566930
75322443794
74198567170
75322443842
75272554761
75339663625
75273341193
75340450057
74199632385
75323508865
74199345414
74266454038
74199341318
74266449942
79630964774
79635159078
79635228802
75322493026
75322493506
79629920390
75272292618
75339401482
74198812962
75272296453
75339405317
74181576001
74361956357
79635159061
75272296454
75339405318
75322689602
79629981702
75432487065
75432487066
75322431617
75339159585
75432732969
75432732970
75272296706
75339405570
74198813194
74265430058
74199861769
74266478633
74367113382
74367113386
74198304289
74366167046
74367113318
74367113322
74198551045
74265413669
74198813189
74265430053
74181642561
75318176005
74198321425
75322370309
75272033802
75339142666
74199353618
75323414790
75273083142
75340192006
74199370002
75323418886
74198821121
74198812170
74265429034
74177341473
74181535777
74198816777
74265434121
74198296069
74265404453
74177324070
74181518374
75272296457
75339405321
74181642881
75318176265
75272296458
75339405322
74266478737
75340220561
75340220945
79635163269
74181577346
75318172170
74182691458
75319224842
74199370274
75323419146
75340204562
79635159174
79635286594
148354639910
79634114694
74178369573
74182563877
74198297093
74265405477
74199345670
74266454054
74177320998
74181515302
75339667969
75272558849
75339667713
75432487465
75432487466
75322509345
74181904897
74181904641
75318265921
75272558602
75339667466
74181641794
75318175238
79629920282
79634114586
79630964762
79635159066
79630968858
74181577025
75318171909
74182625602
75319220486
75273087494
75340196358
74198555137
74265417761
74198554881
74265417745
75272037638
75339146502
75273087237
75340196101
75272038662
75339147526
75273345538
75272038921
75339147785
74177324054
74181518358
75273083402
75340192266
74177324069
74181518373
75272558598
75339667462
74199607809
74266470433
79635286593
79996004938
75273083398
75340192262
74182567974
79634499714
79995938986
75272038661
75339147525
75273087238
75340196102
74181576065
74361972741
74177341446
74181535750
74198812166
74265429030
75322493074
75272034569
75339143433
75272034570
75339143434
75272555014
75339663878
75273341446
75318170886
74181576321
74366167045
74181641857
74366232581
74198821378
74265438242
79634761858
79996004522
74198297097
74265405481
79630964778
79635159082
74181642882
75318176266
74181519402
75273087498
