1396150912324
1675610326408
2775121954184
1675610048136
2775121675912
1417627077192
2517138704968
2792016611912
1692521499268
2792033127044
1417894447688
2517406075464
1692772354632
2792283982408
1417895232904
2517406860680
1692773139848
2792284767624
2500243786308
1675610065476
2775121693252
1417912027716
2517423655492
1692789934660
2792301562436
1396437191236
2495948819012
1671315098180
2495931238792
1671297517960
2770809145736
1413599480200
2513111107976
1688477387144
2787989014920
1400714578312
2500226206088
1675592485256
1688209737284
2787721365060
2787988751940
1400714315332
2500225943108
1675592222276
2775103850052
1417894184516
2517405812292
1692772091460
2512842409544
1413600281924
2513111909700
1688478188868
2787989816644
1692773156164
2792284783940
1675324851524
2774836479300
1417626813764
2517138441540
2770808900228
1413599234692
2513110862468
1688477141636
2787988769412
2499957525124
1675323804292
2774835432068
1417625766532
2517137394308
1417627076932
2517138704708
1692504983876
2792016611652
1692773140040
2792284767816
1675340827208
2774852454984
1417642789448
2517154417224
1692520696392
2792032324168
1688494180680
2788005808456
1692773156168
1675324851528
2774836479304
1417626813768
2517138441544
1692504720712
2792016348488
1396420412744
2495932040520
1671298319688
1400463984260
2499975612036
1675341891204
2774853518980
1417643853444
2517155481220
1692521760388
2792033388164
1400732419716
2500244047492
1400462920004
2499974547780
1675340826948
2774852454724
1417642789188
2517154416964
1692520696132
2792032323908
1413615995464
2513127623240
1396169016968
2495680644744
2770558551688
1413348886152
2512860513928
1688226793096
2787738420872
1400463984264
2499975612040
2774853257864
1417643592328
2517155220104
1692521499272
2792033127048
1688477124228
2787988752004
1400714315396
2500225943172
1396436125316
2495947753092
1671314032260
2770825660036
1413615994500
2513127622276
2792032339592
1396150912648
2495662540424
1671028819592
2770540447368
1413330781832
2512842409608
1688208688776
2787720316552
1400445879944
2499957507720
1675341629828
2774853257604
1417643592068
2517155219844
1692521499012
2792033126788
1417895496328
2517407124104
1692773403272
2792285031048
2792032340616
1400462657156
2499974284932
1675340564100
1417642526340
1692520433284
2792032061060
1396151190856
1396437191240
2495948819016
1396151191876
2495662819652
1671029098820
1692772370756
1688477403460
2495931255108
1671297534276
2770809162052
2787989031236
1400714331780
2500225959556
2787990062404
2775121938820
1417912273284
2517423901060
1692790180228
2792301808004
1400463968644
2499975596420
1675341875588
1396437190980
2495948818756
1671315097924
2770826725700
1413617060164
1688494967108
2788006594884
1400732158276
2775121692996
2517405829704
1692772108872
2792283736648
1675324066120
2774835693896
1417626028360
2517137656136
1692503935304
2792015563080
1396419627336
2495931255112
1671297534280
2770809162056
2788005529156
1396436125252
2495947753028
1671314032196
1413615994436
1688493901380
2770825659972
1417910961732
2517422589508
1692788868676
2513112173188
1688478452356
2787990080132
1400715643524
2500227271300
1675593550468
2775105178244
1692773419652
1413617322376
2513128950152
1688495229320
2788006857096
1396169001352
2495680629128
1671046908296
2770558536072
1413348870536
2512860498312
1688226777480
2787738405256
1400463968648
2499975596424
1400714331524
2500225959300
1675592238468
2775103866244
1417894200708
2517405828484
1692772107652
2792283735428
2517137393028
1692503672196
2775105177156
1400731109956
2500242737732
1400462920008
2499974547784
2774852454728
1692520696136
2792032323912
1675340826952
1671045859656
2512859449672
1400445880968
2499957508744
1675323787912
2774835415688
1400445896072
1675323803016
1417625765256
2517137393032
1692503672200
1396419364232
1417912272264
2517423900040
1692790179208
2792301806984
1675608999304
2775120627080
1417627059844
2517138687620
1692504966788
1675610311304
2775121939080
1688226531720
2787738159496
1400463722888
2499975350664
1675341629832
2774853257608
1417643592072
2517155219848
1675340564104
2774852191880
1417642526344
2517154154120
1692520433288
2792032061064
2787720332612
1396419364164
2495930991940
1671297271108
1400715380040
2500227007816
1675593286984
2770808898884
1396151977284
2495663605060
1400463983944
2499975611720
1396151977288
2495663605064
1675340563844
2774852191620
1417642526084
2792032060804
1396437190984
2495948818760
1671315097928
1688226514564
2787738142340
2770826725704
1413617060168
2513128687944
1688494967112
2788006594888
1417895250568
2517406878344
1692773157512
2792284785288
1396436403588
2495948031364
1671314310532
1413616272772
2513127900548
1688494179716
1396437452164
1671315359108
1396150928776
1396436125256
2495947753032
1413615994440
2513127622216
1688493901384
2788005529160
1396151978628
2495663606404
2770541513348
1413331847812
2512843475588
2774836480644
1417626815108
2517138442884
1692504722052
1396420676232
2495932304008
1671298583176
2770810210952
2495947752772
1671314031940
2770825659716
1413615994180
2513127621956
2788005528900
1675608999236
2775120627012
2770810210692
1413600545156
2513112172932
1688478452100
2787990079876
1675593550212
1417895512452
1396151978632
2495663606408
1671029885576
2770541513352
1413331847816
2512843475592
1688209754760
2787721382536
1400446945928
2792283981444
1671297517188
2770809144964
1413599479428
2513111107204
1688477386372
2787989014148
1396436141636
2495947769412
1671314048580
2770825676356
1413616010820
1396150928964
2495662556740
1671028835908
2770540463684
1396150928968
2495662556744
1671028835912
2770540463688
2770541495684
2499958834820
2774836741764
1417627076228
2517138704004
1692504983172
2792016610948
1396150929032
2495662556808
1671028835976
2770540463752
2517422869064
1417912026504
2517423654280
1692789933448
2792301561224
1688493917832
2788005545608
1692773419332
1396420675908
2495932303684
1671298582852
2770810210628
1413600545092
2513112172868
1688478452036
1675340563848
1417642526088
2517154153864
1692520433032
2792032060808
2495663868232
1671030147400
2770541775176
1413332109640
2512843737416
1413617321544
2513128949320
1688495228488
2788006856264
1692788868424
2792300496200
1413615994184
2512843474308
1688209753476
2787721381252
1400446944644
1396420675976
2495932303752
1671298582920
2770810210696
1413600545160
1688478452104
1396419610248
2495931238024
2770809144968
1413599479432
2513111107208
1688477386376
2787989014152
1400714577544
2500226205320
1675341892168
1417643854408
2517155482184
1692521761352
2792033389128
1396151977352
1671029884296
1413331846536
2512843474312
1688209753480
2787721381256
1400446944648
1400714577284
2500226205060
1675592484228
2775104112004
1417894446468
2792283981188
2787989013892
1396419609988
2792033388868
2517155481924
1692521761092
1396169017668
2495680645444
1671046924612
1413348886852
1417912289928
2517423917704
1692790196872
2792301824648
2517154416196
1692520695364
1671045858884
2495932302664
2788006577732
2495663606084
2770541513028
1671298320708
1400462674244
2499974302020
1671314049348
2495662557512
1671045613896
1675609016708
1396437191044
2495948818820
1413617060228
2787720595844
1396419627396
1413348624004
2512860251780
1688226530948
2787738158724
1400463722116
2499975349892
1675341629060
2774853256836
1417643591300
2517155219076
1400715643272
2500227271048
2775105177992
1675593271944
2775104899720
1400462674568
2499974302344
2774852209288
1671029098888
1413331061128
1688208968072
1400446159240
2499957787016
1675324066184
2787738405192
1688208704840
2787720332616
1400732157508
2500243785284
1675610064452
2775121692228
1417912026692
2517423654468
1692789933636
2792301561412
2495663868484
2512843737668
2787721644612
1400447208004
2499958835780
1396150929992
2495662557768
1671028836936
2770540464712
1671297516936
2770809144712
2513111106952
1688477386120
2787989013896
1400714577288
2500226205064
1675592484232
2775104112008
1675341891912
1417643854152
2517155481928
1692521761096
2792033388872
1400462674564
2499974302340
1396419627652
2495931255428
1396168755844
1413348625028
1396150930056
2495662557832
2770540464776
2495948818824
1671315097992
1675340826184
1417642788424
2517154416200
1692520695368
2792032323144
1675592484488
2775104112264
2774852453700
2792032322884
1396150929988
2495662557764
1671028836932
2770540464708
2512842426948
1688208706116
2787720333892
1400445897284
2499957525060
1675609262664
2775120890440
1675610047880
2499958556292
2499975349636
2774853256580
2792033125764
1396437190216
2495948817992
1396437189956
1671315096900
1688494966084
1417912026436
1396420675204
2495932302980
1671298582148
2770810209924
1413600544388
2513112172164
1688478451332
2787990079108
1675608999492
2770557486408
2787737355592
1396167689800
1413347558984
2512859186760
2792015301192
1400732404360
2500244032136
2517138704772
1692504983940
2792016611716
1671298582916
1675593549384
2775105177160
1400731109960
2500242737736
2775120644680
1675341628808
1417643591048
2517155218824
1396152240520
2495663868296
1413332109704
2512843737480
1400447207816
2499958835592
1417895496072
2517407123848
1692773403016
2792285030792
1692789933384
2792301561160
1396437189960
2770826724680
1413617059144
2513128686920
1417642527368
2517154155144
2792032062088
1396168739460
2495680367236
1413348608644
2512860236420
1688226515588
1396436142728
2495947770504
1671314049672
1396420675208
2495932302984
1671298582152
2770810209928
1413600544392
2513112172168
1688478451336
2787990079112
1400715642504
1671314049412
2770825677188
1400715642244
2500227270020
1675593549188
2517407139204
1692773418372
2792285046148
1400732142148
1413617044036
2513128671812
1688494950980
2788006578756
1396437174852
1671315081796
2770826709572
1396169016900
2495680644676
1413348886084
2512860513860
1400462673476
2499974301252
2499957524808
1396150929736
1675610065544
1417642527108
2792032061828
1400447191368
2500242998920
1675609278088
2775120905864
1413348608648
2512860236424
2787738143368
1400463706760
2499975334536
1675341613704
1417643575944
2517155203720
1396167690564
2495679318340
1671314032964
2770825660740
2774853241160
1692521482568
1675341612612
1417626814088
1396436142472
2495947770248
1671314049416
1671298581896
2770810209672
1413600544136
2513112171912
1688478451080
1400715642248
2500227270024
1671315081800
2513128671816
1688494950984
2788006578760
1413348607560
2512860235336
1688226514504
2787738142280
1396436142724
2495947770500
2770825677444
2770826709316
2500243769668
1675610048836
1417912011076
2517423638852
1692789918020
2792301545796
2792283997576
1413348885828
1400463983940
1675341890884
2774853518660
1417643853124
1671298566788
2770810194564
2787990063748
2500227254916
2792283719304
1413347838596
2512859466372
1688225745540
1400462936708
2517407123080
2770826988100
1688209738116
2787721365892
1400446929284
2499958557060
2792300497284
1396168739204
1671046646148
1417911241032
2517422868808
1396150913416
2495662541192
1671028820360
2770540448136
1413330782600
2512842410376
1688208689544
2787720317320
1400445880712
2499957508488
1692503935556
2517407123016
1692773402184
2792285029960
1417910962760
1692788869704
2792300497480
2500242999876
2775120906820
1417911241284
2517422869060
1692789148228
2792300776004
1417911224900
1692789131844
1396436388420
1671314295364
1396167952968
1671045859912
2770557487688
1688225729096
2787737356872
1400462920264
2499974548040
2792300513672
1671315081544
1413617043784
2788006578504
1396169016648
2495680644424
1396167689864
2495679317640
1671045596808
1413347559048
2512859186824
1688225465992
1400462657160
2499974284936
1396420659848
1413347838600
2512859466376
1400462936712
2499974564488
2774852471432
1396420659588
2495932287364
1671298566532
2770810194308
2513112156548
1688478435716
2787990063492
2517423917448
1692790196616
2792301824392
1396167969156
2495679596932
2770557503876
2512859466116
1692789918344
2792301546120
1688226777668
2499957524036
2517137393220
2513127901768
1688494180936
2788005808712
2500242999880
2495948032324
1671314311492
2770825939268
1400731371844
2500242999620
1675609278788
2775120906564
1688494180676
1417895249480
1688494163268
2788005791044
2499974546756
2517154415940
2495948014916
2517422851720
1692789130888
2792300758664
1692520695112
2495679579464
2499974302088
2774852209032
1675592239688
2775103867464
2775120643716
1396436141700
2495947769476
1396420659592
2495932287368
1671298566536
2770810194312
2513112156552
1688478435720
2787990063496
1400715626888
2500227254664
2517138426436
2792016333380
1400715364932
2500226992708
1675593271876
2775104899652
1692773141060
2512842410568
1688208689736
1400445880904
2499957508680
2774835415624
1417625750088
2517137377864
1675340843400
2774852471176
1417642805640
1692520712584
2792032340360
1417643838024
2517155465800
1692521744968
2792033372744
1688495213124
2788006840900
1413348870468
2517137392964
1396150928708
1692521744964
2792033372740
1396169001540
2495680629316
1671046908484
1413348870724
1671297255812
2770808883588
1396169001544
1671046908488
1413348870728
1688226777672
2787738405448
1417626798408
2517138426184
1671297271364
2770808899140
2775104899716
1675340565124
1413330782856
2512842410632
1688494950020
2788006577796
2774853240452
1396419364424
1671297271368
2792300512904
1417643574916
1671045597764
1413348607624
2512860235400
1688226514568
2787738142344
1400463705736
2499975333512
1396436141704
2495947769480
1671314048648
2770825676424
1413616010888
2792285047364
1692790195784
2792301823560
2775121675844
2792301545028
1413617043012
2513128670788
1688494949956
2513111910020
1692772092228
1417625749828
2517137377604
2792015284548
1396419348804
2495930976580
1671297255748
2770808883524
1675592238472
2775103866248
1413617060420
2770558534980
1413348869444
2512860497220
1417894185288
2517405813064
2787988752712
1417625749832
2517137377608
1671314295428
1692773418564
2792285046340
2495662541380
1671028820548
2770540448324
1413330782788
1688208689732
2787720317508
1400445880900
2499957508676
1396167953032
2495679580808
2770557487752
1400462920328
2499974548104
1675341612680
1417643574920
2517155202696
1417912010308
1692789917252
1413348607364
1688226514308
2495947769224
2770825676168
2513127638408
1688493917576
2500242736520
1413617042756
2788006577476
2500243768644
2513110845000
1396436126340
2495947754116
1671314033284
1413615995524
2513127623300
1396419626308
2770557503108
1396167968388
1671045875332
2770808882756
1396419348036
1675610065288
2770825677448
1396436403780
1413330782532
1688208689476
2787720317252
1400445880644
2499957508420
1675323787588
2774835415364
1688209753672
1400446944840
1396167951752
2495679579528
1413347820936
1400462919048
1675592501636
1675609277832
1417643574664
2775120905608
1675592223364
2775103851140
1671315080520
1675340843588
1400446929220
2499958556996
1675324836164
2774836463940
1417626798404
1692504705348
2495947770244
1396420658824
1413600528008
2787990062728
1400715626120
2500227253896
2787989031492
2792015563332
2774835694148
2770557503112
1413347837576
2512859465352
1400462935688
1413332092228
1688209999172
1396167951684
1413347820868
2512859448644
1671029868872
1688478434632
1417894184328
2517405812104
1692520711556
2792032339332
1396167968132
2770557502852
2517155464772
1692521743940
2792033371716
2495680628292
2512860497476
1396150913352
1671028820296
1413330782536
2517137656132
1692503935300
2792015563076
1692788869448
1400731370820
2500242998596
1692789146948
1396436403524
1675609277764
2775120905540
1671297271432
1413600527748
2513112155524
1396151174536
2495662802312
1671029081480
2512842671496
1400446141832
2499957769608
1413600266564
2513111894340
1688478173508
2787989801284
1413347576132
2512859203908
2517406075528
1396436126088
1671314033032
1671028820356
1688208689540
1400445880708
1675610064456
2775121692232
2792015562052
1400446158148
2499957785924
1400714593604
2500226221380
1675592500548
2775104128324
1396151190852
2495662818628
2512859465096
1400462935432
2499974563208
1675340842376
1692520711560
1417643837000
2517155464776
1692521743944
2792033371720
2495949063556
2513128932740
1675323787656
1417625749896
2517137377672
2499957785928
2792301545864
2787738404164
1396169000260
2495680628036
1417643836740
2517155464516
1692521743684
2792033371460
1692504705668
2788005807432
1400731370824
2500242998600
1675340827268
2774852455044
1413615995528
1692789130632
2792300758408
2788005792324
1400732157252
1417627077188
2517138704964
1692504984132
1688210016840
1692521743688
2517155464520
2792033371464
1675324851844
1417626814084
1400715380356
1675324852808
1675340827272
2774852455048
1417642789512
2517154417288
1417895512648
2517407140424
1396151977608
2495663605384
1413331846792
2512843474568
1688209753736
2517138442564
2770826970692
1396167952772
1396151174728
1688208688708
1396150912580
2495662540356
2792300759364
2495948015940
2770825922884
1675340581188
1692788884872
2792300512648
1413617060424
2775104128648
1400715364740
2500226992516
1675324836228
2792016610628
1400447206724
1675325113668
1417627075908
1692504982852
1396167706952
1396437191304
1688477403780
2500227253892
1413331831176
2512843458952
1688209738120
2787721365896
2499958557064
2500243786116
2792301562244
1675324066440
1417626028680
2500242720388
2517422589572
1413347821960
1400462920072
1675340827016
2517406074436
1692772353604
2792283981380
1417625748804
1400445879620
1675323786564
1692503655748
1675609262408
1692789148296
2517137655172
2788006856328
1675592501640
2775104129416
1671314032264
1688493901448
2775103851144
1396436125060
2495947752836
2770825659780
2513127622020
1396419347780
1671297254724
2770808882500
2792033389188
1671028819272
1688208688456
1417625748808
2517423917636
1692790196804
2792301824580
1417912273544
2517423901320
1396168755528
1413348624712
1396152240776
1413332109960
2495947752840
2499958818372
1671297518148
2770809145924
1671045612932
2517155482248
2512843474500
1396437453384
2495949081160
2788006857288
1675609262728
2775120890504
1396167707016
2495679334792
1413332108680
1400447206792
1692772354440
1400732157572
2500243785348
2517155481992
1675340826248
1417642788488
2499974546820
1396437453128
2495949080904
1400731354696
1675593549448
2775120889156
1688495212872
1671297272388
2770808900164
1417912288900
1396436141380
1671314048324
2770825676100
1413617059464
1688494966408
2517155465864
1417642788232
1692773419336
2770540464516
2512843459140
2787721366084
1400446929476
2499958557252
2787988769092
1396419365188
2495930992964
2517155465604
2512843475524
2513128686984
1688494966152
2788006593928
1400462919240
2499974547016
1671046923908
2774836464200
1692789148040
2517423916612
1417895495304
2770808899912
2513110862152
1692520711816
2499957787204
1671315081864
2770826709640
2517155481224
1692521760392
1396169001284
2770826971460
1417643853188
2517155480964
2792033387908
1413331831112
2512843458888
1688209738056
2787721365832
1417625750084
2517137377860
2792015284804
1671297256004
2792301823300
1692773402248
1396152240452
2495663868228
1692503657032
2792015284808
1396419349064
1671297256008
1400445879684
1688210000260
2499957770632
1688226776648
2787720595780
1400446159172
1400462657860
2499957786948
1675324066116
2774835693892
1413617043848
2513128671624
1688494950792
2788006578568
2517155480968
2770810194568
2495662540100
1688208688452
1688477123908
1675609262472
2775120890248
1692789934404
1675324050052
2774835677828
1675592222024
1400714315336
1400462919304
2499974547080
1671297272132
2770808899908
1692790195848
2792284768836
1417626798660
1675592222020
1692790180420
2792301808196
1417643838020
2517155465796
1688209738312
1400446928452
2499958556228
1675324835396
1417626797636
1692790180164
2792301807940
2787988768068
1413331045000
2512842672776
1400446143112
2499957770888
1675593270596
2517406860612
1692773139780
1417643837832
1396150913668
2787989030468
1413600265544
2787989800264
2787721364804
1675323787908
1692503657092
2792015284868
2499957786180
2774835693124
1400714578244
1675592485188
1417626011972
1692503918916
2788006577800
1400714578248
2512843457864
2787721364808
2499958555976
1675324835144
1688208688520
1417625748872
2787720317576
1417895495048
1692773401992
1692788869512
2499957508484
1675323787652
1688477125192
2512842687812
1400462674500
2499974302276
1417642543684
2517154171460
1396167707204
2495679334980
1413617042824
1688494949768
2517138703940
1413331831432
2512843459208
1675610311048
2775121938824
2774852192584
2788005792068
1675592223048
1675593533764
1417627060548
2770825676420
2770825677124
1396167705924
2495679333700
2499957770820
2517137640004
1396151960968
1413331830152
1688209737096
1692772092484
2792283720260
2517137655364
1692773419656
2792285047432
1688494179720
2787721382532
1413617043844
2770826970436
2775121937732
1688494967364
2513128688196
2788006595140
1675341630020
1413617060488
1688494967432
1671030130052
1688478188932
1688494966148
1413617059204
2512860252744
1675324049992
2517407140228
1692790195592
1400446142788
1692789917320
1417643836808
1671028819588
1692503656068
1675592485448
2775104113224
2495680382276
1671297254980
2517407139460
1396167707272
2495679335048
1400462936388
1671314295176
1671315097156
1688494966340
1400462936392
2512843721096
1396436141444
2495947769220
1417625750152
1396167705992
1400462673288
2787721381508
1692772091208
1396420658564
1396150912392
1671028819336
2500243786372
1396168755848
1413348625032
1692790179396
2792301807172
1396150912584
1400714577540
1675592484484
2775104112260
1692788868488
1692790180488
2788006857352
1413348623748
1400463721864
2495947753860
1675592485252
2792285047176
2792284768904
1417642543752
1396167969160
2499974564232
2770540463432
1675593286980
1675593271940
1396150913672
2788006594952
1688209738372
2495930993028
1688478173764
2787989801540
1692503656008
2792015283784
1671045614148
2770557241924
2788006839620
2495680645512
2787721366152
2770808899976
2787988769160
1688478173768
2792284768580
1396152239428
1688478172740
1675593270852
2499957787012
1400731371848
1675592501572
1396150929732
1396436142408
1417625749128
1671297255048
2770808882824
2517138688324
1692504967492
2792016595268
1692772091272
2792283719048
1675609261704
2775120889480
1417894446472
1692773140036
1396167706180
2517138688580
1692504967748
2792016595524
1692504704644
1413331830408
2512843458184
2787721365128
2770808898952
2787988768136
2512860252740
1688478172484
1400462673220
2495662541124
1417643837064
2517155464840
2792033371784
1417895494980
1675324050056
2774835677832
2787989817668
1671297256072
1688477125256
2512860251716
2770809161028
1692773418632
1692773403204
2792285030980
1675609279044
1671297255816
1688477125000
1417627059524
1396167706248
2495679334024
1413347575432
1692790179140
2792301806916
2495679334724
2775104113288
1675609261448
2775120889224
1413348624008
2512860236168
1396437452104
1688477124232
1400462935684
1692773402948
2792285030724
1400446142088
2775104113032
2512843475336
1688478173832
1688478173576
1692773402180
2792285046152
1688478172552
2517138687624
