296689599808
9770392
9770408
9770648
9770664
9836120
9836136
9836184
9836200
9841316
9857608
9873992
10103192
10103208
5645972
5645988
5646996
5647012
5908884
5908900
5909140
5909156
9771668
9771684
9837140
9837156
9837204
9837220
9771672
9771688
9786756
9790864
9836116
9836132
9787012
9791120
9852548
9856656
5659272
5663392
5921416
5646932
5646948
5659208
5663328
5592712
5596832
11147928
11147944
5662344
5678728
5908888
5908904
5663368
5679752
5925512
5941896
9840212
9840228
9840276
9857672
9836180
9836196
10099092
10099108
10099348
10099364
10099112
10103444
10103460
9774484
9774500
9786760
9790880
9840020
9840036
9774740
9774756
9840280
9840296
9853572
9857680
10115716
10119824
9856644
9873028
10099096
9857668
9874052
10119812
10136196
9840292
9852552
9856672
10102420
10102436
5642904
5642920
5576088
5576104
5576344
5576360
5641816
5641832
5641880
5641896
9835928
9835944
10098328
10098344
9787016
9791136
9853512
9857632
9788040
9792160
9853508
9857616
5658244
5662352
5904020
5904036
5576036
5576100
5576084
5592452
5596560
5641620
9774488
9774504
9774744
9774760
9840216
9840232
5596548
5612932
5641624
5641640
5904792
5904808
5905048
5905064
5613188
5662340
5678724
5663300
9837144
9837160
9857604
9873988
9770328
9770344
9841236
9841252
5642840
5642856
5641892
5576340
5576356
5577364
5577380
5642836
5642852
5642900
5642916
5679684
5663364
5597828
9856648
9873032
9790856
9807240
5593732
5597840
5659268
5663376
5904788
5904804
10103464
10119816
10136200
9841304
9841320
10103448
11152024
5580120
5613192
5645720
5645736
5645976
5645992
5908120
5580184
5580200
5580440
5580452
5596804
5580132
5663312
5592708
5596816
5659204
5641812
9874056
9791112
9807496
5580456
5645912
5645928
5596552
5612936
5596808
5614212
5679748
5658248
5662368
5592456
5596576
5645908
5645924
5641828
5921412
5925520
5925508
5941892
5663304
5679688
5647000
5647016
5909144
5909160
5581464
5581480
11152040
5593736
5597856
5925536
5580180
5580196
5645716
5645732
5580116
5646936
5646952
10098340
9788036
9792144
9835924
9835940
10098324
9770324
9770340
5908136
6957720
6957736
9790852
9807236
5641876
11147924
11147940
10103188
10103204
9775764
9775780
9841300
9840024
9840040
10102424
10102440
9791108
9807492
9792132
9808516
9774424
9774440
5905044
5905060
9770644
9770660
9770388
9770404
10115720
10119840
11152020
11152036
9857696
5904024
5904040
5576024
5576040
9841256
9792136
9808520
5908116
5908132
6957716
6957732
5580436
9853576
5577368
5577384
6953620
6953636
5641636
5580136
9841240
5581460
5581476
9837208
9837224
5597832
5614216
10099352
10099368
6953624
6953640
9774420
9774436
9775768
9775784
