361130640708
378395460936
653473630532
705013238084
361415854404
636293761348
430135331140
653273367880
447114937672
721992844616
361131705988
636009612932
429851182724
704729089668
378311575172
653189482116
447031051908
721908958852
361400141444
636278048388
430136395144
705014302088
429866895944
704744802888
378327288392
653205195336
447046765128
721924672072
361198798468
636076705412
429918275204
704796182148
378378667652
653256574596
447098144388
721976051332
361467233924
636345140868
361197766280
636075673224
429917243016
704795149960
378377635464
653255542408
447097112200
721975019144
361466201736
636344108680
361214543492
636092450436
704811927172
378394412676
653272319620
721991796356
361482978948
636360885892
361131705992
636009612936
704729089672
447365531272
722243438216
704729089348
378311574852
653189481796
447031051588
721908958532
361400141124
636278048068
361148482884
361197766020
636075672964
429917242756
704795149700
378377635204
653255542148
447097111940
721975018884
705063585156
361466201476
653188434564
721907911300
361399093892
636277000836
430118570628
704996477572
378578963076
653456870020
447298439812
447316248200
722194155144
636361935496
378647103044
653525009988
447366579780
722244486724
361198798404
636076705348
429918275140
704796182084
378378667588
653256574532
430202438984
705080345928
378662831432
653540738376
447382308168
722260215112
704997525128
653457917576
447299487368
722177394312
430135330436
705013237380
378595722884
653473629828
447315199620
722193106564
704795149896
653255542344
447097112136
721975019080
653272319556
721991796292
429934020164
636360885828
430202455620
705080362564
636009612616
704729089352
378311574856
653189481800
361484027208
636361934152
430203503944
705081410888
378663896392
361130658440
636008565384
429850135176
704728042120
430185663112
705063570056
705014302340
378596787844
653474694788
722194171524
361415854664
636293761608
722243454276
361197765956
636075672900
429917242692
704795149636
378377635140
653255542084
447097111876
721975018820
636345141896
430118570308
704996477252
653456869700
447298439492
722176346436
361147435332
636025342276
429866912068
721991797384
430136396360
705014303304
378596788808
653474695752
447316265544
722194172488
447383356808
722261263752
361147419016
636025325960
429866895752
704744802696
378327288200
653205195144
447046764936
721924671880
361131690372
636009597316
429851167108
704729074052
378311559556
653189466500
447031036292
721908943236
361400125828
722261263940
704729073220
378311558724
653189465668
361400124996
636278031940
653473629832
378310510152
653188417096
361399076424
430118553160
430118570312
704996477256
378578962760
653456869704
447298439496
722176346440
361197766984
636075673928
429917243720
704795150664
378395444616
653273351560
447114921352
721908959876
704997526148
378580011652
653457918596
447299488388
636026390852
653206260036
447047829828
361131690376
636009597320
429851167112
704729074056
378311559560
653189466504
447031036296
721908943240
722243438148
361147418952
636025325896
429866895688
704744802632
378327288136
653205195080
361415854408
636293761352
447316264328
722194171272
361198798472
429918275208
378378667656
653256574600
447098144392
721976051336
361467233928
722176330056
361215575684
636093482628
704812959364
636009613892
653189483076
447031052868
721908959812
361214543496
636092450440
429934020232
704811927176
378394412680
653272319624
447113889416
447097112132
721975019076
653256574340
361198798212
636076705156
704796181892
361467233668
636345140612
705064617348
378647102852
705063586184
705064618372
378647103876
653525010820
447366580612
722244487556
653272320388
378377635208
653255542152
721975018888
361466201480
721925736004
636344108424
705063585160
378646070664
653540754820
361214543236
636092450180
636360885636
361484010888
430203487624
705081394568
378663880072
361198798408
636076705352
704796182088
447366579844
722244486788
378328336004
721925719684
378596771460
653474678404
722194155140
361147418244
636025325188
429866894980
704812959368
378579994248
653457901192
361130641032
636008547976
704728024712
705081394824
361147418248
361130657156
636008564100
429850133892
704728040836
653188433284
378595739012
653473645956
653205210500
361415869828
636293776772
361467233604
636345140548
705064617284
378647102788
653525009732
722244486468
705063570052
361197750916
636075657860
429917227652
430135346568
705013253512
653523977608
722243454344
378595739016
361147434376
636025341320
429866911112
704744818056
653473645960
653540755012
722260231748
378580010564
653457917508
447299487300
722177394244
447031051844
447383373380
722177394248
361466201672
705063585352
722243454536
378595739208
722260231752
722244503112
704729089608
653457918600
722177395336
378596788868
636075657796
429917227588
704795134532
722243439172
430118553220
704996460164
653456852612
722176329348
447114921608
721992828552
636361918088
361131706952
704729090632
378311576136
721908959816
705014303300
636026391108
378328353348
361215575428
430202455432
705080362376
378662847880
447382324616
722260231560
722177395332
705064635012
653525027460
722244504196
636294826628
705014303364
705081394760
447383357000
722261263944
705080362628
429850134148
378663896708
447383373444
722261280388
653457917572
361130657416
636008564360
378327303816
705063585416
705064633992
722244503176
636293777032
378647102792
653525009736
447366579528
722244486472
378395444548
447114921284
721992828228
636093500040
429935069832
378395462280
653273369224
447114939016
721992845960
378580011656
636344093320
447114938692
653457918276
722177395012
653189482820
636092435076
361198798148
704795149640
636360885572
653256574280
721976051016
705064618308
653255526788
721975003524
361466186116
636344093060
430185662852
705063569796
361147434372
636025341316
378327303556
430118569352
653456868744
378596787592
447098144136
378328353096
653206260040
636294826312
447098161480
378328353416
721925737096
636294826632
361466186312
636344093256
430185663048
378646055496
653523962440
447365532232
722243439176
430202440260
447382309444
722194156104
653457918344
378580011400
430136396164
705014303108
429917227332
721975003460
722176329352
378328352324
653206259268
447047829060
361415853636
653256574536
361467233864
721907893636
361399076228
430118552964
704996459908
378578945412
653541787016
378310510216
653188417160
636276983432
704996460168
653456852616
361215575688
636093482632
429935052424
704996459844
653525026180
447366595972
378328352132
653206259076
430202440328
705080347272
722260216456
447031051656
721908958600
636075657608
429917227400
361415870852
636293777796
636008565124
378596788616
653474695560
722194172296
430118570376
704996477320
704811927944
653272320392
430135330440
705013237384
361130640776
704728024456
378310509960
653474678340
722194155076
361131689284
636009596228
722193106504
378310509896
361399076168
636293760324
705013237060
430186727748
705064634692
722244503876
636345141572
378311575880
636278031684
378579993924
705080347016
653540739464
705080363396
653457918340
447316265352
361415870856
636293777800
653540739400
447098161732
721976068676
361466186308
636344093252
705063569988
378647104072
653525011016
722244487752
721925737092
705014286984
653474679432
722194156168
722243439240
447031052936
430119618116
653189482884
721908959620
653256591748
721976068484
447098161800
705064635016
361147418180
429866894916
430186727812
447031052680
636294826376
704795133252
430185662084
447366597192
447114938948
361197749828
429917226564
704728042116
722261281416
447098161544
429917226632
704795133576
705063569032
361214527108
704811910788
361130658372
636008565316
704728042052
430185661828
705063568772
361466185092
378328352392
361197749832
429917226568
361466185288
361466185028
361197749572
636075656516
361400126084
636361918788
378328335748
447047812484
721925719428
378328335940
653457901124
636277000580
722261281160
447114938760
722177378884
361214527112
429934003848
704811910792
653525009992
361415871044
705013254724
636276984388
378327303560
653525010756
722194154884
378596771204
361130641992
361197749576
447365548612
722243455556
721908943496
653457902216
722177378952
378328337028
447047813764
636294810244
378596772484
653474679428
447316249220
636293778056
705013254792
722177378692
430135347588
705013254532
378596772228
653474679172
705063569800
447316248968
722243438984
636092434824
378579994948
653457901892
430202439048
705080345992
378327287432
636276983108
361147417924
722177395016
361482962248
636360869192
361415853384
447098160708
636278032776
447316249160
653457901896
653189466440
378328336708
447098160776
361147417992
704744801672
378328352136
447098160712
636294809992
378596772232
653474679176
378328336776
447047813704
721925720648
430118569540
704996476484
429917242948
704795149892
722244504132
653273351812
704795150916
636360885832
636075673160
722261264008
722244486792
378395461256
447114937992
378311558468
378328335684
722244502920
447098160520
636075657540
705063586440
636360870216
722244487748
705063586376
653457901188
705063586116
722244504200
705081412232
378310526276
361130657092
636008564036
378327287176
704811928200
705063586372
722261265032
722261264968
636008547652
636278032708
378328335752
636075657604
705013238152
636276984132
636276999492
636277000516
636293761416
447098144324
705080363656
