1460642268484
1460727219528
1821487695492
1477890311812
2577401939588
1752768218756
2920999323268
2835368412804
1546811115140
2646322742916
2852481173124
1478174475908
2577686103684
2852564010628
1460994606724
2560506234500
1529714083460
2629225711236
2560154961544
2835032868488
1529362810504
2628874438280
1478091638408
2577603266184
2852481173128
1546811115144
2646322742920
2921200649864
1460709393992
2560221021768
1735587300936
2835098928712
1529428870728
2628940498504
1804306777672
1529361745284
2628873373060
1804239652228
2903751280004
2835098928452
1529428870468
2628940498244
1804306777412
2903818405188
1477889262916
2577400890692
1752767169860
2852278797636
1546608739652
2646053243208
2577618995524
1460726171972
2560237799748
2835115706692
1477906041156
2577417668932
1821436315972
1752986323528
2852497951304
1546827893320
2646339521096
2921217428040
1460927482248
2560439110024
1735805389192
2835317016968
1529646958984
2629158586760
1804524865928
2904036493704
1478107351432
2577618979208
2646121400708
1821487679876
2920999307652
2560490490244
2835368397188
1529698339204
2629209966980
1546894985860
2646406613636
2921284520580
1735536970056
1529378539848
2628890167624
1804256446792
2903768074568
1477838932296
1460643318152
2560154945928
1735521225096
2835032852872
1529362794888
2628874422664
1804240701832
2903752329608
1477823187336
2577334815112
1529446680196
2628958307972
2903836214916
1477907072644
2577418700420
2852296607364
1546626549380
2646138177156
2560154962500
2835032869444
1752767170952
2646120368520
1460994606728
2835384141448
1529714083464
2629225711240
2904103618184
1478174475912
2577686103688
2646405580164
1821771859332
2921283487108
1460994606468
2560506234244
1735872513412
2835384141188
1529714083204
2629225710980
2629226743176
2904104650120
2904104650308
1546894984772
2646406612548
1821772891716
2921284519492
1735873545796
1529715115588
1752768203336
2852279831112
1821487680072
2920999307848
1546608739656
2646120367432
1821486646600
2921216362888
1478108416644
2577620044420
1460928547460
1735806454404
2835318082180
1529648024196
2629159651972
1752767154756
1546608724548
2646120352324
1821486631492
2920998259268
2560238831240
2835116738184
1752701110856
2852212738632
2646054308424
1546626549064
1821504456068
1752701110596
2852212738372
1460643334468
2560154962244
2835032869188
1546542680388
2646054308164
2921266710920
2560506234248
1735872513416
2835384141192
1804591990152
2904103617928
1478174475656
2577686103432
1460642268740
2852211672644
1546541614660
2560153896516
1735520175684
2835031803460
1460995638856
2560507266632
1735873545800
2835385173576
1546893952644
2921283487364
1753053414724
2852565042500
1546894984516
2646406612292
2921284519236
1546559457604
2646071085380
2560171739460
1735788627268
2835300255044
1529630197060
2852565058888
1477890311492
2577401939268
1460995654984
2560507282760
1753036653956
2852548281732
1460709393796
2560221021572
2835098928516
1529428870532
2852497933956
1546827875972
1821705782916
1735538018632
2835049646408
2628891216200
1477839980872
2852295559816
1546625501832
2646137129608
2921015036552
1460709378632
1735587285576
1529428855368
2628940483144
1752986323332
2852497951108
2921217427844
1735806454148
2835318081924
1477889247556
2903818389828
2852481157700
1735587285316
1478107350660
1529646958212
2629158585988
1804524865156
2904036492932
1546826827396
2646338455172
1477889263176
2577400890952
1752767170120
2852278797896
1821486646856
1546626565512
2646138193288
1460727203208
2852212738376
1546542680392
2903752345220
1460642285192
2560153912968
2835031819912
2835048596868
1804256445828
1821689006408
2921200634184
2560153896260
2835031803204
2903751279940
1477822137668
1478175507784
2577687135560
2852565042504
1460994591368
2560506219144
2835384126088
1529714068104
2629225695880
2904103602824
1529379571268
1460994591108
2560506218884
1735872498052
2835384125828
1821771860356
2921283488132
1752716839300
2852228467076
2835048597892
2560440174984
1735806454152
2835318081928
1478108416392
2577620044168
1735536970120
2835048597896
2628890167688
2560221006152
1735587285320
2835098913096
1529428855112
1804306762056
1477889247560
2577400875336
2646120368776
1529646958216
2629158585992
1804524865160
2904036492936
2646121416328
2920999323272
1529646957956
2629158585732
1804524864900
2904036492676
1529446696580
1821504473672
2921016101448
2920948992392
2852211672392
1546541614408
2646053242184
2920931149128
1529361745224
2628873373000
2903751279944
2852547217032
2904019733060
2852548282692
2577670375748
2852480125256
1477890311556
2921283471944
1752985258376
2852548282756
1546541615748
2921199600968
2903819455044
2852496902724
2646054308420
1821420587588
1460927497540
2835367348552
2560153913992
2835031820936
2904037557896
1546542679620
2646054307396
2628874438212
1753053416072
1546894985864
2646406613640
2921284520584
1478175525508
2646322742664
1477890312776
1752768219460
1546827893064
1821705799300
2577334831684
2646406613380
2921284520324
1752767153732
1546608723524
2646120351300
2628940482116
2835098912324
1546559456840
2646071084616
2921016084100
2577334830404
1752968481348
2852480109124
1821687958084
2921199585860
1546826827336
2646338455112
1821704734280
2921216362056
2835385191048
1529715133064
2629226760840
2904104667784
1478175525512
2577687153288
1529362810184
1460994590340
2560506218116
2835384125060
2560422349380
1735788628548
2835300256324
2629159650952
1546893952648
1460709377608
1735587284552
1529428854344
2628940482120
1477889246792
2577400874308
2628874437960
2903752344904
1546827875976
1821705782920
1735520192900
2903751297412
1753052382596
2560154946116
2835032853060
2903752329796
1477823187524
2577334815300
1460994590344
2904019733064
1478175508036
2577687135812
2852497933700
2560422333000
1752783931784
1735587284296
1529428854088
2628940481864
2903818388808
2835318065796
1821504473736
2921016101512
1477823186248
2577334814024
1477823187268
2577334815044
2852212721988
2646054291780
1529630198088
2629141825864
2904019732808
1460660094276
2577333765444
2852211672388
1529714067080
2629159635332
2904037542276
1478108400004
2577620027780
1546827876740
2646339504516
1735536953988
2835300256068
1529630198084
2852212721992
1546542664008
2646054291784
2921200634436
2852212722244
1546542664260
2921217428100
1477890311752
2835318065544
1821755083332
2921266711108
1804575214148
2904086841924
1546626549384
2646138177160
1546810051204
1477890295112
2835317017156
2577400891780
1477907072388
2577418700164
2560489458248
2835367365192
2629208934984
1804575214152
2904086841928
1804239653192
2903751280968
2904103619204
1460994607748
2560506235524
2835384142468
1529714084484
1460642284932
1478175524232
2852481157768
1460910720324
2835385174660
2577687136900
2852565043844
1752768203076
1546609772868
1821487679812
2577620027012
1546542663300
1477823186244
2904104651400
2852565043588
2560422332996
1735788612164
2835300239940
2835032852804
1477890295172
2920932197704
2852480108868
2577351608900
1752986323592
2921217428104
1529428870792
1546609772100
2920932215428
1529428870536
1735588333128
1546609788484
2646121416260
2920999323204
1804575197764
2904086825540
2852548266568
2852481173828
2835301304644
1546559456900
1546626566792
2628940482952
2577670375048
2852497951112
1821487679880
1529428854408
1546608739720
1752768202312
1529428854152
1546625500808
2577334814344
1529429902728
2835300238660
1460642268808
2921284536968
2904086825352
1546626565768
2835300239684
1477822154052
1477823202628
1529445648008
1546625517192
1529445631624
1460642284868
2904103619208
2852481157444
