361130902852
378664159880
653542066824
447383636616
722261543560
361416131908
636294038852
430135608644
705013515588
361399617156
636277524100
361467496840
636345403784
430186973576
705064880520
378647366024
653525272968
447366842760
722244749704
361214806408
636092713352
429934283144
361199338888
636077245832
429918815624
704796722568
378379208072
653257115016
447098684808
721976591752
378663372424
653541279368
447382849160
722260756104
361215838792
636093745736
429935315528
704813222472
378395707976
653273614920
447115184712
721993091656
361483241800
636361148744
430202718536
361467774280
378647643464
653525550408
636345681224
705080625480
378663110984
653541017928
361400386952
636278293896
430119863688
704997770632
378580256136
653458163080
447299732872
722177639816
705063831108
378663093828
653541000772
447382570564
722260477508
378647365188
653525272132
447366841924
722244748868
705064879684
361466727048
636344633992
430186203784
705064110728
378646596232
378310772296
653188679240
361131967812
636009874756
430186988868
705064895812
378647381316
653525288260
447366858052
722244764996
429851444548
704729351492
378597295752
653475202696
447316772488
722194679432
430185941636
705063848580
378646334084
653524241028
447365810820
722243717764
636277262980
430118832772
704996739716
378579225220
430186203524
705064110468
378646595972
653524502916
447366072708
722243979652
722244765000
429851444552
704729351496
378311837000
653189743944
447031313736
721909220680
361400403272
447299749192
722177656136
447316788868
653475219076
722194695812
636026914436
429868484228
704746391172
653206783620
447048353412
447298701960
722176608904
653541279108
447382848900
361416131912
636294038856
430135608648
378596001096
653473908040
705013515592
447315477832
722193384776
653473908296
447315478088
722193385032
361132213892
636010120836
429851690628
704729597572
378312083076
361149007496
636026914440
429868484232
704746391176
378328876680
653206783624
447048353416
721926260360
705080609352
361399616900
636277523844
636361131652
430202701444
705080608388
378663093892
653541000836
447382570628
722260477572
361130903172
636008810116
429850379908
361416116804
636294023748
430135593540
705013500484
378595985988
653473892932
636278556228
430120126020
704998032964
378310772360
653188679304
447030249096
721908156040
361399338632
636277245576
430118815368
653188958532
447030528324
721908435268
704728566084
378311051588
722176870724
653256067396
447097637188
361199323784
636077230728
429918800520
704796707464
378379192968
653257099912
447098669704
721976576648
361216100740
636094007684
429935577476
378664405380
653542312324
705081919876
447383882116
722261789060
721926244740
430119094600
704997001544
378579487048
653457393992
447298963784
361198291272
429917768008
361466726792
636344633736
430186203528
705064110472
653524502920
447366072712
722243979656
361148991880
636026898824
429868468616
704746375560
378328861064
653206768008
721926244744
636295334280
704996738436
378579223940
361198028164
636075935108
429917504900
704795411844
378377897348
653255804292
447097374084
721975281028
361467759176
636345666120
430187235912
705065142856
378647628360
653525535304
447367105096
722245012040
361148728648
378328597832
429868205384
704746112328
447048074568
721925981512
378597049992
653474956936
447316526728
722194433672
361215068744
636092975688
429934545480
704812452424
653272844872
447114414664
721992321608
705065142596
378647628100
653525535044
447367104836
722245011780
653205457544
447047027336
721924934280
447031559816
721909466760
447298700680
722176607624
361198028168
636075935112
429917504904
704795411848
378377897352
447097374088
721975281032
704812452164
378394937668
653272844612
378327550340
653205457284
721924934020
361132213636
636010120580
704729597316
378312082820
653189989764
721909466500
361416116808
636294023752
430120126024
704998032968
378580518472
653458425416
447299995208
722177902152
705013500488
378595985732
653473892676
361416116548
378580518212
653458425156
447299994948
361400649028
636294023492
430135593284
721975264580
429867435332
653205472580
653473908036
447315477828
722193384772
721924949316
361147696452
429867173188
430187251016
705065157960
378328614216
653206521160
378579470980
653457377924
361399601796
636277508740
378394675592
653272582536
447114152328
721992059272
361416131972
430135608708
378596001156
447315477892
361130919304
704728302984
361199323528
429918800264
704796707208
378379192712
653257099656
447098669448
721976576392
378580273796
653458180740
378378947204
653256854148
361131969156
636009876100
429851445892
704729352836
378311838340
653189745284
721993369928
361131969160
636009876104
429851445896
704729352840
378311838344
653189745288
447031315080
721909222024
636278311560
447367104840
722245011784
378647628104
653525535048
430187235656
430202717764
705080624708
653541017156
447382586948
722260493892
430119093828
704997000772
636008826440
704728303176
447366055304
722243962248
361215068488
636092975432
429934545224
378394937672
653272844616
447114414408
653205457288
447047027080
447315478148
430119093892
447298963076
722176870020
361131968132
636009875076
361130919560
429850396296
704728303240
361416116552
722193369416
447315462472
636278555976
447299994952
722177901896
430135593288
636294023496
429867435336
704745342280
378327827784
653205734728
447047304520
721925211464
361199339844
636077246788
429918816580
704998050116
378580535620
653458442564
447300012356
722177919300
378312100164
361214805640
429934282376
704812189320
378394674824
447114151560
721992058504
430186972548
705064879492
378647364996
653525271940
447366841732
722244748676
447298947460
361132230984
636010137928
429851707720
704729614664
378312100168
653190007112
378579207496
447298684232
721993090628
361131967876
653189744004
447031313796
361400403332
636278310276
361483241032
430202717768
705080624712
378663110216
447382586952
722260493896
447382586692
722260493636
361131967880
636009874824
429851444616
704729351560
447031313800
721909220744
636278310280
430186202756
705064109700
378646595204
447366071940
722243978884
653542312328
722261789064
653541017924
447382587716
429850396996
636294039880
430135609672
705013516616
636092713288
429934283080
721975281992
430186972552
705064879496
447366841736
722244748680
361215854980
636093761924
429935331716
704813238660
378395724164
653273631108
447115200900
361484290436
636362197380
430203767172
636009089412
704728566148
378311051652
361214805384
704812189064
378394674568
721992058248
361215837768
636093744712
429935314504
378395706952
653273613896
447115183688
704812173704
378311051656
653188958600
447030528392
361399617928
636277524872
430119094664
653457394056
361483240776
705080624456
378663109960
722260493640
361198291524
429917768260
704795675204
378378160708
653256067652
447097637444
721975544388
361466726980
636344633924
361214790276
653524503176
447366072968
722243979912
705064110724
378646596228
430203767428
705081674372
361215068804
361466725764
636344632708
430186202500
705064109444
378646594948
722260478532
430187234884
705065141828
378647627332
447367104068
722245011012
653188941380
447030511172
721908418116
378394936900
653272843844
447114413636
721992320580
721924933252
430136658504
705014565448
378597050952
653474957896
447316527688
722194434632
704729335112
636295088452
430136658244
705014565188
378597050692
653474957636
447316527428
653473891908
447315461700
361416115780
636294022724
430135592516
705013499460
636278573700
430120143492
704998050436
653458442884
447300012676
722177919620
378327812424
653205719368
447047289160
721925196104
361214790280
429934267016
361199322760
429918799496
704796706440
653257098888
447098668680
721976575624
636344632712
705064109448
653524501896
447366071688
722243978632
447114135108
361147680324
429867157060
704745064004
378327549508
447047026244
361483225672
636361132616
636345665096
430187234888
705065141832
378647627336
653525534280
447367104072
722245011016
361215067720
429934544456
378394936904
447114413640
447382571332
722260478276
653541001540
361467757892
636345664836
430187234628
361147680328
636025587272
429867157064
378327549512
653205456456
447047026248
361416115784
704812451140
722243963524
361147680132
636025587076
429867156868
704745063812
378327549316
653205456260
721924932996
378597050696
653474957640
636010137988
429851707780
704729614724
653190007172
447031576964
721909483908
636278573444
430135592520
378595984968
447315461704
430202702152
361400666760
636278573704
430120143496
704998050440
378580535944
653458442888
722177919624
705013499204
361132231048
636010137992
704729614728
378312100232
653190007176
721909483912
636278573448
430120143236
653458442628
447300012420
361399600772
636277507716
378328877636
653206784580
447048354372
721926261316
361214790024
636092696968
429934266760
361199322504
429918799240
704796706184
378379191688
653257098632
447098668424
721976575368
361483225416
636361132360
636345664840
430187234632
705065141576
653525534024
653541001544
447367103816
722245010760
378597049736
653474956680
722194433416
361215067464
378394936648
361466710664
636344617608
430186187400
705064094344
378646579848
653524486792
447366056584
722243963528
361466710404
636344617348
430186187140
705064094084
378646579588
653524486532
447366056324
722243963268
361199061636
361215052356
429934529092
704812436036
378394921540
447114398276
721992305220
430120143240
704998050184
653458442632
722177919368
361399600776
636277507720
430119077512
704996984456
378579469960
653457376904
447298946696
722176853640
361399600516
636277507460
361149008196
429868484932
378328877380
361484273988
636362180932
430203750724
705081657668
378664143172
653542050116
361130903876
636008810820
429850380612
704728287556
361199061320
636076968264
429918538056
704796445000
378377881928
653255788872
721975265608
361215838536
636093745480
721925981764
361215837764
378327811652
653205718596
447047288388
721925195332
361215855236
429868205640
447048074824
361417164360
636295071304
361484290628
636362197572
430203767364
705081674308
653542066756
447383636548
722261543492
361466710408
636344617352
430186187144
705064094088
378646579592
653524486536
447366056328
722243963272
653206521476
447048091268
361215052360
429934529096
704812436040
378394921544
447114398280
721992305224
653273614724
721993091460
361131952516
636009859460
704729336196
378311821700
721908156808
429934528836
704812435780
378394921284
447114398020
721992304964
361417180740
636295087684
430136657476
705014564420
653474956868
361147943492
704745327172
378327812676
721925196356
361215855240
636093762184
429935331976
704813238920
378395724424
447115201160
361147943496
636025850440
429867420232
704745327176
378327812680
361147942212
636025849156
721993107844
429867157124
704745064068
429934265988
704812172932
447114135172
721992042116
704728304196
378310789700
653188696644
447030266436
721908173380
447382571656
636362197576
430203767368
653542066760
447383636552
722261543496
361147680392
429867157128
378327549576
447047026312
361484290372
705014547848
705080608324
430202701380
636345682564
636026652036
429868221828
653206521220
447048091012
430136657480
447316526664
636295087428
653474956612
447316526404
704812434756
378394920260
653272827204
447114396996
721992303940
361215051076
705013761348
378596246852
653474153796
430135609988
653473909380
447315479172
430120142468
378580534916
447300011652
361147942216
636025849160
429867418952
378327811400
447047288136
653189744200
361215854984
447315723592
361416377672
636294284616
430135854408
378596246856
653474153800
378663355720
653541262664
429934265992
653272565384
447114135176
721992042120
429935331972
653542066504
361147681348
429867158084
704745065028
378327550532
722193369668
447383620164
722261527108
378663094852
361467775624
430187252360
705065159304
378647644808
378310773320
653188680264
636277246536
378579208776
430202701124
705080608068
447382570308
722260477252
361483224388
430187252100
653525551492
447367121284
722245028228
636345682308
447098423684
447115463236
721993370180
636295087432
430136657224
705014564168
705014811204
653475203652
378395970116
447115446852
378395723144
704746113668
721925982852
447115199880
361416133256
636294040200
430135609992
430120142472
704998049416
378580534920
653458441864
705013516936
361148992072
636026899016
704746375752
378328861256
721926244936
361417427528
636295334472
378377897540
653255804484
447097374276
721975281220
361466463812
636344370756
430185940548
705063847492
653524239940
378596002180
653473909124
447315478916
361147681412
429867158148
447382571652
722260478596
430186973828
705064880772
378663094916
653541001860
361417165380
636295072324
636093744772
704813221508
653273613956
721993090692
704996738632
361149007428
429868484164
653457131080
447298700872
361198028360
378663093640
361148728968
636026635912
429868205704
704746112648
378328598152
653206505096
447048074888
721925981832
636295071368
722260477256
430187252104
705065159048
447367121288
722245028232
378310773060
653188680004
447030249796
721908156740
636277246276
636344355140
430185924932
705063831876
361216117320
429935594056
704813501000
378395986504
447115463240
721993370184
361399618180
636295333188
705014809924
636026636676
361215051332
653272827460
447114397252
721992304196
429934528068
361416133000
636294039944
704998049160
378580534664
653458441608
722177918344
705081918792
361148990792
636026897736
378328859976
722261787976
361417426248
636295333192
361147943560
636025850504
429867420296
704745327240
378327812744
653205719688
447047289480
721925196424
636294285960
361417165124
636295072068
653474941252
447316511044
361149007172
429868483908
378328876356
447048353092
636278557316
361215854212
429935330948
704813237892
378395723396
447115200132
721993107076
361484289604
361216117064
636094024008
378394920580
653272827524
447114397316
653206505864
721925982600
361215051336
429934528072
378394920520
361199061380
636076968324
704796445060
430119880260
704997787204
378580272708
653458179652
447299749444
722177656388
361199076932
429918553668
704796460612
704812434820
721992304004
636092958020
429934527812
636295072072
378597034312
653474941256
721975282244
636009875016
429851444808
361147942280
636025849224
429867419016
378327811464
653205718408
447047288200
636294284680
721926260040
361149007176
636026914120
704746390856
378328876360
653458426504
378663111304
653541018248
447382588040
722260494984
361215854216
636093761160
429935330952
447115200136
430120126852
378580519300
653458426244
378327827780
447047304516
721925211460
429935330692
361147959684
704745343364
721925212548
361148992068
636026899012
429868468804
378328861252
722177640772
430119864644
704997771588
378580257092
653458164036
447299733828
361131952452
636009859396
429851429188
704729336132
722194418312
705064110660
378646596164
653524503108
722243979844
378596264260
722193647940
705013778756
378327811396
721925195076
429918799172
378379191620
705065141572
378647627076
722194679112
378394920264
378664404296
430120125768
447382588036
722260494980
361483242116
430136904324
430119094856
378579487304
447298964040
429917768264
361215051080
653525272196
447366841988
361148992136
429868468872
704746375816
378328861320
447048338056
721926245000
636295334536
636075935364
429917505156
704728303236
378310788740
447030265476
704812190280
636075936068
429917505860
378377898308
653255805252
636278557064
378580519304
653458426248
430136903044
705014809988
378597295492
447316772228
430120125828
378580518276
721925212552
636277507464
378580272452
653458179396
447048337732
704728302916
378310788420
653188695364
447030265156
361148991812
361130919236
636008826180
429850395972
447315741000
704813222532
721993091716
361130903940
636008810884
429918815556
361199338820
361483242120
430202718856
430119093572
636277523780
361198290244
361483241860
361467774340
429868467588
704746374532
653206766980
447048336772
653457115528
447031313992
653542050372
636362181188
430186202440
653524501832
447366071624
430119093576
378395985476
653273892420
447115462212
721993369156
636094023236
429935593028
704813499972
361148990856
429868467592
378328860040
447048336776
704746112644
653206505092
721925981828
361148729668
429868206404
636075936072
378597033540
447316510276
653474940484
722194417220
705080609416
447316788808
636008826184
704728302920
378310788424
636093745800
429935315592
704813222536
653273614984
447115184776
721993091720
430187252292
705065159236
378647644740
653525551684
447367121476
722245028420
430120143428
704998050372
378580535876
447031577160
636362181192
705081657928
653542050376
722261527112
430119880324
704997787268
447299749508
722177656452
429935593032
447115462216
721993368900
636009875080
704729351816
653189744264
721909221000
636278310536
447366055492
653458425412
447299995204
653272566344
378596001160
653473908104
722193384840
653474940228
447316510020
722194416964
722260757060
447047043396
636025604420
636294039876
430135593604
378595986052
722193369732
378580257156
429935315336
653273614728
447115184520
447300011332
704998049092
361132229956
636010136900
704729613636
636025604424
704997001860
722176871044
447030528644
721908435588
430120126084
447299995268
361131952520
378311821704
447031575880
378596263492
430119094920
653457394312
447298964104
361198291592
429917768328
653542050120
636362180936
430203750728
378664143176
705065142920
722245012104
361215068808
636092975752
429934545544
704812452488
378394937732
361198028356
429917505092
361416116872
636294023816
636278556296
653458425480
361416116612
378595985796
447315462532
721925211524
378579486084
361131181444
636009088388
704728565124
430135871048
447315739972
430119093640
653457393032
429917767048
430202717828
447382587012
705065142664
722245011848
361215068552
636092975496
429934545288
378394937736
653272844680
447114414472
447031577224
361216100936
704813484616
636075935304
704795412040
653255804488
447097374280
721975281224
722261543236
636361410888
361416116616
636294023560
653458425224
722245027208
653541017992
653206522184
721925998920
636295088456
447047304584
721925211528
430187252356
705065159300
722245028484
429851708036
704729614980
361132231304
636009876036
653474941320
722194418056
378663110020
447382586756
722261526084
430203749956
705081656900
705013500552
447383882376
447316527748
653255789124
447097358916
721975265860
361198012996
429917489732
361147697544
429935314568
447115183752
636278572424
361483240840
378663110024
378310772292
447030249028
447383881352
361484272964
430203749700
705081656644
378664142148
378596247876
653474154820
636093761928
430202702468
361483225732
430187234948
378394936964
653272843908
721992320644
705014565512
653474957960
704795396680
721975265864
447316527492
705080886852
653255788868
447097358660
636075919684
429917489476
447315461764
722193368708
378664142152
361484272968
636362179912
636294285640
430135855432
361483225736
430202702472
722245011080
361215067784
429934544520
378394936968
447114413704
361483225476
721992320388
361216099908
429935576644
378395969092
447115445828
705014565256
653474957704
361148746120
636026653064
704746129800
636295088520
653473891976
722193368712
705080886596
361416115588
704812435012
636092958276
361483486788
636361393732
705080870468
361147942468
636025849412
378310772040
653188678984
636025849416
429867419208
361215067528
447115445572
361483502920
704796461636
447098423876
721976330820
705080871492
636009875012
378311837252
447031313988
361199323460
447315724616
636294284868
653474154052
430135855752
653474957892
447316527684
361216117316
429935594052
429918554696
378378947144
447098423880
429934529160
704812436104
653272828552
447114398344
721992305288
722243701316
361130904132
704728287812
378310773316
721908156996
704812435844
721992305028
361198011972
429917488708
361148991044
378328860228
636075919944
653189990788
636278557060
705080871236
722260740420
378311836996
704745325956
361130920580
430135854664
361484290696
705081674376
722193630532
636294284612
361399355972
636277262916
704996739652
653457132100
722260478600
704796461384
361215052168
636092959112
429934528904
378394921352
653272828296
447114398088
378310772036
429850379588
636075918920
429917488712
704795395656
378377881160
653255788104
721975264840
721975264584
636344354120
361483487560
636361394504
429867419272
447047288456
636361148996
361131952708
429851429444
704729336388
378311821892
653189728836
721909205572
705064880708
653525273156
430119864900
378663093636
653188942404
721908419140
361399601732
721993370244
636075918664
361484290692
447031297604
721975528068
378597312068
653475219012
378311821636
447031298372
361483224456
722176608584
430118832456
704996739400
653457131848
447298701640
378596264328
653474171272
722193648008
378311820612
447031297348
653473893000
722193369736
705063832196
636094024328
429935594120
704813501064
653273893512
447115463304
721993370248
361198290500
429917767236
378378159684
447097636420
361199060296
378378929480
653256836424
447098406216
447098422852
721992304260
378311051844
361131182660
722261805640
636295072392
705014549128
429868467848
447048337032
636295333512
653541262916
447048353156
721926260100
430136919624
704996985156
378579470660
653457377604
447298947396
722176854340
636009072964
429850642756
378311035204
653542328968
722261805704
636277508424
361130902916
361399338372
636094024072
429935593864
653273893256
447115463048
361199076936
429918553672
704796460616
378378946120
447098422856
721976329800
429934528136
447114397320
361131182404
361417165192
636295072136
636075936388
430202963528
361483486532
705080870212
722260739396
378327566916
653205473860
447047043652
361416133188
705013779080
722193648264
447299734148
722177641092
704796722756
378379208260
653257115204
447098684996
721976591940
361467774532
361416395140
636295334468
704796460360
721976329544
429918538308
361466464840
653524240968
636345665860
722243717444
361484289416
378664158600
361416395144
636294302088
705013778824
429851428420
361199060356
378378929540
378327565640
378394674504
447114151240
361198290564
429917767300
705080625736
636277261636
653457130820
378378143044
721993369220
704813500036
429917505928
704795412872
378378930760
636362458692
705081935428
447098407236
429918538052
636026653252
636295088708
705065157956
447048092232
721925999176
653457377672
361131951428
429851428164
653457130824
361484274312
705081657992
378664143496
722261527176
429935593096
447115462280
653457115716
722176592452
378311050820
722261542212
378663111300
653541018244
361131951432
447031576196
361132230280
653188680068
653473892744
653457115460
361131181380
378311050564
636077230468
653257099652
361483504264
705080887944
378663373448
361147696520
378327565704
429850658120
447030527304
636094007944
429935577736
704813484680
429917505160
447097374344
429868205444
705013762696
361483504008
447098406468
361131166276
429850643012
704728549956
378311035460
429935314500
447115183684
653524485700
361416394120
378596263304
429935577480
361199060552
636076967496
704796444232
378378929736
653256836680
361131166020
722261789320
636362443080
705063847240
361148745096
429868221832
378328614280
722194695560
705063832132
722177640776
636026898760
361400404292
636278311236
430119881028
704997787972
636344355400
361198290504
378378159688
704796461700
378311820616
653189727560
361484273032
378596247944
653474154888
722193631624
636076182084
429917751876
704795658820
721975528004
361149008264
636026915208
704746391944
378328877448
653206784392
636295350664
429935576712
447115445896
636010137924
361483502984
721976330884
361131165252
429850641988
636345420356
705014827656
653475220104
447097620804
636076181828
429917751620
636294302020
429918537284
378311034180
636345420360
705080871560
653541264008
722260740744
653525289284
722244766020
636361149060
705014827400
653475219848
704996985412
705064094276
653524486724
653188941128
378597033352
378379209284
653257116228
721909205636
361131164996
722260757128
704997771844
378312099396
447115201156
361484552836
705065142852
378647628356
722245012036
447097620036
636278294852
378312099140
721909482820
378311820936
653189727880
361484552840
705081936520
378664422024
636278555972
447383636612
653457377928
722260756036
636277524804
430119094596
704997001540
653457393988
705080625800
653273614664
722244749892
429918815812
705014811272
361147681160
378327550344
361416394056
430135870792
361147958600
361199339080
653475203464
636277262660
653457131844
722261804356
361484551560
378664420744
361132213828
447031559748
361148729736
722194695748
361132213572
378312082756
361147958664
378327827848
705081920136
636277508420
361149007240
378328876424
429917750852
722243963460
636278573380
430120143176
429918799428
447098668612
653458180420
721976593028
447097357892
361147680136
378327549320
705063848516
722243717700
378664142216
636278556996
653458426180
361148728712
378328597896
653473909128
705064897092
722244766276
636294285704
