1443462661444
75338787344
79633754241
79633754496
148353230854
74176636996
74180880404
74181138564
74197866529
74197869664
75271611464
75271611656
75322008642
75321992720
75338781729
75338781984
79629558790
74197870912
75321993296
75271612736
74180880928
74197866632
74197867136
75321989160
74197670402
74197932546
74197932576
75321993730
75271678216
75338787074
75338787104
79633754178
74197869712
75271611524
75321992480
75338781714
75271611908
75322008705
75338782224
79629558793
74181158980
74197936148
74197936388
74181142664
74197870626
74197932192
75271612456
74265045009
74180879648
74197865544
74197669122
74197931266
74197865856
75321988120
74197931296
75321992450
74181141513
74176701953
75271595025
75271611397
74197869633
74180895753
74197865478
74197869574
74181141537
74181157897
74197936224
75271677976
75322009732
75338786849
75322009672
74180879617
74181141569
74176616454
74176620550
74180880402
74180896774
74180880417
74180896777
74197669894
74197673990
74176620562
74176636934
75271612032
75338782210
75322009216
79629558920
75271612481
75271677957
74197932112
75271612436
75321993233
75322009605
75338782725
75338786821
75271596548
75317815305
75321989126
75321993222
75321993249
75322009609
74180876546
74181138498
74180876801
74181138561
74181138816
75271591960
74176637000
74180880408
74180880642
74181142594
74197932552
74265040930
75321993256
75317815336
74181142688
74197932072
74180897288
74197870728
75317815316
75322009620
75322009668
75338786833
75271612488
74176702724
74181142548
74180897028
74197870660
74181142608
74197932052
74197870672
75271612484
75271596304
75321993236
74197932292
74265040913
75321993488
75338782737
74176636040
74180879400
74180879520
74197668898
74180830338
74180897408
75271596546
74197871232
75321993376
74197674528
75271612930
74197936672
75322009760
75321992449
75321992464
75338781713
75271611652
75322008641
75322008644
75338785809
74176635972
74180879380
74180879440
74197865552
75271595028
75271595268
75317814277
75321988101
75321992197
74180875274
74181137418
74180896004
74197869636
74197869648
75271611460
74181141584
74197931028
74197931268
74176620577
74176636937
74176637057
74176702473
74180876294
74181158921
74181142561
74197870598
74181158024
74197935144
75317814312
75322008616
74197935624
74265044002
75322008712
75338785826
74197866112
75321988136
75271595552
75321992232
75321992736
75338781730
74197669378
74180897281
74181159041
75271591942
75271596038
74180880480
74197931042
75271595042
75271611402
74197870736
75271612548
75271612932
75322009729
75321993504
75338782738
75338783248
79629559817
74180896384
75271595522
74197673504
75271611906
74197870208
75321992352
74197935648
75322008736
74181142593
74181138500
74180876545
74181138497
74197866513
74180880641
74181142596
74197870609
74197673120
75271414794
75271611522
75271676938
75338781706
75338785802
74181141888
75271595104
74181137432
74180879888
74197865604
75271612992
75338783233
75322009984
79629559880
74197870688
75321993744
75338782753
75271612680
75322009666
75338783008
79629559814
74181141538
74181157898
74197865482
74197869578
74197931018
74197935114
75322008656
74197935376
74197869728
75271611528
74265044048
75338785872
74197932304
75321993473
74180880656
74197866564
74197866816
75321989140
74197670145
74197932289
75271596065
75271612425
74197866625
74197932065
75271591945
75271596041
74181157956
74197935124
74176619680
74180875304
74176701480
74180895784
74197865602
75321988106
75321992202
74180896001
74181157953
74197865537
74197931025
74197935121
74176619554
74180879370
74180879394
74180895754
74180895749
74180876312
74180896836
74197674001
74180831297
74180896833
75271591956
74180880464
74197669905
74176620624
74180876308
74197866576
75271596052
74197869697
74197935137
74181141636
74197869601
75338782977
75322009920
74176637248
74181138452
74181141664
74197931048
74197931528
74265039906
75271612482
75271677958
74176702488
74180896792
74180896840
74197674002
74180896900
74197674017
74197674080
75271415814
75321993760
75338782754
74176964632
74181158936
74181158984
74197936152
74181159044
74197936164
75321992226
75322008586
75271596049
75271612421
74197870657
74197936145
74181138441
74181142537
74181138438
74181142534
74265039968
75338781792
74181142672
74197932068
74197932548
74265040929
75271596320
75321993240
75321992272
74176637060
74180880420
74197669906
75271595280
74197865632
75271595048
74197866628
74180880672
74197866568
74181142912
75271596128
74180876298
74180880394
74181138442
74197870602
74197936138
74176620578
74176636938
74176637058
74176702474
74197674256
75271612673
75271416065
75271678209
75271678212
75338787073
74197865568
75271595032
74197865616
75271595044
74197931104
75271611416
74176637064
74180880424
74180880898
74181142658
74181138568
74197866530
74197865489
74181141633
74197865601
74197931041
74176620640
74197674064
75271415813
74176637312
74181138456
74180880912
75271596296
75317815302
75321993234
75322009606
75338786336
79633753218
74176636993
74176702469
74180876293
74197674241
74197936385
74180897025
74197931536
75321992705
74197866880
75321989144
75271596560
75321993252
75317815320
75322009624
74197932320
75321993474
74197870721
74197936161
74180897088
75271596289
74197936400
75322009680
74180896260
74197869700
75271595536
75321992228
74197673473
74197935617
74181142624
74197932056
74180897284
74197870724
74197674497
74197936641
74176964628
74181158932
74197936208
75271677972
74197866502
74181142546
74181158918
74197932038
74197936134
74197931280
75338786834
79629559832
79633754118
74265040976
75338782800
75338782992
79629559813
74197866640
75271596068
74197866592
75271596056
74197932128
75271612440
74176635970
74176701446
74180879378
74180895750
74180897026
74181158978
74197870658
74197936146
74197866562
74197932050
75271590917
75271595013
74197870722
74197936162
75271596066
75271612426
75271612546
75271677962
75322008896
74180896264
74197869704
74197673474
74197935618
75271611912
75322008706
74197932560
75321993729
74265040992
75338782816
74181141572
74197869585
74180875521
74181137473
74181137476
74197935184
75271676948
74180895880
74197672994
74197869698
74197935138
74180897032
74197870664
74197674242
74197936386
75271611457
74197668874
74197672970
74176635944
74180830218
74180879632
74197865540
74197865792
75321988116
74197669121
74197931265
74176636224
74181137428
74176701700
74181141524
74176963604
74181157908
74180831362
74180896898
74180880544
74197669922
74180896904
74197674018
75321992212
74265039889
74181159048
74197936168
74197936648
74265045026
75322009640
75322009736
75338786850
74180830273
74180895809
74176702984
74181142568
74197870752
75271612552
74180897282
74181159042
74197866626
74197932066
74181137540
74197865505
74197866656
75271596072
74197869888
75271611712
74180879904
74197865608
74197931522
74197931552
75321992706
74265043985
75317814292
74181141640
74197931168
74197869602
75271611432
74197674272
75271612674
74197870976
75321993312
74197936416
75322009696
79633753153
74176702728
74181142552
74197935200
75271676952
75322008708
75338785825
75322008648
75338785810
79629558808
79633753094
75271595524
75317814281
75321988102
75321992198
75321992225
75322008585
75271595272
75317814278
75321992210
75322008582
74197674498
74197936642
75271596576
75271612936
75322009730
74181141648
74197931044
74197931524
74265039905
75271595296
75321992216
74180875777
74181137537
74180876802
74181138562
75338787088
79633754177
74197869634
74197935122
75271595026
75271611458
74197865490
74197865538
74197931026
75271590918
74180879456
74197668882
75321992209
75322008581
75271611401
74180879873
74180879618
74181141570
74181141576
74197669377
74197931521
75338782726
75338786822
75317814296
75322008600
74176635976
74180879384
74180830274
74180895810
75271590921
75271595017
75271595041
74181137792
75271590936
74197936656
75322009744
75271678468
75338787329
74176619616
74180875288
75322008596
74197673217
74197935361
74197935364
74180896773
74180880401
74197669893
74197673989
74180896064
75271595265
74197673232
75271611649
74181142600
74197870610
75271676933
75338786826
74176702980
74181142564
74180831298
74180896834
74180895816
74197672978
74180895873
74180895876
75271591946
75271596042
74176636288
74180896008
74197869640
74181157960
74197935128
75338781953
75271415041
75271677185
75271677188
75338786049
74197936392
74265045010
74181137728
75271590932
75338781702
75338785798
74197931088
75271611412
74197936288
75271677992
74180895812
74197672977
74197673040
75271414789
74176701460
74180895764
75271596552
75317815306
75321989130
75321993226
75321993250
75322009610
75271595528
75317814282
74180897344
75271596545
74181142144
75271595168
74265040032
75338781856
74176702721
74176964613
74181142545
74181158917
74197866501
74197870597
74181141824
75271595088
74197935620
74265044001
74197932049
74197866561
75321989125
75321993221
75271591941
74180896320
75271595521
74197869952
75321992288
74197673488
75271611905
74197935632
75322008720
75338783264
79629559818
74176619537
74176635909
74176635969
74176701445
74180875269
74180879365
74180879377
74180895874
74181157954
74197935264
75271676968
74176636544
74181137448
74176701960
74181158272
75317814368
74197935392
75322008672
74265044064
75338785888
74176620704
74180876328
74176702504
74180896808
74197670401
74197932545
74197936644
74265045025
74181142660
74197870625
75338781968
79629558789
74197673218
74197935362
74197935368
74265043986
74197931032
74180880897
74181142657
74197932037
74197936133
74181138504
74180830592
75271591170
74180896128
75271595266
74176637568
74181138472
74181143168
75271596192
79633754432
148353230853
74197674512
75271612929
75271416321
75271678465
74180896258
74181158018
74181138048
75271590952
74181157894
74176701698
74176963590
74181137414
74181141510
74181141522
74176619538
74176635910
74265044998
74197932041
74197936137
74265040902
74176701464
74180895768
74176635914
74176636034
74180879874
74181141634
74181137544
74197865506
74181141600
79629559828
79633754117
79629558794
75271596050
75271612422
74181141528
74176701704
74181158528
75317814432
74265044128
75338785952
74180880389
74181138437
74181142533
74180880390
74180875778
74176636948
74180831237
74176620561
74176636933
74181137538
74176616453
74176620549
74265045072
75338786896
75271612676
75322009665
74181139072
75271591976
74181141544
74176963624
74181157928
74180830848
75271591426
74181158020
74197935140
79629559876
74181138752
75322008960
79629558856
75271677444
75338786305
75338786320
79633753217
74197932042
74265040906
74265045002
74181142562
74181158922
74197866506
74197866514
75271676934
74181141514
74180896002
74176701450
75271611776
75338781954
75271611968
75338782209
74180880418
74180896778
75271590922
75271595018
79629558824
79633753098
74197932296
74265040914
74180831361
74180896897
75338782240
75271612800
75338782978
75271596037
74181158977
75271596292
75317815301
74265041056
75338782880
74197670146
74197932290
74181159296
75317815392
75338782730
74176964648
74181158952
74176636952
74180831238
75338786050
75271611521
74181141521
74181157893
74197931013
74197935109
74197865477
74197869573
75271415297
75271677441
74181159232
75317815376
75271677448
75338786306
74197672993
74180896257
74181158017
74265039952
75338781776
74181137413
74181141509
74176963608
74181157912
75338786064
75271416066
75271678210
74180897152
75271596290
74197668881
79629558852
74180875522
74181137474
74181137480
79633753408
103626680426
75271595014
75271677192
75338786080
79633753154
74265039877
74265043973
74176635924
74180830213
74197668869
74197672965
74176701956
74181141540
75271676937
74176702484
74180896788
74197931272
74265039890
74265045088
75338786912
74176636036
74180879396
74180830337
74176619525
74197673248
75271611650
74176635928
74180830214
74180879393
74197668870
74197672966
74265043974
74197931014
74197935110
74197931017
74197935113
74265039878
74197869586
74180875270
74180879366
74181158208
75317814352
74176619553
74176635913
75322010240
79629559944
75271678472
75338787330
75338787360
79633754242
74176636994
74176702470
74176702722
74176964614
74176702977
74176964617
79629559848
79633754122
75271611398
74176963593
74181137417
74176636033
74176701449
79633754752
148353230858
74180875284
75271613056
75338783234
75271415042
75271677186
74197673056
75271414790
74181142538
74176702978
74176964618
74181142848
75271596112
74176615430
74176619526
79633753472
103626680490
75271416322
75271678466
79629558804
79633753093
74176701697
74176963589
75271612545
75271677961
79633753728
103626746026
74180831552
75271592193
74180831616
75271592194
75338781701
75338785797
74197673994
75271415298
75271677442
74265039882
74265043978
74176616458
74176620554
74176636968
74180831242
74265045152
75338786976
74197674144
75271415818
74181159552
75317815456
74176615434
74176619530
74180831872
75271592450
74176701954
74176963594
74176619600
74197669898
74180830528
75271591169
74265040901
74265044997
