1460641482052
1529696503368
2629208131144
1804574410312
2904086038088
2560421545352
1735787824520
2835299452296
1529629394312
2629141022088
1804507301256
2904018929032
2577332995464
1752699274632
2852210902408
1546540844424
2646052472200
1478173951300
2577685579076
1821418751368
2920930379144
1460909933960
1752984488580
2852496116356
1460926712452
2560438340228
1735804619396
2835316247172
1546826058372
2646337686148
1821703965316
2921215593092
1752766629256
2852278257032
1546608199048
2646119826824
1821486105992
2920997733768
2577350018376
2852227925320
1821435774280
1546557867336
2920947402056
1477838390600
1460725368456
2560236996232
1735603275400
2835114903176
1529444845192
2628956472968
1804322752136
2903834379912
1477905237640
2577416865416
1821754280328
2852295035208
1546624977224
2646136605000
1821502884168
1546624714116
2646136341892
2921014511944
1821502621060
2921014248836
2835366561092
1460993803848
2560505431620
1735871710788
1460641482308
2560153110084
2646320891460
1460926694980
2560438322756
1735804601924
2835316229700
1529360959048
2628872586824
1804238865992
2903750493768
1477821351496
2577332979272
1752699258440
2852210886216
1753051579716
2852563207492
1460993803588
2560505431364
1735871710532
2835383338308
1804591187268
2904102815044
1804591204744
2904102832520
2920930362696
1753035064964
1460977288836
2560488916612
1735855195780
2835366823556
1529696765572
2629208393348
1804574672516
2904086300292
1478157158020
1460926712456
2560438340232
1735804619400
2835316247176
1529646189192
2629157816968
1478106581640
2577618209416
1460926712196
2560438339972
1546826058116
1821703965060
1735804619140
2835316246916
2646337685892
1478106581380
2577618209156
1752984488324
1735519389316
2835031017092
1529360959108
2628872586884
1752699258500
2852210886276
1529360959112
2628872586888
1804238866056
2903750493832
1477821351560
2577332979336
1752699258504
2852210886280
1752766383496
2852278011272
1546607953288
2646119581064
1821485860232
2920997488008
1460725368200
2560236995976
1735603275144
2835114902920
1460641499464
2560153127240
1735519406408
2835031034184
1529360976200
2628872603976
1804238883144
2903750510920
1477821368648
2577332996424
1546624731464
2646136359240
1460993803592
2560505431368
2835383338312
1478173672776
2577685300552
1753051579720
2852563207496
1821771336328
2921282964104
1460977288840
2560488916616
1735855195784
2835366823560
1529696765576
2629208393352
2904086300296
1478157158024
2577668785800
2921014528328
2646388262276
1821754541444
2921266169220
1460977288580
1735855195524
2835366823300
1804323014212
2903834641988
1477905499716
2577417127492
1752783406660
2852295034436
1546624976452
2646136604228
1821502883396
2921014511172
1460926712200
2560438339976
1735804619144
2835316246920
1529646188936
2629157816712
1478106581384
2577618209160
1752766646920
2852278274696
1546608216712
2646119844488
1821486123656
2920997751432
1546876650820
1821754557764
1460926973252
2560438601028
1460977304904
2560488932680
1735855211848
2835366839624
1529696781640
2629208409416
1804574688584
2904086316360
1477838408324
2577350036100
1546826057092
2646337684868
1821703964036
1460641760644
2560153388420
1460977305988
2560488933764
1735855212932
2835366840708
1821704226376
1804591203912
2904102831688
2560438338952
1529646187912
2629157815688
1752699537800
2852211165576
1546541107592
2646052735368
1821419014536
2920930642312
1460910197128
2560421824904
1735788104072
1478106843716
2577618471492
1752984750660
2852496378436
1546826320452
2646337948228
1821704227396
2921215855172
1460977288584
2560488916360
1735855195528
2835366823304
1529696765320
2629208393096
1804574672264
2904086300040
2852295050820
1546893166148
2646404793924
1821771073092
2921282700868
1821687449156
1529629673028
2629141300804
1804507579972
2904019207748
1752783422856
2852295050632
1546624992648
2646136620424
1821502899592
2921014527368
1752783144584
2852294772360
1546624714376
2646136342152
1821502621320
2921014249096
1460910196356
2560421824132
1735788103300
2835299731076
1529629673092
2629141300868
1804507580036
2904019207812
1478090065540
2577601693316
1460725630536
2560237258312
1735603537480
2835115165256
1529445107272
2628956735048
1477905499720
2577417127496
1460725630276
2560237258052
1529445107012
2628956734788
1460708608580
2560220236356
1735586515524
2835098143300
1529428085316
2628939713092
1804305992260
2903817620036
1477888477764
2577400105540
1821771056712
2921282684488
1460910179908
2560421807684
1821435792008
2920947419784
2835316509320
1529646451336
2629158079112
1804524358280
2904035986056
1529378015620
2628889643396
1804255922564
2903767550340
1477838408068
2577350035844
1752699274820
2852210902596
1546540844612
2646052472388
1460926974536
2560438602312
1735804881480
2835316509256
1804524358216
2904035985992
1478106843460
2577618471236
2921215854916
1752984750404
2852496378180
1546826320196
2560505449092
1735871728260
2835383356036
1460993821316
1478173690500
2577685318276
1753051597444
2852563225220
1753035082312
2852546710088
1821754559048
2921266186824
1546557605444
1821435512388
2835383338564
1821703947844
2904102815300
2577416865348
1460658259524
2560169887300
2646321170824
1821687449992
1460725630280
2560237258056
1735603537224
2835115165000
1477905499464
2577417127240
2921198799496
1460708608584
2560220236360
1735586515528
2835098143304
1529428085320
2628939713096
1804305992264
2903817620040
1477888477768
2577400105544
1460658259528
1477838128712
2577349756488
1529646172804
2852496116036
1460641761604
2560153389380
2920930642244
1529428085060
2628939712836
1821418752328
2920930380104
1460926711428
2560438339204
1735804618372
2835316246148
1821703964292
2921215592068
1546826320260
2646337948036
1529646188932
2629157816708
1804524095876
2904035723652
2852563487108
1460641499528
2560153127304
1735519406472
2835031034248
1477838408072
2577350035848
1753035082052
2852546709828
2921266186564
2921282962760
1478173951304
1753051858248
1529360975172
2628872602948
1804238882116
2903750509892
1477821367620
2577332995396
1752699274564
2852210902340
2852295034504
2835316509000
1529646451268
2629158079044
1804524358212
2904035985988
1460641499720
2560153127496
1735519406664
2835031034440
1478106563976
2577618191752
1752984470920
2852496098696
1546826040712
2646337668488
1821703947656
2921215575432
1460993821320
2560505449096
1804591205000
2904102832776
1478173690504
2577685318280
2904018946692
1460658276996
1478106843780
2577618471556
1460641499784
2560153127560
1735519406728
2835031034504
1529713297796
2629224925572
1821435791684
1804305992008
2903817619784
1477888477512
2577400105288
1752766384456
2852278012232
1478106580616
2577618208392
2921215591812
1752984487300
2852496115076
2560438338948
1478173672772
2577685300548
1546893149508
2646404777284
1821771056452
2921282684228
1752783161988
2852294789764
1821502638724
2921014266500
2920930379080
1752699274568
2852210902344
1546540844360
2646052472136
1821418751304
1460641498440
2560153126216
1735519405384
2577618455176
1752984734344
2852496362120
1546826304136
2646337931912
1821704211080
2921215838856
1821687433800
2921199061576
2577601693256
2560153111108
1735519390276
1804238867012
2903750494788
1477821352516
2577332980292
1752699259460
1546876634756
2646388262532
1804524357188
2904035984964
1821771319876
2921282947652
1752984734084
2852496361860
1546826303876
1821704210820
2921215838596
1460926711176
1460725648004
2560237275780
1821435774596
2852479599940
1546809541956
2646321169732
1529713560132
2629225187908
1804591467076
2904103094852
1478173952580
2577685580356
1735804603012
2835316230788
2629157800580
2904035707524
1821687170628
1752967693892
2852479321668
1546809263684
1735804865092
2835316492868
1804591449416
2904103077192
1752984488584
2852496116360
1821703965320
2921215593096
2852563208840
1477821614408
2577333242184
1460926973508
2560438601284
1735804880452
2835316508228
1821704226372
1529360959812
2628872587588
1821502621316
2921014249092
1546893149828
2646404777604
1804255643272
2903767271048
1477838128776
2577349756552
1529445124484
2628956752260
1477905516932
2577417144708
2852496116100
2921215592836
2852496377480
1460708607556
2560220235332
1529428084292
2628939712068
1752766646664
1460994083400
2560505711176
1804591467080
2904103094856
1478173952584
1529646172808
1752766368392
2852277996168
2577685580100
2646405056836
1478106564996
2577618192772
1529646172548
2629157800324
1546826041732
2646337669508
1821703948676
1546624976196
2646136603972
1821502883140
2646405039428
2921282946372
2628889642372
1804255921540
2903767549316
1477838407044
2577350034820
1752716313988
2852227941764
2577601415492
2835299453252
2920930363716
1460909918532
2560421546308
1735787825476
1752967694660
2852479322436
1821771057480
1752766368072
1546809264456
2646320892232
1460641483080
2560153110856
1529377998152
2628889625928
1752984749380
2852496377156
1546826319172
1821704226116
2921215853892
2921215592772
1477888461188
2577400088964
1821502621064
2921014248840
1735603554696
2835115182472
1529445124488
2628956752264
1460708607560
2560220235336
1735586514504
2835098142280
1529428084296
2628939712072
1804305991240
2903817619016
1477888476744
2577400104520
1460641483144
2560153110920
1529360959880
2628872587656
1735586514244
2835098142020
1735871990088
2835383617864
2577685580104
2904019191108
1821435790728
2920947418504
2920997472840
1529361238660
2628872866436
1804239145604
2903750773380
2629157800584
1804524079752
2904035707528
1460909934152
2560421561928
1735787841096
2835299468872
1735536429700
2835048057476
1821435775620
1478173689480
2577685317256
1804524341828
2646337931844
1753034803784
2852546431560
1546876373576
2646388001352
1752766645832
2852278273608
1546607953224
2646119581000
1478089787716
1477821352260
2577332980036
1804591188548
2904102816324
1804524079492
2904035707268
1546607937864
2646119565640
1821704211076
2921215838852
1546624977540
2646136605316
1735586499140
2835098126916
1529428068932
2628939696708
1804305975876
2903817603652
1477888461380
1460658522760
2560170150536
1804255906440
2903767534216
1477838391944
2577350019720
1752716298888
1821435775624
2920947403400
1753034803524
2646388001092
2921265908036
1821754280260
1546608215364
1546557868420
2646069496196
2920947403140
1821485844036
2577400088132
2920997471812
1460993820040
2560505447816
1478173689224
2577685317000
1477821351492
2577332979268
1546540828228
1804574411332
2904086039108
1546876373572
2646388001348
1821754280516
2921265908292
1529646434888
2629158062664
1804524341832
2904035969608
1529360960072
1804238867016
2903750494792
1752699259464
2852210887240
2646052457032
1546624731784
1735804864836
2835316492612
1804524341572
2904035969348
1752716036420
2852227664196
1529713281668
2629224909444
1804591188612
2904102816388
1460993804932
2560505432708
1821771057796
2921014528392
1546624992900
2646136620676
1821754541704
2921266169480
2921282685572
1735586498884
2835098126660
1804238867080
2903750494856
1735804601988
2835316229764
1478106564228
2577618192004
1821771319880
2921282947656
2577618454920
1752984734088
2852496361864
1546826303880
1460658521480
2560170149256
1477838390664
2577350018440
1477821614724
1477838391688
2577350019464
1752716298632
1546557868424
2646069496200
2577601693000
2560153109828
1804238865732
1477821351236
2577332979012
1821704226440
1478157157764
2577668785540
1529646434632
2629158062408
1460993804936
2560505432712
1804591188616
2904102816392
1529696766280
1529445123720
2628956751496
2920930642500
2646321171012
1821687450180
2577685563716
1546893412676
2646405040452
1821771319620
2852277995848
1735586498888
2835098126664
1804305975624
2903817603400
1821771334980
2921282962756
1460909934216
2560421561992
1460641482056
2560153109832
1477821351240
2577332979016
1752699258184
2852210885960
1546540827976
2646052455752
1752967694724
2852479322500
1460725646728
2560237274504
1804239144260
2903750772036
1477821629764
2577333257540
2920930641220
1752699536708
2852211164484
1735787825544
1478090065224
1546809526852
2646321154628
1821687433796
2921199061572
1546624730692
2646136358468
1752716051844
1546557621636
2646069249412
1546607937928
2646119565704
1460994067012
2560505694788
1546893150856
2646404778632
1546893428360
2646405056136
1821771335304
2921282963080
1546826302788
2646337930564
2577685562692
1753035064648
1735804864068
1735603538568
2835115166344
1529445108360
2628956736136
1804323015304
1821502884228
2921014512004
1478089804356
2577601432132
1752967711300
2852479339076
2646119564868
2577685563976
1460641744264
2560153372040
2629225171268
2921282947396
1478106581316
2560169904452
1821435774340
2920947402116
1529428347524
1804306254468
2903817882244
1735804863812
2835316491588
1821687188036
2921198815812
2577333258888
2852277995080
1804591188292
1529445123396
2628956751172
1529445108104
2628956735880
1821703963976
2921215591752
1529428067912
2628939695688
1804305974856
2903817602632
1460993803652
2560505431428
2852479338820
1478090049092
2577601676868
1752967956036
2920997733956
2646119827012
1821486106180
1821754541448
2921266169224
1529361237572
2628872865348
2852210903368
1478090049156
2577601676932
1460993803656
2560505431432
1821687187784
2921198815560
1546607954500
2646119582276
1821485861444
2920997489220
1821754559112
2921266186888
1529445107336
2628956735112
2629225170504
1821771318596
1478156913220
2577668540996
1821754296900
2921265924676
1821754280580
1529646451076
2629158078852
1546809280068
2646320907844
1735586515592
2835098143368
1460977044040
2560488671816
1735854950984
1804574427720
2904086055496
1804591188296
1460926974344
2560438602120
1735804881288
2835316509064
1752984733252
2852496361028
1821704227400
2921215855176
2852479322692
1478173952644
2577685580420
2646119844164
1752766646596
1753035082056
1821419013444
1804591467144
2904103094920
2920930625860
1477821614404
2577333242180
1477821629768
2577333257544
1752699536712
2852211164488
1821419013448
2920930641224
2577333241156
1821418997060
1804239129156
2903750756932
2577333242436
1752699521604
1821418998340
2920930626116
1804574426436
2904086054212
1460926973320
2560438601096
2921265908356
1546608215620
2646119843396
1752699521348
2852211149124
1529629395592
1804574426440
1821771319944
2921282947720
1529428346436
1735788087620
1460926957956
2560438585732
1735804864900
2835316492676
2904035706500
1529428346440
2903767287112
1804591203656
2904102831432
1460658275656
2560169903432
1546541090120
2852278257988
1821771057800
2921282685576
1546608215432
2646119843208
1477821613380
1735536183940
2835047811716
2921014249796
2646052717896
2577333241160
1477821613384
2628939695752
1477821367688
1460658275720
2560169903496
1804238865736
2903750493512
1546608199236
2904086054216
1804574427784
2904086055560
1821754559044
2921266186820
1821754542660
2921266170436
1546607953476
2646119581252
1460977042820
2560488670596
1546826320264
1460658259272
1460658537864
2560170165640
1477838407048
2577350034824
1752984750472
2852496378248
2560169887048
1460658259336
2560169887112
1804574427716
2904086055492
1460641498436
2560153126212
