296370914628
296387970628
571265877572
313567839812
588445746756
300682937924
575560844868
317862807108
592740714052
300683987336
575561894280
317863856520
592741763464
296371963208
571249870152
313551832392
588429739336
300666930504
575544837448
317846799688
592724706632
296388740424
571266647368
296372225668
571250132612
313552094852
588430001796
300667192964
575545099908
317847062148
592724969092
296389002884
571266909828
313568691592
588446598536
300683789704
575561696648
317863658888
592741565832
588445747848
296371193416
571249100360
313551062600
588428969544
300666160712
313567562052
588445468996
300682660164
575544067656
317846029896
296371963528
571249870472
313551832712
588429739656
300666930824
575544837768
317846800008
592724706952
296388740740
571266647684
313568609924
588446516868
300683708036
575561614980
317863577220
592741484164
296370981188
571248888132
313550850372
588428757316
300665948484
575543855428
317845817668
592723724612
296387758404
571265665348
296372225672
571250132616
313552094856
588430001800
575560582792
317862545032
592740451976
296370981192
571248888136
313550850376
588428757320
300665948488
575543855432
317845817672
592723724616
296387758408
571265665352
588430001476
300667192644
575545099588
317847061828
296389002564
571266909508
313568691528
588446598472
300683789640
575561696584
317863658824
592741565768
317845752136
592723659080
296387692872
592724002440
296389003656
296371178116
571249085060
313551047300
588428954244
300666145412
575544052356
317846014596
592723921540
296387955332
571265862276
296370932356
571248839300
313550801540
296388807300
571266714244
592740451716
313568676484
588446583428
300683774596
575561681540
317863643780
592741550724
296370932360
571248839304
313550801544
588428708488
300665899656
575543806600
317845768840
592723675784
296387709576
571265616520
300682921608
575560828552
317862790792
592740697736
300667210376
300682742408
575560649352
317862611592
575545181832
317847144072
592725051016
592740518536
313568953988
588446860932
300684052100
575561959044
317863921284
592741828228
296372225352
571250132296
313552094536
588430001480
313568675396
588446582340
300683773508
575561680452
317863642692
592741549636
588445484616
300682675784
575560582728
317862544968
592740451912
300683986568
575561893512
317863855752
592741762696
296371178120
571249085064
313551047304
588428954248
300666145416
575544052360
575544837444
317846799684
575560649092
317862611332
592740518276
296389003592
313551046980
588428953924
300666145092
575544052036
317846014276
592723921220
296387955012
571265861956
313567824196
300682922308
592724773448
300683708804
575561615748
317863577988
592741484932
296372029000
571249935944
313551898184
588429805128
300666996296
575544903240
317846865480
592724772424
296388806216
571266713160
575545181768
317847144008
592725050952
296387775048
571265681992
313567644232
588445551176
300666997060
575544904004
317846866244
592724773188
588429757064
296371177800
571249084744
313551046984
300684035400
296370981444
571248888388
313550850628
588428757572
300665948740
575543855684
317845817924
592723724868
296387758660
571265665604
296370981252
571248888196
313550850436
588428757380
300665948548
575543855492
317845817732
592723724676
296387758468
571265665412
296370981256
571248888200
313550850440
588428757384
300665948552
575543855496
317845817736
592723724680
296387758472
571265665416
317862807112
592740714056
575545117320
575544051080
317846013320
592723920264
296370914692
571248821636
313550783876
588428690820
300665881988
575543788932
317845751172
592723658116
296387691908
571265598852
588428692036
300665883204
296388019784
571265926728
313567888968
296372291140
571250198084
313552160324
588430067268
300667258436
575545165380
317847127620
592725034564
296389068356
571266975300
317845817928
592723724872
296387758664
571265665608
313567627848
300667209096
575545116040
317847078280
592724985224
300682676616
575560583560
317862545800
592740452744
588446860872
296388740744
296370914696
571248821640
313550783880
588428690824
300665881992
575543788936
317845751176
592723658120
296387691912
571265598856
296372291144
571250198088
313552160328
588430067272
300667258440
575545165384
588445550916
300682742084
575560649028
317862611268
592740518212
296387774788
571265681732
313567643972
296370997572
571248904516
300682938952
575560845896
313551832456
296370997576
300666227268
575544134212
317846096452
592724003396
571248904520
313550866760
588428773704
300665964872
575543871816
296388740484
296388020804
571265927748
313567889988
588445796932
300682988100
575560895044
317862857284
296371243588
571249150532
313551112772
300683987272
575561894216
317863856456
296388807304
571266714248
313568676488
588446583432
300683774600
575561681544
317863643784
592741550728
571249886788
313551849028
588429755972
300666947140
575544854084
317846816324
296388757060
571266664004
313568626244
588446533188
313568609864
588446516808
300683707976
296389084808
571266991752
300682921348
575560828292
317862790532
296371176836
571249083780
313551046020
588428952964
300666144132
575544051076
296387954052
313568676228
588446583172
300683774340
575561681284
317863643524
592741550468
296371243592
571249150536
313551112776
588429019720
300666210888
575544117832
317846080072
592723987016
296388020808
571265927752
296387774856
571265681800
300683707716
575561614660
317863576900
592741483844
313567644040
588445550984
300682742152
575560649096
313568953732
588446860676
300684051844
575561958788
317863921028
592741827972
296371979848
571249886792
313551849032
588429755976
300666947144
575544854088
317846816328
592724723272
575560582472
317862544712
592740451656
296388807240
571266714184
313568676424
588446583368
300683774536
296371176840
571249083784
313551046024
588428952968
313567626884
588445533828
300682724996
575560631940
317862594180
592740501124
300665883272
575543790216
317845752456
592723659400
571266909512
313568871752
588446778696
317863577224
592741484168
296389084744
571266991688
313568953928
313567578692
588445485636
300682676804
575560583748
317862545988
592740452932
296370932292
571248839236
313550801476
588428708420
296388806980
571266713924
313551062664
588428969608
300666160776
575544067720
317846029960
592723936904
313567839876
588445746820
300682937988
575560844932
317862807172
592740714116
588445550920
300682742088
575560649032
317847143752
592725050696
317862611272
592740518216
296371964548
296370997636
571248904580
313550866820
588428773764
300665964932
575543871876
296389084484
571266991428
317845834116
592723741060
317845816968
592723723912
592725035652
296370997640
575544067460
317846029700
592723936644
571248904584
313550866824
588428773768
300665964936
575543871880
296372241988
571250148932
313552111172
588430018116
300667209284
575545116228
317847078468
592724985412
296370980164
571248887108
313550849348
588428756292
300665947460
575543854404
317845816644
592740500804
592723723588
296387757380
575544134280
317846096520
592724003464
313567906436
588445813380
300683004548
575560911492
317862873732
592740780676
592723936840
296371964552
571249871496
313551833736
588429740680
300666931848
575544838792
317846801032
592724707976
296388741768
571266648712
592740698504
296372241992
571250148936
313552111176
588430018120
300667209288
300666931524
575544838468
317846800708
592724707652
296388741444
571266648388
300683708740
575561615684
317863577924
592741484868
313567840580
588445747524
313567626568
300666997384
575544904328
317846866568
300683970952
313568871748
588446778692
300683969860
575561876804
317863839044
592741745988
592724968772
296372225348
571250132292
313552094532
588430068292
300667259460
575545166404
317847128644
296371193156
571249100100
588429757000
300682660232
575560567176
571248821576
313550783816
588428690760
300665881928
575543788872
317845751112
592723658056
296387691848
571265598792
313567561032
317862808136
592740715080
296387971652
571265878596
313567840836
588445747780
300682938948
575560845892
317862808132
592740715076
296371194436
300666161732
588429036104
300666227272
296388740488
571266647432
296388037188
571265944132
313568609672
588446516616
300683707784
575561614728
317863576968
592741483912
317863593608
296387955336
571265862280
313567824520
588445731464
296371964232
571249871176
313551833416
588429740360
300666931528
575544838472
317846800712
592724707656
296388741448
571266648392
296372226692
571250133636
313552095876
588430002820
300667193988
575545100932
317847063172
592724970116
296389003908
571266910852
296371242632
571249149576
313551111816
571266927240
313568889480
588446796424
296371194440
571249101384
313551063624
296371242308
571249149252
313551111492
588429018436
300666209604
575544116548
317846078788
592723985732
296388019524
571265926468
300667209032
575545115976
317847078216
571266713992
313568676232
588446583176
300683774344
575561681288
317863643528
592741550472
313568609608
588446516552
300683707720
575561614664
571249935684
313551897924
588429804868
300666996036
575544902980
317846865220
592724772164
296388805956
571266712900
313568675140
296370914632
571265615492
313567577732
588445484676
300682675844
575560582788
317862545028
592740451972
571266991496
296372226372
571250133316
313552095556
588430002500
300667193668
575545100612
317847062852
592724969796
317863840068
592741747012
296371242312
571249149256
313551111496
296387693192
571265600136
313567562376
300667192968
575545099912
296371979652
571249886596
313551848836
588429755780
300666946948
575544853892
317846816132
592724723076
296388756868
571266663812
313568872068
588446779012
300683970180
575561877124
317863839364
592741746308
313568938564
588446845508
300684036676
296388807236
571266714180
313568676420
588446583364
300683774532
575561681476
317863643716
300683970184
575561877128
317863839368
592741746312
571265615496
313567577736
317845752200
592723659144
588445484680
300682675848
296370981448
571248888392
313550850632
588428757576
300665948744
575543855688
300683707780
575561614724
575544837508
317846799748
592724706692
592740697476
317863839108
317846013316
592723920260
313568609668
313552094596
588430001540
300667192708
575545099652
296372226376
571250133320
313552095560
588430002504
592741550660
592724773444
296372030020
571249936964
313551899204
588429806148
300666997316
575544904260
317846866500
313567577412
588445484356
300682675524
575560582468
317862544708
592740451652
296370931012
571248837956
575561680264
317863642504
592741549448
296372292232
313551062408
588428969352
300666160520
575544067464
317846029704
592723936648
571250199176
313552161416
296389069444
571266976388
313568938628
588446845572
300684036740
575561943684
317863905924
592741812868
588430018952
592740436552
588446516612
317863576964
592741483908
571266647428
296371963268
571249870212
313551832452
588429739396
300666930564
313568872004
588446778948
300683970116
575561877060
317863839300
592741746244
296372030024
571249936968
313551899208
588429806152
300666997320
575544904264
317846866504
313567577416
588445484360
300682675528
296371193412
571249100356
313551062596
588428969540
300666160708
575544067652
317846029892
592723936836
296371258948
571249165892
296370914888
296371193476
571249100420
313551062660
588428969604
300666160772
575544067716
317846029956
592723936900
296387970692
571265877636
313567906180
588445813124
300683004292
575560911236
317862873476
592740780420
592725035592
300666160456
575544067400
317846029640
592723936584
296371963272
571249870216
296387708228
571265615172
296388756804
571266663748
313568625988
588446532932
300683724100
575561631044
296371979588
571249886532
317862806852
592740713796
317845833284
592723740228
296370914948
592724968840
317862529416
592740436360
296370914952
296370931016
571248837960
313550800200
588428707144
300665898312
575543805256
317845767496
592723674440
296387708232
571265615176
296388037192
571265944136
313567906376
313551062340
588428969284
588445813320
300683004488
575560911432
317862873672
592740780616
296371193480
571249100424
300667192712
575545099656
317847061896
575560567172
317862529412
592740436356
300667259204
575545166148
317847128388
592725035332
575561942664
575561943620
296389069380
571266976324
592725035588
296372292164
571250199108
313552161348
300666160452
575544067396
317846029636
592723936580
296387970372
571265877316
313567839556
588445746500
300682937668
575560844612
317846096200
592724003144
296370981508
571248888452
313550850692
313567906116
588445813060
300683004228
575560911172
317862873412
592740780356
588428757636
296370981512
571248888456
313550850696
588428757640
300665948808
575543855752
317845817992
592723724936
296387758728
571265665672
592741746052
317847061892
592724968836
575561876868
571266909572
313568871812
588446778756
300683969924
296372225412
571250132356
571248822664
313550784904
588428691848
300665883016
575543789960
296372292168
571250199112
313552161352
588430068296
300667259464
575545166408
317847128648
296371193160
571249100104
313551062344
588428969288
300682741316
575560648260
317862610500
592740517444
296370996804
571248903748
313550865988
588428772932
300665964100
575543871044
300683970888
575561877832
296372225416
571250132360
313552094600
588430001544
296372029060
571249936004
313551898244
588429805188
300666996356
575544903300
317846865540
592724772484
296388806276
571266713220
296389002888
571266909832
313568872072
575561632324
313568954948
588446861892
300684053060
575561960004
317863922244
592741829188
296372308548
571250215492
313552177732
588430084676
313567643208
588445550152
300684036744
575561943688
317863905928
592741812872
296387692936
296371177860
571249084804
313551047044
588428953988
300666145156
575544052100
317846014340
592723921284
296387955076
296387970436
571265877380
300682937732
575560844676
313567577476
588445484420
300682675588
575560582532
317862544772
296372241796
296389002628
296370931080
571248838024
313550800264
588428707208
300665898376
575543805320
317845767560
592723674504
296387708296
571265615240
296372029064
317862528648
592740435592
571249936008
313551898248
588429805192
300666996360
575544903304
296387970440
571265877384
313567839624
588445746568
300682937736
575560844680
317862806920
592740713864
588445550212
300682741380
575560648324
317862610564
592740517508
296371980872
571249887816
313551850056
296372028740
588446582084
300683773252
575561680196
317863642436
592741549380
571266909768
313568872008
588446778952
300683970120
575561877064
317863839304
592741746248
300683724424
575561631368
296371177864
571249084808
313551047048
588428953992
300665948804
575543855748
317845817988
592723724932
296387758724
571265665668
313567627908
588445534852
300682726020
575560632964
313568938372
588446845316
300684036484
575561943428
317863905668
592741812612
300682742344
575560649288
317862611528
313567905348
588445812292
300683003460
575560910404
317862872644
592740779588
300667192648
575545099592
317847061832
592724968776
313567906184
588445813128
300683004296
575560911240
317862873480
592740780424
296372028744
571249935688
313551897928
588429804872
300666996040
575544902984
317846865224
592724772168
296388805960
571266712904
296387970376
571265877320
313567839560
588445746504
296372291204
571250198148
313552160388
588430067332
300667258500
575545165444
317847127684
592725034628
296387774020
571265680964
317846014600
313551850052
588429756996
300666948164
575544855108
317846817348
592724724292
296371980868
313567824516
588445731460
300682922628
575560829572
317862791812
592740698756
588430019140
300667210308
575545117252
317847079492
592724986436
313552112196
300683987524
575561894468
317863856708
592741763652
313567627588
588445534532
300682725700
575560632644
317862594884
592740501828
575561680200
296389069124
571266976068
588428772676
300665963844
575543870788
317845833028
592723739972
317846799752
592724706696
317863904904
592741811848
296388036936
571265943880
313567906120
588445813064
300683004232
575560911176
317862873416
592740780360
296372291208
296370997892
571248904836
313550867076
588428774020
300665965188
575543872132
317845834372
592723741316
296387775108
571265682052
296370997896
571248904840
571249150600
313551112840
588429019784
313550867080
588428774024
300665965192
575543872136
317845834376
296372243016
571250149960
313552112200
296389068100
571266975044
313568937284
588446844228
300684035396
575561942340
313567627592
588445534536
300682725704
575560632648
317862594888
592740501832
296371243652
571249150596
313551112836
588429019780
300666210948
575544117892
317846080132
592723987076
296388020868
571265927812
296370915652
571248822596
313550784836
588428691780
300665882948
575543789892
575560567108
317862529348
592740436292
313568610628
296370915656
296371979908
571249886852
313551849092
588429756036
300666947204
575544854148
317846816388
592724723332
296388757124
571266664068
296371177796
571249084740
317863840072
592741747016
296372290888
571250197832
313552160072
588430067016
300667258184
575545165128
317847127368
592725034312
296389068104
571266975048
300682660168
575560567112
317862529352
592740436296
592740779592
296370915716
571248822660
313550784900
300666930756
575544837700
317846799940
592724706884
296388740676
571266647620
313568609860
588446516804
300683707972
575561614916
296370915720
571248821832
313550784072
588428691016
300665882184
575543789128
317845751368
592723658312
296387692104
571265599048
313567561288
296371243332
571249150276
313551112516
588429019460
300666210628
575544117572
317846079812
592723986756
296388020548
571265927492
296371979912
571249886856
296389002632
571266909576
313568871816
588446778760
300683969928
575561876872
317863839112
592741746056
317846865544
592724772488
313568675460
588446582404
300683773572
575561680516
317863642756
592741549700
313551848772
588429755716
300666946884
575544853828
317846816068
317863593284
592741500228
592724723012
300682726024
575560632968
317862595208
592740502152
313567643272
588445550216
300682741384
588428708484
300665899652
575543806596
317845768836
592723675780
296387709572
571265616516
313567578756
588445485700
300682676868
313568627332
588446534276
300683725444
575561632388
300666996100
575544903044
317846865284
592724772228
317863594628
592741501572
296371243336
571249150280
313551112520
588429019464
300666210632
575544117576
317846079816
592723986760
296388020552
571265927496
592741567112
571266976136
313568938376
588446845320
300684036488
575561943432
317863905672
592741812616
592741827976
296371979592
571249886536
313551848776
313568610884
588446517828
300683708996
575561615940
317863578180
592741485124
592723987012
317863905860
592741812804
571249887812
296389002568
296372242052
571250148996
313552111236
588430018180
300667209348
575545116292
317847078532
592724985476
313550849412
588428756356
300665947524
575543854468
317845816708
300682724740
575560631684
317862593924
592740500868
296387757444
300684036680
575561943624
317863905864
592741812808
300682741320
575560648264
317862610504
317845768516
592723675460
296387709252
571265616196
313567578436
588445485380
296370932036
571248838980
313550801220
588428708164
296370915972
571248822916
317863594564
592741501508
313550785156
588428692100
296370915976
575543790148
571248822920
313550785160
313568953736
588446860680
313568938312
588446845256
300684036424
575561943368
300665963848
575543870792
317845833032
592723739976
317863905608
296371964292
571249871236
313551833476
588429740420
300666931588
575544838532
317846800772
296387773764
592724707716
296388741508
313551849796
588429756740
300666947908
575544854852
317846817092
592724724036
296371980612
571248821892
313550784132
571265862020
313567824260
588445731204
300682922372
575560829316
317862791556
592740698500
588428691076
571266713224
313568675464
588446582408
313568888132
588446795076
300683986244
575561893188
317863855428
592741762372
296372241732
571250148676
313552110916
588430017860
575543806280
317845768520
592723675464
296387709256
571265616200
300683003528
575560910472
317862872712
592740779656
296371194500
571249101444
313551063684
588428970628
300665882180
575543789124
317845751364
592723658308
296387775044
571265681988
313567824456
588445731400
300682922568
575560829512
317862791752
592740698696
296371964296
571249871240
313551833480
588429740424
300666931592
575544838536
317846800776
592724707720
296388741512
571266648456
317846882696
592724789640
296372241736
571250148680
313552110920
588430017864
296372045380
571249952324
313551914564
588429821508
300667012676
575544919620
317846881860
592724788804
296388822596
571266729540
588428953928
300666145096
575544052040
317846014280
592723921224
296371194504
571249101448
313551063688
296371242372
571249149316
575560829252
317862791492
592740698436
313551111556
588429018500
300666209668
575544116612
317846078852
296371194180
571249101124
313551063364
588428970308
300666161476
575544068420
317846030660
592723937604
296387971396
296389019204
592724723268
571266926148
313568888388
588446795332
300683986500
575561893444
317863855684
592741762628
296371979844
296370931272
571248838216
313550800456
588428707400
300665898568
575543805512
317845767752
592723674696
296387708488
571265615432
588445469320
296372045384
571249952328
313551914568
588429821512
300667012680
575544919624
317846881864
592724788808
296388822600
571266729544
296372226436
571250133380
313552095620
588430002564
300667193732
575545100676
317847062916
592724969860
296389003652
571266910596
296371242376
571249149320
313551111560
296388806280
296371194184
571249101128
313551063368
588428970312
575560649284
296370997828
571248904772
313550867012
588428773956
300665965124
575543872068
317845834308
592723741252
317862611524
296388758152
571266665096
313568627336
588446534280
300683725448
575561632392
317863594632
592741501576
296388806020
571266712964
296372226440
571250133384
313552095624
588430002568
296372030084
571249937028
313551899268
588429806212
300666997380
575544904324
317846866564
296370931076
571248838020
313550800260
588428707204
300665898372
575543805316
317845767556
592723674500
296387708292
571265615236
575561942344
300666948232
313568627076
588446534020
300683725188
575561632132
317863594372
592741501316
571266991684
313568953924
588446860868
300684052036
575561958980
317863921220
592741828164
296389084740
296372307524
571250214468
313568675400
588446582344
300683773512
575561680456
317863642696
571265599108
313567561348
588445468292
300682659460
575560566404
317862528644
592740435588
313568676168
588446583112
296388758088
317863904580
592741811524
296372290884
571250197828
313552160068
588430067012
300667258180
575545165124
317847127364
592725034308
300683708040
575561614984
313567577480
588445484424
300682675592
575560582536
317862544776
592740451720
296370980168
571248887112
313550849352
588428756296
300665947464
575543854408
317845816648
592723723592
296387757384
571265664328
296387970696
571265877640
313567839880
588445746824
296372307528
571250214472
313552176712
588430083656
300667274824
313568676164
588446583108
300683774276
575561681220
317863643460
592741550404
296372029764
571249936708
313551898948
588429805892
296387773768
571265680712
313567642952
588445549896
300682741064
296387955080
571265862024
313567824264
296388757828
571266664772
313568627012
588446533956
300683725124
575561632068
317863594308
592741501252
296370931332
571248838276
313550800516
588428707460
300665898628
575543805572
317845767812
592723674756
296387708548
317862595204
592740502148
592740698760
296370931336
571248838280
313550800520
588428707464
300665898632
575543805576
317845767816
592723674760
296387708552
313567906372
588445813316
300683004484
575560911428
317862873668
592740780612
296371259972
571249166916
313551129156
588429036100
296387692100
571265599044
296371259016
571249165960
313567644228
588445551172
313551128200
588429035144
300666226312
575544133256
317846095496
313567905412
588445812356
300683003524
575560910468
317862872708
592740779652
296372029768
571249936712
313551898952
588429805896
300666997064
575544904008
317846866248
592724773192
296388806984
571266713928
296372292228
571250199172
313552161412
588430068356
300667259524
575545166468
317847128708
313567839620
588445746564
317862806916
592740713860
296371193220
571249100164
313551062404
588428969348
300666160516
317845751108
592723658052
575544855176
296371259976
571249166920
313551129160
296387955016
571265861960
313567824200
588445731144
300682922312
575560829256
317862791496
592740698440
313567627844
588445534788
300682725956
575560632900
317862595140
592740502084
296389084488
571266991432
313568953672
588446860616
313568627272
588446534216
296371258952
571249165896
313551128136
588429035080
300666226248
575544133192
317846095432
592724002376
296371193224
571249100168
300666930568
575544837512
571248903812
313550866052
588428772996
300665964164
575543871108
317845833348
592723740292
296387774084
571265681028
313567643268
588430068360
313568938308
588446845252
300684036420
575561943364
317863905604
592741812548
296372291908
571250198852
313552161092
588430068036
300683003464
575560910408
317862872648
592723723652
317862856068
592740763012
296389068164
571266975108
313568937348
588446844292
300684035460
296370980228
571248887172
296371258692
571249165636
313551127876
588429034820
296370980232
571248887176
313550849416
588428756360
300665947528
575543854472
317845816712
592723723656
296387757448
571265664392
592741763720
296371980932
571249887876
313551850116
588429757060
300666948228
575544855172
317846817412
592724724356
296388758148
571266665092
571266712968
313568675208
588446582152
300683773320
296372291912
571250198856
313552161096
588430068040
300667259208
575545166152
317847128392
592725035336
296389069128
571266976072
571265680708
313567642948
588445549892
300682741060
575560648004
317862610244
592740517188
296370996548
571248903492
313550865732
317862857096
592740764040
313568627080
588446534024
317863904584
592741811528
300683725192
575561632136
317863594376
592741501320
296370997832
571248904776
313550867016
588428773960
592740518472
296371980936
571249887880
313551850120
313568675204
588446582148
300683773316
575561680260
317863642500
592741549444
296372028804
571249935748
313551897988
588429804932
588445468296
300682659464
575560566408
571249887556
300667274564
575545181508
317847143748
592725050692
313551914308
588429821252
300667012420
575544919364
317846881604
592724788548
313568675144
588446582088
300683773256
296371259012
571249165956
313551128196
588429035140
300666226308
575544133252
317846095492
592724002436
296388036228
571265943172
296370996552
571248903496
300683003208
575560910152
571265943176
313567905416
588445812360
313552112004
588430018948
300667210116
575545117060
317847079300
592724986244
588430019208
317847079560
592724986504
575545165188
575560632712
317862594952
592740501896
296389019972
571266926916
313568889156
317862872392
592740779336
588446796100
300683987268
575561894212
317863856452
571266975112
313568937352
588446844296
300684035464
575561942408
317863904648
313567905156
588445812100
300683003268
575560910212
317862872452
592740779396
592723740036
296387773828
571265680772
313567643012
588429034888
300666226056
575544133000
317846095240
592724002184
296370996616
571248903560
313550865800
588428772744
300665963912
300667210056
575545117000
317847079240
592724986184
313551915588
588429822532
300667013700
575544920644
317846882884
592724789828
317845768776
592723675720
296388020612
571265927556
313567889796
588445796740
300682987908
575560894852
317862857092
592740764036
571249083972
313551046212
588428953156
592724789832
296388823624
571266730568
313568692808
588446599752
300683790920
575561697864
317863660104
592741567048
592723986824
296388020616
571265927560
313567889800
588445796744
300682987912
575560894856
571266663816
313568626056
588446533000
300683724168
575561631112
317863593352
592741500296
296370932100
571248839044
313550801284
588428708228
300665899396
575543806340
317845768580
592723675524
296387709316
571265616260
300667275844
575545182788
317847145028
592725051972
296389085764
571266992708
575545116036
317847078276
592724985220
296389019012
592741762436
571266925956
571265616264
313567578504
588445485448
317862872456
592740779400
296370932104
571248839048
313550801288
588428708232
296389020036
571266926980
313551915652
588429822596
300667013764
575544920708
296372308552
571250215496
313552177736
588430084680
300667275848
575545182792
317847145032
592725051976
296389085768
571266992712
317863904836
592741811780
296372028996
571249935940
313551898180
588429805124
300666996292
575544903236
317846865476
592724772420
575544919684
317846881924
296372241800
571250148744
592724788868
296388822660
571266729604
313568691844
296389068360
571266975304
313568937544
588446844488
300684035656
575561942600
317863904840
592741811784
296370980424
571248887368
296371194244
571249101188
313551063428
588428970372
300666210952
575544117896
317846080136
592723987080
300666161540
575544068484
296388822664
300683789960
575561696904
317863659144
592741566088
571266729608
313568691848
588446598792
300667193928
300683789636
592741565764
571266729284
313568691524
575545100872
317847063112
592724970056
317862856264
592740763208
592740714888
300666161544
575544068488
317846030728
592723937672
296387971464
571265878408
313567840648
588445747592
300682938760
296387709320
296372045128
571249952072
313551914312
588429821256
300667012424
575544919368
317846881608
592724788552
296388822344
571266729288
296372307588
571250214532
313552176772
588430083716
300667274884
575545181828
317847144068
592725051012
296389084804
571266991748
300684035716
575561942660
317863904900
592741811844
296370980484
571248887428
313550849668
588428756612
300665947780
575543854724
575560894088
296389068424
571266975368
313568937608
588446844552
317862856328
592740763272
296370980488
571248887432
313550849672
317863921288
592741828232
296372307592
571250214536
313552176776
588430083720
300667274888
575544904068
317846866308
592724773252
296388807044
571266713988
592741811592
313568953668
588446860612
300684051780
575561958724
317863920964
592741827908
296372307268
571250214212
313552176452
588430083396
313551129220
588429036164
300666227332
575544134276
317846096516
592724003460
296388037252
571265944196
300667013768
575544920712
317846882952
592724789896
296372029832
571249936776
313551899016
588429805960
300666997128
575544904072
317846866312
592724773256
296388807048
296372307272
571250214216
313552176456
588430083400
300667274568
575545181512
313551128132
588429035076
300666226244
575544133188
317846095428
592724002372
296388036164
571265943108
313567643204
588445550148
317862873736
592740780680
300683004552
575560911496
296388036168
571265943112
300684052040
575561958984
317863921224
592741828168
296370996808
571248903752
313550865992
588428772936
296389019976
571266926920
313568889160
588446796104
592741763400
300666227012
575544133956
317846096196
592724003140
296388036932
296372291972
571250198916
313552161156
588430068100
300667259268
575545166212
317847128452
592725035396
296389069188
571266976132
296372046148
571249953092
313551915332
588429822276
575544133960
296371176776
571249083720
313551045960
588428952904
313550849604
588428756548
300665947716
575543854660
317845816900
592723723844
296372291976
571250198920
313552161160
588430068104
300667259272
575545166216
317847128456
592725035400
296389069192
300682741124
575560648068
588445549956
296370996612
571248903556
313550865796
588428772740
300665963908
575543870852
317845833092
296371980676
296372045444
571249952388
575543870856
317845833096
592723740040
296387773832
571265680776
313551914628
588429821572
300667012740
313567643016
588445549960
300683725380
575561959048
575560648328
296372045448
571249952392
313551914632
588429821576
300667012744
575544919688
317846881928
592724788872
313567561284
588445468228
300682659396
575560566340
317862528580
592740435524
296370914884
571248821828
313550784068
588428691012
296371980680
571249887624
313551849864
588429756808
300666947976
575544854920
317846817160
592724724104
296388757896
571266664840
296388823688
592740435528
296371258756
571249165700
313551127940
588429034884
300666226052
575544132996
317846095236
592724002180
296388035972
571265942916
588445795972
317863856516
592741763460
296372242820
296388035976
571265942920
313567905160
588445812104
300683003272
575560910216
571250149764
296371258760
571249165704
313551127944
592723920452
296387954244
571265861188
313567823428
588445730372
300682921540
575560828484
317862790724
592740697668
296371177028
317863659844
592741566788
317847079304
592724986248
300667210120
575545117064
296388823684
571266730628
313568692868
588446599812
300683790980
575561697924
317863660164
592741567108
296372046468
571249953412
296387757636
571265664580
588429740612
300666931780
575544838724
317846800964
592724707908
296371177032
571249083976
313551046216
588428953160
300666144328
575544051272
317846013512
592723920456
296387954248
571265861192
571248839240
313550801480
588428708424
300665899592
575543806536
571266730632
313568692872
588446599816
300683790984
575561697928
317863660168
296372046472
571249953416
313551915656
588429822600
300667013444
575544920388
317846882628
592724789572
296388823364
571266730308
313568692548
588446599492
300683790660
575561697604
296372046152
571249953096
313551915336
588429822280
300667013448
575544920392
317846882632
592724789576
296388823368
571266730312
296372308612
571250215556
313552177796
588430084740
300667275908
575545182852
317847145092
592725052036
296389085828
571266992772
317863593288
592741500232
296372308616
571250215560
313552177800
588430084744
300667275912
575545182856
317847145096
592725052040
588445533832
300682725000
575560631944
317862594184
592740501128
300683709060
575561616004
317863578244
592741485188
571266992452
313568954692
588446861636
300684052804
575561959748
317863921988
592741828932
296372308292
571250215236
313552177476
575561893508
317863855748
313568692552
588446599496
300683790664
575561697608
317863659848
592741566792
300665899400
575543806344
317845768584
592723675528
296372308296
571250215240
313552177480
588430084424
300667275592
575545182536
317847144776
592725051720
296389085512
571266992456
300682724936
575560631880
317862594120
592740501064
296388741700
571266648644
313568955012
588446861956
300684053124
575561960068
317863922308
592741829252
296387709512
571265616456
296372045188
571249952132
313551914372
588429821316
300667012484
575544919428
317846881668
592724788612
296388822404
571266729348
300667275652
575545182596
317847144836
592725051780
588446517572
317845752132
592723659076
296387692868
571265599812
296371964228
571249871172
313551833412
588445731140
588429740356
571249149572
313551111812
588429018756
571266910536
313568872776
588446779720
300666209924
575544116868
317846079108
592723986052
571248822600
313550784840
588428691784
296372045192
571249952136
313551914376
588429821320
300667012488
575544919432
317846881672
592724788616
296388822408
571266729352
317863577156
592741484100
296371963460
571249870404
313551832644
588429739588
296387774852
571265681796
313567644036
588445550980
588430084420
300667275588
575545182532
317847144772
592725051716
300682742148
296371963464
571249870408
313551832648
588429739592
300666930760
575544837704
317846799944
592724706888
296388740680
571266647624
296372307332
571250214276
313552176516
588430083460
300667274628
575545181572
317847143812
592725050756
296389084548
571266991492
317845834120
592723741064
317845752388
592723659332
296387693124
296372307336
571250214280
313552176520
588430083464
300667274632
575545181576
317847143816
592725050760
296389084552
300684051848
588446517636
588428691844
300665883012
575543789956
317845752196
592723659140
296387692932
571265599876
313567562116
588445469060
317846014344
592723921288
571266910600
313568872840
588446779784
300666145160
575544052104
571265599880
313567562120
588445469064
296370915912
571248822856
313550785096
588428692040
300665883208
296371259780
571249166724
313551128964
588429035908
300666227076
575544134020
317846096260
592724003204
296388036996
571265943940
313552110984
313568888196
588446795140
300683986308
575561893252
317863855492
571266648648
296389085832
571266992776
313568955016
588446861960
300684053128
575561960072
317863922312
592741829256
296372225608
571250132552
313552094792
588430001736
300667192904
575545099848
317847062088
592724969032
296389002824
296371259784
571249166728
313551128968
588429035912
300666227080
575544134024
317846096264
592724003208
296388037000
571265943944
300667275656
575545182600
317847144840
592725051784
296389085572
571266992516
296371178052
571249084996
313551047236
588428954180
300666145348
575544052292
317846014532
592723921476
296387955268
588430018884
300667210052
575545116996
317847079236
592724986180
300682938692
575560845636
300665899332
575543806276
300682676548
571266925892
317846079112
592723986056
296388019844
571265926788
313567889028
300666947912
575544854856
317846817096
592724724040
296388757832
571266664776
296372242760
571250149704
313552111944
588430018888
592741747076
313568954952
588446861896
300684053064
575561960008
317863922248
592741829192
317862808196
592740715140
296371178056
571249085000
313551047240
588428954184
300666145352
575544052296
317846014536
592723921480
296387955272
571265862216
296389085508
317846030724
592723937668
313551111752
296388019780
296387692164
571265926724
313567888964
588445795908
300682987076
575560894020
296372226628
571250133572
313552095812
588430002756
571248821896
313550784136
588428691080
300665882248
575543789192
317845751432
592723658376
296387692168
571265599112
313567561352
575560566084
317862528324
592740435268
588445467972
300682659140
575543788868
571248821572
588428690756
300665881924
313550783812
313567578500
588445485444
300682676612
575560583556
317862545796
592740452740
313568889220
588446796164
300683987332
575561894276
571266926984
313568889224
588446796168
296372242824
571250149768
313552112008
296371194248
571249101192
313551063432
588428970376
296389019016
571266925960
313568888200
588446795144
300683986312
575561893256
317863855496
592741762440
588446598788
300683789956
575561696900
317863659140
592741566084
588445467976
300682659144
575560566088
317862528328
592740435272
296371177092
571249084036
313551046276
588428953220
300666144388
575544051332
317846013572
592723920516
296387954308
571265861252
296389085576
571266992520
296371177096
571249084040
313551046280
588428953224
296372226696
571250133640
313552095880
588430002824
300666144068
575544051012
317846013252
592723920196
296387953988
571265860932
313567823172
588445730116
300682921284
575560828228
575560893828
588445795716
313568954696
588446861640
300684052808
575561959752
317863921992
592741828936
296372046212
571249953156
313551915396
588429822340
300667013508
575544920452
317846882692
592724789636
296388823428
571266730372
296387971460
571265878404
313567840644
588445747588
300682938756
575560845700
317862807940
592740714884
313567823176
588445730120
300682921288
575560828232
317862790472
592740697416
313567626820
588445533764
300682724932
575560631876
317862594116
592740501060
296370980420
571248887364
296389003844
571266910788
575561878084
317863840324
592741747268
313568873028
588446779972
300683971140
588445747784
575561697672
317863659912
592741566856
296372046216
571249953160
313551915400
575560893764
317862856004
592740762948
296371964484
571249871428
313551833668
313550849608
588428756552
300665947720
575543854664
317845816904
592723723848
296387757640
571265664584
313567626824
588445533768
296370915908
571248822852
313550785092
571265600068
313567562308
588445469252
300682660420
575560567364
317862529604
592740436548
313567562312
588445469256
300682660424
575560567368
317862529608
313568610888
588446517832
300683709000
575561615944
317863578184
592741485128
296371964488
571249871432
313551833672
588429740616
300666931784
575544838728
317846800968
592724707912
296388741704
313568954756
588446861700
300684052868
575561959812
317863922052
592741828996
296372308356
571250215300
313552177540
588430084484
296371242564
571249149508
313551111748
588429018692
317862856260
592740763204
300666209860
575544116804
317846079044
592723985988
313568691588
588446598532
300683789700
575561696644
317863658884
592741565828
313568954760
588446861704
300684052872
575561959816
317863922056
592741829000
296372308360
571250215304
313552177544
588430084488
300667193924
575545100868
317847063108
300682987080
588429018696
300666209864
575544116808
317846079048
592723985992
592724970052
575560894024
296371242568
571249149512
296389003912
571266910856
313568873096
588446780040
300683971208
575561878152
317863840392
592741747336
575560893832
317862856072
592740763016
571249871492
313551833732
588429740676
300666931844
575544838788
317846801028
592724707972
296388741764
571266648708
313568610948
575561877892
317863840132
296372226632
571250133576
313552095816
575545100936
317847063176
592724970120
300682922632
575560829576
317862791816
313568610952
588446517896
300683709064
575561616008
317845767748
592723674692
296387708484
571265615428
313567577668
588445484612
300682675780
575560582724
575560845704
317862807944
296389003848
571266910792
313568873032
588446779976
300683971144
575561878088
317863840328
592741747272
317846800004
592724706948
296371963524
571249870468
313551832708
588429739652
300666930820
575544837764
317862544964
592740451908
313567577672
317862856008
592740762952
592724969800
571266910532
313568872772
588446779716
317845767492
592723674436
313567840584
588445747528
300682938696
575560845640
571266647688
313568609928
588446516872
300665899588
575543806532
317845768772
592723675716
296387709508
571265616452
575544068676
317846030916
592723937860
296372243012
317847079496
571266927176
592724986440
296389020232
300666948168
575544855112
317846817352
592724724296
300683987528
575561894472
592724706628
296371963204
571249870148
313551832388
588429739332
300666930500
296388740420
571266647364
313568609604
588446516548
300665883268
575543790212
317845752452
592723659396
296387693188
571265600132
313567562372
588445469316
300682660484
575560567428
317863576904
592741483848
300682660488
575560567432
317862529672
592740436616
588428692104
300682937928
575560844872
313567889732
588445796676
300682987844
575560894788
317862857028
592740763972
588446779016
317847062152
592724969096
592741812552
313567889736
588445796680
300682987848
575560894792
317862857032
592740763976
300683774280
575561681224
317863643464
300665882952
575543789896
571265599816
313567562056
588445469000
317847079556
592724986500
296389020292
571266927236
313568889476
588446796420
300683987588
575561894532
317863856772
592741763716
300682939016
575560845960
296389020296
300683987592
575561894536
317863856776
317862808200
592740715144
575560583816
317862546056
296388806212
571266713156
592723921544
592741549640
588429019524
300666210692
575544117636
317846079876
592723986820
296372029828
571249936772
313551899012
588429805956
300666997124
296371243400
571249150344
313551112584
588429019528
300666210696
575544117640
317846079880
313567627656
588445534600
300682725768
588430002760
313550866756
588428773700
300665964868
575543871812
317845834052
592723740996
296371259716
571249166660
313551128900
588429035844
317845834056
592723741000
296387774792
571265681736
313567643976
296371259720
571249166664
313551128904
588429035848
300666227016
313568953992
588446860936
317862857288
592740764232
575561631304
317863593544
592741500488
588445730184
300682921352
575560828296
317862790536
317845816964
592723723908
296387757700
571265664644
592740697480
317862529668
592740436612
588446517892
313568692612
588446599556
588428756616
300665947784
575543854728
300683790724
575561697668
317863659908
592741566852
296387757704
571265664648
313567626888
317862611336
592740518280
588429822344
300667013512
575544920456
296388823432
571266730376
313568692616
588446599560
300683790728
313567578696
588445485640
300682676808
575560583752
317862545992
592740452936
575543790152
317845752392
592723659336
296370932296
296372225604
571250132548
313552094788
588430001732
300667192900
575545099844
317847062084
592724969028
317863578248
592741485192
317847078472
592724985416
317863855688
592741762632
296389019208
571266926152
296387691844
571265598788
313567561028
296371176772
571249083716
313551045956
588428952900
317862790468
592740697412
296371242628
300683969864
575561876808
317863839048
592741745992
300666144072
575544051016
317846013256
592723920200
296387953992
571265860936
571249101380
313551063620
588428970564
313568610632
588446517576
300683708744
575561615688
317863577928
592741484872
588446534212
313568873092
588446780036
300683971204
588429018760
296388019848
575561878148
317863840388
592741747332
300666209928
575544116872
571265926792
313567889032
588445795976
588428970568
300666161736
575544068680
317846030920
592723937864
296387971656
300682676552
575560583496
571265878600
313567840840
313567888708
588445795652
300682986820
592724985160
317862545736
592740452680
300666225988
575544132932
317846095172
592724002116
313550865736
588428772680
313567905092
588445812036
300683003204
575560910148
296371258696
571249165640
313551127880
588429034824
575561958792
317863921032
300683970884
575561877828
296389003588
300666209608
575544116552
317846078792
592723985736
296388019528
571265926472
313567888712
588445795656
300682986824
575560893768
313567561092
588445468036
300682659204
575560566148
317862528388
592740435332
296372028808
571249935752
313551897992
588429804936
300666996104
575544903048
317846865288
592724772232
300682987140
575560894084
317862856324
592740763268
588429019716
300666210884
575544117828
317846080068
592740764228
575561681480
317863643720
592741550664
313567889992
588445796936
300682988104
571265860996
313567823236
588445730180
575560895048
300667193672
575545100616
317847062856
313567561096
588445468040
300682659208
575560566152
317862528392
592740435336
300666144136
296387954056
571265861000
313567823240
300684051784
575561958728
317863920968
592741827912
313550800196
588428707140
300665898308
575543805252
296387693128
571265600072
296389002820
571266909764
313568937540
588446844484
300684035652
575561942596
588445795912
575561614920
317863577160
592741484104
317847127624
592725034568
296387970632
571265877576
313567839816
588445746760
588429739400
300667209028
575545115972
317847078212
592724985156
296389018948
296389068420
571266975364
313568937604
588446844548
571250198152
313552160392
588430067336
300667258504
575545165448
317847127688
592725034632
296388036232
300682987144
300684052104
588429755720
300666946888
575544853832
317846816072
592724723016
300682937672
575560844616
296388756808
571266663752
313568625992
300682937992
575560844936
300682660228
313567890052
588445796996
300682988164
575560895108
317862857348
592740764292
571265943876
592724773508
296371243656
296388020872
571265927816
313567890056
588445797000
300682988168
575560895112
317862857352
592740764296
296372030088
296389069384
571266976328
313568938568
588446845512
317862806856
592740713800
296388758084
571266730564
313568692804
296388823620
588446599748
317863660100
592741567044
300683790916
575561697860
296372046404
571249953348
300665964104
575543871048
571249953352
313551915592
588429822536
300667013704
575544920648
317846882888
300683724164
575561631108
317863593348
313568626052
588446532996
592741500292
571250148740
313552110980
588430017924
300667209092
296371979656
571249886600
313551848840
588429755784
300666946952
575544853896
317846816136
588430017928
592724723080
296388756872
300683773576
575561680520
317863642760
592741549704
300683725384
575561632328
317863594568
592741501512
300682922376
575560829320
317862791560
317845833288
592723740232
313567627912
588445534856
571250149956
313567905352
588445812296
300684035720
317846882948
592724789892
313567644292
588445551236
300682742404
575560649348
317862611588
592740518532
296371260036
571249166980
592723741320
296387775112
571265682056
313567644296
588445551240
296371260040
571249166984
313551129224
588429036168
300666227336
317863856712
313568889416
588446796360
592741763656
571265862212
313567824452
588445731396
300682922564
575560829508
317862791748
592740698692
592741763396
296372242756
571250149700
313552111940
313568627016
588446533960
300683725128
575561632072
317863594312
592741501256
296371980616
571249887560
313551849800
588429756744
313567627652
588445534596
300682725764
575560632708
317862594948
592740501892
588445731208
296371243396
571249150340
313551112580
300666144324
575544051268
317846013508
296389020040
313567823432
588445730376
300682921544
575560828488
317862790728
592740697672
588445468232
300682659400
575560566344
317862528584
296388757128
571266664072
313568626312
588446533256
317846816392
592724723336
592741500552
300666947208
575544854152
317862610568
592740517512
575560583812
317862546052
592740452996
317862610308
592740517252
571249887620
313551849860
588429756804
300666947972
575544854916
317846817156
592724724100
588446532936
300683724104
575561631048
296389020228
571266927172
313568889412
588446796356
571266665032
588445534792
300682725960
575560632904
317862595144
592740502088
588430019144
300667210312
575545117256
296372046408
588446795396
300683986564
313567578760
588445485704
300682676872
571265664388
313567626628
588445533572
592740453000
296387774024
571265680968
592740517448
575560583492
317862545732
592740452676
296372243076
571250150020
313552112260
588430019204
296388037256
571265944200
313567906440
588445813384
300667210372
575545117316
296372243080
571250150024
313552112264
300667193992
571266665028
313568627268
575545116296
317847078536
592724985480
296389019272
571266926216
313568888456
571266648452
313568610692
313567626632
588445533576
300682724744
575560631688
317862593928
592740500872
313567823492
588445730436
300682921604
575560828548
317862790788
592740697732
300665882244
575543789188
317845751428
592723658372
588445730440
300666144392
575544051336
317846013576
592723920520
296387954312
571265861256
313567823496
313567578440
588445485384
296370932040
571248838984
313550801224
588428708168
300665899336
300666161796
575544068740
317846030980
592723937924
296387971716
571265878660
313567840900
588445747844
300682939012
575560845956
313568610696
588446517640
300683708808
575561615752
317863577992
592741484936
296389018952
571266925896
313568888136
588446795080
300683986248
575561893192
317863855432
592741762376
313568691780
588446598724
300683789892
575561696836
317863659076
592741566020
588428970632
300666161800
575544068744
317846030984
592723937928
592723985796
296387971720
571265878664
313567840904
296388019588
571265926532
313567888772
300682986884
571265878340
317862807876
592740714820
300683724356
575561631300
317863593540
592741500484
296370931268
571248838212
313550800452
588428707396
300665898564
575543805508
313568888392
588446795336
296388757064
571266664008
313568626248
588446533192
300683724360
300683986504
575561893448
575545116232
300683789896
575561696840
317863659080
592741566024
313568691784
588446598728
313568872836
588446779780
300683970948
588429018504
300666209672
575544116616
317846078856
592723985800
296388019592
571265926536
313567888776
588445795720
300682986888
300666161480
575544068424
317846030664
592723937608
317862807880
592740714824
592740518468
300682742340
296387971400
571265878344
575561877896
317863840136
592741747080
300667193736
575545100680
317847062920
592724969864
300682741128
575560648072
317862610312
592740517256
296388757892
571266664836
313552176708
588430083652
300667274820
575545181764
317847144004
592723741256
300665965128
575543872072
317845834312
592725050948
571265664324
313567626564
588445533508
300682724676
575560631620
571249937032
313551899272
588429806216
317862593860
592724773512
317863642440
592741549384
313568937288
588446844232
588445533512
300682724680
575560631624
317862593864
592740500808
588429018440
592740517192
313568626308
588446533252
300683724420
575561631364
317863593604
592741500548
592741762692
296389019268
571266926212
313568888452
588446795400
313551849096
588429756040
317862807176
592740714120
296372242056
571250149000
313552111240
588430018184
300667209352
592741550408
575544134216
317846096456
592724003400
296389069448
571266976392
313568938632
588446845576
592725035656
300667259528
575545166472
317847128712
296370996868
317847127428
575561942404
317863904644
592741811588
592725034372
296372290948
571250197892
313552160132
588430067076
300667258244
296388806024
296372290952
571250197896
313552160136
588430067080
300667258248
575545165192
317847127432
592725034376
296389068168
296370996872
571248903816
313550866056
588428773000
300665964168
575543871112
317845833352
592723740296
296387774088
571265681032
317846817416
592724724360
317862872388
592740779332
296388035908
571265942852
296388822340
317863658820
296372045124
571249952068
588446598468
575561696580
575560648008
317862610248
300666225992
575544132936
317846095176
592724002120
296388035912
571265942856
313567905096
588445812040
