79743781128
79743846664
79744477792
79744477856
75499596432
79744231945
74451060993
75499128856
74451061249
75499596368
75435877776
74362000976
74361940560
74361940576
74362006096
74362006160
74362984965
74362984966
74366470408
74363050501
74366196230
74366470660
74366487044
75436927376
75436927392
75435878816
75436017928
75436034312
75436140176
75440924937
75440334480
75440990473
75499608201
75499612297
75566717065
75566721161
75709553296
75591977473
75608656385
79744248329
75709815440
79761025545
74363054480
74631485856
74366486788
74366748740
74367179360
74367179424
74467805441
74534897793
74631486096
74631486112
80004393616
80004393632
74631420166
74631420170
74631424517
74631424518
80000199178
75436140944
75436141200
80004327945
75436140960
75436141216
74367179269
74367179273
75524212801
75566254148
75524212865
75566700681
74362984969
75441121952
74363050384
74363050400
74367244688
74367244704
74363054496
74367248784
74367248800
75437185616
75437185632
75436730960
75436730976
75440925264
75440925280
75436792073
75436792074
74362001929
74362001930
74366732356
74467805442
74534897794
74631490192
75591911938
75608640002
74367183200
74367183264
74362000992
74362005769
74366195296
74366200070
75436140617
74366732420
75440334921
74367179014
74367179018
75705227529
75705231625
75709421830
75709425926
74366200160
79744477600
79760623880
79744633352
79760624136
74363050640
75436792464
74367244944
75440334985
75705231881
74361940384
75435681290
74362005920
75435746826
74362988960
75436730784
75436796320
75435879008
75436140618
75436796576
74367249056
75440990880
74361940640
74362005765
75435682314
75709696520
75709819536
74362006176
75435747850
74362989216
75436731040
74363054752
75566721696
79761025546
74362989152
74367183456
75436792069
75436792070
75441121680
75441121696
74367183440
74367179344
74362985040
79903656450
148623083650
79743519240
79743584776
79744567816
74361940320
74366486596
74362005856
74366486660
74362988896
74366486600
74363054432
74366486664
75435878992
75705162245
75705162246
75705227781
75705227782
74362276356
75436140112
75436141136
74451126785
75566705232
75436017160
75498948628
75499210772
75540989969
75566319636
75498948632
75499210776
75540989970
75566319640
75705166085
74366196234
74366200416
74366200480
74367179274
74367244809
75499612768
74635680352
75566721632
75436730890
75436792330
75436796426
75436792329
75436796425
75499612816
75436730886
75440334922
75436927584
75440490568
75437189728
74361935366
74361935370
74362000905
74362000906
74362005766
74367183184
74366748804
75441384096
79735958026
75498883140
75498883204
75498948644
75498883144
75498883208
75498948648
74362985104
74361939462
74361939466
74362005001
74362005002
75437189792
75499145256
75705162400
74362001056
74362005770
74366195360
74366200074
75566705296
79761009161
75499145284
75499145288
75524212802
75566254152
75705161989
75705161990
74367179270
74367244805
74367244806
75440335248
75440335264
75705231622
75705231626
75705231878
75705231882
75499210792
75499596176
75436792326
75435746896
74362276104
75436214344
74362276360
75436214408
75436280068
75436796165
75440474184
75437189712
75440474248
74362001925
74362001926
74362000901
74362000902
74361940304
74362001040
74366470404
74362988944
74467788929
74631424522
74631490057
74631490058
75436796422
75499145348
75499595913
75566254212
75566704777
75591977217
75705227530
74362985120
74467789057
74534897729
74631420512
74631420576
74361939296
74362292292
74362004880
74362984864
74362275912
74363054688
75499128872
75499612752
75587684610
75591878914
75587684866
75705232016
75499145352
75705621136
79744739984
74631424672
75705166496
74631490208
75705232032
74362005088
75435746912
74366199392
74366732360
75435878473
75435878474
75435878537
75435878538
74361940230
74361940234
75435681376
75435681440
75709422090
75709426186
79761255072
74451060994
74467789058
74451061250
75541530882
75524868354
75541547266
74362989136
74362989200
75436280324
75437189776
75441384080
75591878722
75608639618
75591878786
75608656002
75437066756
74362989062
74362989066
75499595850
75499210788
75499595914
74362984714
74362988810
74367183114
75436296452
75436730634
79760558600
79761517152
79761517216
75436927568
74367244880
74362005840
74366470276
74366200144
74367183248
74367248720
79743846920
80004327690
75436730889
74363050502
74363050506
74367244810
75440335520
74631485958
74631485962
74635680262
74635680266
75440990725
75524868609
75566721424
75436792325
75436796421
75435879072
75440925194
75435681034
74467788865
75436034120
74362004896
75435746570
74366199200
75436792224
75436140128
75436296324
75435877984
79903721986
148623100034
75440490760
79731698186
75440491016
79731763872
75436296712
79731263624
79744231946
75608639745
79743846424
75608640001
75435747846
75439942150
75439942154
74367183369
74367183370
74367248905
74367248906
75440925193
75440990729
75440990730
74635684432
74635684448
75524212866
75540989986
75566721440
75524868610
75541547522
74451126786
74467805698
74446833794
75436796169
75435746960
74362538056
75436279880
74362538120
75436279944
75435877792
74361935440
74361935456
74635684362
74361939536
75499591817
75499591818
75591911681
74363054602
75436140682
79743518984
79743584520
79744477536
75435878032
75435878800
75435879056
75705227526
74362984709
74362984713
74631490128
75709426256
75437066760
75440474632
75441261064
75591977474
74361939461
74366470212
74367179168
75435747845
74362989061
75436730885
75705166341
75705166342
75705231877
75440474628
74631485961
74366199376
79735958025
79731763856
74635680160
75440990624
75439941280
75440490632
75440990864
74366486792
74362276100
74362292484
74362292488
75435877968
74361940229
79744739936
74363050656
75436792480
74362004832
75436927648
74362006112
74367179408
79836547330
79903656194
74362005152
74362984970
75435682309
74362292740
74362988809
75435878048
75436792416
75440334981
75440334982
75436796496
75436796512
75440990800
75440990816
74362006021
74362006025
74366200325
74366748744
74366470216
74366200326
75709426181
75709426182
75709421834
75435682310
74361939616
75436280072
75436296456
74361939360
74361940485
74362989065
75499595849
79760558344
75436033544
75436140192
75436730633
80000133386
75705227936
75436141152
79744477840
79760623640
75566704713
75566704714
75566704778
79760623656
79761255008
75705227785
75705227786
75709712904
74631486032
74631486048
74635680336
74363050505
75440335504
74631485957
74363054416
74366470280
74363054672
74367248976
80000133642
74362006022
75436140677
75436140678
74361936390
79744740000
80004327946
75436279940
74362210376
74362988880
74446817346
74451011650
74446817410
75439942149
75436296708
75440491012
75566705312
75566721680
74361940486
74367249040
75435681360
74362005072
79819770114
79819770370
79836612866
75705358992
79731763722
75705363104
74631420422
74631420426
79903623234
75709557408
80004328096
75705162250
79903656193
79743781384
80004327689
75705166086
74361939552
74362005136
75439941130
74366195210
74366199306
75499596384
75608639617
75566705248
75608656001
79761009162
79903606914
79899428994
79903623298
74362292296
75440334986
75437185696
75440990474
75440990726
80004393481
80004393482
74366200330
80012913312
80013175456
74367183520
75436796166
75436927632
75441121936
75440925344
74451028034
74631424416
74362554440
74534897730
75591911682
75608639746
75705363088
74631424608
75709815456
75566254120
75566721616
75591879170
75709426272
75566254216
75440925328
74367244896
74367244960
75435747849
74367183504
74467788866
74451011714
74467788930
74362226760
74362292356
75436230728
74362292744
75436230792
79743830040
79743830056
75591862338
74467805697
74534914177
74635680416
75436140681
75566319652
75566717066
75499145240
74362226824
74362292360
75435878533
74362554436
74362554500
75541547521
75436034568
75591911937
75566319656
74367248736
74451028098
74467805314
74635684192
74635684256
74366487048
74366200224
75566721162
79731263560
79899412546
79903606850
79899428930
80029952672
75709421829
75709422085
75709422086
74467789313
74467789314
75436731024
75587668034
75608656129
75540989985
75566700682
79761410568
75436296264
75436296328
75705166090
79744248330
79731247176
74367248992
74361936389
75705227525
74363050576
75436792400
75441277448
79761254816
75499612576
74362538116
74362004816
75499608197
75499608198
75499596192
75499612560
74362275972
74631489936
74631489952
75566717062
79903721985
79899412610
74362006026
75587684482
75499596448
75705231621
74363050336
74367183365
74367183366
75436280328
74362985056
75435878534
74363050592
74363054601
80029846024
74635684512
74361940490
74631424592
74362210440
74362275976
74361939280
75705166346
79819835906
80013175392
74366470664
74366732424
79761254752
75440474376
75440925088
75435746976
79731763721
79903656449
74361935365
74362005904
74366195280
74366200069
74367179013
74367179017
74631420421
75436034184
75587668098
75591862402
75566254104
74362554504
75437083144
75436796170
79743846440
75440924938
74366748808
74362538052
74361936394
75608639554
74367183113
75608656130
75709422240
74363054736
75709425925
74534914178
79731698185
75709425930
75709426336
75541547138
75709426080
74631490144
148723870218
75608656386
75709557392
79899527682
75705625248
75709819552
75541531138
74361935520
75499612832
75499608202
74467805313
75437083140
74631420320
75436796560
74366200400
79836613122
74635680261
75566717061
75591977218
79836547586
74631420496
75437185680
74366195206
80029780488
79761345032
75524803074
74363050320
75705621152
75709557152
75440334496
74366199456
75541530754
74635684176
74361935109
74361935110
74631420165
74361935114
75705359008
75705161994
75705625232
74366195205
74366196229
74362984710
74361939210
75608639553
79731247240
75709553312
75709557136
75436018184
75541530690
74362275908
75499612298
148623083586
75524802818
74631424266
