21828289860
39294420360
21913307784
39093176968
26208275080
43388144264
22181743240
39361612424
26476710536
43656579720
26191480388
43371349572
22164948548
39344817732
26459915844
43639785028
26208257604
43388126788
22096741956
39276611140
26391709252
43571578436
21913241160
39093110344
26208208456
43388077640
22181676616
39361545800
26476643912
43656513096
21846117000
39025986184
21896530312
39076399496
26191497608
43371366792
22164965768
39344834952
26459933064
43639802248
21913307524
39093176708
26208274820
43388144004
22181742980
39361612164
26476710276
43656579460
21896463688
39076332872
26191430984
43371300168
22164899144
39344768328
26459866440
43639735624
39343769224
26458867336
26459916872
43639786056
43638736520
21829404232
39009273416
26124371528
43304240712
22097839688
39277708872
21845133636
39025002820
26140100932
43319970116
22113569092
39293438276
26408536388
43588405572
21912242500
39092111684
21912241796
21896448644
39076317828
26191415940
26140117384
43319986568
21828356424
39008225608
26123323720
43303192904
26141082948
43320952132
22096791880
22164966020
39276661064
26391759176
21913307720
39093176904
26208275016
43388144200
22181743176
26476645000
22164964744
39344833928
21895416456
39075285640
26190383752
43370252936
22163851912
21828372036
39343721096
26458819208
43638688392
21912193668
39092062852
26458868292
43638737476
43655514692
26207210052
43387079236
22180678212
39360547396
26475645508
22163899780
26458867076
39075333508
26190431620
39092062596
21828307588
39008176772
26123274884
43303144068
22096743044
39276612228
26391710340
43571579524
21895416452
39075285636
26191497544
43371366728
22164965704
39344834888
26459933000
43639802184
39361612100
26476710212
43656579396
21828307592
39008176776
26123274888
43303144072
22096743048
21846197896
26141165192
43321034376
21896447620
39076316804
22114633352
39294502536
26409600648
22181741956
39361611140
21912176004
21845067140
39024936324
26140034436
43319903620
22113502596
39293371780
26408469892
43655447940
39343769160
26458867272
43638736456
26207209028
43387078212
43655513668
39076317764
26459851332
43639720516
39344753220
26409585288
43572628040
21828356680
22113569412
39293438596
39008225864
26123323976
43303193160
22096792136
39276661320
26391759432
43571628616
21846197636
39026066820
26141164932
43321034116
22114633092
39294502276
26409600388
43589469572
22163851848
26459867780
39343721032
26458819144
43638688328
22114552456
39294421640
26141149768
43321018952
43371300232
21895398792
39075267976
26190366088
43370235272
22163834248
39343703432
26458801544
43638670728
21845067144
39024936328
21846197832
26141165128
43321034312
26475661896
43655531080
26408552840
43588422024
21845083780
39024952964
26140051076
43319920260
22113519236
26408486532
43588355716
26409518404
43589387588
43304256840
22097855816
39277725000
26392823112
43572692296
26141164868
43321034052
26124323464
43304192648
22180628868
39360498052
43655513732
21828356484
39008225668
26123323780
43303192964
21828306308
39008175492
43572677252
21828356488
39008225672
43303192968
22096791944
39276661128
21913240968
26208208264
43388077448
26476643720
43656512904
26392757828
22181676612
43572627012
21896463940
39076333124
26191431236
22164899396
39344768580
26459866692
21829338692
39009207876
26124305988
43304175172
22097774148
39277643332
39025019524
26140117636
43319986820
22113585796
26408553092
43588422276
26141100676
43320969860
21845083716
39024952900
26140051012
43319920196
39344753224
26409585224
43589454408
22097790536
39277659720
26392757832
43572627016
21896463944
39076333128
21829405252
43304241732
22097840708
39277709892
43572677188
26459866504
22163900036
39343769220
21845132932
39025002116
21913240904
39093110088
26208208200
43388077384
39361545544
21912241800
39092110984
26207209096
43387078280
22180677256
39360546440
26475644552
43655513736
21896448648
26191415944
26141165892
43321035076
22114634052
39294503236
26409601348
43589470532
21913307460
39093176644
39360498244
26123274820
43303144004
22096742980
21828372808
39008241992
26123340104
22096808264
39276677448
26391775560
39344835204
43571644744
21895481672
21912193672
39092062856
26207160968
39343768968
26458867080
43638736264
22180629128
39360498312
26475596424
26475644292
43571644740
26191415684
43371284868
22164883844
39344753028
26459851140
43639720324
21829339780
39009208964
26124307076
43304176260
22097775236
39277644420
26392742532
26190431880
43370301064
22163900040
21913307464
39093176648
26208274760
43388143944
22181742920
39361612104
26476710216
43656579400
26207143496
43387012680
26476628616
26190383688
43370252872
43370300740
22163899716
26190431556
43638736196
21845132612
43319969092
43589453448
21912241736
39092110920
22180677192
26409536132
39360546376
26475644488
43655513672
26191415880
43371285064
22164884040
21913225796
39093094980
43589454472
21846197640
39026066824
26141164936
43321034120
39294502280
26409600392
43589469576
21829339784
39009208968
26124307080
43304176264
22097775240
26141099400
43320968584
39277644424
26392742536
21912193608
39092062792
26207160904
21895464264
39075333448
26190431560
43370300744
21912241476
39092110660
26207208772
43387077956
39344752964
43639720260
43371284804
21829339460
39009208644
22097774916
39277644100
26392742212
43572611396
22164883780
21846115972
26141083268
43320952452
22114551428
43589387908
39343720776
26458818888
43638688072
21912193348
39092062532
26207160644
22180676932
21845083784
26140051080
43319920264
39293388424
26408486536
26409536136
43388062088
22097773956
26409584964
21846197576
26141164872
43321034056
22114633032
26409600328
43589469512
21829339464
39009208648
43304175944
22097774920
39277644104
43572611400
21896448328
21829405320
26124372616
43304241800
22097840776
39008242052
26123340164
43303209348
22096808324
39276677508
21845083524
26140050820
43319920004
22113518980
26408486276
43588355460
21828372872
26123340168
43303209352
39276677512
26391775624
21895481736
26475578952
43655448136
43320952388
22114551364
39294420548
26140117640
43319986824
26408469896
43588339080
43639736900
39361595016
21845083720
39024952904
26140051016
22113519176
39293388360
26408486472
26392741188
43572610372
26409534856
43589404040
21845150084
26140117380
43319986564
22113585540
39293454724
26408552836
43588422020
26190382724
43370251908
43572677192
26141149764
26408486212
43588355396
43319919940
22113518916
39293388100
22113502532
43655447876
43370235204
39293371716
21912175940
39092045124
22096725320
43571561800
21895398728
39075267912
26190366024
43370235208
22163834184
39343703368
39025019464
26140117576
22113585736
26476628360
43656497544
43303143048
22096742024
39276611208
26391709320
26190382728
26207209092
43387078276
43371285124
39092110728
43387078024
43655513480
39076317576
22181726788
39361595972
26476694084
43656563268
21846182468
21828306244
39008175428
26123273540
43303142724
22096741700
39276610884
43387028804
43588421956
43371366020
39076398724
26459932292
26476627332
43656496516
22164882820
22181660036
43639719300
39076383304
26191481416
43371350600
22164949576
39344818760
21913291336
22114617928
22096741704
39276610888
21895415112
26391708996
43571578180
39075284292
39343703364
26190382408
22163850568
43638670660
22114567492
39294436676
26409534788
21828289864
39008159048
26123257160
43303126344
39093093768
43388061064
43656496520
21846115720
39025984904
22114551176
21896447364
39076316548
26459850116
26392741252
43572610436
21829338500
39009207688
22097773960
39277643144
26392741256
39008159112
22096725384
26391692680
21845083528
22114617924
26409585220
22096792132
39276661316
22164949572
39344818756
43589454404
43319970372
22113569348
26408536644
22163835268
22097840712
39277709896
26392808008
21846182472
39026051656
26208258632
21846115716
39025984900
26141083012
43320952196
22114551172
26409518468
22163834244
26458801540
43638670724
21828289924
26141083016
43320952200
39076316552
26191414664
43371283848
22164882824
26459850120
43639719304
21913224584
43321019016
22164965700
22113503624
26190367112
22163835272
39343704456
26458802568
21912177032
39092046216
26124305736
43304174920
39076398660
26191496772
39344834116
21829404228
43304240708
22097839684
26191496776
22164964936
26208273992
22181742152
39294487112
43589403972
39361545540
26476643652
43656512836
21913240900
26208274052
43388143236
26476709508
43656578692
22114551432
39294420616
43303126660
21828290184
39008159368
26123257480
21829404296
26140050760
43319919944
26408486216
43588355400
21828306248
39008175432
26123273544
43303142728
43320969796
39093111364
26208209476
21895480904
26190448200
22163916360
39008241224
26123339336
39276676680
26391774792
43571643976
26207225416
22096726404
39294486152
43656562312
21896513160
43371349640
26123324036
43303193220
22096792196
26391759492
43571628676
21895465604
21845133956
43319970436
26391759496
43571628680
22163901064
26458868360
26476694152
43656563336
21896514184
39026051720
22164949640
21896464968
39076334152
26191432264
39009273156
26124371268
43304240452
22097839428
26392806724
43572675908
43656561988
21912242820
39092112004
26207210116
22180678276
39360547460
26475645572
43655514756
43572675912
39026050376
22114616648
39294485832
22164948296
39344817480
43639784776
39093159240
26208257352
22113569416
39293438600
22180678280
26475645576
43588405896
22181742148
43656578628
39075351108
43303209540
22163917380
39343786564
43638753860
39092128324
43370301764
26123323716
22096791876
26391759172
43571628356
21895465284
26476710472
43656579656
39008242248
22096808520
39276677704
21846132100
26141099396
22114567556
21913240964
39093110148
22164899204
39344768388
43319920008
22113518984
22096741768
26475595144
39344834884
39294486920
39025002824
26140100936
43319970120
21912242504
39092111688
26207209800
43387078984
22180677960
26141099652
22114567812
43589404292
26191431300
43371300484
21845068424
39008160136
22096726408
39276595592
39344768648
26459866760
21913241224
39093110408
26208208520
43388077704
39361545864
26476643976
39093110084
26208208196
43388077380
39009224004
26124322116
43304191300
39277659460
39026001220
26141099332
26123340420
43303209604
39276677764
26391775876
21912259204
39092128388
26207226500
22180694660
21828372100
26123339396
43303208580
39276676740
26391774852
22180629124
26123340424
43303209608
22096808584
39276677768
22163917448
26391775880
43370318472
22096726344
43571562824
39009224008
26124322120
21913225540
39093094724
43388062020
43656497476
43371284808
39344752968
39360497992
26392807752
43572676936
21845150024
21845068100
39293389448
22113568132
39293437316
26408535428
39276611908
26123339332
26391710020
43571579204
39343720772
21846182276
39026051460
26141149572
22114617732
26408536456
43589454212
39294437768
21846182280
26391692872
43571562056
26190366280
43370235464
22163834440
26191414856
43371284040
22114552196
26140099976
43319969160
22113568136
26409519492
22096742728
39276611912
43571579208
39075285320
43319920968
22113519944
22114552200
26459851144
26409519496
39276595780
26208193096
22181661256
43656497736
43387030148
22114617988
39294487172
43656497800
39361546888
39277709960
43589405320
39293454984
21828356744
26123324040
26408470920
22096725636
39360480900
43571562116
43370235524
22163834500
26458801796
39093094020
21913224836
43371284104
21913224840
22096725640
39276594824
26207226436
22180694596
22096808516
39276677700
26391775812
26140117572
39025019460
43319986756
26408553028
43588422212
43371350660
22097840772
39343719812
26458817924
43638687108
39276610948
26391709060
43571578244
22163850628
26475595140
39293454920
43571645000
22163917384
39343786568
43638753864
39092128328
26207226440
26408553032
21896447624
39293453892
43588421188
43304192580
22114617992
26190382660
26475595332
39361545796
26124322372
43304191556
39343719816
39008175688
43571578440
39075284552
39026001480
26208258372
43388127556
22097840452
43572676932
21913291396
39093160580
22181726852
39361596036
43388127876
43656563332
22114617672
39294486856
43371350344
21913291080
39343719752
39294485828
21829403972
21828355396
39008224580
26123322692
22096790852
22163835524
39343704708
26190448260
43370317444
39092110664
26207208776
26124371272
43304240456
43371350340
39026050692
22114616964
39294486148
43589453444
39277659780
26458818180
21912192644
39277659784
21912192648
26207159944
43387029128
21828306568
26123273864
26392757896
39344769668
26123339400
43303208584
26391774856
43571643716
21845148996
26140116356
39344769672
26191480196
43371349380
43639784836
26392758596
43572627780
39026002244
26123339080
43303208264
43319985480
22114568772
26141148552
21895464324
21845132676
39025001860
26140099972
22097839492
26190431624
43370300808
26392806792
39008224648
21913291400
22181726856
43320969544
39294437704
22164900168
39361546568
22113569156
43588405636
39092111748
43387079044
22113569160
39293438344
21912242568
22163835528
43319985476
43639801156
26123339076
43303208260
39276676420
26391774532
39076398408
39344833864
43388142920
43656578376
22164965956
39344835140
43639802436
21846181252
39026050436
26141148548
26191431044
43371300228
26392757636
43572626820
22114568580
39294437764
26141166152
22164965960
39344835144
43639802440
39344768392
22114567560
39294437700
26191496580
43371365764
22164964740
39344833924
43639801220
26458818948
43638688132
22113520004
39293389188
21845149064
39025018248
39293389192
43304257156
26392823428
21913306756
39093175940
39361611396
26191496836
39093160264
43388127560
43656563016
43387013508
39360481668
43321017736
39076398404
21846197572
43656578372
39360563844
26475661956
43655531140
43370318468
39009289544
21846181444
26207226504
26475661960
43321017928
26140117316
43319986500
26391775556
21845068420
22097840516
22114617736
21896513156
43388126852
39009273476
43304240772
43304240776
22114616968
21912258180
39092127364
26207225476
26190448004
22163916164
43656578632
39025018440
26140116552
21845067332
22164900232
39344769416
21912176200
21913290372
39093159556
26208274056
43388143240
26207225480
39093111428
22181677700
39361546884
39344769412
26459867524
39294503560
22164900164
39009290564
43304257860
43388143940
43572693316
39277726024
43572693320
21913290376
39093159560
43388126856
39294503492
43589470788
22181725572
21912176260
39294421636
22164883016
39277659464
22163835460
22096726340
39093094728
39276595784
21912176264
22180611720
39360480904
22113520196
26207143300
39293372804
26408470916
39009208708
39009208712
39344753032
22180611716
22096742724
39361546564
39277660484
39277660488
22180611396
39008159044
22096725316
22180611400
22163851656
22114634116
21828355652
21895464520
21913241220
39093110404
39076332932
22181743236
39361612420
43656579716
39361529476
26208192132
39009207940
39093094024
39361529480
39009207944
39009207620
22180612740
22096726660
39360481924
39009207624
22180612744
39360481928
22096726664
43639736904
26459867720
43304256836
21896513096
26207209796
26408536648
43638737480
39361530504
26123322696
39361530500
21828306564
