74357761556
74357773704
74357761572
74357777956
75507501066
75570481162
79743457416
79752075778
79743461512
79752079874
75503774018
75503774274
75570882882
74383493126
74400172038
75457636674
75457636738
75474413842
75474413858
79760492617
79760492618
79760492681
79760492682
75457636930
75457636994
75700988200
75701004568
75701004584
79995955480
79995955496
74362529828
74366724132
74362525736
74366720040
74362529832
74366724136
74379700498
74379700514
74383894802
74383894818
75503773778
74358810904
74358810920
74366392360
74384148741
74384148745
74362202152
74362935684
74362935688
74367129988
74367129992
74631371137
74631371138
75457636993
75474414097
75456845314
75456849410
75457103366
75457103370
75457104134
75457104138
75457104390
75457104394
75457169414
75457234950
75440875906
75440892290
75431519624
75431585048
75431585064
75436681601
75436697985
75436681602
75436697986
75431519816
75431504148
75431520532
75431520580
75431504164
75431520644
75431962712
74366715925
74366715941
74362521637
74362521622
74362521638
74362521625
75431700568
75431716952
75436197913
75507968386
75575077250
75507968642
75575077506
75503110154
75503372298
79744280868
79752866305
79744280872
79753120265
75507304458
75507566602
75499670026
79769635077
79769635333
75452656129
75452918273
75452652034
75452914178
75452656130
75452918274
75456846081
75456850177
75457108225
75431699848
75431716424
75431700104
75431962248
75436681604
75440875908
75436681608
75440875912
75431716232
75431716488
74367150468
74367150472
74379696658
74379696674
74383890962
74383890978
75499735301
75499735302
75499735557
75499735558
75431700632
75431700648
75431717016
75431717032
74357762328
74357762344
74357778712
74357778728
75431700584
75457890825
75457890566
75457890822
75457890570
75452663817
75452680201
75456841993
75456842249
75456841990
75456842246
75456841994
75456842250
74400925957
74400926213
74400925961
74400926217
74400925958
74400926214
74400925962
74400926218
74400930305
74401188357
75566852616
74357757208
74357757224
74357761316
74357773608
74362952065
74357757480
74357773848
74357773864
74362935681
74362935682
79743703112
79743707208
79760480328
79760484424
79765440774
79765440778
79765441034
75474414098
75474414114
79761058337
79761058338
79761123873
79761123874
74362939780
74367134084
74362939784
74367134088
74362952068
74362952072
74367146372
74367146376
74362935618
74362952002
74362939713
74362956097
74362202132
74378921989
74378938373
74383132677
75453704705
75453958665
75453700610
75453958662
75453704706
75453958666
74384157185
74384411145
74384153090
74384411142
74384157186
74384411146
74379700754
74379700770
74383895058
74383895074
75503773842
74357762584
74357778968
74357762600
74357778984
75431504408
75431520792
75431504424
75431520808
74357779016
75431504404
75431504420
75431520788
75431520804
75431520648
74362259498
74357779012
74357779076
74357762324
74357762340
75709323905
75709323906
74378921990
74378938377
75503774081
75503774337
75507968577
75570883201
79743703176
79760480392
74362263588
74362267684
74366457892
74366461988
74384153089
74384411141
75431717252
75431717508
74383895170
79761058340
79761058344
80012716577
80012716578
74361907592
74357757464
74361891201
74366101890
74358811160
74358811176
74358827400
74358827560
75432569160
75432634648
75432569224
75432634664
75507968146
75503773858
75507968162
79744281121
79744346657
79744281122
79744346658
75570882706
75575077010
75431519560
75431519880
80029559329
79727585864
79727585928
79895222306
79895234598
79895226402
79895234602
75473913865
75507566601
74357844516
75431520836
75431586324
75473897478
75473913862
74627246360
74627246376
79743719496
79760496712
79743723592
79760500808
74627262760
75700988184
75566778633
75566778634
75566778889
74357773956
74366101825
74361907528
74366453781
74366453782
74366453797
74366453798
74357773896
74357773960
74357778052
74357839400
74367129985
74367129986
74378938374
74383132678
79761058321
79761058322
75456907274
75456972810
75473635338
75473651722
79744280865
79744346401
79744280866
79744346402
75457169418
75457234954
74379700513
74383894817
75453442321
75457636625
75453442337
75457636641
74379700753
74367134081
74361907524
75440875905
74367150465
74367146369
74357778824
74357844264
75431586072
75431586088
74635582082
79761058082
79761123618
74357761304
74357761320
74357777704
75431585304
75431585320
75431503128
75431519512
75431503144
74378921994
74378938378
74383132682
75743365638
75743365642
74400672290
75474676226
75474930182
75503773794
75507968082
75507968098
75431586068
79744281112
79761058324
79761058328
75452651010
75452655106
75452909062
75452909066
75452909830
75452909834
75452910086
75452910090
75457169413
75457234949
75474667781
75474668037
75474667785
75474668041
75474667782
75474668038
75457136650
74357774872
74357758504
74357774888
74361891457
80029559330
75570939974
75570939978
75570940042
74379184134
75440876100
75440876104
74357777800
74357777960
75566844426
75574675466
79744346404
79761123620
79744346408
79761123624
74383894850
74400672018
74383894914
74400672034
80012782114
75431717512
75431979656
75436698244
75440892548
75436698248
75440892552
75457890565
75457890821
75457890569
75457890826
75457894913
75458152965
75453442578
75457636882
75453442594
75457636898
74383895106
74400672274
79769639425
79769897477
79769643521
79769897481
79769639426
79769897478
79769643522
79769897482
79996037768
75457136646
74383427590
74383493129
75436005400
75436009496
75440199704
75440203800
75508025414
74361891458
74361907842
74357774920
74357840408
74357774984
74361907844
74366102145
74361907848
74366102146
74357758488
75474413857
75453438482
75457632786
75453438498
75457632802
74383894913
74379700769
74383895073
75453442577
75457636881
75453442593
75457636897
74383895105
74383895169
74627328552
75743103497
75457169417
75457234953
75473897481
75566778890
79743457352
79743461448
79752075522
79752079618
79752857862
79752857866
79752858122
75473897477
75473913861
74384148997
74384149001
74384148742
74384148998
74384148746
74384149002
74361907588
75701004936
74362952324
74362952328
75453442322
75457636626
75453442338
75457636642
75499739400
75499743496
75566848264
75566852360
75743103238
75743103242
75743103494
75743103498
74631391876
74635586177
74631391880
74635586178
75457899009
75458152969
75457894914
75458152966
75457899010
79765703178
75458152970
74366101122
75452651778
75452655874
75452913922
75452918018
75453696262
75453696266
75453696522
75453700609
75453958661
75436267544
75436271640
75440461848
75440465944
75575134278
75575134282
75575134342
75575134346
75436681860
75436681864
74357778980
74361907585
74361891202
74361907586
75431520900
74361907841
75440876168
79765445122
79765703174
79765449218
74400934401
74401188361
74400930306
74401188358
74400934402
74401188362
75452663818
75456858122
75452680202
75456874506
74379184138
74379200522
75431963208
79995972232
74383230985
74379200518
74383394822
75452925958
75457120262
75452942342
74366101889
74367134082
74367150466
74631391873
74631375489
74362525720
74362529816
74366720024
74366724120
79995971880
75440892488
75440892292
75440892296
75705133444
75705133448
75709327746
75431962792
75431979160
75431979176
75701004872
75456846338
75457636673
75474413841
75457636737
75456850434
75457108482
75457112578
75705133700
75705133704
75709328001
75709328002
79744281108
75432552984
75432553000
74635585922
74631391620
74631391624
74635585921
74357774664
74357774728
74357840152
74357840168
75440400424
75570944130
74362952008
74367146312
74362956100
75436697992
74362198052
74362202148
74362935624
74366396452
74362939716
75431699784
75431700040
75431962184
75436005416
75440199720
75436009512
75440203816
74631391560
74635585858
74367150404
75431586340
75440876097
75440876098
75440892482
74362952066
74362939777
74362956161
74362939778
74362956162
75499674120
75566782984
75499678216
75566787080
75499657736
75566766600
75499661832
75566770696
75452914177
75499657732
79744346641
79744281106
79744346642
75499735305
75566844166
79761123858
75473635337
75473651721
75499669769
75499670025
75436698241
75436698242
75508025418
75566844165
75566844421
75566844422
79744346644
79744346648
79761123860
79761123864
80012782100
80012782104
75503044618
75503306762
75570415626
74361890177
74361906561
75431717192
75431979336
75431717448
75431979592
75436267560
75440461864
75436271656
75440465960
74631387528
74635581826
74362263572
74366457876
74362267668
74366461972
74362263576
74366457880
74362267672
74366461976
75436698180
75436698184
75440892484
75566844170
75570882722
75575077026
75431519784
74631387521
74631387522
74631375233
74631391617
74631375234
74631391618
74631387524
74635581825
74367150408
74631391556
75507968322
75575077186
75726326026
75726326282
75726330369
75726588421
75726334465
75726588425
75726330370
75726588422
75726334466
75726588426
75722136066
75722140162
75722394122
75726326021
75726326277
75726326025
75726326281
75726326022
75726326278
75436681794
75436698177
75436698178
74361891138
74361907521
74361907522
74362939714
74362956098
75473889538
75473623553
75473885697
74362956424
74367150728
74367146632
74362956420
74367150724
74362956164
74362956168
75431700868
75431717444
75452646662
75452646666
75452646918
75452646922
75452647686
75452647690
75452647946
75452909829
75452910085
74366453801
74362259477
74362259493
74362259478
74362259494
74362259481
75503774338
75499678212
75566787076
75570883202
75503774082
75507968641
75431701064
75431962952
75575134277
75575134281
75575134341
80000101000
80004295298
74361890113
74361890114
74361906497
74361906498
74362193945
74362193946
75499739656
75499743752
75566848520
75743107586
75743111682
75452909833
75452910089
74379184133
74379200517
74383230981
74383230982
75431963272
75705113217
75705113218
75705129601
75705129602
75431700808
74362263592
74362267688
74366457896
74366461992
75705133636
75705133640
75709327938
74362259497
74357778760
74357844248
75431520584
74362521641
79743699017
79743699018
79743699082
79743715401
79743715465
79743715402
79743715466
74383890754
74400667922
79743723656
79760500872
75508025482
75508029570
75508091014
75508033666
75508091018
79760496776
79744346660
79744346664
79761123876
75456846082
75456850178
75457108226
75457112322
75499673864
75499677960
75456850433
75457112577
75457112321
75570882946
79811324002
79811324066
79828101218
79828101282
75432749384
75432749640
75433011784
79727520072
79727585608
79727520136
79727585672
75432749448
75432749704
75436697988
75431701124
75431963268
74631371393
74631387777
74631371394
74631387778
74631375490
74631391874
74631387780
74362940033
74362940034
74362956417
74362956418
75743103237
75743103493
75743103241
75743107585
75743365637
75440396312
75440400408
75436681796
75436681800
75456846337
75457108481
75473627649
75473889793
75473623554
75473885698
75473627650
75473889794
75440876164
75431717256
75431979400
74366453785
74366453786
74366453802
79995955592
79996021128
74361906817
74361890434
74361906818
79752862210
79752866306
79753120262
79753120266
75432569416
75432569480
75503774017
75503774273
75570883137
75453438242
75457632530
75457632546
75473619206
75473619210
75473619462
75473619466
75431504152
75431504168
75431520536
75431520552
75436263449
75436263450
75436263465
75436263466
75436681857
75436681858
74361906562
74362259482
74361890178
74357758232
74357758248
74357774616
75431520548
75436197914
75499735306
75499735561
75499735562
79744281105
75499669770
79744281124
79744281128
75499673860
75507501065
75499677956
75566786820
75566782728
75566786824
75499674116
74362935940
74367130244
74362935944
74367130248
74362940036
74367134340
74362940040
74367134344
74367146628
74357773604
74357757204
74357757220
74383394825
75456907273
75456972809
74383394821
74383230986
74383394826
75452663814
75456841222
75431519528
75436001305
75436001306
75436001322
75431503384
75431503400
75431519768
75507968578
75575077442
79743719560
75570883138
75570882642
75575076946
75570882658
75701004824
75575076962
74627246616
74627246632
74627262856
74627263016
75701004616
75456841226
75705117313
75705117314
75705133697
75705133698
75431700804
75431701060
75431963204
75473623298
75473627394
75473885442
75474667786
79769635078
79769635082
79769635334
79769635338
75431962776
74366715926
74367130241
74357844504
74357844520
74367146625
74357762580
74357778820
74357762596
74366715942
75473881609
74383891010
75457636929
74383891074
74400668178
74400668194
75474414113
75499739652
75566848516
75499743748
75566852612
74367146370
74366101826
74357839396
74357777992
74357778056
74379184137
74379200521
75452925961
75457104137
75452942345
75457104393
75473897482
75473913866
79895218198
79895218202
79895218218
79727520328
79727520392
75701184904
75701185160
75701201480
75701447304
79995971912
79996037448
79995971976
79996037512
79995955528
79743453257
79743453258
79743453322
75452925962
75452942346
75457120266
74357779080
75431520840
75431586328
75566844169
75566844425
75575138433
75575142529
75575199877
75575199881
75705129604
75705129608
74362193962
74361891137
74362198056
74366396456
74379958786
74379962882
74380216838
74380216842
74362956104
74361890433
80012781860
80012781864
80021555722
75452652033
74366100866
75452680198
74367134337
74367134338
74367150721
74367150722
74361906564
74361906568
74366100865
79761123880
75499739396
75566848260
75499743492
75566852356
75432766024
75433011848
75432765832
75432766088
75457632834
75457632898
75474410002
75474410018
75431979652
74361906820
74361906824
74366101121
74366715929
74366715930
74366715945
74366715946
74379696402
74383890706
74379696418
74383890722
75453438226
74357778724
75431586084
74357774632
74383890818
74400667938
75457632578
75473880582
75457632642
75473880586
74367130242
74367146626
74357840424
75431962728
75431979096
75431979112
75473881606
75473881610
74400672289
75473881349
75473881353
75473881605
79995955784
79996021320
79995955848
79996021384
75431520904
75431586344
75432569368
75432569384
74358827592
74358827656
74358893096
75575077505
75507968385
75431700872
75431963016
75431701128
75440457753
75440457754
75440457769
75440457770
75440876161
75440876162
75440892545
75440892546
75701004840
74627263048
74627263112
74383493130
74400172042
75701070360
75701070376
75700988440
75700988456
75436202024
75436206120
79743707272
79760484488
74362198036
74362521626
74362521642
74362521621
79769635081
79769635337
75452651777
75452655873
75431978632
148715448904
148715448968
75473619205
75473619461
75473619209
75473619465
74383427594
74366720036
75743365641
75743111681
79761058081
79996021272
79996021288
79996037672
74379700497
75474672130
75474930186
75474668042
74379954442
74379954698
74362939720
74367134020
74367134024
74362198040
74362202136
80012782120
75575138434
75575142530
75575199878
75575199882
75440396328
80029559314
74362525716
74366720020
74362529812
74366724116
74362525732
75436202008
75436206104
75571005574
75570948226
75571005578
75473623297
75473885441
75473627393
75473889537
74362952004
74362935938
74362952322
75433028232
79727536712
79727602248
79727536776
79727602312
79828101410
79828101666
79895210082
79895210146
79996037704
75701201288
75701201544
75701463688
79995972168
92923234818
105808136770
97209428512
105808136834
75432634904
75432634920
80012782116
74635582081
74631387784
75575134345
75474672129
75474930181
75474676225
75474930185
74366396436
74366392344
74366396440
74357773892
80012782113
148715514408
75452918017
74357761560
74357761576
75431716968
79727536456
79727536520
79727601992
79727602056
80000100996
75473881350
75473881354
75436197930
75436681793
79727520040
79727536424
75432552728
75432552744
75432569112
75432569128
79727520024
74358827304
75701070104
75701004680
75701070120
79995972136
75499661828
75566770692
74362935937
74362952321
74357757460
74357757476
74357773860
74361906500
74357773700
74361906504
79995955736
79995955752
79995972120
79727585816
79727585832
79727602216
79727520280
79727536664
79727520296
79727536680
74357843496
74379954438
75701184840
75701185096
75701447240
79996021064
74367134017
74367134018
74367150402
75566762249
75566762250
75566762506
88426940930
88494049794
88720550560
74383427589
74383493125
74400172037
