1379037955396
1379122973320
2478634601096
1654000880264
2753512508040
1383417940616
2482929568392
1658295847560
2757807475336
2483181209156
1658547488324
2758059116100
1379039069764
2478550697540
1653916976708
2753428604484
1383334037060
2482845664836
1658211944004
1654252471624
2753764099400
1383669531976
2483181159752
1658547438920
2758059066696
1379039069768
2478550697544
1653916976712
2753428604488
1383334037064
2482845664840
2757990959428
1379106179396
2478617807172
1658480380228
2757992008004
1383350815044
2482862442820
1658228721988
2757740349764
1379039070532
2478633535108
2757790616196
1379390343496
2478901971272
2757723572552
1383668533576
2483180161352
1658546440520
2758058068296
1383619250504
2483130878280
1658497157448
1379391408712
2478903036488
1654269315656
2753780943432
1383686376008
1379373517448
2478885145224
1654251424392
2753763052168
1383668484744
2483180112520
1658546391688
2758058019464
1379373517188
2478885144964
1654251424132
2753763051908
2483196872068
1658563151236
2758074779012
1654201075076
2753712702852
1379054732676
2478566360452
1653932639620
2753444267396
1383349699972
1379390342724
2478901970500
1654268249668
2478886177348
1654252456516
2753764084292
1379054732680
2478566360456
1653932639624
1379039004292
2478550632068
1653916911236
2753428539012
1383333971588
2482845599364
2753444267400
1654202205768
2753713833544
1383619266120
2483130893896
1658497173064
2758008800840
1383619183940
2483130811716
1658497090884
2758008718660
1383619265860
2483130893636
1658497172804
2758008800580
1654202205508
2753713833284
2482844617092
1658210896260
2757722524036
1379306457476
2478818085252
2482845665668
1658211944836
1383685310852
2483196938628
1658563217796
1654184314244
2753695942020
1383601374596
2483113002372
1658479281540
2757990909316
1379038022024
2478549649800
1653915928968
2753427556744
1383332989320
2482844617096
1658210896264
2757722524040
1379306457480
2478818085256
1379307439684
2478819067460
1654185346628
2753696974404
1383602406980
2483114034756
1658480313924
2757991941700
1383618218628
2483129846404
1658496125572
2758007753348
2478834879108
1654201158276
2753712786052
1379122973064
2478634600840
1654000880008
2753512507784
1383417940360
2482929568136
1658295847304
2757807475080
1379105130116
2478616757892
1653983037060
2753494664836
1379038021252
2478549649028
1653915928196
2753427555972
1383332988548
2482844616324
1379121907336
2478633535112
1653999814280
2753511442056
1383416874632
2482928502408
1658294781576
2757806409352
1379106114184
2478617741960
1653984021128
2753495648904
1383401081480
2758058084680
1654251424324
2753763052100
1658479282756
2757990910532
1379105081924
2478616709700
1653982988868
2753494616644
1383400049220
2482911676996
1383401081220
2482912708996
1658278988164
2757790615940
1379038038340
1383350749828
2482862377604
1658228656772
2757740284548
1383619185284
2483130813060
1658497092228
2758008720004
1383417858692
2482929486468
1654184363656
2753695991432
1383601424008
1379391408456
2478903036232
1654269315400
2753780943176
1383686375752
2483198003528
1658564282696
2758075910472
1379373517192
2478885144968
1654251424136
2753763051912
1383668484488
2483180112264
1658546391432
2758058019208
2483113003592
1658479282760
2757990910536
1379105081928
2478616709704
1653982988872
2753494616648
1383400049224
2482911677000
1658277956168
1379390342728
2478901970504
1654268249672
2753779877448
1383685310024
2483196937800
1658563216968
2758074844744
1379374549576
2478886177352
1654252456520
2753764084296
1383669516872
1379055782536
2478567410312
1653933689480
2753445317256
1383350749832
2482862377608
1658228656776
2757740284552
1379324217992
2478835845768
1379121859144
2478633486920
1653999766088
2753511393864
1383416826440
2482928454216
1658294733384
2757806361160
1383685309764
2483196937540
1658563216708
1383669516612
2483181144388
1658547423556
2758059051332
2758074844484
2482845599368
1658211878536
2757723506312
1383333971332
2482845599108
1658211878276
2757723506052
1379324298568
2478835926344
2753713833288
1383619265864
2483130893640
1658497172808
2758008800584
1654202205512
1383350815364
2482862443140
1658228722308
2757740350084
1379055848068
2478567475844
1653933755012
2753445382788
1379307439688
2478819067464
1654185346632
2753696974408
1383602406984
2483114034760
1658480313928
2757991941704
1379323251336
2478834879112
1654201158280
2753712786056
1383618218632
2483129846408
1658496125576
2758007753352
1658227623496
2757739251272
1383602406724
2483114034500
1658480313668
2757991941444
1654201158020
2753712785796
1383618218372
2483129846148
1658496125316
2758007753092
1383619250756
2483130878532
2757739251012
1658497157700
2758008785476
1654000862596
2478634583428
2753512490372
2483112987268
1658479266436
2757990894212
1379306392196
2478818019972
1654184299140
2753695926916
1383601359492
2482912790152
1658279069320
2757790697096
1379121907080
2478633534856
1653999814024
2753511441800
1383416874376
2482928502152
1658294781320
2757806409096
1379106113928
2478617741704
1653984020872
2753495648648
1383401081224
1383332939076
2482844566852
1658210846020
2757722473796
1654184314180
2753695941956
1658546390340
2758058018116
1379105080644
2753763050820
1379055781252
2478567409028
1653933688196
2753445315972
1383350748548
2482862376324
1383417857412
2482929485188
1658295764356
2757807392132
1383668483400
2483180111176
2757722473800
1379122906436
2478634534212
1654000813380
2753512441156
1379106129224
2478617757000
1653984036168
2753495663944
1383401096520
2482912724296
1658279003464
2757790631240
1379374564680
2478886192456
1379390342472
2478901970248
1654268249416
2753779877192
2483181144392
1658547423560
2758059051336
1383685309768
2483196937544
1658563216712
1379055781256
2478567409032
1653933688200
2753445315976
1383350748552
2482862376328
1658228655496
2757740283272
1379324216712
1379122906500
2478634534276
1654000813444
2753512441220
1383417873796
2482929501572
1658295780740
2757807408516
1379391341956
2478902969732
1383416826184
2482928453960
1658294733128
2757806360904
1379105131076
2478616758852
1383686359620
2483197987396
1658564266564
2758075894340
1658211945028
2757723572804
1654201141828
2753712769604
1379038022216
2478549649992
1653915929160
2753427556936
1383332989512
2482844617288
1658210896456
2757722524232
1379306457672
2478818085448
2753445382792
1383350815368
2482862443144
1658228722312
2757740350088
1658496108936
2758007736712
2758059051400
1379307439432
2478819067208
1654185346376
2753696974152
1654201158024
2753712785800
1379374564932
2478886192708
1654252471876
2753764099652
1383619266116
2483130893892
1658497173060
2758008800836
2753696007748
1379039020612
1379054814788
1379037972040
2478549599816
1653915878984
1654202190408
2753713818184
2753444283720
1383349716296
2482861344072
1658227623240
2757739251016
1383619250760
2483130878536
1658497157704
1379307505284
2478819133060
1654185412228
2753697040004
1379039069828
1383685326468
2483196954244
1658563233412
2758074861188
1379054749316
2478566377092
1653932656260
2753444284036
1383349716612
2482861344388
1379037972104
2478549599880
1653915879048
2753427506824
1383401097796
2482912725572
1658279004740
2757790632516
1383669533252
2483181161028
1658547440196
2758059067972
1379039021636
2478550649412
1379324283204
2478835910980
1379054814792
1379306391940
2478818019716
1379039069832
2478550697608
1658547422600
2758059050376
1653916976776
2753428604552
1379323234948
2478834862724
1654201141892
2753712769668
2757723572868
1379307506308
2478819134084
1654185413252
2753512491652
1379324283524
2757722524296
2478566361668
1653932640836
2753444268612
2753512507012
2483198002568
1383686374980
2483198002756
1658564281924
2758075909700
1379391407684
2478903035460
1654269314628
2753780942404
1383685310788
2483196938564
1658563217732
2758074845508
1379054799172
2478566426948
1653932706116
2753444333892
1383349766468
2482861394244
1379373516420
1383686359688
2483197987464
1658564266632
2758075894408
1654268250440
2753779878216
1658496108872
2483129829704
2758007736648
1383618201928
2482928503112
1658294782280
2757806410056
2483114116488
1658480395656
2757992023432
1379324283208
2478835910984
1654202190152
2753713817928
1658278021700
2757789649476
1379039020356
2478550648132
1653916927300
2753428555076
1383333987652
2482845615428
1658211894596
2757723522372
1379307455812
2478819083588
1654184315524
2753695943300
1383601375876
2483113003652
1658479282820
2757990910596
1379105081988
1379373517444
2478885145220
1654251424388
1653932640840
2753444268616
1383349701192
2482861328968
1658227608136
2757739235912
1379122972296
2478634600072
1654000879240
2753512507016
1379039020360
2478550648136
1653916927304
1379122972996
2478634600772
1654000879940
2753512507716
1383417940292
2482929568068
2483198003524
1658564282692
2758075910468
1379391408452
1379105081672
2478616709448
1653982988616
2753494616392
1653932640580
1658479282824
2757990910600
1379105081992
2478616709768
1653982988936
2753494616712
1383400049288
2482911677064
1658277956232
2757789584008
1379038037572
2478549665348
1653915944516
2753427572292
1383333004868
1379122973060
2478634600836
1654000880004
2753512507780
1383417940356
2482929568132
1379037972872
2478549600648
1653915879816
2753427507592
1379391407688
2478903035464
1654269314632
2753780942408
1383686374984
2483198002760
1658564281928
2758075909704
1379391326856
2478902954632
1654269233800
2753780861576
1379391407428
2478903035204
1383686374724
2483198002500
1658564281668
2758075909444
1379373516164
2478885143940
1654251423108
2753763050884
1383668483460
2483180111236
1658546390404
2758058018180
1383669515844
1654251488836
2753763116612
2483181143620
1658547422788
2758059050564
1379390360196
1383685327492
2483196955268
1658563234436
2758074862212
2753779894916
1654268267140
1654184379780
2753696007556
2478633485892
1653999765060
2753511392836
1383416825412
2482928453188
1658294732356
2757806360132
2483113069124
1658479348292
2757990976068
1383618153028
2483129780804
1658496059972
2758007687748
1379122972228
1379037973064
2478549600840
1653915880008
1383401097860
2482912725636
1658279004804
2757790632580
1654202141316
2753713769092
1379121859204
2478633486980
1379037973124
2478549600900
1379037973128
2478549600904
1653915880072
2753427507848
2753494682184
1383400114760
2482911742536
1658278021704
2757789649480
1379055863368
2478567491144
1653933770312
2753445398088
1383350830664
2482862458440
1658228737608
2757740365384
1379324298824
2478835926600
1379105147204
2478616774980
1653983054148
1383400114500
2482911742276
1383618217604
2483129845380
1658496124548
2758007752324
1383602424452
2483114052228
1658480331396
2757991959172
2483181161096
1658547440264
2758059068040
1379037971844
2478549599620
1653915878788
2753427506564
1383332939140
2482844566916
1658210846084
1379306407300
2478818035076
1379122972040
2478634599816
1654000878984
2753512506760
1383417939336
2482929567112
1658295846280
2757807474056
1379106113160
2478617740936
1653984020104
2753495647880
1383401080456
2482912708232
1658278987400
2757790615176
1654184314248
2753695942024
1383601374600
2483113002376
1658479281544
2757990909320
1379105080712
2478616708488
1653982987656
2753494615432
1379306392132
1658497157444
2483130878276
1654202190148
2753713817924
1383619250500
2758008785220
1379055847748
2478567475524
1653933754692
2753445382468
2757722539332
1379106112900
2478617740676
1653984019844
2753495647620
1383401080196
2482912707972
1658278987140
1379391407432
2478903035208
1654269314376
2753780942152
2758075909448
1383686374728
2483198002504
1658564281672
1379373516168
2478885143944
1654251423112
2753763050888
1383668483464
2483180111240
1658546390408
2758058018184
1383417924228
2482929552004
1658295831172
2753764165252
2757807458948
1379374548552
2478886176328
1654252455496
2753764083272
1383669515848
2483181143624
1658547422792
2758059050568
1379390360200
2478901987976
1654268267144
2753779894920
1383685327496
2483196955272
1658563234440
2758074862216
2758008785224
2753512491336
1379055847752
1658295830856
2757807458632
1383686359368
2483197987144
1658564266312
2758075894088
1653933754696
1379121858120
2478633485896
1653999765064
2753511392840
1383416825416
2482928453192
1658294732360
2757806360136
1379374548292
2478886176068
1654252455236
2753764083012
1383669515588
2483181143364
1658547422532
2758059050308
1379390359940
1379391392324
2478903020100
1653999764804
2753511392580
2478633485636
1379121857860
1383416825156
2482928452932
1658294732100
2757806359876
2753763035780
1379323250308
2478834878084
1654201157252
2753712785028
1379054814852
2478566442628
1653932721796
2753444349572
1383349782148
2482861409924
1658480330376
2757991958152
1379055847044
1383350814340
2482862442116
1658228721284
2757740349060
1379105147208
2478616774984
1653983054152
2753494681928
1383400114504
2482911742280
1658278021448
2757789649224
1379323250312
2478834878088
1654201157256
2753712785032
1383618217608
2483129845384
1658496124552
2758007752328
1654185364104
2753696991880
1383602424456
1658547440260
2758059068036
2753696991876
1379307457156
2478819084932
1654185364100
1379039021700
2478550649476
1653916928644
2753428556420
1379054814856
2478566442632
1653932721800
1379323250052
2478834877828
1654201156996
1379307456900
2478819084676
2753712784772
1379324282436
2478835910212
1654202189380
2753713817156
1379039021704
2478550649480
1653916928648
2753428556424
1383333989000
2482845616776
1658211895944
2757723523720
1379307457160
2478819084936
1654184298116
2753695925892
1383601358468
2483112986244
1658479265412
2757990893188
1379055798852
2478567426628
1653933705796
2753445333572
2478834861700
1379106112904
1653915944264
2753427572040
1383333004616
1379038037320
2757722539336
2478617740680
1653984019848
2753495647624
1383401080200
1379122956936
2478634584712
1654000863880
2753512491656
1383417924232
2482929552008
1658295831176
2757807458952
2758074845572
2478834862468
1654201141636
2753712769412
1379054799236
2478566427012
1653932706180
2753444333956
1383349766532
2482861394308
1379122956676
2478634584452
1654000863620
2753512491396
1383417923972
2482929551748
1658295830916
2757807458692
1383669515592
2483181143368
1658547422536
2758059050312
1379374548296
2478886176072
1654252455240
2753764083016
1379054799240
2478566427016
1653932706184
2753444333960
1383349766536
2482861394312
1658227673480
2757739301256
1379323234696
2478834862472
1379391392328
2478903020104
2757806359880
1383416825160
2482928452936
1658294732104
1379373501064
2478885128840
1654251408008
2753763035784
1383668468360
2483180096136
1658546375304
2758058003080
1383686359364
2483197987140
1658564266308
2758075894084
2753780926788
1379373500804
2478885128580
1654202123652
2753713751428
2482862441860
1658228721028
1383601440388
1379121842756
2478633470532
1653999749700
2753511377476
1383416810052
2482928437828
1658294716996
2757806344772
1379323250056
2478834877832
1654201157000
2753712784776
1383618217352
2483129845128
1658496124296
2758007752072
1654185363848
2753696991624
1653984036228
2753495664004
1379039020420
2478550648196
1653916927364
2753428555140
1654202189384
2753713817160
1383619249736
2483130877512
1658497156680
2758008784456
2753713816900
1383619249476
2758008784196
1379039020424
2478550648200
1653916927368
2753428555144
1383333987720
2482845615496
1658211894664
2757723522440
1379307455880
2478819083656
2753695925636
1383601358212
2483112985988
1658479265156
2757990892932
1379055798596
2478567426372
1653933705540
2753445333316
1383350765892
2482862393668
1658228672836
2757740300612
2482861327940
1658227607108
2757739234884
1379054732868
2478566360644
1653932639812
1379122956680
2478634584456
1654000863624
2753512491400
1383417923976
2482929551752
1658295830920
2757807458696
2482844617028
1658210896196
2757722523972
1383686375044
2483198002820
1658564281988
2758075909764
1379122972292
2478634600068
1654000879236
1654252522056
2753764149832
1379391392072
2478903019848
1654269299016
2753780926792
1379373500808
2478885128584
1654251407752
2753763035528
1383668468104
2483180095880
1658546375048
2758058002824
1379121842760
2478633470536
1653999749704
2753511377480
1383416810056
2482928437832
1658294717000
2757806344776
1383619249480
2483130877256
1658497156424
2758008784200
2478617757064
1379105146436
2478616774212
1653983053380
2753494681156
1383400113732
2482911741508
1658278020676
2757789648452
1654201141896
2753712769672
1383618202248
2483129830024
1658496109192
1653915945284
2753427573060
1383333005636
2482844633412
1658210912580
2757722540356
1379306473796
2478818101572
1654184380740
2753696008516
1379055847812
2478567475588
1653933754756
2753445382532
1383350815108
2482862442884
1658228722052
2757740349828
1379324283268
2478835911044
1379323234692
1383618201988
2483129829764
1658496108932
2758007736708
1654184380744
2753696008520
1379054732612
2478566360388
1653932639556
2753444267332
1383349699908
2482861327684
1658227606852
2757739234628
1379055847816
2478567475592
1653933754760
2753445382536
1383350815112
2482862442888
1658228722056
2757740349832
1379324283272
2478835911048
1658210896200
2757722523976
1654268266116
2753779893892
1379390359172
1379374566020
2478886193796
1654252472964
2753764100740
2478901986948
1379324234372
2478835862148
1379121842504
2478633470280
1653999749448
2753511377224
1383416809800
2482928437576
1658294716744
2757806344520
1379105146440
2478616774216
1653983053384
2753494681160
1383400113736
2482911741512
1658278020680
2757789648456
2482911741252
1658278020420
2757789648196
2478819083908
1654185363076
2753696990852
1383602423428
1654201141640
2753712769416
1383618201992
2483129829768
2758007670340
1379121841732
2478633469508
1653999748676
2753511376452
1383416809028
2482928436804
1658496042564
2753444267588
1383349700164
1379054732616
2478566360392
1653932639560
2753444267336
1383349699912
1379054732872
2478566360648
1653932639816
2753444267592
1383349700168
2482861327944
1658227607112
2757739234888
1379323168328
2478834796104
1379122955908
2478634583684
1654000862852
2753512490628
1654000797320
2753512425096
1379390359176
2478901986952
1654268266120
2753779893896
1383685326472
2483196954248
1658563233416
2758074861192
1379374566024
2478886193800
1654252472968
2753764100744
1383669533320
1379390358916
2478901986692
1654268265860
2753779893636
1379374565764
2478886193540
1654252472708
2753764100484
1383669533060
2483181160836
1658547440004
2758059067780
1379391391300
2478903019076
1654269298244
2753780926020
1658295781956
2757807409732
1379122907716
2478634535492
1654000814660
2753512442436
1379105146184
2478616773960
1653983053128
2753494680904
1383400113480
2482911741256
1658278020424
2757789648200
1379307522372
2478819150148
1654185429316
2482845681988
1658211961156
2757723588932
1658279070020
1379374631236
2478886259012
1654252538180
2478819083912
1654185363080
2753696990856
1383602423432
2483114051208
1379039086920
2478550714696
1653916993864
2753428621640
1383334054216
2482845681992
1658211961160
2757723588936
1379307522376
2478819150152
1654000797060
2753512424836
2483181160840
1658547440008
2758059067784
1653983038020
2753494665796
1383400098372
2482911726148
1658278005316
2757789633092
1383350765124
2482862392900
1658228672068
2757740299844
1379122955912
2478634583688
1654000862856
2753512490632
1383417923208
2482929550984
1658295830152
2757807457928
1383669582404
2483181210180
1658547489348
2758059117124
1379039086916
2478550714692
1653916993860
2753428621636
1383334054212
1379390358920
2478901986696
1654268265864
2753779893640
1383685326216
2483196953992
1658563233160
2758074860936
1379374565768
2478886193544
1654252472712
2753764100488
1383669533064
1379038021188
2478549648964
1653915928132
2753427555908
1383332988484
2482844616260
1658210895428
2757722523204
1379391391304
2478903019080
1654269298248
2753780926024
1383686358600
2483197986376
1658564265544
2758075893320
1379122907720
2478634535496
1654000814664
2753512442440
1383417875016
2482929502792
1658295781960
2757807409736
1379391391044
2478903018820
1654269297988
1383686358340
2483197986116
1383668467076
2483180094852
1658546374020
2758058001796
1379122907460
2482929502532
1658295781700
1379390343812
1383685311108
2483196938884
1658563218052
2758074845828
1658294715972
2757806343748
1653984036232
2753495664008
2757740283460
1379324216900
2478835844676
1654202123844
1654185362824
2753696990600
1383602423176
2483114050952
1658480330120
2757991957896
2483113068932
1658479348100
2757990975876
1379038038404
2478549666180
1653915945348
2753427573124
1383333005700
2482844633476
1379373582724
1654202206856
2753713834632
1383619267208
2483130894984
1658497174152
2758008801928
1383400098376
2482911726152
1658278005320
2757789633096
2482862376520
1658228655688
2757740283464
1654184380808
2753696008584
1379324299652
2478835927428
1383619266948
2483130894724
1658497173892
2758008801668
1383601441160
2483113068936
1379105130820
2478616758596
1383400098116
2482911725892
1658278005060
2757789632836
2753712768644
1654201140868
1383618201220
2757991942788
2753696975492
1654185347716
2483129828996
1658496108164
2758007735940
1383602408068
2483114035844
1658480315012
2478819068548
1379054750340
2478566378116
1653932657284
1383349717636
2482861345412
1658227624580
2757739252356
1379122955656
2478634583432
1654000862600
2753512490376
1383417922952
2482929550728
1658295829896
2757807457672
2758007753288
2753427555652
1383332988228
2482844616004
1658210895172
2757722522948
1379391391048
2478903018824
1654269297992
2753780925768
1379373499784
2478885127560
1383686294152
2483197921928
1658564201096
2758075828872
1379122907464
1379390343816
2478901971592
1654268250760
2753779878536
1383685311112
2483196938888
1658563218056
2758074845832
1379121841736
2478633469512
1653999748680
2753511376456
1383416809032
2482928436808
1658294715976
2757806343752
1383668549188
2483180176964
1383601440132
2483113067908
1658479347076
2757990974852
1379121841476
2478633469252
1653999748420
2753511376196
1383416808772
2482928436548
1658294715716
2757806343492
1379390277252
2478901905028
1654268184196
2753779811972
1383618135684
2483129763460
1658496042628
2758007670404
1379054732932
2478566360708
1654202206600
2478903019140
1654269298308
2753713834376
1383619266952
2483130894728
1658497173896
2758008801672
1379105130824
2478616758600
1653983037768
2753494665544
1379323233928
2478834861704
1654201140872
2753712768648
1383618201224
2483129829000
1658496108168
2758007735944
1654185347720
2753696975496
1383602408072
2483114035848
1658480315016
1379054732936
2478566360712
1653932639880
2753444267656
1383349700232
2482861328008
1658227607176
2757739234952
1379323168392
2478834796168
1379307440516
2478819068292
2482861409860
1658227689028
2757739316804
1654185347460
2753696975236
1383602407812
1379054750084
2478566377860
1653932657028
2753444284804
1383349717380
2482861345156
1658227624324
2757739252100
1383417857668
2482929485444
1658295764612
2757807392388
1379055782468
2478567410244
1653933689412
2753445317188
1383350749764
2482862377540
1658228656708
2757740284484
1653915927880
2753427555656
2757722522952
1383618152772
2483129780548
1658496059716
2758007687492
1379323185476
2478834813252
1654201092420
2753712720196
2483181160068
1379390343560
2478901971336
2758074845576
1654252538244
2753764166020
1654185429380
2753697057156
1383602489732
2483114117508
1658480396676
2757992024452
1383669598596
2483181226372
2482928436552
1379121841480
2478633469256
1653999748424
2753511376200
1379307522440
2478819150216
1379106196036
2478617823812
1653984102980
2753495730756
1383401163332
2482912791108
1658279070276
2757790698052
1654185347464
2753696975240
1383602407816
2483114035592
1658480314760
1379055782212
2478567409988
1653933689156
2753445316932
1383350749508
2482862377284
1658228656452
2757740284228
1383618152776
2483129780552
1658496059720
2758007687496
1379039086148
2478550713924
1653916993092
2753428620868
1383334053444
2482845681220
1658211960388
2757723588164
1383400048196
2482911675972
1658277955140
2757789582916
1383669532036
2483181159812
1383686376068
2483198003844
1658564283012
2758075910788
1379324216964
2478835844740
1654202123908
2753713751684
1379122906692
2478634534468
1654000813636
2753512441412
1383417873988
2482929501764
1658295780932
2757807408708
2483113002568
1658479281736
2757990909512
1379105080904
2478616708680
1653982987848
2753494615624
1383400048200
2482911675976
1658277955144
1379055781512
2478567409288
1653933688456
2753445316232
1383350748808
2482862376584
1658228655752
2757740283528
1379324216968
2478835844744
1379106196040
2478617823816
1653984102984
2753495730760
1383401163336
2482912791112
1658279070280
2757790698056
2483197920836
1658564200004
1383619184004
2483130811780
1658497090948
2758008718724
1379106195780
2478617823556
1653984102724
2753495730500
1383401163076
2482912790852
2757790697796
1658497173124
2758008800900
1383400097348
2482911725124
1658278004292
2757789632068
1379105130052
2478616757828
1653983036996
2753494664772
2482862377288
1658228656456
2757740284232
1379055782216
2478567409992
1653933689160
2753445316936
1383350749512
1379037956420
2478549584196
1653915863364
2753427491140
1383332923716
2482844551492
1658210830660
2757722458436
1379306391876
2478818019652
2478549666116
1379373500744
2478885128520
1654251407688
2753763035464
1383332923720
2482844551496
1658210830664
2757722458440
1379039085892
2478550713668
1653916992836
2753428620612
1383334053188
2482845680964
1658211960132
1379374564744
2478886192520
1654252471688
2753764099464
1383669532040
2483181159816
1658547438984
2758059066760
2478549666436
1653915945604
2753427573380
1383333005956
2482844633732
1658210912900
2757722540676
1379391408776
2478903036552
1654269315720
2753780943496
1383686376072
2483198003848
1658564283016
2758075910792
1379122906696
2478634534472
1654000813640
2753512441416
1383417873992
2482929501768
1658295780936
2757807408712
1383669582408
2483181210184
1658547489352
2758059117128
1379390342788
2478901970564
1383685310084
2753764084356
1379306474052
2478818101828
1654184380996
2753696008772
1383601441348
1383669516932
2483181144708
1658547423876
2758059051652
1653999766148
2753511393924
1654268250692
2753779878468
1379054799428
2478566427204
1653932706372
2753444334148
1383349766724
2482861394500
1658227673668
2757739301444
1379106195784
2478617823560
1653984102728
2753495730504
1383401163080
2482912790856
1658279070024
2757790697800
1379105130056
2478616757832
1653983037000
2753494664776
1383400097352
2482911725128
1658278004296
2757789632072
1379054799432
2478566427208
1653932706376
2753444334152
1383349766728
2482861394504
1658227673672
2757739301448
1379323234888
2478834862664
1379324298628
2478835926404
1654202205572
2753713833348
2758074796612
2753779829316
1383401096584
2482912724360
1658279003528
2757790631304
1658211894852
2757723522628
1379307456068
2478819083844
1654185363012
2753696990788
1383618152004
2483129779780
1658496058948
2758007686724
1654201091652
2753712719428
1658210912644
1379391408520
2478903036296
1379307456072
2478819083848
2757807408456
1379390342792
2478901970568
1654268249736
2753779877512
1383685310088
2483196937864
1658563217032
2758074844808
1379374549640
2478886177416
1654252456584
2753764084360
1383669516936
1379121859208
2478633486984
1653999766152
2753511393928
1383416826504
2482928454280
1658294733448
2757806361224
1383685309828
2483196937604
1658563216772
2758074844548
1383601441092
2483113068868
1658479348036
2757990975812
1383669516676
2483181144452
1658547423620
2758059051396
1379374549380
1383416826244
1379390342468
2478901970244
1654268249412
2753779877188
1383618200900
2757739234696
1379324298632
2478835926408
1654202205576
2753713833352
1383619265928
2483130893704
1658497172872
2758008800648
2483114035524
1658480314692
2757991942468
1654252456260
2753764084036
1379374549316
2478886177092
1379121907016
2478633534792
1379307439752
1379307440456
2478819068232
1654185347400
1379374549320
1383669516616
1383619250820
2483130878596
1658227623300
2757739251076
1658497157764
2758008785540
1654252522116
2753764149892
1379323184712
2478834812488
1654201091656
2753712719432
1383618152008
2483129779784
1658496058952
2758007686728
1383668483716
2483180111492
1658546390660
2758058018436
1654201091396
2753712719172
1383618151748
2483129779524
1658496058692
1383686293896
2483197921672
1658564200840
2758075828616
1379390342536
2478901970312
1654268249480
2753779877256
1383601441096
2483113068872
1658479348040
2757990975816
1383685309832
2483196937608
1379055848004
2478567475780
1653933754948
2753445382724
1379324283460
2478835911236
1654202190404
2753713818180
1379122956868
2478634584644
1383417857672
2482929485448
1658295764616
2757807392392
1379121858952
2478633486728
1653999765896
2753511393672
1383416826248
2482928454024
1658294733192
2757806360968
1379122891336
2478634519112
1654000798280
2753512426056
1383417858632
2482929486408
1658295765576
2757807393352
1379055848008
2478567475784
1653933754952
2753445382728
1383350815304
2482862443080
1658228722248
2757740350024
1379324283464
2478835911240
1379390294344
2478901922120
1654268201288
2753779829064
1383685261640
2483196889416
2757790697028
2757990893956
1383668468100
2483180095876
1658546375044
2758058002820
1654251407748
2753763035524
1379105065348
2478616693124
1653982972292
1379324283528
2478835911304
1654202190472
2753713818248
1383619250824
2483130878600
1658497157768
2758008785544
1383601359240
1654202190212
2753713817988
2483112987016
1658479266184
2757990893960
1653982972296
2753494600072
2483198003784
2478549600836
1653915880004
1658564282952
2758075910728
1379055781188
2478567408964
1653933688132
2753445315908
1383417873732
2482929501508
1658295780676
2757807408452
1658564216132
2758075843908
1379037971780
2478549599556
1653915878724
2753427506500
1379054733956
2478566361732
1653932640900
2753444268676
1383618151752
2483129779528
1658496058696
2758007686472
1379122906440
2478634534216
1654000813384
2753512441160
1383417873736
2482929501512
2757740348740
1379324282180
2478835909956
1654202189124
2753512490308
1658564265284
2753780925764
1379391407748
2478903035524
2478901971588
1654268250756
2753779878532
1658564281736
2758075909512
2757991942792
2757807457608
1379324282184
2478835909960
1654202189128
2753713816904
1383686358344
2483197986120
1658564265288
2758075893064
1658227673736
2757739301512
1379106195016
2478617822792
1653984101960
2753495729736
1383401162312
2482912790088
1658279069256
2757790697032
1383686309252
2483197937028
1658564216196
2758075843972
1379054749060
2478566376836
1653932656004
2753444283780
1383349716356
2482861344132
1379037971848
2478549599624
1653915878792
1379306407304
2478818035080
1654202190216
2753713817992
1383619250568
2483130878344
1658497157512
1379105147524
2758008785288
2757740283208
1383669532292
1383668550212
2483180177988
1658546457156
2758058084932
1379373582916
2478885210692
1654251489860
2753763117636
2758008718728
1658211894920
1379038037636
2478549665412
1653915944580
1383686374788
2483198002564
1658564281732
2758075909508
1654201076036
2753712703812
1383618136388
2483129764164
2757739300228
1658496107908
2758007735684
1383416874372
2482928502148
1658294781316
2757806409092
1383416826180
2482928453956
1658294733124
2757806360900
1379121858884
2478633486660
1653999765828
2753511393604
1379390294340
2478901922116
2483114035588
1658480314756
2757991942532
1379039005060
2478550632836
1653916912004
2753428539780
1379054798216
2478566425992
1653932705160
1658279069000
2757790696776
1379121858888
2478633486664
1653999765832
2753511393608
1379323185480
2478834813256
1654201092424
2753712720200
2478616775304
1653983054472
2753494682248
1383400114824
2482911742600
1658278021768
2757789649544
1379039005064
2478550632840
1653916912008
2753428539784
1383333972360
2482845600136
1658211879304
2757723507080
1379307440520
2478819068296
2757992024644
2478901921348
1383685260868
2483196888644
1658563167812
2758074795588
1379105147268
2478616775044
1653983054212
2753494681988
1383400114564
2482911742340
1658278021508
2757789649284
1379106179652
1383401146948
1379373582920
2478885210696
1654251489864
2753763117640
1383668550216
2483180177992
1658546457160
2758058084936
2478616775236
2753427573316
1383333005892
2482844633668
1658210912836
2757722540612
2478835911300
1654202190468
2753713818244
2478903020164
1654269299332
1379122956932
2753780927108
1379391392388
1658210911620
2757722539396
1379323169096
2478834796872
1379391407496
2478903035272
1654269314440
2753780942216
1654184381000
2753696008776
1383601441352
2483113069128
2757723571780
1658479348296
1379105147464
2478616775240
1653983054408
1379055848072
2478567475848
1653933755016
2478550648388
1653916927556
2753428555332
1383333987908
2482845615684
1654202140228
2753713768004
1379054749252
2478566377028
1653932656196
2753427506760
1383332939336
2482844567112
1658210846280
2757722474056
1383601374792
1379121858184
2478633485960
1653999765128
2753511392904
1383416825480
2482928453256
1658294732424
2757806360200
1383686359684
2483197987460
1658294732164
2757806359940
1658564266628
2758075894404
1379122890308
2478634518084
1654000797252
2753512425028
1383417857604
2482929485380
1658295764548
2757807392324
1654269232772
2753780860548
1379105147272
2478616775048
1653983054216
2753494681992
1383400114568
2482911742344
1658278021512
2757789649288
1379106179656
2478617807432
1653984086600
2753495714376
1383401146952
2482912774728
1658279053896
2757790681672
1654268200260
2753779828036
1383685260612
2483196888388
1658563167556
2758074795332
2753495714116
1383401146692
2482912774468
1658279053636
2757790681412
1653984086340
1379323184772
2478834812548
2757991958148
1654201091716
2753712719492
1379373582664
2478885210440
1658497108616
2758008736392
1653933705860
2753445333636
1379038037316
2478549665092
1653915944260
2753427572036
1383333004612
2482844632388
1658210911556
1658211944008
2757723571784
1654202139972
2753713767748
2757740348804
1379055846788
2478567474564
1653933753732
2753445381508
1383350814084
1654202140996
2753713768772
1383601440072
2483113067848
1658479347016
2757990974792
2482844632392
1658210911560
2483180176712
1658546455880
2758058083656
2478549665096
1379374548360
1379306472776
2478818100552
1654184379720
2753696007496
2478886176136
1654252455304
2753764083080
1383669515656
2483181143432
1379055846792
2478567474568
1653933753736
2753445381512
1383350814088
2482862441864
1658228721032
2757740348808
1379391392392
2478903020168
1379121857928
2478633485704
1653999764872
2753511392648
1383416825224
2482928453000
1658294732168
1379324234056
2478835861832
1383685260616
2483196888392
1658563167560
2758074795336
1379055863108
2478567490884
1653933770052
2753445397828
1383350830404
2482862458180
1658228737348
2757740365124
1379324298564
2478835926340
2482928437892
1658294717060
2757806344836
2482912709256
1658278988424
2757790616200
1654201156936
2753712784712
1379039085896
2478550713672
1653916992840
2753428620616
1383334053192
2482845680968
1658211960136
2757723587912
2478617807176
1653984086344
2753495714120
1383401146696
2482912774472
1379039087172
2478550714948
1653916994116
2753428621892
1383334054468
2482845682244
1658211961412
2757723589188
1383685245508
2483196873284
1658563152452
2758074780228
1379390278212
2478901905988
1654268185156
1379055798660
2478567426436
1653933705604
2753445333380
1379039087176
2478550714952
1653916994120
2753428621896
1383334054472
2482845682248
1658211961416
2757723589192
1379307522632
2478819150408
1653932639876
2753444267652
1383349700228
2482861328004
1658227607172
2757739234948
2757723571528
1383619201348
2483130829124
1658497108292
2758008736068
1379122972036
2478634599812
1654000878980
2753512506756
1379391407492
2478903035268
1654269314436
2753780942212
1379055863172
2478567490948
1383618152836
2483129780612
1658496059780
2758007687556
1379390294404
2478901922180
1379038037384
2478549665160
1653915944328
2753427572104
1383333004680
2482844632456
1658210911624
2757722539400
1379306472840
2478818100616
2753712703044
1383618135620
2483129763396
1379054750088
2478566377864
1653932657032
2753444284808
1383349717384
2482861345160
1658227624328
2757739252104
1379323185544
2478834813320
1379122890056
2478634517832
1654000797000
2753512424776
1383417857352
1379121842824
2478633470600
1653999749768
2753511377544
1383416810120
2482928437896
1658294717064
2757806344840
1379306457412
2478818085188
1379121842564
2478633470340
1653999749508
2753511377284
1658547504520
2758059132296
1379105146500
2478616774276
1653983053444
2753494681220
1383400113796
2482911741572
1658278020740
2757789648516
2478616775300
1653983054468
2753494682244
1383400114820
2482911742596
1658278021764
2757789649540
1379373582980
2478885210756
1379038038660
1379373581892
1379106194760
2478617822536
1653984101704
2753495729480
1383401162056
2482912789832
1654184381064
2753696008840
2482861327748
1658227606916
2757739234692
1383601441416
2483113069192
1658479348360
2757990976136
1379105147528
1383619201352
2483130829128
1658497108296
2758008736072
1383618135624
2483129763400
1658496042568
2758007670344
1658496042308
2758007670084
2483181144648
1658547423816
2758059051592
2757991942536
1379306457416
2478818085192
1654184364360
2753695992136
1383601424712
2483113052488
1658479331656
2757990959432
1653999749512
2753511377288
1383416809864
2482928437640
1658294716808
2757806344584
1379105146504
2478616774280
1653983053448
2753494681224
1383400113800
2482911741576
1658278020744
2757789648520
2478616774020
1653983053188
2753494680964
1383400113540
1654268184904
2753779812680
1379390277960
2478901905736
2753495713348
1383401145924
2482912773700
1658279052868
2757790680644
1383668548996
2483180176772
1658546455940
2758058083716
1379038037380
2478549665156
1653915944324
2753427572100
1383333004676
2482844632452
1379106195012
2478617822788
1653984101956
2753495729732
1383401162308
2482912790084
1383349699976
2482861327752
1658227606920
1379373581636
2478885209412
1654251488580
1654000814468
2753512442244
2757807409540
1383350765956
2482862393732
1658228672900
2757740300676
1383619201412
2483130829188
1654184379784
2753696007560
1383601440136
1379323168072
2478834795848
1654201075016
2753712702792
1379055798664
2478567426440
1653933705608
2753445333384
1383350765960
2482862393736
1658228672904
2757740300680
1379324234120
2478835861896
1653916994180
2753428621956
2753697057348
1383602489924
2483114117700
1658480396868
1654251488900
2753763116676
1383417939588
2482929567364
1658295846532
2757807474308
2478617822852
1653984102020
1379038037640
2478549665416
1653915944584
2753427572360
1383333004936
2482844632712
1658210911880
2757722539656
1379306473096
2478818100872
1383417875076
2482929502852
1658295782020
2757807409796
1379122907780
2478634535556
1654000814724
2753512442500
2478616774024
1653983053192
2753494680968
1383400113544
2482911741320
1658278020488
2757789648264
1383602489988
1383669598852
2483181226628
1379106178632
2478617806408
1653984085576
2753495713352
1383401145928
2482912773704
1658279052872
2757790680648
1383686310468
2483197938244
2753696991816
1383668548936
1379373581640
2478885209416
1654251488584
2753763116360
2753494665860
2757789633156
1383400098436
2482911726212
1658278005380
2478902953608
1654269232776
2753780860552
1383332940356
2482844568132
1658546440772
2758058068548
1379373566532
2478885194308
1654251473476
2753763101252
1379324233284
2478835861060
1658210895492
2757722523268
1654185429576
2753697057352
1383602489928
2483114117704
1658480396872
2757992024648
1379122907784
2478634535560
1654000814728
2753512442504
1383417875080
2482929502856
1658295782024
2757807409800
2753696991556
2753697057092
1383602489668
2483114117444
1658480396612
2757992024388
1383417874820
2482929502596
1658295781764
1379122907524
2478634535300
1379391325572
2478902953348
1654269232516
2757806343812
1379121841796
2478633469572
1653999748740
2753511376516
1383416809092
2482928436868
1658294716036
1379037973060
1383401162116
2482912789892
1658279069060
2757790696836
1383669597572
2483181225348
1658547504516
2758059132292
1379106194820
2478617822596
1379039085960
2478550713736
1653916992904
2753428620680
1383334053256
2482845681032
1658211960200
2757723587976
1379307521416
2478819149192
1379390277188
2478901904964
1654268184132
2753779811908
1383685244484
2483196872260
1658563151428
2758074779204
2478616758660
1653983037828
2753494665604
1383400098180
2482911725956
1658278005124
2757789632900
1383350764932
2482862392708
1658228671876
2757740299652
1379373566536
2478885194312
1654251473480
2753763101256
1383668533832
2483180161608
1658546440776
2758058068552
1654202140232
2753713768008
1383619200584
2483130828360
1658497107528
2758008735304
1379373566276
2478885194052
1654251473220
2753763100996
1383668533572
2483180161348
1658546440516
2758058068292
1379324233028
1383668468292
2483180096068
1658546375236
2758058003012
2483112987204
1658479266372
2757990894148
2478835860804
1379105065540
2478616693316
1658547438980
2758059066756
1654201092740
1383618153092
1658210895236
2757722523012
1379038020996
2478549648772
1653915927940
2483129780868
1654185429320
2753697057096
1383602489672
2483114117448
1658480396616
2757992024392
1383601359432
2478885144196
1654251423364
2753763051140
2483112987208
1658479266376
2757990894152
1379105065544
1379122907528
2478634535304
2483113051720
1658479330888
2757990958664
1654000814472
2753512442248
1383417874824
2482929502600
1658295781768
1379121841800
2478633469576
1653999748744
2753511376520
1383416809096
2482928436872
1658294716040
2757806343816
1379306456388
2478818084164
1654184363332
1379037972804
2478549600580
2482912709000
1658278988168
2757790615944
2483197937992
1658564217160
2758075844936
1379390277192
2478901904968
1654268184136
2753779811912
1383685244488
2483196872264
1658563151432
2758074779208
1383400098184
2482911725960
1658278005128
2757789632904
1379390276932
2478901904708
1654268183876
2753779811652
1654202124868
2753713752644
2478835845700
2753763101000
1654251473224
1658497107272
2758008735048
1379324233032
2478835860808
1654202139976
2753713767752
1658277955908
2757789583684
1379105081668
2478616709444
1653982988612
2753494616388
1383400048964
2482911676740
1379373517124
2478885144900
2753445317252
1379373517128
2478885144904
1654251424072
2753763051848
1654201092744
2753712720520
1383618153096
2483129780872
1658496060040
1383400031556
2482911659332
1658277938500
2757789566276
1379373499716
2478885127492
1654251406660
2753763034436
1383668467012
2483180094788
1654201092484
2753712720260
1379323185540
2478834813316
1379306390856
2478818018632
1383668467016
2483180094792
1658546373960
2758058001736
1379037955400
2478549583176
1653915862344
2753427490120
1379306456392
2478818084168
1654184363336
2753695991112
1383601423688
2483113051464
1379037972808
1383332940104
2482844567880
1658210847048
2757722474824
2757991959108
1379105081732
2478616709508
1383685244232
2483196872008
1658563151176
2758074778952
1658564200068
2758075827844
1379390276936
2478901904712
2757806409284
2753444333124
1383349765700
2482861393476
1658227672644
2757739300420
1379323233860
1383669516868
2483181144644
1658547423812
2758059051588
2753495648836
1379374549572
1379054798408
2478566426184
1653932705352
1383669598788
2483181226564
1658547505732
2758059133508
1379374631492
2478886259268
1379055782276
2478567410052
2478819068488
1654201092488
2753712720264
1383618152840
2483129780616
1658496059784
2758007687560
1383334053508
2482845681284
1658211960452
2757723588228
1654202124872
2753713752648
1383619185224
2483130813000
1658497092168
1383619200324
2483130828100
1658497107268
2758008735044
1379122906756
2478634534532
1654000813700
2753512441476
1383417874052
2482929501828
1658295780996
2757807408772
1658547489416
2758059117192
1379391342148
2478902969924
1379106195844
2478617823620
1653984102788
2753495730564
1658496060036
2758007687812
1383400097412
2482911725188
1658278004356
1379374631496
2478886259272
1654252538440
2753764166216
1383669598792
2483181226568
1658547505736
2758059133512
1379307439428
2478819067204
1654185346372
2753696974148
1379106112836
2478617740612
1653984019780
2753495647556
1383401080132
2482912707908
1383332924036
2482844551812
1383334053512
2482845681288
1658211960456
2757723588232
1379054798468
2478566426244
1654268183880
2753779811656
1379039003976
2478550631752
1653916910920
2753428538696
1383333971272
2482845599048
2483114034504
1658480313672
2757991941448
1383401080136
2757807409544
2483112987272
1658479266440
2757990894216
1658277956164
2757789583940
1654184315460
2753695943236
1383601375812
2483113003588
2753427507784
1658210847304
2757722475080
1383601375816
1379122906760
2478634534536
1654000813704
2753512441480
1383417874056
2482929501832
1658295781000
2757807408776
1379306474116
2478818101892
1654184381060
2753696008836
1383601441412
2483113069188
1658479348356
2757990976132
1383619249732
2483130877508
1658497156676
2758008784452
1383686358596
2483197986372
1658564265540
2758075893316
2478549599812
1653915878980
2753427506756
1383332939332
2482844567108
1658210846276
2757722474052
1379391342152
2478902969928
1654269249096
2753780876872
1383686309448
2483197937224
1658564216392
2758075844168
2757723587908
1379105130120
1379055846984
2478567474760
1653933753928
2753445381704
1383350814280
2482862442056
1658228721224
2757740349000
1379324282440
2478835910216
1379390294660
2478901922436
1654268201604
2753779829380
1653983036804
2753779877252
1379390342532
1654268249476
1379306390916
2478818018692
1379373565512
2478885193288
1654251472456
2753763100232
2757789583944
1658479265160
2757990892936
2483196955208
1658563234376
2758074862152
1383618218376
2483129846152
1658496125320
2483129779844
1658496059012
2758007686788
2758007753096
2757992007048
1379122906504
2478634534280
1654000813448
2753512441224
1383417873800
2482929501576
1658295780744
2757807408520
2758008785480
1383602473540
2483114101316
1658480380484
2757992008260
2753697040964
1379307506244
2478819134020
1654185413188
1379323233924
1383416874628
2482928502404
1658294781572
2757806409348
1653999814276
2753511442052
1654268249732
2753779877508
1379121907332
1658278021444
2757789649220
1379055864132
2478567491908
1653933771076
2753445398852
1383350831428
2482862459204
1383685261892
2483196889668
1658563168836
1379306473800
2478818101576
1379390294664
2478901922440
1654268201608
2753779829384
2753494664584
1383400097160
2482911724936
1658278004104
2757789631880
2753428540036
1383401081476
2478617741956
1653984021124
2753495648900
1379374549636
2478886177412
1654252456580
2753779829124
1379039005320
2478550633096
1653916912264
2753428540040
1383333972616
2482845600392
1658211879560
2757723507336
1379307440776
2478819068552
2478819067528
1654185346696
2753696974472
1379391408516
2478903036292
2757722540420
1379306473860
2478818101636
1654184380804
2753696008580
1383601441156
1379038038408
2478549666184
1383333005704
2482844633480
1658210912648
2757722540424
1379306473864
2478818101640
2753713751620
1658479348104
2757990975880
1654185413192
2753697040968
2482844566856
1658210846024
1379037971784
2478549599560
1653915878728
2753427506504
1383332939080
1383602473544
1379122891400
1383417858696
2482929486472
1658295765640
2757807393416
2753697040708
1383602473284
2483114101060
1383417858436
2478566443332
2758007686468
1379323184452
2478834812228
1379390294408
2478901922184
2758074796424
1658279069316
2757790697092
2483197921864
1658564201032
2758075828808
1658211878216
2757723505992
1383417922888
2482929550664
1658295829832
1379373565252
1383602406728
1379105129800
1379391326532
1379039004040
2478550631816
1653916910984
2753428538760
1383333971336
2482845599112
1658211878280
1379105129860
2478616757636
1379373499780
1383602424392
2483114052168
1658480331336
2757991959112
1658228655492
2757740283268
2483196937860
1658563217028
2758074844804
2482928454276
1658294733444
2757806361220
1379106178628
2478617806404
1653984085572
1379037955656
2478549583432
1653915862600
1383417923204
2482929550980
1658295830148
2757807457924
1383669581444
2483181209220
1658547488388
2758059116164
1658211878532
2757723506308
1379307439748
1383602473288
2483114101064
1658480380232
2757992008008
1379307505992
2478819133768
1654185412936
1654000798088
2753512425864
1383417858440
2482929486216
1658295765384
2757807393160
1379106195080
2478617822856
1653984102024
2753495729800
1383401162376
1653984101764
2753495729540
1654252538436
2753764166212
1654268267076
2753779894852
1653983037764
2753494665540
2753427556676
1383332989252
1383400098120
1383668550276
2483180178052
1658546457220
2758058084996
1379105080900
2478616708676
1653982987844
2753494615620
1379323169416
2478834797192
1654201076360
2753712704136
1383618136712
2483129764488
1658496043656
2758007671432
2483129764228
1658496043396
2758007671172
1654201076100
2753712703876
1379323169156
2478834796932
1383686309188
2483197936964
1383350764868
2482862392644
1658228671812
2757740299588
1654202206852
2753713834628
1383349783172
2482861410948
2753444285060
1383416826500
1383685261956
2483196889732
1658563168900
2758074796676
1379306473092
1379038038664
2478549666440
1653915945608
2753427573384
1383333005960
2482844633736
1658210912904
2757722540680
1379306474120
2478818101896
1653915863368
2753427491144
1383619200328
2483130828104
1654184364356
2753695992132
1383601424708
2483113052484
1379306391880
2478818019656
1654184298824
2753695926600
1658479331652
1379054750344
2478566378120
1653932657288
2753444285064
1383349717640
2482861345416
1658227624584
2757739252360
1383619250564
2483130878340
1658497157508
2758008785284
1379038022020
2478549649796
1653915928964
2753427556740
1379373582984
2478885210760
1654251489928
2753763117704
1383668550280
2757789582920
1658279069252
2478885210500
1654251489668
2753763117444
1383668550020
2483180177796
1658546456964
2758058084740
2478886242884
1654252522052
2753764149828
2478566427268
1379106114180
1379374549384
2478886177160
1654201076104
2753712703880
1383618136456
2483129764232
1658496043400
2758007671176
2478550697604
1653916976772
1383334037124
2482845664900
1658211944068
2757723571844
1654184380040
2753696007816
1383601440392
2483113068168
1658479347336
2757990975112
1379306472836
2478634518148
1654000797316
2753512425092
1379122890372
1653916928580
2753428556356
1383333988932
2482845616708
1658211895876
2757723523652
1379054749064
2478566376840
1653932656008
2753444283784
1383349716360
2482861344136
1658227623304
2757739251080
2478550698308
1653916977476
2753428605252
1383334037828
2482845665604
1658211944772
2757723572548
1379307505988
2478819133764
1654185412932
2753428605256
1383334037832
2482845665608
1658211944776
1658279053640
2757790681416
1379039070536
2478550698312
1653916977480
1379106179400
1379373582728
2478885210504
1654251489672
2753763117448
1383668550024
2483180177800
1658546456968
1379374615112
2478886242888
1379373581956
2478885209732
2483113068164
1658479347332
2757990975108
2753427572356
1383333004932
2482844632708
1658210911876
2757722539652
1379121924680
2478633552456
1653999831624
2753511459400
1383416891976
2482928519752
1658294798920
2757806426696
2478633552196
1653999831364
2753511459140
2482912725576
1658279004744
2757790632520
1658480379272
1383619201668
2483130829444
1658497108612
2758008736388
1379391343236
2478902971012
1379039069572
2478550697348
1653916976516
2753428604292
1383334036868
2482845664644
1658211943812
1653982972484
2753494600260
1383400032836
2482911660612
1658277939780
2757789567556
2483113067912
1658479347080
2757990974856
1379055798920
2478567426696
1653933705864
2753445333640
1383350766216
2482862393992
1658228673160
2757740300936
1379324234376
2478835862152
1379122890376
2478634518152
1379122890116
2478634517892
1653916928324
2753428556100
1383333988676
2482845616452
1658211895620
2757723523396
1654184364676
2753695992452
1653915862596
2753427490372
2478885194116
1654184364420
2753695992196
1383601424772
2483113052548
1658479331716
2757990959492
1658279004484
2757790632260
1379391325508
1654269232452
2478902953284
1383686292804
2483197920580
1658564199748
2758075827524
1654184364424
2753695992200
1379105130888
2478616758664
1653983037832
2753494665608
1383685245572
2483196873348
1658563152516
2758074780292
1658547489096
2483181209928
2758059116872
1379374614856
2478886242632
1383417939592
2482929567368
1658295846536
2757807474312
1654202141320
2753713769096
1383619201672
2483130829448
1379039069576
2478550697352
1653916976520
2753428604296
1383334036872
2482845664648
1658211943816
2757723571592
2478616693320
1653982972488
2753494600264
1383400032840
2482911660616
1658277939784
2757789567560
1379055797636
1658497108356
2758008736132
2478567425412
1653933704580
2753445332356
1379324234116
2478835861892
1654202141060
2753713768836
1383400032580
2482911660356
1658277939524
2757789567300
1379105065284
2478616693060
1653982972228
2753494600004
1379055797640
2478567425416
1653933704584
2753445332360
1383350764936
2482862392712
1658228671880
2757740299656
1383417939332
2482929567108
1658295846276
2757807474052
2482844550468
2478549583172
2753427490116
1383332922692
1658210829636
2757722457412
1379390278280
2478901906056
1654268185224
2753779813000
1383685245576
2483196873352
1658563152520
2758074780296
1379374630532
1379039086212
2478550713988
1653916993156
2753428620932
1658480395908
2757992023684
2753495729796
1383401162372
2482912790148
1379390278020
2478901905796
1383685245316
2483196873092
1658563152260
2758074780036
1383668549252
2483180177028
1658546456196
2758058083972
1379039086216
2478550713992
1653916993160
2753428620936
1654202141064
2753713768840
1383619201416
2483130829192
1658497108360
2758008736136
1379105065288
2478616693064
1653982972232
2753494600008
1383400032584
2482911660360
1658277939528
2757789567304
1379323168132
2478834795908
1383618135428
2483129763204
1658496042372
2758007670148
1658227673412
2757739301188
1379106178692
2478617806468
1653984085636
2753495713412
1383401145988
2482912773764
1658279052932
2757790680708
2753763116420
1379373581700
2478885209476
1654251488644
2478886241860
1654252521028
2753764148804
1379323168136
2478834795912
1654201075080
2753712702856
1383618135432
2483129763208
1658496042376
2758007670152
1383602407048
2483114034824
1658480313992
2757991941768
1379037955652
2478549583428
2478819150468
1654185429636
2753697057412
1379105064520
2478616692296
1653982971464
2753494599240
1383400031816
2482911659592
1658277938760
2478616757896
1653983037064
2753494664840
1379054799176
2478566426952
1653932706120
2753444333896
1383349766472
2482861394248
1658227673416
2757739301192
1379106178696
2478617806472
1653984085640
2753495713416
1383401145992
2482912773768
1658279052936
2757790680712
1654269250180
2753780877956
1383686310532
2483197938308
1658564217476
2758075845252
1379106178436
2478617806212
1653984085380
2753495713156
1383401145732
2482912773508
1658279052676
2757790680452
1379373581704
2478885209480
1654251488648
2753763116424
1383668549000
2483180176776
1658546455944
2758058083720
1383686310536
2483197938312
1658564217480
2758075845256
1379106130504
2478617758280
1653984037448
2753495665224
1383401097800
1383669581124
2483181208900
1379374613828
2478886241604
1654252520772
2753764148548
1383668533892
2483180161668
1658546440836
2758058068612
1379373566596
2478885194372
2757789566532
1379105064516
2478616692292
1653982971460
2753494599236
1383400031812
2482911659588
1658277938756
1654269314692
2753780942468
1653933771080
2753445398856
1383350831432
1379307522436
2478819150212
1379306456708
2478818084484
1379391343240
2478902971016
1654269250184
2753780877960
1383685244548
2753764148552
1383669581128
2483181208904
1658547488072
2758059115848
1653984037192
2753495664968
1383401097544
1379373566600
2478885194376
1654251473544
2753763101320
1383668533896
2483180161672
1658546440840
2758058068616
2757789566536
1653984020036
2753495647812
1383401080388
2482912708164
1658278987332
2757790615108
1379374548548
2478886176324
1654252455492
1379373566340
1383668533636
2483180161412
1658546440580
2758058068356
1383349782916
2482861410692
1658227689860
2757739317636
1379323251076
2478834878852
1379121908292
2478633536068
1653999815236
2753511443012
1383416875588
2482928503364
1658294782532
2757806410308
1379039004232
2478550632008
1653916911176
2753428538952
2482845599304
1658211878472
2757723506248
1654185429384
2753697057160
1383602489736
2483114117512
1658480396680
2757992024456
1379323251080
2478834878856
2753428555080
1383333987656
2482845615432
1658211894600
2757723522376
2753445399112
1383350831688
2482862459464
2482912725320
1658228738372
2757740366148
2753695942980
1383601375556
2483113003332
1658479282500
2757990910276
1654251473288
2753763101064
1383668533640
2483180161416
1658546440584
2758058068360
2753494598984
1383400031560
2482911659336
1658277938504
2757789566280
1379306391172
2478818018948
1379121908296
2478633536072
1653999815240
2753511443016
1383416875592
2482928503368
1658294782536
2757806410312
1653999814980
2753511442756
1383416875332
2482928503108
1658294782276
2757806410052
1379324217988
2478835845764
1654202124932
2753713752708
1654269299272
2753780927048
2753444332868
1379390277000
2478901904776
1654268183944
2753779811720
1379306408264
2478818036040
1654184315208
2753695942984
1383601375560
2483113003336
1658479282504
2757990910280
1383686375812
2483198003588
1658564282756
2758075910532
1654202206596
2753713834372
1658547505796
2758059133572
1379374631556
2478886259332
1654252538500
2753764166276
1379106129476
2478617757252
1653984036420
2753495664196
1383401096772
2482912724548
1658279003716
2757790631492
1379324299656
2478835927432
1379121908040
2478633535816
1654202124936
2753713752712
1658497091972
2758008719748
1379324217732
2478835845508
1379054798152
2478566425928
1653932705096
2753444332872
1383349765448
2482861393224
2753444283972
1383349716548
2482861344324
1658227623492
2757739251268
1654268200516
2753779828292
1379121858116
1379374548612
2478886176388
1654252455556
2753764083332
1383669515908
2483181143684
1379106129480
2478617757256
1653984036424
2753495664200
1383401096776
2482912724552
1658279003720
2757790631496
1383349716552
1658547505540
2758059133316
1379374631300
2478886259076
2482861344328
2478634601028
1654000880196
1383417940548
2482929568324
1658295847492
2757807475268
1654202124680
2753713752456
1383619185032
1379122891396
2478634519172
1379307521672
2478819149448
1654185428616
2753697056392
1383602488968
2483114116744
1658480395912
2757992023688
1653932705412
2753444333188
1379373517380
2478885145156
1383668484676
2483180112452
1658546391620
2758058019396
1654201076040
2753712703816
1379054733640
2478566361416
1653932640584
2753444268360
1383349700936
2482861328712
1379374631304
2478886259080
1654252538248
2753764166024
1383669598600
2483181226376
1658547505544
2758059133320
1379122973256
2478634601032
1654000880200
2753512507976
1383417940552
2482929568328
1658295847496
2757807475272
2478549649988
1653915929156
2753427556932
1383332989508
2482844617284
1658210896452
2757722524228
1383668533828
2483180161604
1379373517384
2478885145160
1654251424328
2753763052104
1383668484680
2483180112456
1658546391624
2758058019400
1654269249092
1383619200580
2483130828356
1658497107524
2758008735300
2753780876868
1379055797828
2478567425604
1379055797832
1379324233288
2478835861064
1383601374532
2483113002308
1658479281476
2757990909252
1383686294148
2483197921924
1658564201092
2758075828868
1379038020932
2478549648708
1653915927876
1383416874568
2482928502344
1658294781512
2757806409288
2478634518852
1654000798020
2482844616008
1658210895176
2753512425796
1383417858372
2482929486148
1658295765316
2757807393092
1379038020936
2478549648712
2483130812036
1658497091204
2758008718980
2757806359944
1379121858180
2478633485956
1653999765124
2753511392900
1383416825476
2482928453252
1658294732420
2757806360196
2478818035016
1654184314184
2753695941960
1383350815300
2482862443076
1658228722244
2757740350020
1653915862340
2757723505988
2753428538692
1383333971268
2482845599044
1658211878212
1379039003972
2478550631748
1653916910916
1658210830980
2757722458756
1383332922696
2482844550472
1658210829640
2757722457416
1379374615108
2478818019908
1654184299076
2753695926852
1383601359428
1379039070792
2478550698568
1653916977736
1653999813960
2753511441736
1383416874312
2482928502088
1658294781256
2757806409032
1383618136452
1383685244292
2482844550536
1658210829704
2757722457480
1379323169160
2478834796936
1658547440200
2758059067976
1379037956484
2478549584260
1653915863428
2753427491204
1383332923780
2482844551556
1653916976452
2753428604228
1383334036804
2482845664580
1658211943748
2757723571524
1379039069508
2478550697284
1379306457732
2478818085508
1379374630276
2478886258052
1654252537220
2753764164996
1654184298820
2753695926596
1383601359172
2483112986948
1658479266116
2757990893892
1379039069512
2478550697288
1653916976456
2753428604232
1383334036808
2482845664584
1658211943752
1383601425032
2483113052808
1658479331976
2757990959752
2478835844488
1654202123656
2753713751432
1383619184008
2483130811784
1658497090952
2753445382472
2478567475528
1383350815048
2482862442824
1383601359176
2483112986952
1658479266120
2757990893896
1379374630280
2478886258056
1654252537224
1383332988292
2482844616068
1379306408260
2478818036036
1654184315204
1658211878468
2757723506244
1383619185028
2483130812804
1379106113092
2478617740868
1379324217736
2478835845512
1383686359624
2483197987400
1383602472580
2483114100356
1658480379524
2757992007300
1383332923016
1658210829960
2757722457736
1658227689092
2757739316868
1379307457092
2478819084868
1654185364036
2753696991812
1383602424388
2483114052164
1658480331332
1379106113096
2478617740872
1653984020040
2753495647816
1383401080392
2482912708168
1658278987336
2757790615112
1383685244296
2483196872072
1658563151240
2758074779016
1654000863812
2753512491588
2478616757576
1653983036744
2753494664520
1383400097096
2482911724872
1658278004040
2757789631816
1383332988232
1379307505288
2478819133064
1654185412232
1383602472584
2483114100360
2753444349576
1383349782152
2482861409928
1658227689096
2757739316872
1379373500996
2478885128772
1654251407940
2753763035716
1658227688836
2757739316612
1379054814596
2478566442372
1653932721540
2753444349316
1379307457096
2478819084872
1654185364040
1383602424132
2483114051908
1658480331076
1383401097540
2482912725316
2757991958852
1379307456836
2478819084612
1654185363780
1658210895240
2757722523016
2483181161032
1379039021384
2478550649160
1653916928328
2753428556104
1383333988680
2482845616456
1658211895624
2757723523400
1379307456840
2478819084616
1379122956872
2478634584648
1654000863816
2753512491592
1383417924168
2482929551944
1658295831112
2757807458888
1379373501000
2478885128776
1654251407944
2753763035720
1383668468296
2483180096072
1658546375240
2758058003016
2753444349320
1383349781896
2482861409672
1658227688840
2757739316616
1654185363784
2753696991560
1383602424136
2483114051912
1658480331080
2757991958856
1383685261960
2483196889736
1658563168904
2758074796680
1658496043332
1658227690116
2757739317892
2478901987972
1658547422852
2758059050628
1379121923716
2478633551492
1653999830660
2753511458436
1383416891012
2482928518788
1658294797956
2757806425732
1383349781892
2482861409668
2753697040712
1379374565956
2478886193732
1654252472900
2753764100676
1379054814600
2478566442376
1653932721544
1379121923720
2478633551496
1653999830664
2753511458440
1383416891016
2482928518792
1658294797960
2757806425736
1379391408772
2478903036548
1654269315716
2753780943492
1379374565960
2478886193736
1654252472904
2753764100680
1383669533256
1383350831752
1658480330312
2757991958088
1653933770116
2753445397892
1383350830468
2482862458244
1658228737412
2757740365188
1383619265924
2483130893700
1658497172868
2758008800644
1379055863176
2478567490952
1653933770120
2753445397896
1383350830472
2482862458248
1658228737416
2757740365192
1654269299336
2753780927112
2758058001732
1658546373956
1379307440452
2478819068228
1654185347396
2753696975172
1383602407748
1383685245256
1654252456264
2753764084040
1654202124676
2753713752452
1654268184964
2753779812740
1383332923784
2482844551560
1658210830728
2757722458504
1654251406664
2753763034440
1379373499720
2478885127496
1379054798212
2478566425988
1653932705156
2753444332932
1383349765508
2482861393284
1658227672452
2483130812808
1658497091976
2758008719752
2753444332936
1383349765512
2482861393288
1658227672456
2757739300232
2753696975176
1383602407752
1658480314696
2483114035528
2757991942472
1379390278276
2478901906052
1654268185220
2753779812996
1379391326852
2478902954628
1654269233796
2753780861572
