1395949389124
2495461100164
1670827379332
2770339007108
1413129341572
2512640969348
1688007248516
2787518876292
1400244439684
2499756067460
1395950503492
2495462131268
1670828410436
2770340038212
1413130372676
2512642000452
1688008279620
2787519907396
1400245470788
2770407147076
1396034340424
2495545968200
1670912247368
2770423875144
1413214209608
2512725837384
1688092116552
2787603744328
1400329307720
2499840935496
1688075405892
2787587033668
1417492399496
2517004027272
1692370306440
2791881934216
1395950503496
2495462131272
1670828410440
2770340038216
1413130372680
2512642000456
1395950504260
2495462132036
1670828411204
2770340038980
1413130373444
2512642001220
1688008280388
2787519908164
1400245471556
2499757099332
2774701082952
1413129324872
2512640952648
1688007231816
2787518859592
1400244422984
2499756050760
1400245471560
2499757099336
1675123378504
2774635006280
2512724789892
1688091069060
2787602696836
1417508129412
2517019757188
1692386036356
2791897664132
1396017629512
2495529257288
1670895536456
2770407164232
1413197498696
2512709126472
1688075405640
2787587033416
1400312596808
2499824224584
1417509177672
2517020805448
1692387084616
2791898712392
2517019739524
1692386018692
1413213144452
2512724772228
1688091051396
2787602679172
2791897646468
1395966166404
2495477794180
1396016563784
2495528191560
1670894470728
2770406098504
1413196432968
2512708060744
1688074339912
2787585967688
1400311531080
2499823158856
1675139123592
2774650751368
1417509243528
2517020871304
2791898778248
1395966166408
2495477794184
1670844073352
2770355701128
1413146035592
2512657663368
1688023942536
2787535570312
1675122280004
2774633907780
2516936983880
2791814890824
1675206216068
2774717843844
1417508178308
2517019806084
1692386085252
2791897713028
2512642001284
1688008280452
2787519908228
1400245471620
1395949455752
2495461083528
1670827362696
2770338990472
1413129324936
2512640952712
1688007231880
2787518859656
1400244423048
2499756050824
1417508111944
2517019739720
1692386018888
2791897646664
2774702131848
1692302215556
2791813843332
2516936968772
1692303247940
2791814875716
2787519908420
1675190503816
2774702131592
1395949454980
2495461082756
1670827361924
2770338989700
1413129324164
2512640951940
1688007231108
2787518858884
1400244422276
2499756050052
2774718842184
1417509176648
2517020804424
1692387083592
2791898711368
2791813777988
2499823110724
1675189389892
2774701017668
1417491352132
2517002979908
1692369259076
2791880886852
1396016515652
2495528143428
2499772826952
1396033292936
2495544920712
2770422827656
1413213162120
2512724789896
1688091069064
2787602696840
1400328260232
2499839888008
1400262183556
2499773811332
1675140090500
2774651718276
1417442052740
2516953680516
1692319959684
2791831587460
1400329292420
2499840920196
1675122329224
2774633957000
1417424291464
2787518810696
1400244374088
1400328259972
2499839887748
1675206166916
2774717794692
1417508129156
2517019756932
1692386036100
2791897663876
2787602762372
2495544920452
1675207199300
2774718827076
1417509161540
2517020789316
1692387068484
2791898696260
1395967216264
2495478844040
1670845123208
2770356750984
1413147085448
2512658713224
1688024992392
2787536620168
1400262183560
2499773811336
1400311530824
2499823158600
2774701065544
1417491400008
2517003027784
1692369306952
2791880934728
1413147085124
2512658712900
1688024992068
2787536619844
1675189438088
2774701065864
2516952712776
1692318991944
2791830619720
1417425291848
2516936919624
1692303198792
2791814826568
1675139057288
2774650685064
1417441019528
2516952647304
1692318926472
2791881919108
1692387150216
2791898777992
1417509160584
2517020788360
1692387067528
2791898695304
1400261150084
2499772777860
1675139057028
2774650684804
1417441019268
2516952647044
1692318926212
2791830553988
1675206216264
2774717844040
1675140089412
2774651717188
1417442051652
2516953679428
1692319958596
2791831586372
2770407098760
2499757099592
1675123378760
2774635006536
1417425341000
2516936968776
1692303247944
2791814875720
1413214210436
2512725838212
1688092117380
2787603745156
1400244438344
2499756066120
1675123378500
2774635006276
1417425340740
2516936968516
2791814875460
1400244372804
2499756000580
1675122279748
2774633907524
1417424241988
2516935869764
1688074290500
1692302148932
2791813776708
1692369257796
1400312513928
2499824141704
1675190420872
2774702048648
1396033292680
2495544920456
1670911199624
2770422827400
1413213161864
2512724789640
1688091068808
2787602696584
1400328259976
2499839887752
1692369307976
2791880935752
1417442067784
2516953695560
1692319974728
1400329291140
2499840918916
1675207198084
2774718825860
1417509160324
2517020788100
1692387067268
2791898695044
1395967214980
2495478842756
1396034325064
2495545952840
1670912232008
2770423859784
1413214194248
2512725822024
1688092101192
2787603728968
1400329292360
2499840920136
1413129275972
2512640903748
1688007182916
2787518810692
1675122279752
2774633907528
1417424241992
1396034340164
2495545967940
1670912247108
2770423874884
1400261150024
1396017562952
2495529190728
1670895469896
2770407097672
1413197432136
2512709059912
1688075339080
2495529256264
1670895535432
1417509161284
2517020789060
1692387068228
2791898696004
1688092100932
2787603728708
1413213144708
2512724772484
1688091051652
2787602679428
1395967214984
2495478842760
1670845121928
2770356749704
1413147084168
2512658711944
1688024991112
2787536618888
1396034340228
2495545968004
1670912247172
2770423874948
1413214209412
2512725837188
1688092116356
2787603744132
1400329307524
2499840935300
1395949405576
2495461033352
1670827312520
2770338940296
2516936983944
1688075404868
2787587032644
1400312596036
2499824223812
1675190502980
2774702130756
1417492465220
2517004092996
2512642001476
1688008280644
1395967281732
2495478909508
1670895520324
2770407148100
1413197482564
2512709110340
1395950504516
2495462132292
1395949455944
2495461083720
1670827362888
2770338990664
1413129325128
2512640952904
1688007232072
2787518859848
2499756051016
1675139057032
2774650684808
1417441019272
2516952647048
1692318926216
2791830553992
1400329357960
2499840985736
1675207264904
2774718892680
1675140089416
2774651717192
1417442051656
2516953679432
1692319958600
2791831586376
1395950454340
2495462082116
1670828361284
2770339989060
1413130323524
2512641951300
1688008230468
1400328324676
2499839952452
1675206231620
1395966248516
2791830555272
1675190502984
2774702130760
1395950503556
2495462131332
1670828410500
2770340038276
1413130372740
2512724788868
1395966183044
2495477810820
1670844089988
2770355717764
1413146052228
2512657680004
1688023959172
2787535586948
1400261150340
1395949405832
2495461033608
2770338940552
1395950504264
2495462132040
1670828411208
2770340038984
1413130373448
2512642001224
1688008280392
1675123329604
2774634957380
1417425291844
2516936919620
1692303198788
2791814826564
1395950455364
2495462083140
1670828362308
2770339990084
1395966248520
2495477876296
1670844155464
1395950503560
2495462131336
1670828410504
2770340038280
1413130372744
1417492449672
1395967281796
2495478909572
1670845188740
2770356816516
1413147150980
1670895520388
1395949456004
2495461083780
1670827362948
2770338990724
2791880870472
1395949456008
2495461083784
1670827362952
2770338990728
1413129325192
2512640952968
1688007232136
2787518859912
1400244423304
2499756051080
1395950455368
2495462083144
1670828362312
2770339990088
1413130324552
2512641952328
1688008231496
2787519859272
1400245422664
2499757050440
1400329357700
2499840985476
1675189389896
2774701017672
2791898696008
1396034324808
2495545952584
1670912231752
2770423859528
1413214193992
2512725821768
2787603728712
1670911249028
2770422876804
1413197497928
2512709125704
1688075404872
2787587032648
1400312596040
2499824223816
1670912232072
2770423859848
1675206216004
2774717843780
1417508178244
2517019806020
1692386085188
2791897712964
1395966232900
2495477860676
1670844139844
2770355767620
1675190502724
2774702130500
1396017628484
2495529256260
1670895535428
2770407163204
2499824159112
1400261199432
2499772827208
1675139106376
2774650734152
1400261200200
2499772827976
1675139107144
2774650734920
1417441069384
2516952697160
1692318976328
2791830604104
1417491417732
2517003045508
1692369324676
2791880952452
2512708078212
1688074357380
2499773809992
1675140089160
2774651716936
1417442051400
2516953679176
1692319958344
2791831586120
2512658711880
1688024991048
2787536618824
1675139041928
2774650669704
1417441004168
2516952631944
1692318911112
2791830538888
1413197416840
2512709044616
1688075323784
2787586951560
1692370291336
1692386084488
2791897712264
2791881919112
1400328258888
2499772762500
1675139041668
2774650669444
1417441003908
1692318910852
1395950454084
2495462081860
1670828361028
2770339988804
1413130323268
2512641951044
2787519857988
1400245421380
2499757049156
2495528143492
1670894422660
2770406050436
1413196384900
2512708012676
1688074291844
2787585919620
2495461099140
1670827378308
1417424307844
2516935935620
1400328324744
2499839952520
2774717859464
1400312531592
2499824159368
1675190438536
2774702066312
1400312530248
2499824158024
1675190437192
2499839953220
2774718908740
1396034406724
2495546034500
1670912313668
2770423941444
1413214275908
2512725903684
1688092182852
2787603810628
2512708012360
1688074291528
2787585919304
1396016515400
1417424243336
2516935871112
1692302150280
2791813778056
1396016515720
2495528143496
1670894422664
2770406050440
1413196384904
2512708012680
1400261199172
2499772826948
1675139106116
1396034406788
2495546034564
1670912313732
2770423941508
1413214275972
2512725903748
1688092182916
2787603810692
1400329374084
2499841001860
1395949406600
2495461034376
1670827313544
2770338941320
1395949390404
2495461018180
1670827297348
2770338925124
1413213161092
1688091068036
2787602695812
1400328259204
2499839886980
1675206166148
2774717793924
1417508128388
2517019756164
1692386035332
2517020870280
2499824223560
1675190502728
2774702130504
1417492464968
2517004092744
1692370371912
2791881999688
1413196450440
2512708078216
1688074357384
2787585985160
1400311548552
2499823176328
1675189455496
2774701083272
1417491417736
2517003045512
1417491416456
2517003044232
1692369323400
2791880951176
2774633974340
1417424308804
2516935936580
1692302215748
2791813843524
1396033292868
2495544920644
2770422827588
1400312531524
1675207280196
2770406115716
1413196450180
1400311548292
2499823176068
1675189455236
2774701083012
1417491417476
2517003045252
1692369324420
2774702066052
1400312580676
2499824208452
1675190487620
2774702115396
1417492449860
2517004077636
1692370356804
2791881984580
1688075389508
2787587017284
2791831603844
2774633974404
1417424308868
2516935936644
1692302215812
2791813843588
1396033292932
2495544920708
1395949406852
2495461034628
1675207214472
2774718842248
1395949406856
2495461034632
1395967297096
2495478924872
1670845204040
2770356831816
1417508194632
2517019822408
1692386101576
2791897729352
1396016515716
1413146036616
2512657664392
1417492448840
2517004076616
1692370355784
2791881983560
2774633973384
1417424307848
2516935935624
1692302214792
2791813842568
1417425339784
2516936967560
1692303246728
2791814874504
1395949405572
2495461033348
1670827312516
2770338940292
1692302148996
2791813776772
2787518875012
1400244438404
1400311465604
2516953745736
1692320024904
2791831652680
1413197498692
2495477859972
1670844139140
2770355766916
2512709126468
1688075405636
2787587033412
1692302149000
2791813776776
1396016514440
2495528142216
1670894421384
2770406049160
1413196383624
2512708011400
1688074290568
2787585918344
1396033291912
2495544919688
2770422826632
1413213161096
2512724788872
1688091068040
2787602695816
1417491335752
2517002963528
1692369242696
1395967281476
2495478909252
1670845188420
2770356816196
1413147150660
2512658778436
1688025057604
2787536685380
1400262248772
1417509226820
1670911198596
2770422826372
1413213160836
2512724788612
1688091067780
2787602695556
1400328258948
2499839886724
1675206165892
2774717793668
1400328243780
2499839871556
2787603727940
1400329291332
1675207264584
2499840985416
2774718892360
1417509226824
2517020854600
2791898761544
1395967281480
2495478909256
1670845188424
1413196450184
2512708077960
1688074357128
2787585984904
1400311548296
2499823176072
1675189455240
2774701083016
1417491417480
2517003045256
1396017613384
2495529241160
1670895520328
2770407148104
1413197482568
2512709110344
1688075389512
2787587017288
1400312580680
2499824208456
1413196432964
2512640951684
1688007230852
1417509243272
2517020871048
1395966248580
2495477876356
1670844155524
2770355783300
1413146117764
2512657745540
1688024024708
2787535652484
1400261215876
2499772843652
1413197482308
2512709110084
1688075389252
2787587017028
1400312580420
2499824208196
1417492400772
2517004028548
1692370307716
2791881935492
1395950455428
2495462083204
1670828362372
1417424307592
2516935935368
1692302214536
2791813842312
2516936903240
1688008279624
2787519907400
1400245470792
2499757098568
1675123377736
2774635005512
1395950455432
2495462083208
1670828362376
2770339990152
1413130324616
2512641952392
2787519859336
1400245422728
2499757050504
2516936967492
2791814874436
1395950503236
2495462131012
1670828410180
2770340037956
1413130372420
2512642000196
1688008279364
2495529175432
1413147150984
1688025057928
1692302199428
2791813827204
1396033291656
2495544919432
1670911198600
2770422826376
1400328258952
2499839886728
1413146102148
2512657729924
1688024009092
2787535636868
1395966232964
2495477860740
1670844139908
2770355767684
2495544969604
1396034324040
2495545951816
1670912230984
2770423858760
1413214193224
2512725821000
1688092100168
2787603727944
2770423858500
1413214192964
2512725820740
2787603727684
1396034323780
1395966232968
2495477860744
1670844139912
2770355767688
1413146102152
2512657729928
1688024009096
2787535636872
1400261200264
2499772828040
1670845204036
2770356831812
2495544904324
2770422811268
1413213145732
2512724773508
2787602680452
1688091052676
1396017613128
1417492449608
2495529240904
1670895520072
2770407147848
1413197482312
2512709110088
1417425291592
2516936919368
1692303198536
2791814826312
2791897712004
1417492384132
2517004011908
1692370291076
2791881918852
1417442069128
2516953696904
1692319976072
2791831603848
1417509160328
2517020788104
1692387067272
2791898695048
1692319958664
2791831586440
1670895469956
2770407097732
1413197432196
2512709059972
1688075339140
2787586966916
1395950454148
2495462081924
1670828361092
2770339988868
2770356767108
1413147101572
2512658729348
1688025008516
1413213144712
2512724772488
1688091051656
2787602679432
1413146035844
2512657663620
1688023942788
2787535570564
1400261133956
2499772761732
1413130372424
2512642000200
1688008279368
2787519907144
1400245470536
2499757098312
1675123377480
2774635005256
1417425339720
2516936967496
1395950454152
2495462081928
1670828361096
2770339988872
1413130323336
2512641951112
1688008230280
2787519858056
1400245421448
2499757049224
2791813826948
1400261134728
2499772762504
1413214192968
2512725820744
1400329291080
2499840918856
1675207198024
2774718825800
1417509160264
2517020788040
1692387067208
1396033276552
2495544904328
2770422811272
1413213145736
1688091052680
1400328243848
2499839871624
1417509242440
2517020870216
1692387149384
2791898777160
1413214275204
2512725902980
1688092182148
2787603809924
1670845204100
1400262264452
2499773892228
1396033276292
2495544904068
1670911183236
2770422811012
1413213145476
2512724773252
1688091052420
2787602680196
1400328243588
2499839871364
1417491351176
2517002978952
1692369258120
2791880885896
2495528208004
1670894487172
2770406114948
1413196449412
2512708077188
1688074356356
2787585984132
2499823175300
1675207264648
2774718892424
1675140106632
2774651734408
1417442068872
2516953696648
1692319975816
2791831603592
1417508129352
2517019757128
1692386036296
2791897664072
1670844073608
2770355701384
1413146035848
2512657663624
1688023942792
2787535570568
1400261133960
2499772761736
1692318927240
2791830555016
1692370373000
2791882000776
2516936902280
1692303181448
2791814809224
1670844073348
2770355701124
1413146035588
2512657663364
1688023942532
2787535570308
1400261133700
2499772761476
1675139040644
2774650668420
1395949472068
2495461099844
1670827379012
2770339006788
1413129341252
2512640969028
1688007248196
2787518875972
1400244439364
2499756067140
1395967281540
2495478909316
1670845188484
2770356816260
1413147150724
2512658778500
1688025057668
2787536685444
1400262248836
2499773876612
1417491350916
1692369257860
2512724854340
2787602761284
2787586968132
1675122346312
2774633974088
1417424308552
2516935936328
1692302215496
2791813843272
1396016580936
1413130324356
2512641952132
1688008231300
2787519859076
1413147150728
2512658778504
1688025057672
2787536685448
1400262248840
2499773876616
1396033276296
2495544904072
1670911183240
2770422811016
1400328243592
2499839871368
1396016580232
1670894487176
1413196449416
2512708077192
1688074356360
2787585984136
1400311547528
2499823175304
1396016579908
2495528207684
1670894486852
2770406114628
2770406114692
1413196449156
2512708076932
1688074356100
2787585983876
1400311547268
2499823175044
1417509177992
2517020805768
1692387084936
2791898712712
1413197481540
2512709109316
1688075388484
2787587016260
1400312579652
2499824207428
1675190486596
2774702114372
1417492448836
1417441002888
2516952630664
1692318909832
2791830537608
2495477794372
1670844073540
1396033275460
2495544903236
1670911182404
2770422810180
1413213144644
2512724772420
1688091051588
2787602679364
1675206231432
2774717859208
1400312531336
1670828427908
2770340055684
1413130390148
2512642017924
1395950520964
2495462148740
1688008297092
2787519924868
1395966166600
2495477794376
1670844073544
2770355701320
1413146035784
2512657663560
1688023942728
2787535570504
1400261133896
2499772761672
1417425356356
2516936984132
1692303263300
2791814891076
1692303198856
1395949390148
2495461017924
2770338924868
1675207263816
2774718891592
2499840936580
1675207215748
1417509177988
2517020805764
1692387084932
2791898712708
1396034341508
1400262247816
2499773875592
1675140154760
2774651782536
1396016579976
2495528207752
1670894486920
2770406114696
1413196449160
2512708076936
1688074356104
2787585983880
1400311547272
2499823175048
1675189372552
2774701000328
1413197481544
2512709109320
1688075388488
2787587016264
1400312579656
2499824207432
1400312579396
2499824207172
1675190486340
2774702114116
1692370355524
2791881983300
1417492448580
2517004076356
1396017612100
2495529239876
2499839871560
1675206150728
2774717778504
1688008296772
2787519924548
1400245487940
2499757115716
1675123394884
2774635022660
1417425357124
1396016564868
2495528192644
1670894471812
2517003029124
1692369308292
2791880936068
1675189439108
2774701066884
1417491401348
2770406099588
1395967231620
2495478859396
1670845138564
2770356766340
1413147100804
2512658728580
1688025007748
2787536635524
1675190438216
2774702065992
1395950520648
2495462148424
1670828427592
2770340055368
1675123395208
2774635022984
1417425357448
2516936985224
2791814892168
1395950520708
2495462148484
1670828427652
2791880870216
1413214210696
2512725838472
2787603745416
1400329308808
2499840936584
2791830619780
1400329308548
2499840936324
1675207215492
2774718843268
1417509177732
2517020805508
1692387084676
2791898712452
1396034341252
2495545969028
2517003029128
1692369308296
2791880936072
1400328242820
2499839870596
1675206149764
2774717777540
1417508112004
2517019739780
1692386018948
2791897646724
1396033275524
2495544903300
1395949406788
2495461034564
1670827313732
2770338941508
2791881983304
1400312579400
2499824207176
1675190486344
2774702114120
1417492448584
2517004076360
1692370355528
1396017612104
2495529239880
1400329292424
2499840920200
1675207199368
2774718827144
1413197415752
2512708061832
2787585968776
1400311532168
2499823159944
1675189439112
2774701066888
1417491401352
1417442068104
2516953695880
1692319975048
2791831602824
1692318910088
2791830537864
1395967215172
2495478842948
1670845122116
2770356749892
1413147084356
2512658712132
1688024991300
2787536619076
1400262182468
2499773810244
1396016564612
2495528192388
1670894471556
2770406099332
1413196433796
2512708061572
1688074340740
1400311531908
2512658728324
1395949472132
2495461099908
1670827379076
2770339006852
2512708077956
1688074357124
2787585984900
1396016580996
2495528208772
1670894487940
1400311547460
2499823175236
1675189454404
2774701082180
2499756066180
1675122345348
2774633973124
1675190437448
2774702065224
1395967215176
2495478842952
1670845122120
2770356749896
1413147084360
2512658712136
1688024991304
2787536619080
1400262182472
2499773810248
1675123394952
2774635022728
1417425357192
2516936984968
1692303264136
2791814891912
1675122346376
2774633974152
1417424308616
2516935936392
1692302215560
2791813843336
1396016581000
2495528208776
1670894487944
2770406115720
1417491401092
2517003028868
1692369308036
1417442067844
2791880935812
2516935919240
1692302198408
2791813826184
2791814826632
1417508177288
1692386084232
1417492384136
2517004011912
1692370291080
2791881918856
2774650751300
2774633956740
2516935918980
1692302198148
2791813825924
1395949454724
2495461082500
1670827361668
2770338989444
1413129323908
1400329292164
2499840919940
1675207199108
2774718826884
1396034341256
2495545969032
1670912248200
2770423875976
1413214210440
2512725838216
1688092117384
2787603745160
1400329308552
2499840936328
1396033275528
2495544903304
2770422810248
2499756001864
1675122281032
2774633908808
1417424243272
2516935871048
1692302150216
2791813777992
1400312530244
2499824158020
1675190437188
2774702064964
1395949406532
2495461034308
2770338941252
1413129275716
2512640903492
1417424243012
2516935870788
1400244357700
2499755985476
1413196433800
2512708061576
1688074340744
2787585968520
1400311531912
2499823159688
1675189438856
2774701066632
1417491401096
2517003028872
2512658728328
1688025007496
2787536635272
1400262198664
2499773826440
1675140105608
2774651733384
1417492466248
2517004094024
1692370373192
2791882000968
2787585902980
2791830537860
1675139040900
2774650668676
1417441003140
2516952630916
1692318910084
1395966166660
2495477794436
1670844073604
2770355701380
1395966183748
2495477811524
1670844090692
2770355718468
1400329374276
1400262265220
2499773892996
1413147085444
2512658713220
1688024992388
2787536620164
1395967216260
2495478844036
1670845123204
2770356750980
1395966166664
2495477794440
1400328259208
2499839886984
1675206166152
2774717793928
1396033275272
2495544903048
1670911182216
2770422809992
2495461034312
2770338941256
1413129275720
2512640903496
1688007182664
2787518810440
1400244373832
2499756001608
1675122280776
1417509242184
2517020869960
2791898776904
1413197433416
2512709061192
1688075340360
2787586968136
1417425357188
2516936984964
1692303264132
2791814891908
1675190503812
2774702131588
1417492466052
2517004093828
1670912248388
2770423876164
1675190504068
2774702131844
1417492466308
2517004094084
1692370373252
2791882001028
1396017629828
2495529257604
1670895536772
2770407164548
1692386036040
2791897663816
1400245488008
2499757115784
2791880934980
1417491400260
2517003028036
1692369307204
1417492383304
2517004011080
1692370290248
2791881918024
1417442052744
2516953680520
1692319959688
2791831587464
1417508194952
2517019822728
1692386101896
2791897729672
1675140090244
2774651718020
2499840919108
1675207198276
2774718826052
1395967216004
1675140089220
2774651716996
1395950519940
2495462147716
1670828426884
2770340054660
1413130389124
2512642016900
1688008296068
2787519923844
2791830604100
2791831587144
2787586967876
1413213226308
2512724854084
1688091133252
2787602761028
1413197433156
2512709060932
1688075340100
1417442118280
1413197499012
2512709126788
1688075405956
2516953746056
1692320025224
2791831653000
1413214275208
2512725902984
1688092182152
2787603809928
1413214209668
2512725837444
2770423940484
1692370289988
2791881917764
1413196383812
2512708011588
1688074290756
2787585918532
1400311481924
2499823109700
1675189388868
2774701016644
1417491351108
2517002978884
2517019822468
1692386101636
2791897729412
1396017629832
2495529257608
2512707995204
2787585902148
1670895536776
1413147084420
2512658712196
1688024991364
2787536619140
1400262182532
1413214193284
2512725821060
1417509177736
2517020805512
1692387084680
2791898712456
1417492448900
2517004076676
1692370355844
2791881983620
1417424242248
2516935870024
1692302149192
2791813776968
1396016514632
1692370372996
2791882000772
1396017629572
2495529257348
1670895536516
2770407164292
1413197498756
2512709126532
1688075405700
2787587033476
1675140171400
2774651799176
1400262264388
2499773892164
1675190487624
2774702115400
2774701065860
1417491400324
2517003028100
1692369307268
2791880935044
2512708060804
1395967215240
2495478843016
1670845122184
2774633907844
1396017628552
2495529256328
1670895535496
2770407163272
1688023943492
2787535571268
2512657664324
1675140090248
2774651718024
1417509227076
2517020854852
1692387134020
2791898761796
1688008296072
2787519923848
1417425356424
2516936984200
2791814891144
1413214274948
2512725902724
1688092181892
2787603809668
1675207280008
2774718907784
1417508112008
2517019739784
1692386018952
2791897646728
1395950519684
2495462147460
1670828426628
2770340054404
1413130388868
2512642016644
1688008295812
2787519923588
1400245486980
2499757114756
1670894422596
2770406050372
1413196384836
2512708012612
1688074291780
1400311482948
1417425356100
2516936983876
2791814890820
1413214209672
2512725837448
2787603744392
1400329307784
2499840935560
1413129340484
2512640968260
1688007247428
2787518875204
2774633892168
1396016499016
2495528126792
1670894405960
2770406033736
1413196368200
1413213161860
1688091068804
1400244373060
2499756000836
2770407082568
1692302149956
2791813777732
1396017629576
2495529257352
1670895536520
2770407164296
1413197498760
2512709126536
1688075405704
2787587033480
1400312596872
2499824224648
2495528191624
2770406098568
1413196433032
2512708060808
1688074339976
2787585967752
1400311531144
2499823158920
1413147085188
2512658712964
1395966233156
2495477860932
1670844140100
2770355767876
1413146102340
2512657730116
1688024009284
2787535637060
2499772828228
1670894470532
2770406098308
1417441085064
2516952712840
1692318992008
1395966233160
2495477860936
1670844140104
2770355767880
1413146102344
2512657730120
1688024009288
2787535637064
1675123393928
2774635021704
1417425356168
1675206216328
2774717844104
1396016515656
2495528143432
1670894422600
2770406050376
1413196384840
2512708012616
1688074291784
2787585919560
1400311482952
2499823110728
1413196384580
2512708012356
1688074291524
2517002979652
2787585919300
1675189454408
2774701082184
2495462132356
1670828411524
2770340039300
1413130373764
2512642001540
1688008280708
2787519908484
1396034340232
2495545968008
1670912247176
2770423874952
1400329307528
2499840935304
1675190437444
2774702065220
1417492399684
2517004027460
1692370306628
2791881934404
2787519858244
1400245421636
2499757049412
1675123328580
2791881935428
1417509176904
2517020804680
1692387083848
2791898711624
1692369308040
2791880935816
1395950454344
2495462082120
1670828361288
2770339989064
1400245421640
2499757049416
1395949405508
2495461033284
2770338940228
1675207199364
1417441086020
1692318992964
2774718827140
1395966249540
1400329292168
2499840919944
1675207199112
2774718826888
2495528191368
2770406098312
1396033340740
2495544968516
1670911247684
2770422875460
1413213209924
2512724837700
1688091116868
2787602744644
1400328308036
2499839935812
1396017547588
1396033340744
2495544968520
1670911247688
1417508177224
2770422875464
2499773810308
2774651717252
1417442051716
2516953679492
1692319958660
2791831586436
2774702130824
2791814809928
1417492384072
1400312514888
2499824142664
1675190421832
2774702049608
1692370291016
1675123378824
2774635006600
1417425341064
2516936968840
2791814875784
1395950504324
2495462132100
1670828411268
2770340039044
1413130373508
1675207281224
2774718909000
1417491351172
1692369258116
2791880885892
1395949405828
2495461033604
2516935869768
1692302148936
2791813776712
2787518809416
1400244372808
2499756000584
1395949405512
2495461033288
2770338940232
2499823109704
2499756000904
1675122280072
2774633907848
1417424242312
2516935870088
1692302149256
2791813777032
1396016514696
2495528142472
1670894421640
1400244357444
2499755985220
1675122264388
2774633892164
1670845188676
2770356816452
1670894421316
2770406049092
1396034390596
2495546018372
1413146118468
2512657746244
1688024025412
2787535653188
1400261216580
1675139123524
1413197497988
2512709125764
1688075404932
2787587032708
1675122264644
1400312596100
2499824223876
1675190503044
1417492465284
1395967281736
2495478909512
1670845188680
2770356816456
1417492465992
2517004093768
1692370372936
2791882000712
2770356749960
1413147084424
2512658712200
1688024991368
2787536619144
1417442051720
1692303263112
2791814890888
2787603744388
1413147084164
2512658711940
1688024991108
2787536618884
2499773810052
2512640887172
1688007166340
2787518794116
1675206165896
2774717793672
1675123378568
2774635006344
1417424226696
2516935854472
1692302133640
2791813761416
1396016499080
2495528126856
1670894406024
2770406033800
1413214209348
2512725837124
2787603744068
2791831602504
1396034340168
2495545967944
1670912247112
2770423874888
1413214209352
2512725837128
2787603744072
1400329307464
1400261199236
2499772827012
1400329291336
2499840919112
1675207198280
2774718826056
1396017563012
2495529190788
1396034324872
1675139123528
2516952713544
2791830620488
2495545952648
1670912231816
2770423859592
1413197433160
2512709060936
1688075340104
2787586967880
2791813761608
2770407163528
2770423924036
1413214258500
2512725886276
1688092165444
2787603793220
1675140154692
2774651782468
1400261200516
1675139107460
1417441069700
2516952697476
1692318976644
2791830604420
1670895535492
2770407163268
1413197497732
2512709125508
1688075404676
2787587032452
1413129259332
2512640887108
1688007166276
2787518794052
2517020853576
2791898760520
2512658777416
1688025056584
2787536684360
1395966233224
2495477861000
1670844140168
2770355767944
1413146102408
2512657730184
1688024009352
2787535637128
1417509176708
2517020804484
1692387083652
2791898711428
1675122279812
2774633907588
1417424242052
2516935869828
1400244372872
2499756000648
1675122279816
2774633907592
1417424242056
2516935869832
1417508194696
1692386101640
1675190438280
2774702066056
1417492448904
2517004076680
1692370355848
2791881983624
1692369258052
2791880885828
1396016514628
2495528142404
1670894421572
2770406049348
1395950454404
2495462082180
1670828361348
2770339989124
1413130323588
2512641951364
2787519858308
1417509227080
2517020854856
1692387134024
2791898761800
1395950454408
2495462082184
1670828361352
2770339989128
1413130323592
2512641951368
2787519858312
1400245421704
2499757049480
1417491335816
2517002963592
1692369242760
2791880870536
1395949390152
2495461017928
2770338924872
1413129259336
2512640887112
1688007166280
2787518794056
1400244357448
1413196367172
1675139106180
2774650733956
1400328308100
2499839935876
1675206215044
2774717842820
1396033292612
2495544920388
2770422827332
1413213161796
1400328259908
2499839887684
1675206166852
2774717794628
2512724789572
2791898777224
1395950438788
2495462066564
1670828345732
2770339973508
1413130307972
2512641935748
1688008214916
1395966231944
2495477859720
1670844138888
2770355783236
2770422827336
2499772778824
2770407148164
1417492449924
2791898761540
1395950438792
2495462066568
1670828345736
2770339973512
1413130307976
2512641935752
1688008214920
2787519842696
2495528142408
1670894421576
2770406049352
1413196383816
2512708011592
1688074290760
2787585918536
1400311481928
1417508111752
2517019739528
1692386018696
2791897646472
2791880885572
1396016514372
2787585918276
1413196383556
2495528142148
1400311481668
2499823109444
1675189388612
2774701016388
2512708011332
1675206232644
2774717860420
2517019822660
2791897729604
2512642000516
1688008279684
2787519907460
1400245470852
2499757098628
1675123377796
2774635005572
1417425340036
2516936967812
1670894488132
2770406115908
1413196450372
2512708078148
1688074357316
2787585985092
1400311548484
2499823176260
2512640969284
1688007248452
2512725887620
1413214259844
1396034390660
2495546018436
1670912297604
2787603794564
1675122346568
1396016581192
2495528208968
1670894488136
2770406115912
2770407082312
2787603728004
2495477876292
1670844155460
1395966182980
2495477810756
1670844089924
2770355717700
1400261150276
2499772778052
1400244373064
2499756000840
1675122280008
2774633907784
1417508193864
1692386100808
1417492400712
2517004028488
1692370307656
2791881935432
1417425291656
2516936919432
1692303198600
2791814826376
2512709110148
1688075389316
2787587017092
1400312580484
2499824208260
1675190487428
2774702115204
1417492449668
2517004077444
1692370356612
1675206216072
1396016514376
2495528142152
1670894421320
2770406049096
1413196383560
2512708011336
1688074290504
2787585918280
1400311481672
2499823109448
2495544986184
2770422893128
2512724855368
2787602762312
1400328325704
2499839953480
1417425340040
2516936967816
2499757049476
1675123328644
2774634956420
1413213227332
1400244373128
1675123377540
2774635005316
1417425339780
2516936967556
1692303246724
2791814874500
1395950503300
2495462131076
1670828410244
2770340038020
2512707996228
1688074275396
2787585903172
2512640968004
2787518874948
1675122345284
2774633973060
1417424307524
2516935935300
1692302214468
1417492400452
1692303182408
1692318975560
2791830603336
2791814810184
1417509225860
2517020853636
1692387132804
2791898760580
2516953744772
1692320023940
2791831651716
2770355783240
1413146117704
2512657745480
1688024024648
2787535652424
2499772843592
2774650750536
1417441085000
1675123329608
2791880951112
1400311547208
2499823174984
1675189454152
2774701081928
1417491416392
2517003044168
1692369323336
1670895454600
2770407082376
2774650750276
1417441084740
1692318991684
1417425291588
2495462082884
2770339989828
1395967280520
1417509242504
1395967232328
1400262199624
2499773827400
2770338924100
1413129258564
2512640886340
1688007165508
2787518793284
1396017613192
2495529240968
1670895520136
2770407147912
1413197482376
2512709110152
1688075389320
2787587017096
1400312580488
2499824208264
1413146101316
2512657729092
1688024008260
2787535636036
2787519842884
2787603809604
1413147166020
2512658793796
1688025072964
2787536700740
1400262264132
2499773891908
1400261215556
2499772843332
2499755985224
1675122264392
1417508129416
2517019757192
1692386036360
2791897664136
2770407163208
1413130388808
1417441003844
1396033358152
2495544985928
1670911265096
2770422892872
1413213227336
2512724855112
1688091134280
2787602762056
1400328325448
2499839953224
1395950520900
2495462148676
1670828427844
2770340055620
1413130390084
2512642017860
1688008297028
2787519924804
1675190504004
2774702131780
1688008279432
2787519907208
1400245470600
2499757098376
1675123377544
2774635005320
1396016499272
2495528127048
1670894406216
2770406033992
1413196368456
2512707996232
1688074275400
2787585903176
2791898776964
1396016499012
2495528126788
1670894405956
2770406033732
1413196368196
2512707995972
1688074275140
2787585902916
1395950520904
2495462148680
2512724854404
1688091133572
2787602761348
1396034323848
2495477876040
2770355782984
1675123329352
2774634957128
1413147084100
2512658711876
1688024991044
2787536618820
1675189454212
2774701081988
2517003044228
2791880951172
1675139058052
1417441020292
2516952648068
1692318927236
2791830555012
2516935935556
2791813842500
2512640968072
2787518875016
1400244438408
1675139041672
2774650669448
1692370290308
2791881918084
2512640886084
2495461016900
2770338923844
2774633891140
1413146053000
1400311532100
2499823159876
2512657680776
1688023959944
2787535587720
1400328308296
2499839936072
1675206215240
2774717843016
1675139107396
2774650735172
2495528125764
1413146036868
2512657664644
1688023943812
2787535571588
1417492464964
2517004092740
1692370371908
2791881999684
1413197497668
2512709125444
1688075404612
2787587032388
1396016581252
2495528209028
1670894488196
2770406115972
1413196450436
1395949472388
1400311548548
2499823176324
1675189455492
2774701083268
2512707995976
1688074275144
2787585902920
1400311466312
2499823094088
2774701001032
1675189373256
2512642016584
1688008295752
2787519923528
1400245486920
2499757114696
1396017628488
1675123393864
2774635021640
1400312595784
1417425356104
1675122346632
2774633974408
1417424308872
1692302215816
1396016581256
2495528209032
1670894488200
2770406115976
2516935853384
1692302132552
2791813760328
1400329356936
1675207263880
2516952697416
2791830604360
1413146102084
2512657729860
1688024009028
2787535636804
1400261200196
2499772827972
1675139107140
2774650734916
2516952697156
1400312579716
2499824207492
1675206150792
2774717778568
1417492448648
2517004076424
1692370355592
2791881983368
2495528207748
1675190438468
2774702066244
1417492400708
2517004028484
1692370307652
2774717859396
1417508193860
2517019821636
1692386100804
2791897728580
2512640968264
2787518875208
2499756066376
1692319975812
1417442068868
2499756066184
2774633973128
1413147101764
2512658729540
1688025008708
1400262199688
2499773827464
1675206150532
2774717778308
1413129340232
2512640968008
1688007247176
2787518874952
1396017612424
1670895519368
1688075388552
1400312579720
2499824207496
1400329373316
2499841001092
1675207280260
2774718908036
1417509242500
2517020870276
2791898777220
1396017628804
2770423940740
2512640968328
2787518875272
1396017612164
2495529239940
1670895519108
2770407146884
1417425357444
2516936985220
2791814892164
1400312597124
2499824224900
2774701082244
1675190437512
2774702065288
1400328324680
1692369324616
2791880952392
1413130390152
1688008297096
1675206231364
2774717859140
1396033357124
1692370307396
2791881935172
2517004028228
1396017563972
2495529191748
1670895470916
2770407098692
1413214259848
2512725887624
1688092166792
2787603794568
1400311465540
2499823093316
1675189372484
2774701000260
1417491334724
2517002962500
1692369241668
2791880869444
2499840936520
1675207215688
2774718843464
1417425290824
2516936918600
1692303197768
2791814825544
1417425290564
2516936918340
1692303197508
2791814825284
1675190437252
2774702065028
1413147167300
2512658795076
1688025074244
2787536702020
2787518810756
1417491417412
2517003045188
1692369324356
2791880952132
1396017612168
2495529239944
1670895519112
2770407146888
1400312579464
1417492400456
2517004028232
1692370307400
2791881935176
2499840936260
1675207215428
2774718843204
1417492466312
2517004094088
1400312595844
2499824223620
1675190502788
2774702130564
1417492465028
2517004092804
1692370371972
2791881999748
1396017628548
2495529256324
1400328324424
2499839952200
2774717859144
1417508193608
2517019821384
1692386100552
2791897728328
1400329374340
1396017563976
2495529191752
1670895470920
1400245486984
2499757114760
2774701000264
2517002962504
1692369241672
2791880869448
2512707994948
1688074274116
2787585901892
1400311465284
2499823093060
1675189372228
2774701000004
1417491334468
2517002962244
1692369241412
1400328309316
1395967216196
2495478843972
1670845123140
1395950454088
2495462081864
1670828361032
1413130323272
2512641951048
2787519857992
2774633892420
1396016499268
2495528127044
1670894406212
2770406033988
2499773893192
2774651800136
1417442134600
1692320041544
2516935854664
1692302133832
1417442134340
2516953762116
2791830604424
1413197433480
2512709061256
1688075340424
2787586968200
2516952696388
1692318975556
2791830603332
1675139106372
2774650734148
1417441068612
2499757034052
1675123313220
2774634940996
2791880869188
1688008214852
2787519842628
2512657728836
1688024008004
2787535635780
1417508129160
2517019756936
1692386036104
2791897663880
1417492383368
2517004011144
1692370290312
2791881918088
1400245422660
2499757050436
2774701000008
1670894404936
2770406032712
1413196367176
2512707994952
1688074274120
2787585901896
1417491334472
1396016497992
1400329291396
2499840919172
2517019806276
2791897713220
2495544969800
2770422876744
1400328309320
1417509161544
2517020789320
1692387068488
2791898696264
1688091133316
2787602761092
2787586967940
1396033341764
2495544969540
1670911248708
2770422876484
1413213210948
2512724838724
1688091117892
2787602745668
1400328309060
1675189389636
1692369258820
1400311482692
2499823110468
2495528143176
1670894422344
2770406050120
2787535587656
1396033292616
2495544920392
1413129258308
1688007165252
2787518793028
1400244356420
2499755984196
1675122263364
1675140172104
2774651799880
1417492383108
2517004010884
1692370290052
2791881917828
2770355766856
1417425275464
1400244356424
2499755984200
1675122263368
1395949389128
1692369241416
2517002962248
2791880869192
2774633891144
1417424225608
1675189372232
1400262198596
2499773826372
1675140105540
2774651733316
2499839935816
1413146101060
2774650733892
1413196367492
2512707995268
1688074274436
2787585902212
1413130307908
1400312580744
2499824208520
1675190487688
1396016515460
2495528143236
1670894422404
2770406050180
1413196384644
2512708012420
1688074291588
2787585919364
2499823110532
1413213145668
2512724773444
1688091052612
2787602680388
1400244373896
2499756001672
1670895519044
2770407146820
1417508177476
2517019805252
1692386084420
2791897712196
1395966232132
2495477859908
1396017563204
2495529190980
1670895470148
2770407097924
1413197432388
2512709060164
2787586967108
1400312530500
2499824158276
1400328309064
2499839936840
2774717843784
1417508178248
1396033341768
2495544969544
2770407082564
1395966232136
2495477859912
1670844139080
1692370372164
2791881999940
1395950438984
2495462066760
1670828345928
2770339973704
1400329356680
2499840984456
1675207263624
2774718891400
1692320041284
2791831669060
1395966231880
1670844138824
1413146101064
2512657728840
2787519842632
2770407082632
1413146118724
2512657746500
1688024025668
1417508128328
2517019756104
1692386035272
2791897663048
1413214194308
2512725822084
2787603729028
1396017563208
2495529190984
1670895470152
2770407097928
1413197432392
1400312530504
2499824158280
1396017562948
2495529190724
1670895469892
2770407097668
1413197432132
2512709059908
1688075339076
2787586966852
1417509243460
2517020871236
1692387150404
2791898778180
1688008213828
2787519841604
1675123311940
1400311483012
2499823110788
1675189389956
2774701017732
1417491352196
2517002979972
1692369259140
1396017547652
2495529175428
1395949390468
2495461018244
2770338925188
1413129259652
2512640887428
1688007166596
2787518794372
1396016499332
2495528127108
1417508128068
2517019755844
1692386035012
2791897662788
2495545951624
1670912230792
2770423858568
1675189454472
2774701082248
1413213210952
2512724838728
1688091117896
2787602745672
2770339972424
1413130306888
2512641934664
2787519841608
1400245405000
2499757032776
1675123311944
2774634939720
1395949390472
2495461018248
2770338925192
1413129259656
2512640887432
1688007166600
2787518794376
1675206232648
2774717860424
2499824159300
2770338940548
1400244373124
1675190438532
2774702066308
1417442051396
2516953679172
1692319958340
2791831586116
1413129275976
2512640903752
1688007182920
2512657663556
1400262248004
2499773875780
1675140154948
2774651782724
1417442117188
2516953744964
1692320024132
2791831651908
1675207263812
1417442133640
2516953761416
2774702064968
1417492399432
2517004027208
1692370306376
2791881934152
2787586966856
1395967280712
2495478908488
1670845187656
2770356815432
1413147149896
2512658777672
1688025056840
2787536684616
1400262248008
1417491417416
1692369324360
1688074291848
2787585919624
1400311483016
2499823110792
1675189389960
2774701017736
1417491352200
2517002979976
1692369259144
2791880886920
2770338941572
2774651734660
2770338941576
1400244374152
2499756001928
1675122281096
2774633908872
1395949389188
2495461016964
1670827296132
1413129258372
2512640886148
1688007165316
2787518793092
1400244356484
2499755984260
1396033340996
2512709044804
2787586951748
1417442133576
2516953761352
1692320040520
2791831668296
1675207281032
2774718908808
1675140171076
2774651798852
1395967296836
1670845203780
1400244372868
2499756000644
1400328242760
2499839870536
1675206149704
2774717777480
2787519841860
2774634939972
1417425274436
2516936902212
2774717843076
1417508177540
2517019805316
1692386084484
2791897712260
2787602744964
1400329374020
1417441085764
2516952713540
1692318992708
2791830620484
2774717860164
1400328260164
2499839887940
1675206167108
2774717794884
2770339006792
1413129341256
1688007248200
1400244439368
2774634941060
1400245406340
2499757034116
1395966232200
1670844139144
1396034406728
1670912313672
1413196384648
2512708012424
1688074291592
2787585919368
1400311482760
2499823110536
1675189389704
2774701017480
1417491351944
2517002979720
1395966184008
2495477811784
1670844090952
2770355718728
1413146053192
2512657680968
1688023960136
1396033341000
2495544968776
1688024008008
2787535635784
1670911247944
2770422875720
1413213210184
2512724837960
1688091117128
2787602744904
2495529175624
1413130308232
2512641936008
2787519842952
2774717842756
1417508177220
2517019804996
1692386084164
2791897711940
1417491400328
2517003028104
1692369307272
2791880935048
2774634957384
1400329291400
2499840919176
1675207198344
2774718826120
1400244439428
2499756067204
1675122346372
1417424308612
2516935936388
1400244439432
1675123312200
2774634939976
1417425274440
1692303181384
1417508178504
1692386085448
1417441086088
2516952713864
1692318993032
1413197433224
2512709061000
1688075340168
2787586967944
2791814874760
2774634939716
1400245404996
2791814808900
2499757032772
1417441085828
2499772844420
2774650751364
2791831652932
1670912248196
2770423875972
1675189388872
2774701016648
2774651733320
1413130306948
2512641934724
1688008213892
1400245405060
2499757032836
1396017546628
2495529174404
2770407081348
2774650684744
2499772777800
1675139056968
1692369306948
2499840984392
1670894470472
2770406098248
1413196432712
2787603727688
2774717842760
2517004011848
2517019805000
2791881918792
2791897711944
1688075323720
1400328308040
1396017547592
2495529175368
1670895454536
2770422810244
1395950437768
2495462065544
1670828344712
2770339972488
1413130306952
2512641934728
1688008213896
2787519841672
1400245405064
2499839870340
1675206149508
2774717777284
1417508111748
1396016563588
2495528191364
1395949389192
2495461016968
1670827296136
2770338923912
1417509227144
2517020854920
2791898761864
1395950437704
2495462065480
1670828344648
1396017612356
2495529240132
1670895519300
2516953745992
1692320025160
2791831652936
1417492465224
2517004093000
1692370372168
2791881999944
1417424226952
2516935854728
1692302133896
2791813761672
1417509226116
1395949389448
2495461017224
2770338924168
2499773876548
1675140155716
2774651783492
1417442117956
2516953745732
1692320024900
2791831652676
1400329373252
2499841001028
1395967280776
2495478908552
1670845187720
2770356815496
1417491352136
2517002979912
1692369259080
2791880886856
1413214194312
2512725822088
2787603729032
2774718907972
1417509242436
2517020870212
1692387149380
1396034405956
2495546033732
1670912312900
2770423940676
1395949472324
2495461100100
1670827379268
2770339007044
1413129341508
1396016581188
1413129324868
2512640952644
1688007231812
1400329373320
2499841001096
2495461100104
2770339007048
1413129341512
2512640969288
1688007248456
2787518876232
1413196449348
2512708077124
1688074356292
2787585984068
2516952696392
1417491401032
2774633957704
1396016564552
1396017547656
1675140155720
1417509176644
2517020804420
1692387083588
1413146118788
1688024025732
2770422893188
1413213227652
1400328260228
2499839888004
1675206167172
2770422827652
2512640969352
2787518876296
1400244439688
2517019821704
2791897728648
1417492400776
2517004028552
1692370307720
2791881935496
2499840935240
1400262198600
1675207214408
2499756050756
2774633957700
1396016564548
2495528192324
1670894471492
1413146053256
2512657681032
1688023960200
2787535587976
1688075323780
1413129324932
1400244357508
1395949390216
2495461017992
1670827297160
2770338924936
1396034405960
2495546033736
1670912312904
2770423940680
1413214275144
2512725902920
1688092182088
2787603809864
1400329373256
2499841001032
2770406049416
1413196383880
2512708011656
1688074290824
2787585918600
1400311481992
1417509242180
2517020869956
2791898776900
1413196383620
2512708011396
1688074290564
2787585918340
1692370290244
1417492383300
2774702048836
2791881918020
1400328325764
2499839953540
2774717860484
2517019822724
1692386101892
2791897729668
2512640952900
1688007232068
2787518859844
1400244423236
2499756051012
1675122330180
2774633957956
2516935920196
1692302199364
2512709125700
2787519842948
1417441004164
1692318911108
1413130389064
2512642016840
1688008296008
2787519923784
2774717860168
1675190486600
2774702114376
1413130324612
2512641952388
2787519859332
1396033291652
2495544919428
2770407164228
1413146101380
2512657729156
1688024008324
2787535636100
1400261150088
2499772777864
2495529240900
1670895520068
2770407147844
1396034405704
2495546033480
1670912312648
2770423940424
1400312514120
2499824141896
2495544986248
2770422893192
2512724855432
2787602762376
1417425340744
2516936968520
2791814875464
1688075389256
1417492383044
2517004010820
1396017546564
2495529174340
1670895453508
1413213227396
2512724855172
1688091134340
2787602762116
1400328325508
1670912297540
2770423925316
1413214259780
2512725887556
1688092166724
2787603794500
1670894406276
2770406034052
1400311466628
2499823094404
1675189373572
2774701001348
1400329374088
2499841001864
1413129340548
1400244438660
2499756066436
2774633973380
1413214193220
1688092100164
2512725820996
2495477876360
1670844155528
2770355783304
1413146117768
1688024024712
1413214210692
2512725838468
2787603745412
1400244438664
2499756066440
1692302214788
2791813842564
1395967280708
2495478908484
1670845187652
2770356815428
1675206215304
2774717843080
2517020789380
2770407081284
2787585968516
1417424292228
2516935920004
1692302199172
1417492383048
1396017546568
2495529174344
1670895453512
2770407081288
1396033358216
2495544985992
1670911265160
2770422892936
1413213227400
2774633957768
1417424292232
1396016564616
2495528192392
1670894471560
2770406099336
1396034390600
2495546018376
1670912297544
2770423925320
1413214259784
2512725887560
1688092166728
2787603794504
1400329357896
2499840985672
1692303197572
2791814825348
1396016499336
2495528127112
1670894406280
2770406034056
1413147166276
2512658794052
1688025073220
2787536700996
2517003027848
1692369307016
2791880934792
2517020854596
1396034390340
2495546018116
1670912297284
2770423925060
1396016499076
2495528126852
1670894406020
2770406033796
1400261215624
1675139122568
1400262247748
1675122263428
2774633891204
1413146102404
2512657730180
1688024009348
2787535637124
2499824224836
1675207280200
2774718907976
2791882000004
2495529256580
1417425356420
2516936984196
2791814891140
1670895535748
2770407163524
1396034390344
2495546018120
1670912297288
2770423925064
1413214259528
2512725887304
1688092166472
1413196368264
2512707996040
1688074275208
2787585902984
1413130389128
2512642016904
1413147101828
2512658729604
1688025008772
2787536636548
2774634940040
2770355784004
2499772844356
1400328325444
2517019822404
1692386101572
2774635006340
1417425340804
1396017613188
2495529240964
1670895520132
2770407147908
1413197482372
2499772828036
2774650734980
1396017564228
2495529192004
1670895471172
2770407098948
1395966249288
2495477877064
1670844156232
2770355784008
1413146118472
1688024025416
1400261216584
2499772844360
1395950504328
1400245471624
2499757099400
1692369324680
2791880952456
2770407099012
1413213226628
1396017564292
2495529192068
1670895471236
1675140090180
2774651717956
1675139107208
2774650734984
2791880952196
1417492400520
2517004028296
1692370307464
2791881935240
2516935853640
1692302132808
2791813760584
1400245487172
2499757114948
1675123394116
2774635021892
2512724854408
2787602761352
1417509226056
2517020853832
1692387133000
2791898760776
1396033357188
2495544984964
1670911264132
2770422891908
1413213226372
2512724854148
1417491334788
2517002962564
1692369241732
2791880869508
1417508112968
2517019740744
1692386019912
1417509243204
2517020870980
2791898777924
1395967297860
2770356832580
1417425290628
2516936918404
1395967297864
2495478925640
1670845204808
2770356832584
2770356832900
1692387132740
1396033357192
2495544984968
1670911264136
2770422891912
2512724854152
2787602761096
2499839952264
2791898760516
2495546017092
1670912296260
1396034389316
1417509225796
1396016498052
2770406032772
2774701000068
1400328309380
2499839937156
2774717844100
1417508178564
2517019806340
1692386085508
2791897713284
1396033342084
2495544969860
2517004011076
1400312514116
2499824141892
1675190421060
1417491416644
2517003044420
1692369323588
2791880951364
1417492399688
2517004027464
1692370306632
2791881934408
2516953762440
2791831669384
1395950437960
2495462065736
1670828344904
2770339972680
1400245405256
2499757033032
1413214258820
2512725886596
1688092165764
2787603793540
1692320041348
2791831669124
1400261199492
2499772827268
1675123313284
1675139106436
1688008215172
1413130308228
1413146053188
2512657680964
1688023960132
2787535587908
2787603793224
1396034389320
2495546017096
1670912296264
2770423924040
1400328309384
2517004093060
1692370372228
2770422876548
1413213211012
1688091117956
2499839936900
1400312597064
2499824224840
1675190504008
2774702131784
1395949389444
2495461017220
2770338924164
1413129258628
2512640886404
1688007165572
2787518793348
1675140172168
1413146101384
2512657729160
1688024008328
2787535636104
1417425275528
1413129258632
2512640886408
1688007165576
2787518793352
1400244356744
2499755984520
1675122263688
2774633891464
1417508128392
2517019756168
1400329356868
2499840984644
1692386035336
2791897663112
1400245406084
1417425275268
2516952696452
2791830603396
1400261151044
2499772778820
1675139057988
2774650685764
1417492399748
2517004027524
1692370306692
2791881934468
1396033341832
2512724838792
2787602745736
1675140172164
2774651799940
1417442134404
2516953762180
1400262265224
1675190421064
2774702048840
2499772827016
2774650733960
1417425275272
1400328325768
2499839953544
2774717860488
1417509160516
2517020788292
1692387067460
2791898695236
1400262183240
2495544984900
1670911264068
2770422891844
1675139057992
2774650685768
1396017563272
2495529191048
1670895470216
2770407097992
1413197432456
2512709060232
1688075339400
2787586967176
1400312530308
2499824158084
1675206232452
1417509243524
2517020871300
2791898778244
1417492383364
2517004011140
1413146052168
2512657679944
1688023959112
2787535586888
1675190438472
1417492449864
2517004077640
1692370356808
2791881984584
1413130307208
2512641934984
2787519841928
1400245405320
2499757033096
1413197497736
2512709125512
1688075404680
2787587032456
1396034405764
1675140171396
2774651799172
2495546033540
1670912312708
1400328242824
2499839870600
1675206149768
2774717777544
1688091052356
2787602680132
2774635021636
2499839871304
2774717778248
1413197432200
2512709059976
1688075339144
2787586966920
1413197417032
2512709044808
1688075323976
2787586951752
1692320040584
2791831668360
2512724838020
2787518876228
2517004012164
1692370291332
2495461083716
1670827362884
2770338990660
2517003029060
1413147166344
2512658794120
1688025073288
2787536701064
1400262264456
2499773892232
1400261216648
2499772844424
1413130307204
2512641934980
2787519841924
1417491416648
2517003044424
1692369323592
2791880951368
2774702066248
1413214275976
2512725903752
1688092182920
1400328308360
1396017547912
2495529175688
1670895454856
2774633974084
1400244421956
2770406098244
1413196432708
2512708060484
1688074339652
2512642017604
1396034324804
1670912231748
1413214193988
1675123312264
1688091068740
2787602696516
2516953746052
1692320025220
2791831652996
1396033291908
2495544919684
2770422826628
1413130306884
2495461016904
2770338923848
1670828411460
2770340039236
2516952630600
2791830537544
2512642001480
1688008280648
2787519908424
2516952696456
2791830603400
2516936903304
1692303182472
2791814810248
1413213161800
2512724789576
1688091068744
2787602696520
2499757032840
1675123312008
2774634939784
1413146036612
2512657664388
1688023943556
1400261134724
2499823093124
1675123312004
2774634939780
1400244356488
2499755984264
1675122263432
2774633891208
2774651783556
1417509160520
2517020788296
1692387067464
2791898695240
1400245470532
2499757098308
1675123377476
2774635005252
1417425339716
2512657664580
2787535571524
1400244423300
2499756051076
2774633958020
1417424292484
2516935920260
2787603745092
1413214210372
2774633958024
1417424292488
1692302199432
1396016564872
1670894471816
1675140155784
2774651783560
1675207264840
2774718892616
1670894404932
2770406032708
1396016497988
2774650669380
1675189437828
1400244422020
2499756049796
1675122328964
1692303181380
2791814809156
1400244356680
2499755984456
1675122263624
2774633891400
1417424225864
1413214194052
2512725821828
1688092100996
2787603728772
1400262183300
2499773811076
1675122328968
2774633956744
1395949406536
1400262183304
2499773811080
1417441020228
2516952648004
1692318927172
2787585984836
1413196450116
2512708077892
1688074357060
1417425341060
2516936968836
2791814875780
1395950504580
2499772762440
1675139041608
2774650669384
1413197416776
2512709044552
2787586951496
1400244438340
1400312531528
2499824159304
1417509227140
2517020854916
2791898761860
2770423925380
1396033291588
2495544919364
2770422826308
2787585967428
1396016563524
2495528191300
1670894470468
1396016563528
2495528191304
1417509225800
2512708077896
2787585984840
1692386100548
1400328324420
2791897728324
1417508193604
2517019821380
1675139122500
1400245470596
2499757098372
2495544984904
1670911264072
2770422891848
2774633973064
2791814874440
1396033340804
2495544968580
1670911247748
2770422875524
1400311530884
1400244422024
2499756049800
1396034390664
2495546018440
1670912297608
1413130324296
2512641952072
2787519859016
1396034390404
2495546018180
1670912297348
2770423925124
1395950438980
1396033291592
2495544919368
1395967298116
2495478925892
1670845205060
2770356832836
2495478925896
2770356832840
1417509243208
2517020870984
2791898777928
1675189389700
2774701017476
2770423925128
2516935870856
2791813777800
2787518859588
1400244422980
2787603745096
1396033276228
2495544904004
2770422810948
1395967296840
2495478924616
1670845203784
2770356831560
1417509226120
2517020853896
2791898760840
2774633956996
1400328308356
2499839936132
1400244422280
2791897647752
2495528125768
1396033276232
2495544904008
2770422810952
1417491351112
2517002978888
1692369258056
2791880885832
1413214193288
2512725821064
2787603728008
2517020853892
2791898760836
1413130324292
2512641952068
2787519859012
2512708076872
1688074356040
2791898712648
2791814874756
1396034389380
2495546017156
1670912296324
2770423924100
2516936984900
2791814891844
2512725838148
1413147085380
1688024992324
2787536620100
1413196433732
1688074340676
2770422826312
1413130307912
2512641935688
1417425357128
2516936984904
2791814891848
2499756049732
2774633956676
1413214210376
2512725838152
1396033275204
2495544902980
2770422809924
2512724772164
1688091051332
2512708061512
1688074340680
2787585968456
1400244421960
2499756049736
2774633956680
1396033275208
2495544902984
2770422809928
1413213144392
2512724772168
1688091051336
2787602679112
1417441020296
2516952648072
1396033276548
1400328324740
2499839952516
2774717859460
