1396217824580
1400798004872
2500309632648
1675743021448
2775254649224
1396302841220
2495814468996
1671180748164
2770692375940
1400579902084
2500091529860
1675457809028
2774969436804
2792351762760
1692839004744
2792350632520
1396302842504
2495814470280
1671180749448
2770692377224
1413482711688
2512994339464
1688360618632
2787872246408
1675458922052
2774970549828
1417760884292
2517272512068
1692638791236
2792150419012
1400849450564
2500361078340
1675727357508
2775238985284
1675474585224
2774986213000
2792099038856
2495747279496
1671113558664
2770625186440
1417978922568
2517490550344
1692856829512
2792368457288
1396302842244
2495814470020
1671180749188
2770692376964
1413482711428
1688342709828
2787854337604
2512994339204
1688360618372
2787872246148
1396554433864
2496066061640
1671432340808
2770943968584
1413734303048
2513245930824
1688612209992
2788123837768
1400849401160
2500361028936
2792367475336
1692856895112
2792368522888
1396218938952
2495730566728
1671096845896
2770608473672
1413398808136
2512910435912
2500092643652
1675458922820
2774970550596
1417760885060
1400849451332
2500361079108
1675727358276
2775238986052
1418029320516
2517540948292
1396217907780
2495729535556
1671095814724
2770607442500
1413397776964
1396217891144
2495729518920
1671095798088
2770607425864
1413397760328
2512909388104
1688275667272
2787787295048
1400512858440
2500024486216
2495998953800
1671365232968
2770876860744
1396571277896
2496082905672
1396553386632
2496065014408
1671431293576
2770942921352
1413733255816
2513244883592
1688611162760
2788122790536
1400848353928
2500359981704
1396554418564
2496066046340
1671432325508
2770943953284
2495813355908
1671179635076
2770691262852
2774970550856
2775255779652
1418046114116
2517557741892
2792435648836
1396571277636
2496082905412
1671449184580
2770960812356
1413751146820
1417777661256
2517289289032
2495797610116
1671163889284
2770675517060
1396553386372
2496065014148
2770942921092
1413733255556
2513244883332
1688611162500
2788122790276
1400848353668
2500359981444
1417776547204
2517288174980
1692654454148
2792166081924
1400865113476
2500376741252
1675743020420
2775254648196
1418044982660
2517556610436
1413750081864
2513261709640
1688627988808
2788139616584
1400579917128
2500091544904
1400865179204
2500376806980
1675743086148
2775254713924
1418045048388
2517556676164
1692922955332
2792434583108
1400849386052
2500361013828
1675727292996
2775238920772
2792418789956
1417962162760
2517473790536
1417759769992
2517271397768
1692637676936
2792149304712
1675408606596
2774920234372
1417710568836
2517222196612
1692588475780
2792100103556
1688359552584
2787871180360
1413465852488
2512977480264
1688343759432
1400512809284
2500024437060
1418045064836
2517556692612
1692922971780
2792434599556
1418029271684
2517540899460
1692907178628
2792418806404
2792083245704
1675675927944
1400596695620
2500108323396
1675474602564
2774986230340
2775187555720
1692907243144
2792418870920
1396234601864
2495746229640
1671112508808
1675391747716
2774903375492
1417693709956
2517205337732
1692571616900
2792083244676
2770624136584
1396504168008
2496015795784
1671382074952
2770893702728
1413684037192
2513195664968
1688561944136
2788073571912
1400799135304
2500310763080
1400865196616
2500376824392
1675743103560
2775254731336
1396486276744
2495997904520
2770875811464
1413666145928
2513177773704
1688544052872
2788055680648
1400781244040
1400798087560
2500309715336
1675675994504
2775187622280
1692638807368
2792150435144
1417776548168
2517288175944
1692654455112
2792166082888
2517490632004
1400799135044
2500310762820
1675677041988
2775188669764
2792368538948
1417979004228
2788073571652
1396504167748
2496015795524
1396217891204
2495729518980
1671095798148
2770607425924
1413397760388
2512909388164
1400781243780
2500292871556
1675659150724
2775170778500
1417961112964
2517472740740
1692839019908
2792350647684
1396486276484
2495997904260
2517556692296
1396217891208
2495729518984
1671095798152
2770607425928
1413397760392
2512909388168
1688275667336
2787787295112
1400512858504
2500024486280
1400782276164
2500293903940
1675660183108
2775171810884
1417962145348
2517473773124
1692840052292
2792351680068
2495998936644
1671365215812
1396503120516
2496014748292
1671381027460
2770892655236
1413682989700
2513194617476
1688560896644
2788072524420
1400798087812
2500309715588
1417978988164
2517490615940
1692856895108
2792368522884
1675407492676
2774919120452
1417709454916
2517221082692
1692587361860
2792098989636
1417776614024
2517288241800
1692654520968
2792166148744
1675726325124
2775237952900
1396302842248
2495814470024
1671180749192
2770692376968
1400799119944
2500310747720
1675677026888
2775188654664
1413482711432
2512994339208
1400529634952
2500041262728
1400513841800
2500025469576
1675727308168
2775238935944
1675390764676
2774902392452
1417692726916
2517204354692
1692570633860
2792082261636
1396486325892
2495997953668
1671364232836
2770875860612
1396301776520
1671179683464
1417692744264
2517204372040
1692570651208
2792082278984
1413481645704
2512993273480
1396285983368
2495797611144
1671163890312
1418028288328
2517539916104
1692906195272
2792417823048
1418028223044
2517539850820
1692906129988
2792417757764
1688275618372
2787787246148
1400512809540
2500024437316
1675390716484
2774902344260
1417759852104
2517271479880
1692637759048
2792149386824
1671179683204
1400596743556
2500108371332
1675474650500
2774986278276
1417776612740
2517288240516
1692654519684
2792166147460
2495729535300
2770607442244
1413397776708
2512909404484
1396235651716
2495747279492
1671113558660
2770625186436
1417692743048
2517204370824
1692570649992
1396571277640
1417977875076
2517489502852
1692855782020
2792367409796
2496082905416
1671449184584
2770960812360
1413751146824
2513262774600
2792150420104
1396553386376
2496065014152
2770942921096
1413733255560
2513244883336
1688611162504
2788122790280
1400848353672
1400866179400
2500377807176
1675744086344
2775255714120
1417692678728
2517204306504
1692570585672
2792082213448
1396486277704
2495997905480
1671364184648
1692856845960
2792368473736
1396570211912
2496081839688
1671448118856
2770959746632
1413750081096
2513261708872
1688627988040
2788139615816
1400865179208
2500376806984
1396554418760
2496066046536
1671432325704
1413482694280
2512994322056
2517490616968
2770625268292
1400597743176
2500109370952
1675475650120
2774987277896
1688293508488
2787805136264
1692907178372
2792418806148
1417710568840
2517222196616
1400579967368
2500091595144
1688560814724
2788072442500
1675457874312
2774969502088
1396235651720
1396301728328
2495813356104
1671179635272
2770691263048
1413481597512
2512993225288
1688359504456
2787871132232
1400596695624
2500108323400
1396570211652
2496081839428
1671448118596
2770959746372
1413750080836
2513261708612
1688627987780
1671432325444
2792418789700
1418045048132
1692907161924
2517540882756
2775238920516
1417962211656
2517473839432
2792351746376
1396218873480
2495730501256
1671096780424
2770608408200
1413398742664
1400866245256
2500377873032
1675744152200
1413734368584
2513245996360
1688612275528
2788123903304
2495998936712
1671365215880
2770876843656
1417776613764
2517288241540
1692654520708
2792166148484
2512993225028
1688359504196
2787871131972
1417776564548
2517288192324
1692654471492
2792166099268
1400596695364
2500108323140
1675474602308
1417777596808
2517289224584
1692655503752
2792167131528
2495730500996
1671096780164
2770608407940
1692571616644
2792083244420
1400513840516
2500025468292
1675391747460
2774903375236
1417693709700
1675660248456
2775171876232
1692923954568
2792435582344
2517272447624
1413684036936
2513195664712
1688561943880
2788073571656
1396486276488
2495997904264
1671364183432
2770875811208
1413666145672
2513177773448
1688544052616
2788055680392
1400781243784
2500292871560
2775237872196
1417710553732
2517222181508
1692588460676
2792100088452
1396487308872
2495998936648
1675743020616
2775254648392
1671365215816
2770876843592
1413667178056
2513178805832
1688545085000
2788056712776
2496014748296
2770892655240
1413682989704
2513194617480
1688560896648
2788072524424
1400798004616
2500309632392
1675675911560
2775187539336
1671112525384
2770624153160
1413414487624
2512926115400
1688292394568
2787804022344
1400529585736
2500041213512
1675407492680
2774919120456
1413398825284
2512910453060
1688276732228
2787788360004
1417760834888
1396487308612
2495998936388
1671365215556
2770876843332
1413667177796
2513178805572
1675660182852
2775171810628
1692840052036
2792351679812
1396503120260
2496014748036
1671381027204
2770892654980
1413682989444
2513194617220
1688560896388
2788072524164
1400798087556
2500309715332
2517272529224
1417759771208
2517271398984
1396504152644
2496015780420
1671382059588
2770893687364
1413684021828
2513195649604
1688561928772
2788073556548
2517490616900
2500041213252
1692587361604
1675407492420
1413482694020
2512994321796
1688360600964
2787872228740
2500292856452
1675659135620
2775170763396
1417961097860
2517472725636
1692839004804
2792350632580
1688342726216
2787854353992
1417760900744
2517272528520
1692638807688
2792150435464
1413733321352
2513244949128
1688611228296
2788122856072
1675744151940
2775255779716
1396301776264
2495813404040
1671179683208
2770691310984
1417692744008
2517204371784
1692570650952
2792082278728
1413481645448
2512993273224
1396285983112
2495797610888
1671163890056
2792082212164
1396486276420
2495997904196
2770875811140
1413666145604
2513177773380
1688544052548
2788055680324
1400597808772
2500109436548
1675475715716
2774987343492
1418028205384
2517539833160
1692906112328
2792417740104
1417777597064
2513262691716
1396235650436
1400597726596
2500109354372
1675475633540
2774987261316
1417777595780
2517289223556
1692655502724
1413667178824
2513178806600
2788056713544
2770960747144
1417777678920
2517289306696
1692570584392
2792082212168
1396486276424
1400513922372
2500025550148
1675391829316
2774903457092
2792435582276
1675475649860
2774987277636
2788140614980
1417777612100
2517289239876
1396217840968
2495729468744
2770607375688
1396570211656
2496081839432
1671448118600
2770959746376
1417962161796
2517473789572
1692840068740
2792351696516
2513261708616
1396554418504
2496066046280
1671432325448
1418028271240
2517539899016
1692906178184
2792417805960
1396235650440
2495747278216
1671113557384
2770625185160
1413415519624
2512927147400
1688293426568
2787805054344
1400530617736
1396302775684
2495814403460
1671180682628
2770692310404
1413482644868
2512994272644
1396487325060
2495998952836
1671365232004
2500108323144
1413667244680
2513178872456
2787804088968
1400798086728
2500309714504
1675675993672
2775187621448
1400782293576
2500293921352
2500024486468
1675390765636
2774902393412
1417692727876
2517204355652
1692570634820
2792082262596
1396486326852
2495997954628
1400866228804
2500025468296
1675391747464
2774903375240
1396217891400
2495729519176
1671095798344
2770607426120
1692570569028
2792082196804
1413397760584
1400865179268
2500376807044
2775254713988
1400849386116
2500361013892
1675727293060
2775238920836
1400596695684
2500108323460
1675474602628
2774986230404
2770625251976
1413415586440
1671382059652
2770893687428
1400866162312
2500377790088
1675744069256
2775255697032
2512927214216
1417760900484
2517272528260
2792150435204
1418045049416
2517556677192
1692922956360
2792434584136
1417977940360
2517489568136
1692855847304
2792367475080
2512927213956
1688293493124
2787805120900
1400530684292
2500042312068
1675408591236
2774920219012
1417710553476
2517222181252
1692588460420
1413734304136
2513245931912
2788123838856
1396487308616
2495998936392
1671365215560
2770876843336
1413667177800
2513178805576
2788056712520
1396503120264
1400581032264
2792082212420
2495997904452
2770875811396
1396554434116
2496066061892
2792099055172
1396217841224
2495729469000
1671095748168
1396504152648
2496015780424
2770624152904
1413414487368
2512926115144
1688292394312
2787804022088
1400529585480
2500041213256
1675407492424
2774919120200
1417709454664
1396486261384
2495997889160
2770875796104
1413666130568
2513177758344
1688544037512
2788055665288
1396218939012
2495730566788
1671096845956
2770608473732
1396217841284
2495729469060
2770607376004
1413397710468
1675677026632
2775188654408
1396217841288
2495729469064
1400530619012
2500042246788
1675408525956
2774920153732
2517205355076
1671096797764
1413667195460
2495730518596
2517490616644
2792368523588
2770893687108
1413684021572
1396504152388
1692839004548
2792350632324
2517539898756
1692906177924
2792417805700
1417759787396
2517271415172
1692637694340
1413734353476
2513245981252
1688612260420
2788123888196
1396218939016
1418029254024
2517540881800
1692907160968
2787787295364
1400512858756
2500024486532
1688360553032
2787872180808
1675675993412
2513195648392
1688561927560
2788073555336
1675726309704
2775237937480
1675676976456
1396234603076
2495746230852
1671112510020
2770624137796
1413414472260
2512926100036
1688292379204
2787804006980
1396302841476
2495814469252
2787855403656
1688611145352
2788122773128
1396486277700
2495997905476
1671364184644
2770875812420
1400579966536
2500091594312
1675457873480
2774969501256
1400513906312
2500025534088
1413750033032
2513261660808
1675390764424
2774902392200
2500293986948
1675660266116
1675726244424
2775237872200
2517557659976
2792435566920
2770959681156
1675677042312
2775188670088
2792166147652
1417693710724
2517205338500
1692571617668
2792083245444
1400866244164
2500377871940
1675744151108
2775255778884
1418046113348
2517557741124
1692924020292
2792435648068
1396571276868
2496082904644
1417777595976
2517289223752
1692655502920
2792167130696
1675474651460
2774986279236
1417776613700
2517288241476
1692654520644
2792166148420
1400865179972
2500376807748
2775254714692
1396553385604
1417710486920
2517222114696
1692588393864
2792100021640
1692856912520
2788072442248
1418046098056
2517557725832
2792435632776
1675475651208
2774987278984
1413414471304
2512926099080
1688292378248
2787804006024
1675408591240
1396234668360
2495746296136
1671112575304
2770624203080
1413414537544
2512926165320
1688292444488
2787804072264
1400529635656
2500041263432
1688545086084
1688560879236
2788072507012
2788056713860
1675458938440
2774970566216
1400798022280
2517288175240
2500309650056
1675675929224
2775187557000
1418029336136
2517540963912
1692907243080
2792418870856
1400849402440
2500361030216
1417962227080
2517473854856
2792351761800
1396504152392
1671382059336
1413684021576
1396285016644
2495796644420
1671162923588
2770674551364
1400579983940
2500091611716
1675457890884
2774969518660
1417759853124
2517271480900
1400580949320
2500092577096
1675458856264
1413482711684
2512994339460
1688360618628
2787872246404
1396486261128
2495997888904
1671364168072
2770875795848
1688544118408
2788055746184
2775188669828
2788123822468
1417776548488
2517288176264
1413667194180
2513178821956
2788056728900
2775238935876
2512977495364
2500108388744
1675474667912
2774986295688
2770875812484
1413666146948
2513177774724
1688544053892
2788055681668
1400781245060
2500292872836
1675659152004
1396234603080
2495746230856
1671112510024
2770624137800
2787804006984
1400529570376
2500041198152
1417979005256
2517490633032
1692856912200
2792368539976
1675458922120
2517289224840
1418046097796
2517557725572
1692924004740
2792435632516
1418028223048
1396218889544
2495730517320
1671096796488
1688545167684
1417709439300
1675407477060
2774919104836
1692587346244
2517221067076
1417961113992
2517472741768
1692839020936
2792350648712
1675390716552
2774902344328
1417692678792
1413682989640
2513194617416
1688560896584
2788072524360
1417777661572
2517289289348
2792167196292
1396285982340
1675390780996
2774902408772
1417692743236
2517204371012
1692570650180
1396217906756
2770607441476
1413397775940
1396217842052
2495729469828
1671095748996
2770607376772
1413397711236
1396217842056
2495729469832
1671095749000
2770607376776
1396571276872
2496082904648
1671449183816
2770960811592
1413751146056
1688629053000
1400866244168
2500377871944
1413751065224
1675675928964
2775187556740
1400597793352
2500109421128
1675475700296
2774987328072
2774920219016
1417978938760
1675660183172
2775171810948
2774919120516
1688629037640
2788140665416
2495814469000
1396571276612
2496082904388
1671449183556
2770960811332
1413751145796
2513262773572
1688629052740
2775255778628
1418046113092
1400848352644
2500359980420
1675726259588
2775237887364
1418028221828
2517539849604
1692906128772
1688611161476
2792417756548
2770943952452
1413734286916
2513245914692
1688612193860
2788123821636
1400849385028
2500361012804
1675727291972
2775238919748
1418029254212
1396570229380
2496081857156
1671448136324
2770959764100
1413750098564
2513261726340
1688628005508
2788139633284
1400865196676
2500376824452
1692907161992
2792418789768
1417776548484
2517288176260
1692654455428
2792166083204
1692654471560
2792166099336
1413667194248
2513178822024
1688545101192
2495813355076
1671179634244
2770691262020
1396301727300
1688275683908
2787787311684
1400512875076
1675390782020
1396302841412
1671162840388
1400581014916
1396217842308
2495729470084
2770607377028
1413397711492
2512909339268
1688275618436
2787787246212
1400512809604
2500024437380
1692907178376
1396217842312
2495729470088
1396285016648
1671162923592
1413464885832
2512976513608
1688342792776
2787854420552
1400579983944
2500091611720
1396554418568
2496066046344
1671432325512
2770943953288
1396235732552
2495747360328
1671113639496
2770625267272
1413415601736
1688560896324
2788072524100
2517556626760
1692922905928
2792434533704
1417760885064
2517272512840
1692638792008
2792150419784
1417759786564
2517271414340
1692637693508
2792149321284
1413464885572
2512976513348
1688342792516
2787854420292
1400579983684
2500091611460
2787788294724
1413751064964
2513262692740
1688628971908
2788140599684
1413682988676
2513194616452
1688560895620
2788072523396
1400798086788
1418028288644
1692906195588
2775170827592
1413482628740
2512994256516
2787872163460
1418045064840
2517556692616
1692922971784
2792434599560
1418029271688
2517540899464
1692907178632
2792418806408
1417692677508
2517204305284
1396553385348
2496065013124
1671431292292
2770942920068
1413733254532
2513244882308
2788122789252
1400579901828
2500091529604
1675457808772
2774969436548
1400529570120
2500041197896
1675407477064
2774919104840
1417709439304
2517221067080
1692587346248
2792098974024
1396302841224
1400596678024
2500108305800
1675474584968
2774986212744
1417962146116
2517473773892
2517489567044
1692855846212
2792367473988
1671180748420
2770692376196
1400512874056
2500024501832
1675390781000
2774902408776
1417692743240
2517204371016
1692570650184
2792082277960
1417978922312
2517490550088
1692856829256
2792368457032
1400512875144
2500024502920
2774902409864
2788055665220
1675408591172
2774920218948
2517222181188
1692588460356
2792100088132
1400799119684
2500310747460
1675677026628
2775188654404
1413397775684
2512909403460
1688275682628
2787787310404
1400512873796
1396217906500
2495729534276
1671095813444
2770607441220
2792368540296
2792167212612
1417962211972
2517473839748
2792351746692
1413751145800
2513262773576
1396553385352
2496065013128
1671431292296
2770942920072
1413733254536
2513244882312
1688611161480
2788122789256
1400848352648
2500359980424
1413734368900
2513245996676
1688612275844
2788123903620
1413482695300
2512994323076
1417978988168
2517490615944
1396554417736
2496066045512
1671432324680
2770943952456
2788123821640
1400849385032
2500361012808
1396570229384
2496081857160
1671448136328
2770959764104
1413750098568
2517489568392
2513261726344
1688628005512
1396235716936
2495747344712
1671113623880
2770625251656
1413415586120
2512927213896
1688293493064
2787805120840
1400530684232
2500042312008
1396285982084
2495797609860
1671163889028
2770675516804
1396301727304
2495813355080
1671179634248
2770691262024
1413481596488
2512993224264
1688359503432
2787871131208
1400596694600
2500108322376
2775238919492
1418029253956
2517540881732
1692907160900
2792418788676
1396554417476
2496066045252
1671432324420
2770943952196
1413465852548
2512977480324
2495730583176
1671096862344
2770608490120
2512993224004
1688359503172
2787871130948
1400596694340
2500108322116
1396553370244
2496064998020
1671431277188
2770942904964
1413733239428
2513244867204
1688611146372
2788122774148
1400848337540
2500359965316
1396234684036
2495746311812
1671112590980
2770624218756
1413414553220
2512926180996
1688292460164
2787804087940
1400529651332
2500041279108
2775170827656
1417760835204
2517272462980
1692638742148
2792150369924
1400865196360
2500376824136
2775254731080
2788122790532
1417977875080
2517489502856
1692855782024
1675475715720
2774987343496
2792367409800
1400530683524
2500042311300
1675408590468
1417710552708
2517222180484
1692588459652
2495796644168
2770674551112
1413464885576
2512976513352
1688342792520
2787854420296
1400579983688
2500091611464
1400849450568
2500361078344
1675727357512
2500108387912
1675474667080
2774986294856
1400580966984
2500092594760
1675458873928
2774970501704
2496014747272
2770892654216
1413682988680
2513194616456
1688560895624
1413398760068
2512910387844
1400513858180
2500025485956
1675407558024
2774919185800
1396503119236
2496014747012
1671381026180
2770892653956
1413682988420
2513194616196
1688560895364
2788072523140
1396487326084
2495998953860
1671365233028
1400866227528
2500377855304
2517472740936
1692839020104
2792350647880
1417978988100
2517490615876
1692856895044
2792368522820
1396504151620
2496015779396
1671382058564
2770893686340
1396218890888
2495730518664
2517472724612
1692839003780
2792350631556
1418028205700
2517539833476
1692906112644
2792417740420
2792367491464
1400799119688
2500310747464
1413414488388
2512926116164
1413415537220
1688293444164
2512927164996
1396235668036
2495747295812
1671113574980
2770625202756
2787805071940
1417710504516
1692588411460
1396285982088
2500024501576
2774902408520
1417692742984
2517204370760
1692570649928
2792082277704
2500042311240
1675408590408
2774920218184
1417776613000
1400781228424
2500292856200
1675659135368
2775170763144
2517490566536
2495814453896
2770692360840
2512994323080
2787872230024
1396234668420
2495746296196
1671112575364
2770624203140
1400529635716
2500041263492
1417977874820
2517489502596
1692855781764
2792367409540
1413482695044
2512994322820
1688360601988
2787855452548
2787872229764
1400597793156
1692588394888
2792100022664
1400596759876
2500108387652
2774986294596
1396554417480
2496066045256
1671432324424
2770943952200
1413734286664
2513245914440
1688612193608
2788123821384
1675475649864
2774987277640
2787787295300
1396234668424
2495746296200
1671112575368
2770624203144
2512926165384
2787804072328
1400529635720
2500041263496
2770691261768
1413481596232
2512993224008
1688359503176
2787871130952
1400596694344
2500108322120
1396553370248
2496064998024
1671431277192
2770942904968
1675407477320
2770674485828
2774919105096
1413733239432
2513244867208
1688611146376
2792418806152
1400866245000
2500377872776
1675744151944
2775255779720
2792434599304
1400866228548
2500377856324
1675744135492
2775255763268
1671113623176
2770625250952
1396553369988
2496064997764
2770942904708
1400848337284
2500359965060
1413734286980
2513245914756
2517473773896
1675408590212
2774920217988
1396235715972
2495747343748
1671113622916
2770625250692
1413415585156
2787805119876
1692907226504
2792418854280
1417961178756
2517472806532
1692839085700
2792350713476
1692638742920
2792166163848
2792150370696
1400596679236
2500108307012
1675474586180
2774986213956
1396301711940
2495813339716
1396503119240
2496014747016
1671381026184
2770892653960
2788056728964
2495797626244
1671163905412
2770675533188
1413465867652
2512977495428
1396504151624
2496015779400
1671382058568
2770893686344
1675659217480
2775170845256
1396486260360
2495997888136
2770875795080
1413666129544
1400781227656
2500292855432
2788056729220
1400848403076
2500360030852
1675726310020
1675676976772
2775188604548
2775237937796
1671113574984
2770625202760
1413415537224
2512927165000
1688293444168
2787805071944
1400530635336
2500042263112
2792368522564
1417978987844
2517490615620
1692856894788
1396218889608
2495730517384
1671096796552
2770608424328
1413398758792
2512910386568
1688276665736
2787788293512
1400513856904
2788055664004
1400781227396
2500292855172
2792350631300
1671382059656
2770893687432
1417978939976
2517490567752
1413415536964
2512927164740
1688293443908
1417710504260
2517222132036
1417760900488
2496014731908
2770892638852
1418046032516
2517557660292
1692923939460
2792435567236
1688611210888
2788122838664
1396234602052
1400529569348
2500041197124
1675407476292
2774919104068
1417709438532
2517221066308
1692587345476
1400597808516
2500109436292
1675475715460
2774987343236
1396302825864
2495814453640
1671180732808
2770692360584
1413482695048
2512994322824
1688360601992
2500024485512
2792435566152
1692570634824
2792082262600
1417777678664
2517289306440
2792167213384
2770675534468
1417692727620
2517204355396
1692570634564
2792082262340
1413734353480
2513245981256
1688612260424
2788123888200
1688359569992
2787871197768
1396571261256
2496082889032
1671449168200
2770960795976
1400866228552
2500377856328
1396553369992
2496064997768
2770942904712
1675675993416
2775187621192
1400782293320
2500293921096
1675660200264
2775171828040
1692840068744
2792351696520
1675474602632
2774986230408
1400512874052
2500024501828
1400849385860
2500361013636
1675727292804
2775238920580
1400596695428
2500108323204
1675474602372
2774986230148
1675408590216
2774920217992
1417710552456
2517222180232
1692588459400
2792100087176
1671113639560
2770625267336
1413415601800
2512927229576
2792368474436
1396301711944
2495813339720
1671179618888
1400580949636
2500092577412
1675458856580
2774970484356
2770691246664
1413481581128
2517556676936
2792434583880
1400782359176
2500293986952
1675660266120
2775171893896
1417776548164
1417776612936
2517221131656
1692587410824
2792099038600
1417979005572
2517490633348
1692856912516
2792368540292
1413684020552
1692637759044
2787854419524
1396285015620
2495796643396
1671162922564
2770674550340
1413464884804
2512976512580
2517540948360
1417776630152
2517288257928
1417710504264
2517222132040
1692588411208
2792100038984
1396503104136
2496014731912
1671381011080
2770892638856
1413682973320
2774902409540
1417692744004
2517204371780
1692570650948
2792082278724
1396486342980
2495997970756
1671364249924
2770875877700
1692924004680
2792435632456
2770624136776
2512926099016
1688292378184
2787804005960
1400529569352
2500041197128
1675407476296
2774919104072
1396235716996
2495747344772
1671113623940
2770625251716
1396503103876
2496014731652
1671381010820
1400798071172
2500309698948
1688629036360
1675390781768
2774902409544
2787804005700
1400529569092
2500041196868
1675407476036
2774919103812
1417709438276
2517221066052
2787788342660
1396234601796
1675457873224
2495747344776
2770625251720
1413415586184
1400530684296
2500042312072
1400782358916
2500293986692
1675660265860
2775171893636
1692570634568
2792082262344
1675744151112
1396570146180
2496081773956
1671448053124
2770959680900
1675677042056
2775188669832
2792167196232
2517272513160
1417777595720
2517289223496
1692655502664
2792167130440
1396487326344
2495998954120
1671365233288
2770876861064
1413750097540
2513261725316
1688628004484
2788139632260
1400865195652
2500376823428
1396554435204
2496066062980
1671432342148
1418046097800
1692924004744
2792435632520
1418044999300
2517556627076
1692922906244
2792434534020
2787804005768
1413683972740
2513195600516
1688561879684
2788073507460
1417777661576
2517289289352
2792167196296
1692571698824
2792083326600
1688627989128
2788139616904
1400798022024
2500309649800
1675675928968
2775187556744
1396285015624
2495796643400
1671162922568
2770674550344
1413464884808
2512976512584
1675474601288
2774986229064
1688342791752
2787854419528
1418029335880
2517540963656
1692907242824
2792418870600
1400782276232
2500293904008
1675660183176
2775171810952
2517205354824
1688342791492
2787854419268
2792149386564
1396487325316
1413667194500
2513178822276
1400866243908
2500377871684
1675744150852
1417978922628
2517490550404
1692856829572
2792368457348
1692638807432
2792150435208
1396503103880
1671381010824
2495746229828
2770624136772
1675407476040
2774919103816
1396570228292
2496081856068
1671448135236
2770959763012
1396554435140
2496066062916
1400799054408
2500310682184
1675676961352
2770876860804
1400581014920
2792435583304
1413481579844
2512993207620
1688359486788
1418028222792
1692588475720
2517539850568
1692906129736
2792417757512
1396234602056
2495746229832
2792167196036
2512909404740
1417759786568
2517271414344
1692637693512
2792149321288
2775254665540
1413751064968
2513262692744
1688628971912
2788140599688
1675475700040
2774987327816
1396302825092
2495814452868
1413481645700
2512993273476
1396218956356
2495730584132
1671096863300
2770608491076
1413398825540
2512910453316
1688276732484
2787788360260
1413482628744
2512994256520
2787872163464
1396570228360
1671448135304
1413750097544
1688628004488
1396554435208
2496066062984
1671432342152
1675457808776
2774969436552
1417961163076
2517472790852
1692839070020
2792350697796
2775254731396
1417977939272
2517489567048
1692855846216
2792367473992
1417962146120
1396570228100
2496081855876
1671448135044
2770959762820
1413750097284
2513261725060
1688628004228
2788139632004
1400865195396
2500376823172
1675744070280
1417692726852
2517204354628
1692570633796
2792082261572
1417776548228
2517288176004
1692654455172
2792166082948
1400866227780
2500377855556
1675744134724
2775255762500
2496082888260
2517205337672
1692571616840
2792083244616
1671431276164
2770942903940
1413733238404
2513244866180
1688611145348
2788122773124
1675676961092
2775188588868
2770692311620
1396302776900
2495814404676
1671180683844
1413482646084
2512994273860
1417962211976
1675458873992
2774986294920
1417776547464
2512976512328
1688342791496
2787854419272
1413734368904
2512977561924
2787855468868
2788056795460
1396487391556
2495999019332
1671365298500
2770876926276
1413667260740
1413667194504
2774970549576
1692637693252
1400799120004
2500310747780
1675677026948
2775188654724
1413414552900
2512926180676
1688292459844
2787804087620
1413464869192
2512976496968
1688342776136
2787854403912
1418028288388
2517539916164
1692906195332
2792417823108
1396218956104
2495730583880
1671096863048
2770608490824
1413398825288
2512910453064
2787788360008
1413482628484
2512994256260
1688360535428
2787872163204
1396504169092
2496015796868
1671382076036
2770893703812
1413751147080
2513262774856
1688629054024
2788140681800
1413684038024
2513195665800
1688561944968
2788073572744
2774969502276
1396285000260
2495796628036
1671162907204
2770674534980
1413464869444
2512976497220
2792100038212
1396235667012
2787805070916
1400530634308
2517272462984
2792150369928
1675660265028
2775171892804
2517272529288
1675744086404
2775255714180
1417759771272
2517271399048
1675457890888
2774969518664
1692571616580
2792083244356
1675475650180
2774987277956
2495814452872
2770692359816
1400513923656
2500025551432
1675391830600
2774903458376
1418029320772
1692907227716
2517540948548
2792418855492
1692654537284
2517288258116
2792166165060
1417709521284
2517221149060
1692587428228
2792099056004
1418046096968
1692924003912
2517289241160
2792167148104
1417693792580
2517205420356
2792083327300
1396218956100
2495730583876
1671096863044
2770608490820
1413734368644
2513245996420
1688612275588
2788123903364
1692588411272
2792100039048
1396570228104
2496081855880
1671448135048
2770959762824
1413750097288
1688628004232
1400865195400
2500376823176
1400512857668
2500024485444
1396571260488
2496082888264
1671449167432
2770960795208
1413751129672
2513262757448
1688629036616
2788140664392
2775237871240
2775237953156
1675475650884
2774987278660
1417692662404
2517204290180
1692570569348
2792082197124
2774986212932
1418046031428
2517557659204
1692923938372
2792435566148
1675408524868
2774920152644
1417710487108
2517222114884
1692588394052
2792100021828
2496014747972
1413464885636
2512976513412
1688342792580
2787854420356
1400579983748
1675659217284
2775170845060
1675457890692
1396486343044
2500091595336
2774969502280
1413415536200
2512927163976
1688293426760
2787805054536
1400530617928
2500042245704
1675408524872
2774920152648
1417710487112
2517222114888
1692588394056
2792100021832
2495796644232
2770674551176
1675659217288
1692637759880
2792149387656
1396217907592
2495729535368
1671095814536
2770607442312
2512909404552
1675677043076
2775188670852
1675457874244
2774969502020
1396235666756
2495747294532
1400798070404
2500309698180
1675675977348
2495998937732
1671365216900
2770876844676
2775187605124
1400782277252
2500293905028
1675660184196
2775171811972
1413667179140
1688276649604
2787788277380
1396234619524
1417777661320
2517289289096
1692655568264
2500109419912
2500024419720
1396217890376
1413397759560
1400512857672
1413683971460
2513195599236
1400798087496
1400512857412
2500024485188
2774902392132
1417692726596
2517204354372
1692570633540
2792082261316
1418046096712
2517557724488
2792435631432
1417777613128
2517289240904
1400865180296
2500376808072
2775254715016
1692922956424
2792434584200
2787787294024
2495813338436
2770691245380
1413481580164
2512993207940
1688359487108
2787871114884
1675407476356
2774919104132
2517288175236
2792166082180
1396301710980
2495813338756
1400799136136
2500310763912
1675677043080
2775188670856
2500091595080
1417710503240
2517222131016
1692588410184
2792100037960
1675675977352
2775187605128
1675675911816
2775187539592
1400865113736
2500376741512
1688560813704
2788072441480
1692855781000
1417977874056
2517489501832
1396301710984
1396234619528
2495746247304
1671112526472
2770624154248
1413414488712
2512926116488
1688292395656
2787804023432
2500041214600
1396487309700
2495998937476
1417693727300
1671365216644
1400782276996
2500293904772
1400530618948
2500309649992
1675675929160
2775187556936
1675390764360
2774902392136
1417692726600
1396217890120
2495729517896
1671095797064
2770607424840
1413397759304
2512909387080
1688275666248
2770944017796
1396554483076
2788123838084
2500376807816
1675743086984
2775254714760
1692571699588
1688343841156
2787855468932
1400581032324
2500092660100
1688545167748
2788056795524
1417962228100
2517473855876
1692840135044
2500108305736
1675474584904
2774986212680
1692638808456
2792150436232
1418029336968
2517540964744
2500361095560
1675727374728
2775239002504
2513178888584
2788056795528
1688343841348
2512977562180
2495797692996
1671163972164
2770675599940
1417962146184
2517473773960
1692840053128
2792351680904
2770876844424
1400782277000
2500293904776
1675660183944
2775171811720
1396235651656
2495747279432
1671113558600
2770625186376
1413415520840
2512927148616
2512927148356
1688293427524
2787805055300
1671113558340
2770625186116
1675675928904
2775187556680
1400580949316
2500092577092
1396553369924
2496064997700
2787788359236
1400513922628
2500025550404
1675391829572
2774903457348
2775238936200
2770959763016
1692839020100
2792350647876
1396284950084
2495796577860
1400512808516
2500024436292
1675390715460
2774902343236
1396217841220
2495729468996
1400866245252
2500377873028
1675744152196
2775255779972
1396235650692
2495747278468
1671113557636
2770625185412
1413751064196
2513262691972
2788140598916
2517557659268
2792435566212
2792082212424
1675390715464
2774902343240
1417692677704
2517539849800
1418028222024
1396284950088
2495796577864
1671162857032
2770674484808
1413415519880
2512927147656
1688293426824
2787805054600
2517289223816
2792167130760
1413751064200
2513262691976
2788140598920
2774970567240
2500092660296
1675458939464
2513195665732
1400799135364
1671162906180
2770674533956
1413464868420
2512976496196
1688342775364
2787854403140
1396235651400
2495747279176
1671113558344
2770625186120
1413464803652
1688342710596
1417961097540
2517472725316
1692839004484
2792350632260
1400781228356
2500292856132
2774903457352
1417693791816
2512910387528
2787788294472
1417961097544
2517472725320
1692839004488
2792350632264
2792082196808
1413398824260
2512910452036
1396217825608
2495729453384
1675390782084
2774902409860
2495729535620
2770607442564
2512909404804
1418046114440
2517557742216
2792435649160
2775255779976
2770692310600
1400596760196
2500108387972
1688544037192
2788055664968
1400597742916
2500109370692
1418045048452
2517556676228
1692922955396
2792434583172
1400781310532
1675659217476
1418029255300
2517540883076
1692907162244
2792418790020
1396554418820
1688359504516
2787871132292
2788139616836
2512926165572
1688292444740
2787804072516
2496014731844
2770959747652
1413414537796
1400529635908
2500041263684
1675407542852
2500092660040
1675458939208
2774970566984
2775170779720
1417759835720
1692637742664
1671112575560
1413414537800
2512926165576
1688292444744
2787804072520
1400596744776
1675474651720
1675743020680
2775254648456
2792368539012
1396570163780
2496081791556
1671448070724
2770959698500
2774969500996
1675457873220
1417962145412
2517473773188
1692840052356
2792351680132
2517221082756
1692587361924
2792098989700
2792083326280
1671163905604
2770675533380
1417693726276
2517205354052
1692571633220
2792083260996
1400782292548
2500293920324
1675660199492
2775171827268
2787787311752
1692570651272
1396217907848
1671095814792
1413397777032
1413397776772
2512909404548
1400782292552
2500293920328
1675660199496
2775171827272
1400580965960
2500092593736
1675458872904
2774970500680
1400513857096
2500025484872
1396218939972
2495730567748
1671096846916
2500109370696
1417777612104
2517289239880
1692655519048
2792167146824
1675743086216
2775254713992
1400865179272
1692907162248
2792418790024
2775238920840
2500361013896
1396554418824
2496066046600
1671432325768
1413734287748
2513245915524
1417961179460
2517472807236
1692839086404
2792350714180
1417776564612
2495746295108
1671112574276
2770624202052
2495813403972
1671179683140
2770691310916
1413481645380
1688359552324
2517556675908
1396302760516
2495814388292
1671180667460
2770692295236
1688360536644
1418045000264
2517556628040
1692922907208
2792434534984
1417759835464
2517271463240
1692637742408
2792149370184
1688545085764
1675660183876
1396285983044
1413465852228
1396554418500
2496066046276
1396234667336
2495746295112
1671112574280
2788139615560
2517556675912
1413667178120
1692587361928
2792098989704
1413414487688
2512926115464
1688292394632
1400529585800
2500041213576
1413734287688
2513245915464
1688612194632
2788123822408
1692840053064
2792351680840
1396487309640
1671365216584
2792098989444
1671095798084
2770607425860
2774969435464
2775254730308
1688560830024
1417977890376
2517489518152
1692855797320
2792367425096
2787787311496
1400512874888
2500024502664
1396486276740
2495997904516
2770875811460
1675390715524
2774902343300
1417692677764
2517204305540
1413733254788
2513244882564
1396218939976
2495730567752
1671096846920
2770608474696
2792367491400
2774969501320
1692571683140
2792083310916
1417692677768
1417961113224
2517472741000
1692839020168
2792350647944
1675659150984
2775170778760
1675457824392
2774969452168
1688627987848
2788139615624
1418045048200
1688612194696
2788123822472
1675659217224
2775170845000
1413734287752
1417961179464
2500377856580
1675744135748
2775255763524
2495747344964
2792368523844
1417978989124
1413751130692
2513262758468
1688629037636
2788139551368
2787871132040
1417776564616
2517288192392
2792167131720
1396235717192
2495747344968
1671113624136
2770625251912
1400866228808
2500377856584
1413684021832
1688561928776
1417978989128
2792368523848
1396302760260
2495814388036
1671180667204
2770692294980
1413482629444
2512994257220
1400865130824
2500376758600
2495797691972
1671163971140
1413465933380
2512977561156
1688343840324
2787855468100
1400581031492
2500092659268
1396286064196
1417962145160
2517473772936
1692840052104
2500292856196
2775170763140
1417961097604
2517472725380
2775237872004
1396217825668
2495729453444
1671095732612
2770607360388
1413684021896
1413414487432
2512926115208
1688292394376
2787804022152
2496014681476
1671380960644
2517472725384
1400848337288
2500359965064
1675726244232
2775237872008
2788055665032
1396217825672
2495729453448
1671095732616
2770607360392
1413415519556
1417977890120
2517489517896
1692855797064
2792367424840
1692907177284
1417710503236
2517222131012
1692588410180
2495729468740
2770607375684
2792098974340
1413414472324
2512926100100
1688292379268
2517271414088
1692637693256
1675675927880
2775187555656
1413482644808
2512994272584
1396218939720
2495730567496
1671096846664
1413398808904
2512910436680
1396504151364
2496015779140
1671382058308
2770893686084
1413415585092
2512927212868
1688293492036
2775255762244
1418046113412
2517557741188
2792435648132
1413414537860
2512926165636
1688292444804
2787804072580
1675743087236
2775254715012
1396301777540
1688611227268
1417777596744
2517289224520
1692655503688
2792167131464
1396235715912
2495747343688
1671113622856
2770625250632
1413415585096
2775255762248
1400799118664
1396234668680
1671112575624
1413414537864
2512926165640
2500041263752
1400798071432
2500310682244
2517272528456
2792150435400
1675676976516
2775188604292
1688544052612
2788055680388
2517556626820
2770608424324
2774987277704
1396554433928
2517272462728
1692638741896
2792150369672
1417709454728
2517221082504
2513195649416
1688561928584
2788073556360
1417978988936
2517490616712
1417759853188
2517271480964
1692637760132
2792149387908
1692856895880
1396235650376
2495747278152
1671113557320
2770625185096
1413415519560
2512927147336
1688293426504
2787805054280
1413398759044
2512910386820
2787788293764
1400782292612
2770876910152
2500293920388
1396234603144
2495746230920
1671112510088
2770624137864
1418028288580
1692906195524
1396553452100
1413733321284
2513244949060
1688611228228
2788122856004
1413734303368
2513245931144
1400513857160
1400782292616
1675660199560
1396234602884
1417709439364
2517221067140
1692587346308
2792098974084
1400798071112
1417692743300
2517204371076
1692570650244
2517489502792
2792367409736
1418046113416
2517557741192
2792435648136
2770892572996
1413751145860
2513262773636
1688629052804
2788140680580
2788072442180
1675407541636
1396234667396
2495746295172
2770624202116
1396301776260
2495813404036
2774919169412
1417709503876
1413414536580
1688560830788
2788072458564
1396570163524
2496081791300
1675659216452
2774986229380
2787871131268
1417962146180
2517473773956
1692840053124
2792351680900
1396218874244
2495730502020
1671096781188
2770608408964
1413398743428
2512910371204
1417776612744
1688560830792
2788072458568
1400798021960
2500309649736
1675743037768
2775254665544
1396570163528
2496081791304
2770959698248
2774969518728
1417759853192
2517271480968
1692637760136
2792149387912
1400596760200
2512977480072
2787855387016
1396218874248
2495730502024
1671096781192
2770608408968
2792351763012
1688627938884
2788139566660
1418044999236
2517556627012
1692922906180
2792434533956
1417759852932
2517271480708
1692637759876
2792149387652
1413465918020
2512977545796
1688343824964
2787855452740
2792150420036
1413733321288
2513244949064
1688611228232
2788122856008
1396234602888
2495746230664
1671112509832
2770624137608
1396553451844
2496065079620
1671431358788
2770942986564
1413733321028
2513244948804
1688611227972
2788122855748
2500360047172
2775237954116
1396504152708
2496015780484
2770960796292
1396235717252
2495747345028
1671113624196
2770625251972
2517557740936
1413751145864
2513262773640
1688629052808
2788140680584
1417977874760
1413666212424
2513177840200
1688544119368
2788055747144
2495730566724
2770608473668
1688276715076
1400513906244
1675727292040
2775238919816
1688612193928
2788123821704
1413734286984
2513245914760
1692839085640
2792350713416
2496015780488
2495747345032
1396571261576
1413733254724
2513244882500
1688611161668
2788122789444
1400781243972
2500292871748
1675659150916
2775170778692
1417961113156
2517472740932
1418029270600
2517540898376
1692907177544
2792418805320
2792417756744
1692654470792
2792166098568
1400596694664
2500108322440
1675474601608
2774986229384
1417776563848
2517288191624
1413734286724
2513245914500
1688612193668
2788123821444
1396554417540
2500361012612
1675727291780
2775238919556
2496066045316
1688544118084
1688545102404
2513178823236
2788056730180
1396571261572
2496082889348
1675474601348
2500108322180
1671449168516
1400596694404
1400866228868
2500377856644
1675744135812
2775255763588
2788055730568
2770624136516
2788139566664
1418044999240
2517556627016
1692922906184
2792434533960
1413397759624
2512909387400
1688275666568
2787787294344
1417759852936
2517271480712
1688343824968
1692638792264
2792150420040
1417760885320
2787855452484
1675677025924
2775188653700
1688612210308
1413414487684
2512926115460
1688292394628
2787804022404
1692570584708
2792082212484
1396554434184
2496066061960
1671432341128
1400597743240
2500109371016
1675475650184
2774987277960
1675407492744
2774919120520
1692588411524
2792100039300
1396235668100
1671113575044
1413415537284
2512927165060
1688293444228
2787805072004
1400781309252
2500292937028
2775237952836
2512909403528
2787787310472
1671432324484
2770943952260
1417693775432
2517205403208
1692571682376
2792083310152
1400530683268
2500042311044
2770625202500
1396486341960
2495997969736
1671364248904
2770875876680
1413666211144
2513177838920
1688544118088
2788055745864
1400781309256
1396217906504
2770608473412
1413398807876
1688276714820
1400849384840
2500361012616
1675727291784
2775238919560
2792418788744
1396235715976
2495747343752
1671113622920
2770625250696
1413415585160
2512927212936
1688293492104
2787805119880
2774902393476
1692570634884
2496082889352
1671449168520
2770960796296
1417776563592
2517288191368
1400866228872
1396235667784
2495747295560
1671113574728
2770625202504
2787805071688
1396504103240
2496015731016
1671382010184
2770893637960
2500109354568
2774987261512
1413482628420
1400781294148
2500292921924
1675659201092
2775170828868
2513261659464
2788139566408
2770675598660
2500024501572
2774902408516
1417693791556
2517205419332
2500108307076
1675474586244
2774986214020
1400866243912
1671096862024
1413398824264
2512910452040
1688276731208
2787788358984
2792434599240
2495797691720
1671163970888
1675458922824
2774970550600
1413465934404
1688612276804
2788123904580
2770876926532
1413667260996
2513178888772
1688545167940
1675391830596
2774903458372
1400530635400
2500042263176
1688343758148
2787855385924
2792100039044
1675727309124
2770675599944
1400581032520
1688545167944
2788056795720
1413667261000
2513178888776
2496015796548
1671382075716
2770893703492
1396218938696
2495730566472
1671096845640
2770608473416
1413398807880
2512910435656
1688276714824
2787788342600
2500025533768
1396504167812
2496015795588
1671382074756
2770893702532
1413684036996
2513195664772
1396234619268
2512926116228
1675743037828
2775254665604
1396503054724
1413734368648
1688612275592
2496015795592
1688275667332
1400512858500
1417692727684
1688629037448
1396234619272
2495746247048
1671112526216
2770624153992
1413414488456
2512926116232
1688292395400
2787804023176
2496014730820
1671381009988
2770892637764
2788055730500
1400781293892
2500292921668
2775170828612
1400596679044
2500108306820
1675474585988
2774986213764
1692856894856
2774969517700
2792083326276
1688276731204
2787788358980
1396218955076
2495730582852
1671096862020
2517272528196
2792150435140
2775170845316
1413464885892
2512976513668
1688342792836
2787854420612
2500091611780
2787787311748
1400512875140
2770959681860
1413750016324
1400865114436
1692587345544
2792098973320
2495746229896
1671112509064
2770624136840
1413733320260
2770675598664
1688611227204
1396218955080
1692571698504
1688275683976
1396285016712
2495796644488
2512976513672
2787854420616
2500091611784
1675407476100
1413683972424
2513195600200
1688561879368
2788073507144
2775170844228
1400798004808
1675390765448
2774902393224
1400849385092
1675727292036
2500309632324
1675675911492
2775187539268
1688611227012
2788122854788
1675659200840
2775170828616
1413464884872
2512976512648
1688342791816
1400579982984
1671162922372
2512976512388
1688342791556
2787854419332
1396285015428
2774969517444
1417759851908
1675457889668
1688292459908
2787804087684
2512910387588
1688276666756
2775254649160
2495797675588
1671163954756
2770675582532
1413465916996
2512977544772
1688343823940
2787855451716
2500092642884
1400579982724
1692637758852
2517271479684
1692571698756
1417693791812
1675458938436
2774970566212
1400529569160
2500041196936
1675407476104
1417978939780
1692856846724
2787805071748
1400512858436
2500024486212
1396235667848
2495747295624
1671113574792
2770625202568
1413415537032
2512927164808
1688293443976
2787805071752
1400782359108
2500293986884
1675660266052
2775171893828
1418029336196
2517540963972
1692907243140
2792418870916
2496066127492
2774986294916
2792082278020
1417759852168
2517271479944
1692637759112
2792149386888
1400799135368
2500310763144
1675474667144
1400513922696
1396302776964
1671180683908
1413482646148
2512994273924
1413464884616
2512976512392
1688342791560
2787854419336
1400579982728
2500091610504
2774969517448
1417759851912
2517271479688
1400849468036
2500361095812
1675727374980
2775239002756
2517205420676
2792083327620
1413465934468
2513178888836
1688545168004
1396286047816
2495797675592
1671163954760
2770675582536
1400581015112
2770960747076
1417760884036
2517272511812
1692638790980
2792150418756
2500092642628
1675458921796
2774970549572
1692907244168
1671432407688
2770944035464
1417693792904
2517205420680
2792083327624
1400849468040
1688545168008
2500361095816
1396553450824
1671431357768
1413733320008
1688611226952
2788122854728
1688293443204
2787805070980
1400530634372
2500042262148
2775237937732
1418028272196
2517539899972
1692906179140
2792417806916
1396553435716
2496065063492
1671431342660
1675676976708
1396217890436
1400512857732
1400782359112
2500293986888
1675660266056
2788056729924
1692840134980
2792351762756
2513178888516
2495814404484
2770692311428
1400597744004
2787787294088
2770691245700
1400596678276
2500108306052
1675474585220
2774986212996
1418029335940
2517540963716
1692907242884
2792418870660
1396218955140
1671096862084
1400782357892
2500293985668
1675660264836
1688343823688
2787855451464
1400581014856
2500092642632
1675458921800
1413751081284
2513262709060
2788140616004
1400866179396
2500377807172
2792435583300
1413415536264
2512927164040
1418029335944
1400512874120
2500024501896
2512910452104
1671381027140
2770892654916
1417759836548
2517271464324
1692637743492
2792149371268
2774969502084
1692856846728
2792368474504
2495747294596
1671113573764
2770625201540
1413415536004
2512927163780
1688293442948
2500042261892
1413733304904
2513244932680
1688611211848
2788122839624
1400848403016
2500360030792
1418028272200
2517539899976
1692906179144
2792417806920
1675676976712
2775188604488
1400782342728
2500293970504
1396487390600
2792082261640
2517204354696
2517539834436
1418028206660
1417977891460
2517489519236
1692855798404
2792367426180
1400866227592
2500377855368
1675744134536
1688545167688
2788056795464
1417962228040
2517473855816
2500293986632
1675660265800
2775171893576
1418028206664
2517539834440
1692906113608
2792417741384
1413464803912
2512976431688
2787855451784
2517289240968
1400597744008
1675475650952
2495813338760
2770691245704
1413481580168
2512993207944
1688359487112
2787871114888
2775170827588
1400596678020
2500108305796
1396301710724
2495813338500
1671179617668
2770691245444
1413751081288
2513262709064
2788140616008
1417759836552
2517271464328
1692637743496
2792149371272
1396235666824
1671113573768
1413415536008
2512927163784
1688293442952
2787805070728
2496081773892
2770959680836
1413750015300
2513261643076
1688627922244
2788139550020
1396570146116
2500360030536
1396504102216
2496015729992
1671382009160
2770893636936
1417977891140
2517489518916
1692855798084
1413682923844
2513194551620
2787805055620
1417710488196
2517222115972
1692588395140
1688360552776
2787872180552
2770892589384
1413682923848
2513194551624
2788072458888
1671095731524
1688275600708
2787787228484
1400579900740
1400781227332
1413464802628
1400512791876
2496014682500
1671380961668
2770892589444
2513194551684
2788072458628
2500309649796
1417977891204
2517489518980
1692855798148
1396217824584
2495729452360
2770607359304
1417961162056
2517472789832
2495998937412
1671365216580
2770876844356
2512909404808
1417776547208
2517288174984
2770607376712
1413397711176
2512909338952
1688275618120
2787787245896
2787804023172
1417709455748
2513195600260
1688561879428
2788073507204
1396235668104
2495747295880
1671113575048
1417709455752
2517221083528
1692587362696
1396570146120
2496081773896
2770959680840
1413750015304
2513261643080
1688627922248
2788139550024
1418044982600
2517556610376
1413414536772
1413734287940
2513245915716
1418029255236
2517540883012
1692907162180
1675407541832
2774919169608
2792434583112
2500108371528
1400849467972
2500361095748
1675727374916
2775239002692
1418029337156
2517540964932
1692907244100
2792418871876
2774920153476
1396235651460
1418029255240
1400782277192
1396503054728
2496014682504
1671380961672
2770892589448
1413682923912
2513194551688
1688560830856
2788072458632
1417977891208
2517489518984
2792083326596
2512910452356
2787788359300
1413683956036
2513195583812
1688561862980
2788073490756
1671431276868
1400782358084
2500293985860
1417962227268
2517473855044
1692840134212
2792351761988
1413482645124
2512994272900
2787872179844
1400597743236
2500109371012
1417777612420
2517289240196
1692655519364
2792167147140
1417760901768
2517272529544
2792150436488
2496082839108
1671449118276
1688343841412
2496066128456
2770944035400
1413734369864
1688612276808
1418029337160
2517540964936
1400782275908
2500293903684
2788056712516
1417962145092
2517473772868
1671096780100
1413398742340
2512910370116
1417710487944
1671364168324
1675391829640
2774903457416
1417693791880
1688611210820
2500360029764
1396218873160
2495730500936
1671096780104
2517473772872
2792351679816
1692570569352
2792082197128
1418028206728
1400781228680
2500292856456
1396487390792
2495999018568
1671365297736
2770876925512
2496014748228
1400799070788
2500310698564
1675676977732
2775188605508
1417978939972
2517490567748
1688561879620
1413751081544
2513262709320
1688628988488
2788140616264
1675727309384
2770692310664
1413482645128
2512994272904
2787872179848
1417777612424
2517289240200
1692655519368
2792167146884
2517289239940
1692655519108
2513177840260
2788055747204
1400781310596
2500292938372
1417961179780
2500042311236
1675408590404
2774920218180
1417710552644
2517222180420
2792100087364
1400799118916
1671095748164
2770607375940
2512909338180
1413751080520
2513262708296
1688628987464
1413464868488
2512976496264
1400799118920
2500310746696
1675677025864
2775188653640
2500109420104
1417710552648
2517222180424
2792100087368
1396570163844
2496081791620
2770959698564
1688342775172
1413750033028
1400579966340
2500091594116
2774969501060
2770624154244
1413414488708
2787872180868
1396301728392
2495813356168
2770691263112
1413481597576
2512993225352
1671095731588
1413397693828
2512909321604
1688275600772
1396486260100
2788122838600
1688276731272
2787788359048
1688611210564
1396553434436
1413733303620
2513244931396
1396486260104
2495997887880
1671364167048
2770875794824
1396217824648
2495729452424
1671095731592
2770607359368
1413397693832
2512909321608
2517489518212
2792367425156
1417962227016
2517473854792
2792351761736
2792083311236
1413398809220
2512910436996
1688276716164
2787788343940
1417777612168
2517289239944
1692655519112
2792167146888
1413666212228
1413397710148
2512909337924
1688275617092
2792166147716
1688359552644
2787871180420
1413750081156
2513261708932
1688627988100
2788139615876
1413751080264
2513262708040
2788140614984
2774920235332
1413750032964
2513261660740
1688627939908
2775187556932
1675457890632
2774969518408
1688627939976
1418045000328
2517556628104
1692922907272
2792434535048
1688359552648
2787871180424
1692654519944
2517288240776
2500309633668
1675675912836
1417977891400
2517489519176
1692855798344
2792367426120
1400865130884
2500376758660
1671449102916
1675727293064
1413398743688
2512910371464
2517539898696
2792100021892
1688545085064
2788056712840
1675675928200
2775187555976
1400798021256
2500309649032
1413398809224
2512910437000
1688561944964
2788073572740
1675458939268
2774970567044
1671096863108
2770608490884
1418028288392
1675458939272
2774970567048
2517490633096
1417978922564
2517490550340
1396486343048
2495997970824
1671364249992
2513177840008
2788055746952
1675660249672
2775171877448
2500024436040
1675390715208
2774902342984
2495999003208
1396234685000
2495746312776
1671112591944
2770624219720
1413414554184
1417962211652
2517473839428
2792351746372
2774987262340
2787872164228
2788072457540
1413414487364
1413465933444
1400782275972
2500293903748
1675660182916
2775171810692
1417962145156
2517473772932
1692840052100
2770960730696
2770959697224
1418046096708
1417710487176
2517222114952
1692588394120
1400848336260
1417709438340
1396302824840
2495814452616
1675475699080
2774987326856
2775254713736
1418029336132
2517540963908
2512927147396
2512910436744
1688276715912
2787788343688
2500377855560
1413415519816
1400579901000
2500091528776
1418046097028
2517557724804
2792435631748
2500310746756
2513244866184
2792083310216
1396503103112
2496014730888
1671381010056
2792100022916
1400782342472
2500293970248
1675660249416
2775171877192
1413683972676
1418028287560
1400579982920
1675457889864
1692906194504
1417961178696
2517472806472
1400597727624
1675475634568
1396234684744
2495746312520
1671112591688
2770624219464
1418046097032
2517557724808
2792435631752
1417977955652
1692855862596
1400581031560
2500092659336
1396217825604
2495729453380
2770607360324
1675390699844
1688628971848
2788140599624
1692638808644
2770624219716
2495746312772
1671112591940
2495997954372
2770875861316
1413666195780
1688544102724
2500042245512
1675408524680
2774920152456
1400849467976
2500361095752
1675727374920
1675744135816
1396486326600
2495997954376
1671364233544
2770875861320
1413666195784
2513177823560
1688544102728
2788055730504
1400781293896
2500310680904
1671162857028
2770674484804
1413464819268
1400579917380
2500091545156
1675457824324
2774969452100
1400798005896
2500309633672
1396503038340
2496014666116
1671380945284
2770892573060
1413682907524
2513194535300
1688560814468
2788072442244
1413683971396
1396504102212
1396571277956
2496082905732
1671449184900
2770960812676
1413751147140
2513262774916
1688629054084
2792098990724
2788140681860
1396301728388
2495813356164
2770875876996
1400865196680
2500376824456
2775254731400
1688276732552
2787788360328
2770607360328
2500092659080
2787872179528
1400579967300
2500091595076
1400848337224
2500359965000
1675726244168
2775237871944
1688359504520
2787871132296
1396570163848
2496081791624
2770959698568
1417977874824
2517489502600
1692855781768
2792367409544
1400848402820
2500360030596
2775238920584
1400530618760
2500042246536
1675408525704
2792367425924
2770959697540
1400579917384
2500091545160
1675457824328
2774969452104
1396570212996
2496081840772
1671448119940
2770959747716
1413667179144
1413750082180
2513261709956
2500092659272
2495797691976
2770675598920
1413465933384
2512977561160
1688343840328
2787855468104
1400581031496
1671380945288
2770892573064
1400798005640
2500309633416
1675675912584
2775187540360
2517205403268
2792083310212
1400781309576
2500292937352
2775170844296
2500360047236
2775237954180
1413414487428
1688292394372
2512993274436
1688359553604
1400782341700
1675676960072
2500025485892
2513178872132
2788056779076
1417693776196
1675458923144
2774970550920
2496081790340
1671448069508
2770960729668
1418029320520
2517540948296
1692907227464
2792418855240
2787855452488
1400581015880
2500092643656
1400848419208
2500360046984
2775237953928
2512976512644
2787854419588
2500091610756
1400596761160
2495730566792
1671096845960
2770608473736
1400596760900
1417978940036
2517490567812
1692856846980
2792368474756
2495796562500
1671162841668
2770674469444
2512976431684
1688342710852
2787854338628
2775255714440
1413482646152
2512994273928
2787872180872
1396487374148
1671365281092
2774903392580
1417692661316
2517204289092
1692570568260
2792082196036
2788140598856
2770960729672
1413751064136
2513262691912
1688628971080
2775187540356
1675726309768
2775237937544
1396570147460
2496081775236
2770959682180
1413750016644
2513261644420
1688627923588
2788139551364
1413397693764
2517539834180
1692906113348
1688342710856
2787854338632
2500292937348
2775170844292
2787805070724
1396504103300
2496015731076
1671382010244
2770893638020
1413683972484
1417759770948
1400579901764
2500091529540
1675457808708
2774969436484
2517271398724
2792149305668
1692637677892
2495796562244
1671162841412
1688360551816
2787872179592
2775187622468
1396302759304
2495814387080
1671180666248
2770692294024
1413398759752
2500292921992
2775170828936
2774970566024
1400512858760
2500024486536
2774902393480
1396486326660
2495997954436
1671364233604
2770875861380
1413666195844
2513177823620
1688544102788
1417777677700
2517289305476
1692655584644
2500024419652
1675390698820
2517204288836
1692570568004
2774902326596
1417692661060
2770607359300
1396570147464
2496081775240
2770959682184
1413750016648
2513261644424
1688627923592
1400581031556
2500092659332
1675458938500
2774970566276
1417693791876
2517205419652
1400865114500
2500025550472
1400782358152
2500293985928
1675660265096
1413684037956
1396504103304
2496015731080
1671382010248
2770893638024
1413683972488
2513195600264
1688561879432
2788073507208
1688627922568
2788139550344
2792367408776
1413682906760
2513194534536
1413682906500
2513194534276
1688560813444
2513177823624
1688544102792
1413465917828
2512977545604
1688343824772
2787787228488
2792166164808
1417760885128
1692638792072
1417693776264
2517205404040
1692571683208
2792083310984
1396553450884
1413733320068
2517272463940
2792150370884
2792367408520
2495730517572
1671096796740
2770608424516
1413398758980
1688276665924
2787788293700
1413751081604
2513262709380
2788140616324
2496082840196
2770675582340
1688611227016
1692923955848
2792435583624
1396554483272
2496066111048
1671432390216
2770944017732
1417777678660
2517289306436
2792167213380
2513244932740
2500091528772
1396284933700
2512976430660
2495796561476
1671162840644
2770674468420
1400848419204
2500360046980
1418046114120
2517557741896
2792435648840
1413415602504
1396487391620
2770608424260
2513261660804
2788139567748
1413751081608
2513262709384
2788140616328
1418046048904
2517557676680
1400866179460
2500377807236
1413750015620
2513261643396
1688627922564
2788139550340
1396570146436
2496081774212
2517272463688
1692638742856
2792150370632
1413733304968
2513244932744
1688611211912
2788122839688
2517272446532
1692638725700
1675391747652
2774903375428
1418028272004
2517539899780
1692906178948
2792417806724
1688561878404
1417776630148
2517288257924
1692654537092
2792166164868
1413481646660
2495730501192
2770608408136
1692654537096
2792166164872
2788072524168
2792434600328
1688276665672
2787788293448
2770608424264
1413398758728
2495997953672
2770875860616
1417961162376
1692839069320
1413415602500
2512927230276
1688293509444
2787805137220
2512910371396
2787788278340
2513261643400
1413750015624
1396570146440
2496081774216
2770959681160
2770875812164
1413666146628
2513177774404
1688544053572
2788055681348
2774902408840
1396217824900
2787787228804
1688359553348
1400596744516
1396217824904
2495729452680
2770607359624
1400799054468
1400529634888
2517472741704
1396486277448
2495997905224
2770875812168
1413666146632
1692839020872
2792350648648
1417961113928
2792418871880
1400580965956
1675458872900
1417760835140
2517272462916
1692638742084
2792150369860
1418046114184
2496015796616
1671382075784
2770893703560
1400596744520
2500108372296
2770893621896
1417978923656
1692856830600
1396504086916
2496015714692
1671381993860
2770893621636
2513195583876
2788073490820
1400799054212
2500310681988
2770674469188
1675727374984
2788056712836
1400782276228
1417760835144
1692638742088
1396554500484
2496066128260
1671432407428
2770944035204
2512910370440
2787788277384
1400849385096
2500361012872
2513195583880
1396504086920
2496015714696
1396570147140
1413415601732
2512927229508
1688293508676
1675743021384
2792418871688
2792167147144
2513244932676
2788122839620
2500360030788
1675726260808
1413667244676
2513178872452
1688545151620
2512910370372
2500377791108
2775255698052
1400866163336
2787787294020
1688276650628
2787788278404
2774919103880
2788122838344
1396504086856
2496015714632
1671381993800
2787788277060
1400513840452
2500025468228
1675391747396
1396301727364
2495813355140
2770691262084
1413481596548
2512993224324
1688359503492
1400596694660
2500108322436
1675474601604
2495997904200
1671113624132
2512927214148
2787805121092
1413751063876
1400596677960
2788140598600
1396301727368
2495813355144
2770691262088
1413481596552
2512993224328
1688359503496
1400596743812
2500108371588
2774986278532
1400849451588
2500361079364
1675727358532
2775238986308
2774986278216
1400596743496
2513178872200
1688545151368
2788056779144
1396503038344
2496014666120
1413398742344
2512910370120
2787788277064
1400530684228
2500042312004
1417693775172
2517205402948
2792083309892
1396486261060
2495997888836
2770875795780
1675391812936
2774903440712
1417693775176
2517205402952
2792083309896
1417962210632
2517473838408
2792351745352
1400781294216
2792368458372
1396486261064
2495997888840
2770875795784
1396486277444
2495997905220
1413415519812
2512927147588
2787805054532
1417776547396
2517288175172
1692654454340
1675457807944
2774969435720
1396301710920
1400781244744
2500292872520
1675659151688
2775170779464
2495796577668
2770674484612
1396285982276
2495797610052
1671163889220
2770675516996
1413465851460
2512977479236
2787855386180
2500092577348
1400512857416
2774986295940
1671381993864
2770893621640
1413683956104
2513244882244
2792368523656
1417777596036
2517289223812
1692655502980
2792167130756
2500108388932
1675474668100
2788056779396
2517205404292
1396285982280
2495797610056
1671163889224
1400580949576
2500092577352
1675458856520
2774970484296
1400596761224
2500108389000
2774986295944
1688561863048
2788073490824
2792417741380
1692906113604
1413667195204
2513178822980
1400529634692
2500041262468
1417962162504
1413667195208
2513178822984
1675474650760
2774986278536
1417777662276
2517289290052
2792167196996
2788056729928
1692840069448
2775187606084
2792167197000
1396284999236
2770892654984
1417776612996
2517288240772
1692654519940
1675407558020
2774919185796
1418029271620
1692907178564
1675458856516
2774970484292
1692654536328
1400865114760
2500376742536
1675743021704
2775254649480
1418046114436
2517557742212
2792435649156
2792149304964
2788073507396
1417979005508
2517490633284
2792368540228
2517288256904
2500310762884
1417777661252
1413751130760
2513262758536
1396487309636
2788056713540
1413667178820
1675726309960
2775237937736
1418046098052
2517557725828
2792435632772
2517557660296
2792435567240
1413751065220
2513262692996
2788140599940
1400530699652
1400848402824
1396234618436
2792166147720
1400596743816
2775170827912
1400849386056
2500361013832
1675727293000
2775238920776
1400529651076
2500041278852
1396234618440
1396217840964
1417693791560
1675408540996
1400513856840
2500025484616
1675391763784
2774903391560
2787855402376
1671381027208
1417962210952
2517473838728
1400865180292
2775171828036
1400782293316
2500293921092
1675660200260
1692655584900
2792167212676
1413398758724
2512910386500
2787788293444
1400597808776
2513262693000
2788140599944
1396486260356
2495997888132
2770875795076
1400512873800
1417777677956
1417777677960
2517289305736
2792167212680
1400781310276
2500292938052
2775170844996
1400781310280
1417962228036
