279526589764
558716307016
284108097092
279811803460
554689710404
284106770756
558984677700
279543368004
554421274948
283838335300
279878912324
554756819268
284173879620
283822950788
558700857732
279878911368
554756818312
284173878664
559051785608
279880287880
554758194824
284175255176
559053162120
279863444804
554741351748
279796335940
554674242884
284091303236
558969210180
554421274952
283838335304
558716242248
554689710408
284106770760
279593962116
554471869060
283888929412
558766836356
279862397572
554740304516
284157364868
559035271812
279595027076
554472934020
279543646852
554421553796
283838614148
558716521092
279812082308
554689989252
284107049604
558984956548
283906771592
558784678536
279526869640
554404776584
283821836936
558699743880
279795305096
554673212040
284090272392
558968179336
279593978504
554471885448
554741351752
279796335944
554674242888
284091303240
558969210184
279595009352
554472916296
283889976648
558767883592
554741172868
279795353156
554673260100
279526853256
554404760200
283821820552
558699727496
279795288712
554673195656
284090256008
558968162952
279593962120
554471869064
558984694408
279880239688
554758146632
284175206984
559053113928
279862200900
279526656580
554404563524
283821623876
554740107844
284157168196
559035075140
279544694148
554422601092
554674062980
284091123332
279544743492
554422650436
283839710788
558717617732
279813178948
554691085892
284108146244
558986053188
279611852356
554489759300
284090059336
558967966280
279593765448
554471672392
283888732744
283838399816
558716306760
279544743496
554422650440
279862462788
554740369732
283839710792
558717617736
558969293124
279527983428
554405890372
283906836804
558784743748
283822950724
279880304964
279595092292
284158495044
559036401988
279813129540
554691036484
284108096836
558986003780
279526934856
554404841800
283821902152
558699809096
279795370312
554673277256
284090337608
558968244552
279594043720
554471950664
279880287624
554758194568
284175254920
279611541060
554489448004
283906508356
558784415300
279879976516
554757883460
284174943812
559052850756
279544432196
554422339140
279593960836
554471867780
283906771336
558784678280
279863265928
554741172872
284158233224
559036140168
283889731144
558767638088
283905705608
558783612552
279544432200
554422339144
283839399496
558717306440
279812867656
284107834952
558985741896
279611541064
554489448008
554404758920
283821819272
558699726216
279795287432
554673194376
284090254728
558968161672
279593960840
554471867784
283888928136
279880239432
554758146376
284175206728
559053113672
554422667652
283839728004
558717634948
279813196164
554691103108
284108163460
558986070404
279611869572
554489776516
284174141000
559052047944
279526934920
554404841864
283821902216
558699809160
279795370376
554673277320
284090337672
558968244616
279594043784
554471950728
279593764164
554471671108
554672997700
284090058052
558967964996
279526655300
554404562244
283821622596
558699529540
279795090756
279796155780
554674062724
284091123076
558969030020
284107819332
558985726276
279611525444
554489432388
554740106568
284157166920
559035073864
283906492740
279526655304
554404562248
283821622600
558716569220
279812130436
554690037380
284107097732
558985004676
279796073796
554673980740
284091041092
558968948036
279610803844
554488382792
283905443144
558783350088
279878911304
554756818248
284173878600
559051785544
283839382856
558717289800
279610755652
554488662596
283905722948
558783629892
279879191108
554757098052
559052065348
284107049540
279879976584
554757883528
284174943880
559052850824
554489432392
283906492744
558784399688
279879960904
554757867848
284174928200
559052835144
279527901828
554405808772
283822869124
558700776068
279796337284
279595010692
554472917636
279863446148
283889977988
554421601928
283838662280
279543646792
554421553736
283838614088
558716521032
279812082248
554689989192
284107049544
279610755656
554488662600
279527916868
554405823812
284090074440
558967981384
283822884164
558700791108
279796352324
554674259268
284175205704
559053112648
279610819912
554488726856
279543383684
554421290628
283838350980
558716257924
279811819140
284173895300
559051802244
284090320200
558968227144
279863265672
554741172616
284158232968
283889730948
279863199108
554741106052
284158166404
559036073348
279526606216
554404513160
283821573512
558699480456
554740106888
559035074184
279543383688
554421290632
283838350984
558716257928
279811819144
554689726088
284106786440
558984693384
279610492552
554488399496
283906574920
283838334340
558716241284
279610475908
554488382852
283905443204
558783350148
279527705156
554405612100
283822672452
558700579396
279796140612
554674047556
558969014852
283889781316
558767688260
279593716100
554471623044
279527705160
554405612104
283822672456
558700579400
279796140616
554674047560
558969014856
279594814024
554472720968
279526868548
554404775492
558699742788
279795304004
284090271300
279593977412
554471884356
554404513352
283821573704
558699480648
279543449220
554421356164
284108097156
558969030276
279811884676
554689791620
283821573768
558699480712
554422585992
283839646344
558717553288
279811803524
554689710468
284106770820
558984677764
558783351172
284173879684
559051786628
279863528004
554741434948
283905721668
558783628612
284107048260
558984955204
279879189828
554757096772
284174157124
559052064068
279879976328
554757883272
284174943624
559052850568
558700774788
279796336004
554674242948
284091303300
283889976708
558716242312
279543645512
283838612808
558716519752
279812080968
554689987912
284107048264
558984955208
279796336008
554674242952
284091303304
554472916360
284108163652
284158495300
559036402244
283890059844
558767966788
279611869764
554489776708
554689792580
279526935112
554404842056
283821902408
558699809352
279795370568
554673277512
284090337864
558968244808
283906574664
558784481608
283889780036
558767686980
279527703876
554405610820
283822671172
558700578116
279796139332
554674046276
284091106628
558969013572
558699530884
279795092100
554672999044
284157168260
558967966340
279862200964
283905508936
558783415880
279595092616
554472999560
558767966856
554673276484
284090336836
558968243780
279594042948
554471949892
283889010244
558766917188
279610541380
554488448324
554421339716
279527703880
554405610824
283822671176
558700578120
284091106632
558969013576
279796139336
283889715524
558767622468
554674046280
554422650500
558717617796
279813179012
554691085956
284108146308
558986053252
279611852420
554489759364
283888732808
558766639752
279862200968
554740107912
284157168264
554422602308
279813130820
554489711172
279880239684
283839662660
558717569604
279544695364
284108098116
283889010248
558766917192
283889993352
558767900296
558783367816
279863528008
554741434952
284158495304
554674047624
284091107976
554422650504
558717617800
279813179016
554691085960
284158495364
559036402308
558986070660
284175272580
559053179524
554404842120
554673277576
284090337928
558968244872
279544695368
554422602312
558717569608
279813130824
284108098120
279611804232
554489711176
558700857668
284091386180
279795042632
554672949576
284090009928
558967916872
279796091208
554741107016
284107835012
558985741956
283906508420
558784415364
284174943876
279544432260
558716258692
554689726852
284106787204
558984694148
279611804036
554489710980
284174927428
554672932424
284089992776
558967899720
283888666184
558766573128
554689792584
558984759880
279879961224
279795353924
554673260868
284157430084
284090321220
558968228164
279544432264
554422339208
283839399560
279812867720
283906770568
558784677512
284106852676
279795353928
284158232196
284157430088
554741171844
554673277572
554472982920
284175206980
559053113924
279863462468
554741369412
279544760900
554422667844
559035073924
279795090820
554672997764
284090058116
558967965060
559053112904
283889715528
283890059656
279526607172
554404514116
283821574468
279795042628
554489711236
554422667908
279813196420
554691103364
284108163716
558969031300
279526607492
279526607496
554404514440
283821574792
558699481736
558985726340
283906492804
284174928260
559052835204
558700512900
554472654468
554404497028
283821557380
558699464324
558784677188
283906770244
279880238404
284175205700
559053112644
279544694084
279594026372
554471933316
279879191172
554757098116
559052065412
279863527752
554741434696
284158495048
279544416648
554422323592
283839383944
279812852104
554690759048
284107819400
558985726344
279611525512
554489432456
559035336264
279812082312
554689989256
284107049608
558984956552
279610755720
554488662664
559035336004
279879960968
554689792328
284106852680
554757867912
284174928264
559052835208
283838417476
558716324420
279610559044
554488465988
279863264904
554741171848
559036139144
554674047620
279527705220
554405612164
283822672516
558700579460
283889781380
558767688324
284158216836
279594814084
279527982660
554405889604
554674325060
284091385412
279595091524
554472998468
558716324424
283905508676
558783415620
283888731460
558766638404
554689774916
279527705224
554405612168
283822672520
558700579464
279796140680
279812916552
554690823496
554471671112
283888731464
558766638408
279527982664
554405889608
279796418120
284091385416
279595091528
554472998472
279879191176
554757098120
559052065416
279543645572
554421552516
279812081028
554689987972
284107048324
558984955268
284157118020
559035024964
554740368712
284157429064
559035336008
279543645576
554421552520
279812081032
554689987976
558984955272
279610754440
554488661384
279527967044
554405873988
283822934340
558700841284
284091369796
279610541444
554488448388
283905508740
558783415684
284173944196
559051851140
279795090824
554672997768
284090058120
558967965064
279527967048
554405873992
283822934344
558700841288
284091369800
283838416196
554689791300
554756900164
284173960516
559051867460
279795026248
554672933192
284089993544
558967900488
279863264648
284174944904
559052851848
279796139396
554674046340
284091106692
558969013636
279594812804
279796091204
284091058500
284173960520
279526934148
554404841092
283821901444
558699808388
279594043012
554471949956
554489513544
283906573896
558784480840
558784662152
279796139400
554674046344
284091106696
558969013640
283822623048
284091058504
283889731912
558767638856
559036074312
554741156484
279863249540
279813130884
279880239748
554758146692
284108098180
558986005124
283889010312
558766917256
279594747460
279610559108
558699727428
279880223304
559053097544
279813130888
554691037832
558986005128
554489711240
554758129988
284175190340
279863526980
554741433924
558969013892
284175010372
279544498756
279526918532
554404825476
283821885828
279795353988
554673260932
284090321284
283888994696
279862462856
554740369800
559035337096
554757867140
284107033220
558984940164
283888683396
558766590340
283821574532
554741156488
283889714760
558767621704
279610559112
554488466056
558767965832
558783433352
284158216580
558784677252
283839661444
558717568388
558766590344
283905526148
284175190344
283906558532
554757932612
554689775172
558783415876
279593699972
554471606916
283888667268
558766574212
279795091016
554672997960
279593764424
554471671368
279863526984
554741433928
559051868484
279862135364
284157102660
559035009604
279611606340
283906573636
558784480580
279880041796
554757948740
284175009092
559052916036
554690839876
284106852996
558984759940
283838417540
558716324484
283905526404
558783433348
284173961860
559051868804
284108080456
283906573640
558784480584
279880041800
554757948744
284175009096
559052916040
554690839880
284158494340
559036401284
279527982724
554405889668
283822950020
558716324488
558784464516
279795091076
554672998020
554404562568
283821622920
558699529864
554672998024
558967965320
279527982728
554405889672
283822950024
279796418184
554674325128
284091385480
558969292424
284158216584
554488465800
279543712068
554421619012
283838679364
279812147524
554690054468
283888667012
558766573956
558700841348
554674309508
279527967108
554405874052
283822934404
279543712072
554421619016
283838679368
279527967112
554405874056
283822934408
558700841352
554674309512
284106851716
558984758660
279879959944
554757866888
279543433860
554405562760
279796091272
284091058568
558968965512
554489693828
559052064392
554471606664
283888667016
558766573960
279593961028
554471867972
283888928324
558766835268
279526852164
279812934276
554690841220
284175010436
554740042056
283888928328
558766835272
559035270728
279863511624
554741418568
558766851400
284158478920
279544498824
554422405768
279812934280
554690841224
554740124228
554691037828
283906754184
558784661128
279544760644
554422667588
558717634884
554741155460
558716585284
554404759108
558699726404
284175189576
279544760648
554422667592
558717634888
554691103048
558784480644
279880041860
554757948804
279879174788
554757081732
559052049028
279795026244
554672933188
284107819336
558985726280
554422404488
283839464840
558717371784
279812933000
554690839944
279611606408
283822622340
558783351364
279878912580
554756819524
279811803716
284106771012
554421617992
558716585288
554741155464
284107819396
279611525508
279879960964
558767639176
284091303492
279595009604
554472916548
279863445060
279863248260
554741155204
279543712132
554690054532
554421274180
279594764676
283821819204
558699726148
283890043272
558767950216
279880222024
279796336200
284091303496
279595009608
554472916552
279543712136
554690054536
279879174792
554757081736
559052049032
279879174532
554757081476
284157101636
559035008580
279862478468
279812064644
554689971588
279543366980
554421273924
279863248264
559036122504
554421273928
283906557512
283888666248
558766573192
283888665988
558766572932
279862396552
554740303496
554756900168
558784678532
279879174536
554757081480
284157167172
559035074116
279795091012
554471671364
283888731716
558766638660
279544498564
554422405508
558717372804
279879961156
554405546628
279862135368
284107819592
284090009988
279811868228
279611869576
284173879940
559051786884
279593699976
554471606920
283888667272
283905509764
559053113988
554740385160
284157445512
559035352456
554741417544
279610820168
554488727112
554741417284
279878912644
554756819588
279811803780
559051803268
559052064324
554689988164
279811868232
554689775176
284106835528
279863445124
554741352068
279811803784
284106771080
558984678024
283838613064
554689988168
279796074820
554689775940
558716258628
284107884872
558985791816
279880239752
554758146696
559053113992
279594812996
554472719940
283889780292
558767687236
279863248452
279543630148
283838597444
558716504388
283822671432
558700578376
554472719944
554689972552
284174993796
559052900740
554472720772
554422389124
283839449476
558717356420
283889731208
558767638152
283821886020
279879961220
554757868164
558766590536
284157119048
559035025992
558717568584
554405807428
558700774724
554405807432
558700774728
558766835016
558967916164
279594026308
283888993604
558766900548
279813114180
554741156420
279526851972
554404758916
283821819268
279611787592
554489694536
283906754888
554758129992
279526606148
554404513092
283821573444
558699480388
558766589252
279544415620
554422322564
558717289860
279526606152
554404513096
558699480392
554689988228
279544415624
558717289864
558985807432
279813114504
554691021448
284158478916
554757933700
279880026756
554404563592
279527967304
554405874248
558716323396
284106851908
279863248516
283822623300
558700530244
279812065668
554689972612
554488646020
558700530248
554689972616
284107032968
558984939912
554488646024
279863528072
559036402312
279595025992
554472932936
558783367752
283905460548
558783416644
554405872964
554673261188
554405872968
558700840264
558783612484
559051803272
279527654724
554405561668
283822622020
279593716356
554471623300
283888683652
279527654728
554405561672
279544694404
554740369032
279813129864
283905705604
558783612548
283906754180
558784661124
558985807428
283906573892
279880042052
554757948996
284175009348
284106852744
279862461828
284157429124
559035336068
283821836612
554422404680
554690840136
279611787652
279880223108
283838335556
558716242500
283838679684
283888682372
559053161796
284157117832
559035024776
283838679620
554405874308
279527967368
554405874312
558700841608
554690824520
279543694724
283838335560
558716242504
283906573960
558784480904
558716242244
554422651460
554757949000
284175009352
279880223368
554758130312
559053097608
554673195588
279796401540
554741369156
279796353348
279796401544
279796353352
558700529028
558984759944
279880305220
554756901512
279863527048
554741433992
559036401288
283905459784
554489513604
279526869380
554404776324
554489513608
558967982404
279795353220
554673260164
279863510660
554741417604
554673260168
554690824580
284107884932
558985791876
279880303940
554673195336
554690824584
284107884936
558985791880
558717633864
284108162376
558986069320
559053178184
279863511684
284107883844
284157102472
558783351368
558969030980
279880305284
554758212228
279544760968
279813196424
279796336968
558717633928
279526853000
554471868808
283888747848
558766654792
554740304200
554757932616
283905787524
558783694468
283822688648
554690840964
284107901316
558985808260
554756885128
554741417608
554673195652
283905787528
554489431688
279862462792
554740369736
554488726920
284091123080
279595075140
554472982084
559052917380
279543629192
558766852676
279796074824
284091042120
279880223364
554758130308
559036073352
279880043144
554757950088
559052917384
284106769736
283889730884
558700594504
554404775236
283821835588
558699742532
558699742536
284090008964
558967915912
284107883848
558700792392
284107032964
558984939908
284108162628
279880288900
558783678084
558984694088
283889993032
558767899976
284106786120
283889731140
558767638084
283888682568
284174994052
284107885192
283889796680
558767703624
283905771144
558783678088
284090271108
558968178052
279862217284
558717355396
284107900228
558717355400
279862217288
554740124232
554689726856
279527720260
283822687556
279527720264
283822687560
554757933704
284174994056
554690840132
283889780296
558767687240
554404496708
284173896068
554404496712
284106787464
283888944708
558766851652
283888944712
558766851656
279795288388
558984694152
283889993028
554404775240
558968178056
279880305288
554758212232
559053179528
283889796676
279593977416
554758195844
283890058820
558767965764
554689710472
558767965768
558984956292
558984956296
559051786888
554758195848
284107049348
279526851908
554404758852
554404758856
554472982088
