360845673792
378026592640
652904499584
446746069376
721623976320
360913832320
635791739264
429633309056
704511216000
378093701504
652971608448
446813178240
721691085184
429632259712
704510166656
378092652160
652970559104
446812128896
721690035840
360846722688
635724629632
429566199424
704444106368
721691085120
360846723392
635724630336
429566200128
704444107072
378026592576
360846985600
635724892544
429566462336
704444369280
378026854784
652904761728
446746331520
721624238464
360914094464
635792001408
635723580736
704443057472
652903449920
378025542976
446745019712
721622926656
378026592896
446746069632
721623976576
360913832576
429633309312
704511216256
378093701760
635724629376
704444106112
429633571136
704511478080
378093963584
652971870528
446813440320
721691347264
635723581760
429565151552
704443058496
378092915072
652970822016
360845674880
635723581824
429565151616
704443058560
378025544064
446745020800
360912783744
635790690688
429565412992
704443319936
652904499520
446746069312
721623976256
360913832256
635791739200
429633308992
704511215936
378093701440
652971608384
446813178176
378026591552
721690298688
704510428480
378092913984
652970820928
721690297664
360846985856
704444369536
378026855040
446746331776
721624238720
360913832512
429633309248
704511216192
721691085376
360846985792
378026854976
721690035776
446746068288
360913831232
429633307968
360845675136
704443058816
378025544320
446745021056
721622928000
704443058752
360846985536
635724892480
429566462272
704444369216
378026854720
652904761664
721624238400
360914094400
635792001344
721623976512
378093963904
652971870848
721691347584
446746068352
360913831296
429633308032
378093700480
360846722432
652903450176
446745019968
721622926912
429632259648
704510166592
378092652096
652970559040
360846723648
429566200384
704444107328
446746069568
378026591616
704444369472
721624238656
378093963840
721691347520
378093962880
652971869824
446813439616
360846984576
378026853760
446746068608
429633308288
378092653184
721690036864
704444107392
378092651904
360846722368
429566199104
378092651840
721690035520
652970559808
360846984512
378026853696
446813178496
721691085440
429633308224
635723843904
635790952768
652970821952
378093962560
721622927936
721690036800
360845673856
378025543040
378093962624
