361114109248
361115158912
635993065856
429834635648
704712542592
378295028096
653172935040
447014504832
721892411776
361383594368
636261501312
722228218496
361182266752
636060173696
429901743488
704779650432
378362137216
653240044160
447081613952
721959520896
361450703488
636328610432
430170180224
705048087168
361450702400
636328609344
430170179136
705048086080
378630571584
653508478528
447350048320
722227955264
430103070080
704980977024
378563462528
653441369472
447282939264
722160846208
430103071104
704980978048
361114371456
635992278400
429833848192
704711755136
378294240640
653172147584
447013717376
721891624320
653240305280
429902005824
704779912768
378362398272
653240305216
447081875008
430102283840
704980190784
378562676288
653440583232
447282153024
722160059968
361181480512
636059387456
429900957248
704778864192
361449916992
636327823936
705047300672
378629786176
653507693120
447349262912
722227169856
704979928704
378562414208
447281890944
361450702208
636328609152
430170178944
378630571392
653508478336
447350048128
722227955072
378293978752
653171885696
653239256448
447080826240
721958733184
447013455488
721891362432
361382545024
430102021760
361182528896
636060435840
429902005632
704779912576
378362398080
653240305024
447081874816
721959781760
636327823744
430169393536
705047300480
653507692928
722227169664
361449653888
636327560832
430169130624
705047037568
378629523072
653507430016
447348999808
722226906752
447282940224
722160847168
361115158848
635993065792
429834635584
704712542528
378295028032
653172934976
447014504768
721892411712
361115421056
635993328000
704712804736
378295290240
653173197184
721892673920
636261763456
361181480576
636059387520
429900957312
704778864256
653239256704
653507429696
447348999488
722226906432
635992016192
704711492928
429833585984
653171885376
378293978432
447013455168
721891362112
361115159168
704712542848
378295028352
447014505088
721892412032
653171886400
447013456192
721891363136
361383593344
704981240128
378563725632
653441632576
722161109312
361182267712
653507692864
430102284672
704980191616
378562677120
653440584064
447282153856
447081876096
721959783040
361450964544
636328871488
430170441280
705048348224
378630833728
653508740672
447350310464
722228217408
653238995264
447080565056
361114110336
635992017280
429833587072
704711494016
636060174720
721958734208
636059126144
653441370496
447282940288
722160847232
447080826496
430102283904
704980190848
378562676352
447282153088
653240043840
361383594304
361450703168
636328610112
704980976960
378563462464
653441369408
447282939200
635992279360
429833849152
704711756096
378294241600
378361349440
653239256384
447080826176
721958733120
361449915712
636327822656
430169392448
378629784896
653507691840
430102283584
653441632896
447283202688
722161109632
429902006912
704779913856
653238995520
447080565312
721958472256
361449654848
636327561792
430169131584
705047038528
653507430976
447349000768
361115159104
447013455424
361181480256
636059387200
704778863936
429834634560
378295027008
361182266688
704981239104
378563724608
704778603136
653238995584
447080565376
721958472320
361115421312
704712804992
378295290496
721892674176
361450965632
636328872576
722159798848
361181219392
429900696128
704778603072
378361088576
722226907712
429900695104
704980190528
378562676032
361114371392
635992278336
429833848128
378294240576
447013717312
636060436800
722228218176
361115420992
635993327936
429834897728
653173197120
447014766912
653240044096
721959520832
705048087104
378630572608
722227956288
430103071296
704980978240
378563463744
447282940480
653239256640
447080826432
721958733376
636327822912
721891362368
361449653824
635992016448
430169130560
447348999744
429834635840
704712542784
378295028288
447014505024
636261501504
636060174912
704779651648
378362137152
361181480320
636059387264
704778864000
378361349504
361115420032
378295289216
361450965568
636328872512
705048349248
378630834752
722228218432
378293979520
653171886464
721891363200
653508740736
447350310528
722228217472
378630833536
653508740480
447350310272
722228217216
636328609408
430170179200
430103070336
704980977280
447282939520
722160846464
635992017216
430170442368
705048349312
653508741760
361114110592
429833587328
704711494272
378293979776
429833849216
704711756160
653172148608
447013718400
636059388288
704778865024
653239257472
653240042816
447014503744
361383593280
430103070016
721891363456
429900696192
361450702144
361115157824
361450964352
636328871296
378362135936
430170441088
361115157888
378295027072
429902005888
653441631872
447283201664
636328871552
430170441344
704711493952
361450965312
636328872256
378630834496
653508741440
361450964288
378630833472
704778865280
447080827520
721958734464
447080564288
447281890880
430102021696
429900695168
447013717632
636260714816
430102284608
636059388224
722160847424
704778864960
653239257408
721958734144
361115419968
378295289152
429833587264
704711494208
721891363392
704980191872
361114109312
429833586048
378293978496
429833586240
636261500480
430103070272
447282939456
653508479360
721958734400
704778865216
429833586304
447349261952
636328872320
653508741504
704980978304
722160847488
636261501248
653441370432
