21828551764
43639981156
21896709220
39076578404
26191676516
43371545700
22165144676
39345013860
26460111972
21828551780
39008420964
26410125396
43589994580
21846722644
39026591828
22182266964
39362136148
22096987240
39276856424
26391954536
43571823720
43589666968
21895660648
39075529832
26190627944
43370497128
22164096104
26191758504
43371627688
21846722648
39026591832
26141689944
43321559128
22115158104
39295027288
26410125400
43589994584
21913831512
39093700696
26192005204
43371874388
22165226600
39345095784
26460193896
43640063080
22181201064
39361070248
21846459540
39026328724
26141426836
43321296020
22114894996
39294764180
26409862292
43589731476
21913568404
39093437588
22165407912
26207684776
43387553960
22181921940
43638932628
43656758420
26393003156
22165144724
21895660692
39075529876
26190627988
26459063444
43370497172
21828551832
39008421016
26123519128
43303388312
22096987288
39276856472
26391954584
43571823768
21895660696
39075529880
21846459544
39026328728
26141426840
43321296024
22114895000
39294764184
26409862296
43589731480
21913568408
39093437592
21896709284
39076578468
26191676580
43371545764
22165144740
21828551844
39008421028
26123519140
43303388324
22096987300
39345359000
22096987304
39276856488
26391954600
43571823784
21895660712
39075529896
26190628008
43370497192
22164096168
39343965352
22181152872
39361022056
26476120168
43655989352
22113765544
39293634728
26408732840
26393265320
43573134504
43588602024
21846722660
39026591844
26141689956
43321559140
22115158116
39295027300
26410125412
43589994596
39277200472
21913831524
22165406872
39345276056
43640243352
21912716440
39092585624
26207683736
43387552920
22181987496
21846722664
26141689960
26392036516
43571905700
43321559144
22115158120
39295027304
26410125416
43589994600
21846459556
39026328740
26141426852
43321296036
22114895012
39294764196
26409862308
43589731492
26409076884
43588946068
21845674132
39025543316
26140641428
43320510612
22114109588
39293978772
26476906664
21846459560
39026328744
26141426856
43321296040
22114895016
39294764200
26409862312
43589731496
21913568424
39093437608
21845674136
39025543320
43320510616
22114109592
39293978776
26409076888
43588946072
21912783000
39092652184
22164179112
39344048296
43639015592
26208716904
43388586088
21913553044
43589929044
21912783012
39092652196
26207750308
43387619492
26476185764
43656054948
39361087652
22181218468
39008749716
26123847828
43303717012
22097069224
39276938408
26392036520
43571905704
22182250648
39362119832
26477217944
43657087128
39344047256
26459145368
43639014552
21912437844
26207405140
43387274324
39092307028
39293633620
43655709780
26392298580
43572167764
21845607508
39025476692
21895939160
39075808344
26190906456
43370775640
22164374616
39344243800
43639211096
43388666968
21845607524
39025476708
26140574820
43320444004
22114042980
39293912164
26409010276
43588879460
21913568356
26475922532
21828568168
39008437352
26123535464
43303404648
21845674152
39277970532
43572937828
22113847464
21829682324
39009551508
26124649620
43304518804
22098117780
39277986964
26393085076
43572954260
21896791188
39076660372
21912437848
39092307032
26207405144
22180873304
39360742488
22097315924
21913568420
39093437604
26208535716
43388404900
22182003876
39361873060
26476971172
43656840356
21895677092
39075546276
39008437416
39076840552
39092308072
43657037976
22180889768
39360758952
26475857064
43655726248
21896775848
39076645032
26191743144
43371612328
22165211240
39345080424
26460178536
43640047720
21912520808
26140296292
43320165476
22113764452
39293633636
26408731748
43588600932
21912437860
39092307044
26207405156
43387274340
26192020584
43371889768
26475906200
21896774808
39076643992
26191742104
43371611288
21845329000
39025198184
26140296296
43320165480
22113764456
39293633640
26408731752
43588600936
21912437864
39092307048
21846722708
39026591892
26141690004
43321559188
22115158164
39295027348
26410125460
43589994644
21913831572
26392283224
43572152408
26208453800
43320247400
43388322984
26207668376
21846722712
39026591896
26141690008
43321559192
22115158168
39295027352
26410125464
21913831576
39093700760
39276923044
43571890340
21828895908
39008765092
26123863204
22181921896
39361791080
26476889192
43656758376
26408994920
43588864104
22182266024
21896004756
39075873940
39362135208
26477233320
43657102504
22097331300
39277200484
26392298596
43572167780
22165210196
39345079380
26208519252
43388388436
22181987412
39361856596
26476954708
43656823892
21846443092
39026312276
21896774744
39076643928
26191742040
43371611224
22165210200
39345079384
26460177496
43640046680
21828617304
39008486488
21846722724
39026591908
26141690020
43321559204
22115158180
39295027364
26410125476
43321296980
43589994660
21913831588
26475906148
43655775332
21846443108
39026312292
26141410404
43321279588
22114878564
39294747748
26409845860
43589715044
21828617320
39008486504
43303453800
39293895768
22181939352
39361808536
26476906648
43656775832
26208453716
43388322900
39361791060
43656758356
21846377556
39026246740
26141344852
39294682196
26409780308
43589649492
43370842280
21897054292
39076923476
26141689940
43321559124
21913831508
39093700692
26208798804
43388667988
26192021588
43371890772
43320182872
21846394968
39026264152
26141362264
21829683300
39009552484
43304519780
22098118756
39277987940
26393086052
43572955236
21845674084
39025543268
39008438376
43303405672
21846722728
22182004884
39361874068
21912782996
39092652180
26207750292
43387619476
22181218452
39361087636
26476185748
43656054932
21846377560
39026246744
26141344856
43321214040
22114813016
22098315428
39278184612
21845674148
39025543332
26140641444
43320510628
22114109604
26409076900
43588946084
26123536552
43303405736
26459130008
43638999192
26393281640
26408749160
21896774804
21895726228
22114878612
39294747796
26190693524
21913552020
26392020116
43571889300
22097052820
39276922004
22114829464
39294698648
21828617368
39008486552
26123584664
43303453848
22097052824
39276922008
26392020120
43571889304
21895726232
39075595416
26477152408
21895660632
39075529816
26190627928
43370497112
26190972056
43370841240
26475906212
43655775396
39277970596
26393068708
43572937892
21846443172
39026312356
26141410468
43321279652
22114878628
21828617384
39008486568
26123584680
43303453864
22097052840
39276922024
26392020136
43571889320
21895726248
39075595432
22180874408
39360743592
26475841704
22165406888
39345276072
43640243368
43655710888
39344309336
21913486436
39093355620
26208453732
43388322916
22181921892
39361791076
43656758372
26476889188
21846377572
39026246756
22181136468
39361005652
26476103764
43655972948
26408994900
43588864084
21845592148
39025461332
26140559444
43320428628
21912716456
39092585640
26207683752
43387552936
21846377576
39026246760
26141344872
43321214056
22114813032
39294682216
26409780328
39093355624
26207668312
22181136472
26476103768
39025461336
26140559448
43320428632
43387275416
22181151848
26476119144
21845394516
39092307092
26207405204
22180873364
39360742548
26475840660
43655709844
26408731796
43588600980
21912437908
39362136232
22180873368
39360742552
26475840664
43655709848
22097004632
26192005224
43371874408
21845329048
39025198232
26140296344
43320165528
22113764504
39293633688
26408731800
43588600984
21912437912
39092307096
26393348180
43573217364
43657086120
21912701028
39092570212
26207668324
43387537508
22181136484
39361005668
26476103780
43655972964
21897036888
39076906072
39025461352
26140559464
22182201428
39362070612
26477168724
43657037908
43320428648
22114027624
39293896808
22182250664
39362119848
22113764516
39293633700
26408731812
43588600996
26140296356
43320165540
21912437924
39092307108
26207405220
43387274404
22164178088
39344047272
26208715880
21845329064
39025198248
26140296360
43320165544
22113764520
39293633704
26408731816
43588601000
21912437928
39092307112
39277185124
26392283236
43572152420
43589928020
21896726628
39076595812
22182249624
39362118808
26477216920
43657086104
26208781416
26208733336
43588601960
43370824788
39008748628
43303715924
22097314900
39277184084
26392282196
26460194964
43640064148
43572151380
39345096852
43387536532
43656840360
39008700500
43303667796
22182201432
26477168728
26141608020
21913749588
39093618772
39344292952
26208716884
43388586068
21846640724
39026509908
43321477204
22115076180
21828879448
39008748632
26123846744
26191742120
43371611304
26141623448
43321492632
22181939364
39361808548
22182185048
39362054232
22181135444
21846640728
39026509912
26141608024
43321477208
22115076184
39294945368
26410043480
43571840084
39075546196
43370513492
22164112468
26459079764
43638948948
21828568148
39008437332
22165210216
39345079400
26460177512
43640046696
39361791124
39026246804
26141344916
43321214100
22114813076
39294682260
26409780372
43589649556
26476889236
22115091544
39294960728
43589928024
21912519784
39092388968
26207487080
43387356264
21896726632
26391970904
43571840088
21895677016
39075546200
26190644312
43370513496
22164112472
39343981656
26459079768
43638948952
39092570280
26207668392
21846377624
39026246808
26141344920
43321214104
22114813080
39294682264
26409780376
43589649560
39093355672
39345014868
39008748644
43303715940
39277184100
26392282212
43572151396
21895988324
39075857508
43657037928
39361807508
26476905620
43656774804
22114044052
43370841252
22181136488
26476103784
39361807528
21846640740
39026509924
26141608036
43321477220
22115076196
39294945380
26410043492
22097314904
39277184088
26392282200
43572151384
22165227672
39345096856
26460194968
43640064152
21896725592
39076594776
26191692888
43371562072
26409796760
26207667352
39026509928
26141608040
43321477224
22115076200
39294945384
26410043496
43589912680
21913749608
39093618792
43370513508
22164112484
39343981668
26459079780
43638948964
43572888680
39093438548
26208536660
43388405844
22181921956
39361791140
26208453796
43388322980
26476889252
43656758436
43370514580
22181939368
39361808552
39092570260
26207668372
43387537556
22181136532
39361005716
26476103828
43655973012
26408994964
43588864148
21845592212
22181135448
26476102744
39343981672
26459079784
43638948968
26191955048
26207422568
21846377640
39026246824
26141344936
43321214120
22114813096
39294682280
26409780392
43589649576
39093355688
21845592216
39025461400
26140559512
43320428696
22114027672
39293896856
26408994968
43588864152
21912701080
39092570264
22180873380
39360742564
26475840676
43655709860
22097004644
39276873828
26391971940
43571841124
22164113492
39343982676
26459080788
43638949972
26459130024
43638999208
22181938328
39361807512
26476905624
43656774808
21912504404
39092373588
26207471700
43387340884
22180939860
39360809044
26408798292
43588667476
26475907156
43655776340
39293913240
26190972072
43370841256
43655971940
21897036884
26192004180
43371873364
21912504408
39092373592
22180939864
43387340888
26475907160
39294945364
26410043476
43589912660
22097003604
39276872788
26391970900
21897036900
39076906084
26207471716
43387340900
22164440168
39344309352
43639276648
26140559524
43320428708
22114027684
26408994980
43588864164
21912701092
39092570276
26207668388
43387537572
26192004184
43371873368
22165472344
39345341528
21829928024
39009797208
26124895320
43304764504
22098363480
39278232664
39344030872
26459128984
43638998168
26208536664
43388405848
39025461416
26140559528
26476954792
43320428712
22114027688
39293896872
26408994984
43588864168
21912701096
22165424296
43371562068
21896725588
39076594772
22098052180
22165161044
39345030228
26460128340
43639997524
39277921364
21912503380
39092372564
26207470676
43371546708
21896710228
39076579412
43387339860
22180873384
39360742568
26475840680
26192021652
43371890836
43655709864
39343982680
26459080792
43638949976
21829616728
26124584024
43304453208
39092373604
43572888664
21845395556
39025264740
26140362852
43320232036
22113831012
39293700196
26192004196
43371873380
22165472356
39345341540
26460439652
43640308836
21829928036
39009797220
43304764516
21845395560
39025264744
26140362856
43320232040
22113831016
21829928040
39009797224
26124895336
43304764520
22098363496
39278232680
26393330792
43589912664
21897036904
21912504424
39092373608
26207471720
39076906088
26192004200
43371873384
43387340904
26208520340
39008748692
43303715988
39277184148
26392282260
43572151444
43371562084
26460128356
43639997540
39009485924
43304453220
22098052196
39277921380
26393019492
43388388456
21828831316
39093356628
43388323924
26391955540
43571824724
21845330004
39025199188
26140297300
22181922964
39361792148
22098379860
39278249044
43638933592
26408732760
43588601944
43370498136
22114814040
39008421976
43639982168
21895989412
39092651112
21846640788
26141608084
22115076244
26410043540
43589912724
21913749652
39093618836
26190955672
43370824856
22164423832
43639982180
39360743524
26475841636
43655710820
39008421988
43303389284
21829616744
39009485928
26124584040
43304453224
22098052200
39277921384
26392234072
43572103256
21895940184
39075809368
26190907480
43370776664
22164375640
39344244824
43639212120
43320231016
39009814696
43304781992
21912503384
39092372568
43387339864
39076579416
43371546712
26192021656
43371890840
21846640792
39026509976
26141608088
43321477272
26410043544
43589912728
22164424804
39344293988
26408814760
43571840148
21895677076
39075546260
43370513556
22164112532
39343981716
26459079828
43638949012
22182200404
39362069588
26477167700
43657036884
43371807848
43387275368
22182249640
39362118824
26477216936
26190955668
43370824852
26190644376
43370513560
22164112536
39343981720
26459079832
43638949016
22165489752
39345358936
26460457048
43640326232
39361857620
43656824916
21846444116
39026313300
26141411412
43321280596
22114879572
39294748756
26409846868
43589716052
39277971608
26393069720
43572938904
26208733352
43388602536
26475841684
43655710868
43388323988
26476890260
43656759444
21828552852
39008422036
26123520148
43303389332
21828552856
39008422040
26123520152
43303389336
22096988312
39276857496
26391955608
43571824792
21895661720
39075530904
43304436824
26140379288
43320248472
26459391140
43639260324
39277184164
39008748708
43303716004
21895988388
26460194980
43640064164
43639982244
26409781412
43589650596
39343966372
26459064484
43638933668
39092308132
22164423764
39344292948
21896725604
39076594788
39276857512
26391955624
43571824808
21895661736
39075530920
21912700068
39092569252
26207667364
43387536548
39008700516
43303667812
22182201448
26477168744
21895940180
39075809364
26190907476
26477152420
43657021604
39093618852
22182185124
43370776660
39362054308
21846640804
39026509988
26141608100
26190955688
43370824872
22164423848
22181922968
39293716568
26408814680
43588683864
22098379864
39278249048
26476890264
43656759448
26190907496
22180938920
21913765016
39093634200
26208732312
39026509992
26141608104
43321477288
22115076264
39294945448
26410043560
43589912744
21913749672
39093618856
21828568228
39008437412
26123535524
43303404708
22097003684
26459079844
43638949028
39276872868
22181135460
39361004644
26476102756
22164424808
39344293992
43639261288
22164112552
39343981736
26459079848
43638949032
22182200408
26477167704
39345277096
21913552996
26208520292
43388389476
39361857636
21846444132
39026313316
26141411428
43321280612
39361807524
26476905636
43656774820
43387357272
21846444136
39026313320
26141411432
43321280616
22114879592
39294748776
26409846888
43589716072
21913553000
39093422184
43371562088
22181152916
43304502424
39345096872
26460194984
43640064168
21845395604
39025264788
26140362900
43320232084
39092373652
22164423768
43639260248
21896725608
39076594792
22181217364
39361086548
26476184660
43656053844
21845673044
39025542228
26140640340
22114108500
21912781908
26207667368
21846444120
26141411416
43321280600
39026313304
26192004244
43371873428
39345341588
26460439700
43640308884
21829928084
39009797268
21845395608
26140362904
43320232088
22113831064
22164161700
39344030884
26459128996
43638998180
26191956052
39076857940
43371825236
43588944984
21912781912
39092651096
26207749208
22181217368
26476184664
26208536676
43388405860
26409010324
39293699176
43370514596
22181135464
26476102760
21829928088
39009797272
26124895384
43304764568
22098363544
39278232728
43573200024
21897036952
39076906136
21829879896
39009749080
26124847192
43304716376
22098315352
39278184536
43573151832
21896988760
22165226648
39345095832
26460193944
43371562132
22165161108
39345030292
26460128404
21829616788
39009485972
39093437524
26208716948
43388586132
39092373668
39360809124
21845395620
39025264804
26140362916
43320232100
22113831076
39293700260
26408798372
22181152920
21845673060
39025542244
26140640356
22114108516
26409075812
21912781924
39092651108
43371873444
22165472420
39345341604
26460439716
43640308900
21829928100
43304764580
21845395624
39025264808
26140362920
43320232104
22113831080
43589912676
43640260708
39076857956
26191956068
43371825252
22165424228
39009749092
22182185044
39362054228
26477152340
43657021524
39343981652
21829928104
39009797288
26124895400
43304764584
22098363560
39278232744
43573200040
39076906152
39344030888
26459129000
43638998184
21829879912
39009749096
26124847208
43304716392
22098315368
39278184552
26393282664
43573151848
21896988776
39076857960
26208536680
43388405864
43639997604
43371562148
22165161124
39345030308
26460128420
39009485988
26459342996
43639212180
39277136020
43572103316
21895940244
39075809428
26190907540
22164375700
22115075156
26410042452
39092372580
26191677540
26192021668
43371890852
21829616808
39009485992
26124584104
43304453288
22098052264
39277921448
26393019560
43572888744
21896725672
39076594856
43657103528
26190907544
22164375704
39344244888
43639212184
43573200984
21913568344
39093437528
26208535640
43388404824
21913749656
39093618840
26208716952
26460457060
43640326244
22097070164
26392037460
43571906644
21895743572
39075612756
43370580052
22165211284
39345080468
26460178580
39009469540
43304436836
21845412004
39025281188
26140379300
43320248484
43371545684
39360743576
43387357332
43656824980
21846444180
39026313364
26141411476
43321280660
21912520852
39092390036
21897053332
26477152344
22182265940
39362135124
26141688916
43321558100
22115157076
26392037464
43571906648
21895743576
39075612760
26190710872
21846444184
39008700580
43303667876
39277136036
43572103332
22181922980
39361792164
43320232020
21845395540
39025264724
26140362836
26410124376
26393069652
43572938836
43589993560
26190694484
43370563668
39360825428
22165488724
39345357908
26460456020
21845395544
26140362840
22113831000
26408798296
43588667480
26476955736
22114879576
22098101396
39277970580
26393068692
43572937876
21913765028
39093634212
26208732324
26392234152
43572103336
39075809448
26190907560
43370776744
22164375720
39344244904
43639212200
22164162660
21896775780
39076644964
43371612260
22165211236
39345080420
26460178532
43640047716
21828618344
39008487528
43303454824
22115075160
39294944344
26410042456
43589911640
21912503400
39092372584
26207470696
43387339880
26191677544
43371546728
21897054376
39076923560
26192021672
43371890856
22182200420
39362069604
22114813092
39294682276
26409780388
43589649572
22097070180
39276939364
26392037476
43571906660
21895743588
39075612772
43370580068
22113846356
39293715540
26408813652
43588682836
26190955684
43370824868
22165489768
39345358952
26460457064
43640326248
21913553060
39093422244
43388389540
39361857700
43656824996
43321280676
26409846948
22182265956
39362135140
26141688932
43321558116
22115157092
39295026276
22165211288
39345080472
26460178584
26190710888
43588667540
22181988500
39361857684
43640047764
26409846932
43589716116
43387340948
43655776404
39008487576
39276923032
43571890328
21895727256
26191676504
43371545688
21896709208
21912520856
39092390040
39076922520
26192020632
43371889816
43387357336
21846444200
39026313384
26141411496
43321280680
22114879656
26409846952
43589716136
21913553064
39093422248
22164423780
26459391076
21912504484
21896775844
39076645028
43371612324
22165211300
26460178596
43640047780
22114879652
26141688936
43321558120
43371612264
39008487592
26123585704
39276923048
43571890344
21895727272
21895940196
26190907492
39093422164
26208520276
43388389460
22181922984
39345030296
26408814696
43588683880
39361792168
26476890280
21912781972
39092651156
26207749268
43387618452
22181217428
39361086612
26476184724
43656053908
22180956248
39360825432
43655792728
39277970584
43572937880
26208732328
43388601512
43371825300
22165424276
39345293460
26460391572
43640260756
21829879956
43304716436
22098315412
21845673112
39025542296
22164097108
39343966292
26459064404
43638933588
39345030244
43303666788
22182200424
26477167720
21895939156
43657036904
21829879960
39009749144
26124847256
43304716440
22098315416
39278184600
26393282712
21896988824
22181921944
22113846360
26408813656
26393020504
26476889240
43656758424
43639982164
26477217960
22181152932
39361022116
26476120228
43655989412
22098118740
21896792148
39076661332
43371628628
39345096788
26460194900
22097331348
39277200532
26392298644
43572167828
39344292968
43639260264
21845673124
39025542308
26409075876
43588945060
21912781988
39092651172
43656774824
43304519768
22098118744
39277987928
43572955224
21896792152
39076661336
43370776680
21913552984
39093422168
26208520280
43388389464
43573151908
26477151316
43657020500
21913748564
39093617748
26208715860
43388585044
39277118548
26392216660
43572085844
39361004628
21845673128
26191938648
43371807832
22165406808
39345275992
43640243288
39093617752
26208715864
21828813912
22114043044
26409010340
39026508900
26141607012
22115075172
26410042468
43589911652
21828813924
39008683108
26123781220
21829879976
39009749160
26124847272
21828813928
39008683112
26123781224
43303650408
22097249384
39277118568
26392216680
43572085864
21895922792
39075791976
39345095848
26460193960
43387340968
39278233700
43640064100
21896792164
39076661348
43371628644
26460194916
26476120232
43655989416
22182184084
39362053268
26477151380
43657020564
21913748628
43572085908
26208715924
26408993940
21828813976
39008683160
26123781272
43303650456
22097249432
39277118616
26392216728
43572085912
21895922840
39075792024
22096987224
39276856408
43571823704
21846639780
39026508964
26141607076
22182184100
39362053284
21896971428
39076840612
26191938724
26476972200
21828813992
39008683176
39344048276
43639015572
26123602068
26123781288
43303650472
22113830996
39293700180
26208797844
43388667028
26141688980
43321558164
22115157140
26410124436
26190710936
43370580120
22164179096
39344048280
26459146392
26409010344
43588879528
22181151896
26476119192
21897037976
39076907160
26192005272
43371874456
21846721688
39026590872
43321558168
26410124440
43589993624
39093699736
26476184744
39345342552
26208535656
43388404840
26207750232
39008503972
43303471268
22097070244
26392037540
43571906724
21895743652
22182267032
26123782244
43303651428
26477152360
21895923796
22182266020
39362135204
21913830564
26208797860
43388667044
26141688996
39276939432
26392037544
43571906728
21895743656
26393330776
43573199960
26208715928
26141689000
26410124456
43589993640
21913830568
39093699752
43387618408
26392283284
43656775764
26393020516
43572889700
22165211304
26460178600
26191676520
26476102740
43655971924
21845591124
26140558420
22114026580
26408993876
21897053352
39076922536
26192020648
43371889832
21912520872
39092390056
21829683348
26124650644
43304519828
22098118804
26393086100
43572955284
21896792212
39025460312
26140558424
43320427608
22114026584
26408993880
43588863064
39092569176
26207667288
43370498212
22180956264
39360825448
22165488744
39345357928
26460456040
43640325224
43304519832
22098118808
39277987992
26393086104
43572955288
21896792216
39076661400
43656825000
22165210264
26460177560
26140378280
21829617832
39009487016
26124585128
43304454312
21912519832
39092389016
43387356312
26191693976
43371563160
26459064420
43638933604
21895939172
22181921960
22113846376
26408813672
43588682856
39277922408
43572889704
39361791144
26476889256
21845591140
39025460324
26140558436
43320427620
22114026596
21912700004
39092569188
21829683364
39009552548
26124650660
43304519844
22098118820
39277988004
26393086116
43572955300
21896792228
39076661412
39009485976
26124584088
43304453272
39025460328
26140558440
43320427624
22114026600
39293895784
26408993896
43588863080
39009552552
43304519848
22098118824
39277988008
26393086120
43572955304
21896792232
39076661416
26208520296
26393019480
22098052184
39277921368
43388389480
21829928020
39009797204
43304764500
22098363476
39278232660
26477216856
43657086040
21846705240
39026574424
26141672536
26410107992
22114092120
39361021092
26476119204
43655988388
43588666472
39294765140
43589732436
26477216868
43657086052
26141672548
43321541732
22115140708
39295009892
21828879464
39008748648
26123846760
43303715944
22097314920
39277184104
26392282216
43572151400
21895988328
39075857512
22164097128
26459064424
26459408552
43639277736
21845657688
39025526872
22165473380
21828552788
39008421972
26123520084
22096988244
39276857428
21895661652
39075530836
26190628948
43370498132
43640326296
26141672596
43589977236
22181201044
39361070228
21897036948
21828879512
39008748696
26123846808
43303715992
22097314968
39277184152
26392282264
43572151448
21895988376
39075857560
22182184020
39362053204
39026508884
26141606996
26190628952
26123520088
43303389272
22164097112
39343966296
22096988248
39276857432
43571824728
43572151460
26141672612
43321541796
22115140772
39295009956
26410108068
21828879528
39008748712
26123846824
43303716008
22097314984
39277184168
26392282280
43572151464
21895988392
39075857576
43588667492
39278232676
39362053208
39345341524
26460439636
21846639704
39026508888
39092651092
26207749204
43387618388
43655988392
21845394580
39025263764
39293977768
39278184616
39076907176
26192005288
43371874472
39276857444
26391955556
43571824740
21895661668
39075530852
26190628964
43370498148
22164097124
39343966308
43371889812
26393004116
43572873300
22165473384
39345342568
43640309864
39025215572
21913748580
39093617764
26208715876
43388585060
39362053220
43657020516
39276857448
43571824744
21895661672
39075530856
26190628968
26207750248
21912504472
39092373656
26207471768
26192004248
43371873432
43387340952
39026508904
43321476200
22115075176
39294944360
26410042472
43589911656
39093617768
43655710872
26408798312
43588667496
26140558484
43320427668
21912700052
26207667348
39092569236
43655776344
26460439640
21845673064
39025542248
43320509544
43588683944
26191956056
43371825240
21845591192
39025460376
26140558488
43320427672
22114026648
39293895832
26408993944
43588863128
39092569240
26460177572
39277185188
43572152484
43387356324
26477151336
39293699160
26408797272
43588666456
26140361812
43320230996
22113829972
39293699156
26408797268
43588666452
39360808020
21829878872
39009748056
39361005732
43655973028
21829601364
26124568660
43655775320
43304437844
22098036820
39277906004
26140361816
22113829976
39025460388
26140558500
43655972004
21896725652
39076594836
21828831380
39008700564
43303667860
26191677528
39009470552
26124568664
43304437848
39277906008
26393004120
43572873304
21896710232
39025460392
26140558504
43320427688
22114026664
39293895848
26408993960
43588863144
39092569256
26475906216
43572888676
22181135508
39361004692
43655971988
39277135956
43572103252
22165210280
26460177576
21845394532
39025263716
26140361828
43320231012
22113829988
39293699172
43588666468
39360808036
22115091608
39294960792
26410058904
43589928088
21912519848
39092389032
43387356328
21896726696
39076595880
43370759256
21829601380
26124568676
43304437860
22098036836
39277906020
26393004132
43572873316
21896710244
39076579428
26140361832
39092389992
21912766548
39092635732
22180955240
39360824424
22165162088
39345031272
26460129384
26476103848
21829601384
43304437864
39277906024
26393004136
43572873320
21896710248
21896725656
26191692952
43371562136
22096988308
26391955604
43571824788
21895661716
39075530900
26190629012
43370498196
22164097172
39343966356
22164440228
26190906452
22164374612
21828830292
39008699476
43303666772
39277134932
43388405908
39093617812
43388585108
26410042516
26190629016
43370498200
22164097176
39343966360
22165161048
26460128344
21828830296
39008699480
26123797592
43303666776
22097265752
26392233048
43572102232
21846639768
39026508952
43321476248
22115075224
39294944408
26410042520
43589911704
21913748632
39093617816
22097004708
26476972116
43656841300
22164113556
39343982740
43638950036
21896792168
39093421160
26141410388
39093421140
43589715028
43321279572
22114878548
39294747732
26409845844
26459407512
26477152424
21828552868
43303389348
26391955620
43571824804
21895661732
39075530916
26190629028
21913551960
39093421144
26208519256
43388388440
39361856600
26476954712
43656823896
39008699492
43589731412
43387340964
39076906148
21913748644
26410042532
43589911716
39093617828
26208715940
43388585124
43657020580
26459407528
43639276712
26190629032
43572102248
21895939176
39075808360
26190906472
43370775656
22164374632
39344243816
43639211112
26208536728
43388405912
43304699992
39026508968
43321476264
22115075240
39294944424
26410042536
43589911720
39093617832
39360809060
43655776356
26207749220
43387618404
43387339924
21896710292
39076579476
39008503892
22182004824
26476972120
26208519268
43388388452
43656823908
26459080856
26190956648
39025526868
26207733844
43387603028
22181202004
39361071188
26476169300
21846443112
39026312296
26141410408
43321279592
22114878568
26409845864
43589715048
43655775316
21913551976
22165145684
26140624984
43320494168
26409060440
43588929624
39092635736
22181202008
39345358996
26460457108
43640326292
26191955028
39293699220
43588666516
26408797332
26140361876
43320231060
22113830036
21912503444
39092372628
43320182868
22113781844
39360759892
39092324436
43387291732
21845346388
26192004264
43371873448
21912504488
39092373672
26477234328
43371546772
22165145748
21829601428
26124568724
22098036884
26140361880
43304715348
43387291736
43573150804
43655727192
39025215576
26140313688
21912455256
39092324440
22180890712
39360759896
22098035796
26393003092
22180939880
39360809064
26475907176
22165472360
39345341544
43640308840
43655776360
39009470616
43304437912
22098036888
39277906072
26393004184
43572873368
21896710296
39278183512
26124846168
39361071204
26476169316
43656038500
43304715352
22098314328
21912781928
26191956072
43371825256
43320231080
21912503448
39092372632
26207470744
43387339928
26191677592
43371546776
26459326548
21912701012
26207668308
43387537492
39075792984
26190891096
43370760280
22164359256
39344228440
43639195736
39278168152
39092570200
21845657704
39025526888
26140625000
43320494184
22114093160
39293962344
43588929640
39092635752
39025461348
43320428644
43657021540
21828814952
39008684136
26123782248
43303651432
22097250408
39277119592
26392217704
22113829992
43320231076
22113830052
39293699236
43588666532
39360808100
21845394596
39025263780
26140361892
22098380968
39278250152
43573217448
22180938840
22165145688
39345014872
22165489816
43655727204
43320182884
22113781860
39293651044
26408749156
43588618340
39009748072
26124846184
43304715368
39076856920
26191955032
43371824216
39345014948
21829601444
26124568740
22098036900
26393004196
43572873380
21896710308
21845394600
26140361896
39009748068
39278183524
43573150820
21845346408
39025215592
26140313704
43320182888
26459391124
21896725668
39076594852
43639260312
21829601448
26124568744
43304437928
26393004200
43572873384
21896710312
22182201512
43657037992
22114027668
26459326612
21912701076
21828815000
26123782296
43303651480
22097250456
39277119640
26392217752
43572086936
21895923864
39075793048
21829878888
39277904984
26393003096
43572872280
26408814744
43588683928
26207684756
43388586148
43303651492
22097250468
39277119652
26392217764
43572086948
22098299044
39278168228
22165161060
21828830356
39008699540
43303666836
39277134996
43572102292
39361004708
39277135972
43572103268
22164375636
26459342932
43639212116
39345014936
43639261352
26190906520
22164374680
39344243864
43639211160
43589978196
22182250580
39362119764
43657087064
26410109016
43589978200
43321542744
21846706264
39026575448
21895742548
39075611732
39008502868
26207733860
43387603044
43572102228
39361856660
43656823956
39093421204
43388388500
26409845908
43589715092
21846443156
26459391128
39361808468
21895742552
39008502872
26123600984
43303470168
22164178008
43571905624
26208798808
43388667992
26141411480
21846443160
39008699556
39277135012
43303666852
43572102308
26409797720
39093373016
26208471128
43388340312
39361808472
21912765524
26207732820
43387602004
43371808852
22165161064
39345030248
26460128360
43370775720
22164374696
39344243880
43656759464
21913815140
22182250596
39362119780
39294748760
26208782436
43388651620
26477217892
43657087076
26409846872
21846721624
39026590808
26476972132
43656841316
22164113572
39343982756
26459080868
43638950052
21846706280
39026575464
39295010920
26410109032
43589978216
21913815144
39093684328
26459145316
22097069156
26392036452
39294747812
26409845924
43589715108
39093421220
43388388516
39361856676
43388404884
26207733908
43387603092
22181202068
43589666916
39093373028
43388340324
39361808484
43656775780
26123601000
43303470184
21846443176
39026312360
26141410472
43321279656
22114878632
39294747816
26409845928
43589715112
21913552040
39093421224
21845657752
39025526936
26140625048
43320494232
22114093208
39293962392
26409060504
43588929688
39092635800
22114894948
39294764132
43589912740
26391970980
21846394984
39026264168
26141362280
43321231464
22114830440
43656840276
43370563688
22182185108
43657021588
26408749204
43588618388
21912455316
39092324500
39360759956
43655727252
21845346452
39025215636
43320493160
39092634712
43572152404
26191955092
43371824276
22165423252
26460390548
43640259732
21829878932
43304715412
39025215640
26140313752
43573135448
43320182936
21912503460
39092372644
39076579492
43387339940
26191677604
26476972136
43656841320
21829878936
39009748120
21845657764
39293962404
21912766628
43573151912
43573201048
43388404888
21845657768
39025526952
26140625064
43320494248
22114093224
39293962408
26409060520
43588929704
39345014884
22165489828
39345359012
26460457124
26393085012
43572954196
26191758420
43371627604
21896791124
21829682260
26124649556
39092324452
26191955044
39360759972
21896709268
39076578452
39092324516
22182003800
22182185112
22165226584
39345095768
26191758424
39009551448
43304518744
39277986904
26393085016
21896987812
26191955108
43371824292
21845346472
39025215656
26140313768
43320182952
43656053860
22098035812
26393003108
39293716644
26408814756
43588683940
39360825492
39277119572
43572086868
26460456084
43640325268
43320181860
39092323412
21829878952
26124846248
43304715432
22098314408
39278183592
26393281704
43573150888
21912503464
39092372648
26207470760
43387339944
43370580056
43657087060
21913815124
43388651604
21845657684
21897037912
22165473368
39093684312
26477217880
26123847768
22097315928
22182200484
43304518756
22098117732
39277986916
26393085028
43572954212
21896791140
39076660324
39008766036
43303733332
22097332308
39277201492
43572168788
26459408468
39092635748
39295010916
22181202020
26408813716
21828880488
26123847784
22097315944
26392283240
22180938856
39360808040
26475906152
43655775336
26460113000
26477217940
43657087124
22165489832
26459128932
21829682280
39009551464
43304518760
26393085032
43572954216
21896791144
39076660328
21912455272
39092324456
43572168792
21896005720
39075874904
39344310360
43639277656
26141673560
26191676568
43371545752
21846706328
39026575512
26141673624
43321542808
26410109080
43589978264
39093684376
26123601044
21895742612
39075611796
26190709908
43370579092
39093700708
43388668004
21846444196
39026313380
26141411492
21913815188
39093684372
26208782484
43388651668
22182250644
21845657748
21846395028
39026264212
26190709912
21828880536
26123847832
43303717016
22097315992
39277185176
26392283288
43572152472
21895989400
39075858584
26393347240
22180956312
39360825496
22114093144
22165488792
26460456088
43640325272
21912454232
43371874468
21913815204
43388651684
26460440740
21828880552
39008749736
26123847848
43303717032
22097316008
26141362328
43321231512
22114830488
26409797784
22114879588
39294748772
26409846884
43589716068
26459064468
43638933652
21913830484
26208797780
43388666964
26208782500
26477217956
43657087140
22182200488
43657036968
26141410452
22164441192
39344310376
43639277672
26408813720
43588682904
21846706344
39026575528
22115141800
39295010984
26410109096
43589978280
39093684392
22164178084
39344047268
39277134948
43572102244
43387357288
22114830500
39294699684
43589666980
43388340388
43656775844
39093373092
21846394964
39026264148
43639260328
21913831528
39093700712
26208798824
43388668008
21913553048
39093422232
26208520344
43388389528
39026264232
26141362344
22114830504
21913503912
39093373096
26207732836
22164375656
39344244840
43639212136
39361857624
39093699672
26208797784
43655727188
26141410456
26460457044
43640326228
39009814612
22098380884
39278250068
39025199204
26140297316
43320166500
39076856936
43371807828
21829945432
26124912728
43304781912
22098380888
21897054296
39345095828
39343981732
22098363540
39278232724
39277986968
26393085080
43572954264
21896791192
39076660376
39092634728
26191939688
39278250084
26192021604
43371890788
22165489764
39345358948
26393019476
21846393940
39026263124
22114829396
39294698580
39293977684
22098315348
39278184532
39026263128
21828568152
39008437336
26123535448
43303404632
39276872792
39092323416
22180889688
21828568164
39008437348
26123535460
43303404644
22097003620
26391970916
21829945448
39009814632
43304781928
22098380904
39278250088
26460440728
43640309912
39276872808
21895677032
39075546216
26190644328
43370513512
39025543336
26207750296
43387619480
26459408532
26476971112
39009551528
43304518824
26393085096
43572954280
21896791208
39076660392
22182185128
21828568212
22097003668
26391970964
21846394004
39026263188
39008437400
26123535512
43303404696
39276872856
43571840152
39075546264
43320509592
39277119588
26392217700
43572086884
22164112548
39360758948
26123535528
39276872872
39075546280
26190644392
43370513576
39093422228
22182184088
43370580072
26459408548
43639277732
22098053284
39343965268
26459063380
43638932564
21895660628
39075529812
26190627924
43370497108
22096987220
39025198164
26140296276
43320165460
26408731732
26141410392
22114878552
39294747736
39076840536
26190627940
43370497124
22164096100
39343965284
26459063396
43638932580
39025198180
26460177508
39008420968
43303388264
43371807892
21845329044
39025198228
26140296340
43320165524
22113764500
39293633684
43303388248
39343965272
26190628004
43370497188
22164096164
39343965348
26459063460
43638932644
26477216932
39008421032
43303388328
26190709848
43370579032
26393019540
26460111976
39360825512
26460456104
26207421544
43387290728
43656824932
22164097188
22096987236
26391954532
21895660644
39075529828
26408813736
43588682920
43572889768
22180955288
39360824472
22165162136
26459063400
43640244392
43656037544
21829945492
39009814676
22098380948
39278250132
21829945496
26124912792
43304781976
22098380952
39278250136
21897054360
26208520360
26393019544
43572888728
22181988456
26476955752
21895727188
39075596372
26459064488
21913830504
39093699688
26208797800
43388666984
21913552024
26208519320
21829945508
39009814692
39278250148
26393348260
21896709204
22165144660
39345013844
43639981140
39076578388
26124567636
39092308052
39360743508
43655710804
21912438872
21913749604
39093618788
26208716900
21912766564
39008421992
43303389288
21829945512
26192005268
22165144664
39009469528
26208716964
21913749668
26408732836
43588602020
39008422056
43303389352
43588667556
39278232740
43573200036
39076661352
26141361240
43321230424
39278184548
39344047188
43639014484
39076660308
21912519764
39092388948
39345095764
21846459476
26460391508
43640260692
43303651412
39276938328
21912519768
26207487064
43387356248
22180955224
26475922520
26393004180
43572873364
22165473448
43640309928
43655791716
39025280100
26140378212
43320247396
22113846372
39293715556
26408813668
43588682852
39008502888
39277905000
26393003112
21912438888
21828814936
26123782232
21895923800
39092652200
26207750312
43387619496
22164096148
39343965332
26123519124
26391954580
21828551828
26408749140
43588618324
21895742564
39075611748
43656054888
39343965336
43588667560
22180939928
22165472408
26460439704
43640308888
39344047252
43639014548
21912519828
39092389012
39360824468
39008502936
43303470232
39276938392
39025542312
43387274328
43304716456
26207749272
26124649636
26393085092
43572954276
21896791204
39076660388
39008502952
22182184104
22114108520
39293977704
26409075816
43588945000
26477151400
22165424216
39345293400
43640260696
43572086888
39075793000
26190891112
22164359272
39344228456
43639195752
43588666520
43321214036
26124846232
26391954596
21895660708
39075529892
43304715416
26460129444
43639998628
43321215060
26208782440
21895742568
39075611752
26190709864
39075793064
26190891176
26393019556
22181200980
26476168276
21845656660
43304699988
39009732692
43573135444
21845656664
39025525848
26140623960
39293961304
43320493144
39360824488
39345031336
39344227416
43639194712
26191939672
43371808856
21829863512
39009732696
26124830808
43640244312
39076841560
22165407832
22113780820
26408748116
43588617300
43371545748
21829600404
26207421528
26140312664
43320181848
43387290712
39025214552
39009469592
43304436888
39277905048
43572872344
21896709272
21912765540
22114896036
22181938344
39009732708
43304700004
22098298980
39278168164
43573135460
21845656680
39025525864
26140623976
43588682900
39278168148
21829863528
26124830824
43304700008
22098298984
39278168168
26393266280
39076841576
39360758884
43655726180
26208519336
39009552488
43304519784
43639981220
26393003172
39008684180
43303651476
43572086932
21845345384
39025214568
26140312680
43320181864
21912454248
39092323432
43387291752
22181987432
26476954728
43370562644
21895726164
43304436904
43572872360
43640326312
26190891160
43370760344
22164359320
43639195800
26476169304
43656038488
21913503848
39093373032
26208471144
43388340328
39025525912
26140624024
22164162644
39344031828
26459129940
43638999124
26207749284
43387618468
26191956132
26409059416
43588928600
22182004888
43370563672
43638999128
39008487512
43303454808
21913502808
39093371992
26208470104
43388339288
22181217380
26476184676
39093683288
43589977176
43639982228
43320182948
39009748132
26123782312
22097250472
39345293480
26409796692
43589665876
39361807444
43656774740
26190694500
43370563684
21895727204
39075596388
26460390484
43640259668
22180939944
26475907240
22165472424
43640308904
21913814116
26208781412
43388650596
22182249572
43387274344
43571890280
26190694504
21912781992
26207749288
21846705256
39026574440
26141672552
39295009896
43589977192
39093683304
43388389524
43656053864
22165424232
39345293416
43640260712
21845656724
26476168340
26141361252
22114829412
26409796708
43589665892
22180938904
21912455320
39092324504
26207422616
43387291800
43304700052
39278168212
43573135508
21829863572
39009732756
21845656728
21846393960
39026263144
26141361256
43321230440
22114829416
43589665896
21913502824
39093372008
21845608536
39025477720
26140575832
43320445016
22114043992
39293913176
26409011288
43588880472
21912717400
39092586584
26208798868
43388668052
26124830872
39278168216
26393266328
22113780884
26408748180
21845345428
22165423192
39345292376
43640259672
26191938664
43638998100
39025214616
26140312728
43320181912
21912454296
39092323480
26191743060
43371612244
39345080404
26460178516
22114879636
39294748820
21845656740
26476168356
43572938840
39009732772
21845656744
39025525928
26140624040
21845608552
39025477736
26140575848
43320445032
22114044008
39293913192
26409011304
43588880488
22165162068
39093373012
26475858008
43321231448
39076595800
26207422552
26207733924
43387603108
21829863592
26124830888
43304700072
26393266344
39076841640
43655726244
22113780900
26408748196
26460129380
43639998564
26141362276
43321231460
22114830436
26409797732
39276873832
39075547240
43370514536
26208798872
43388668056
21845345448
39025214632
26140312744
43320181928
21912454312
39092323496
26393069668
26207732884
39345030312
22182266968
39362136152
26477234264
43657103448
39009536104
39277971560
43572938856
21896775784
39076644968
21896726676
39076595860
22165162132
22113781908
39008438424
43303405720
39276873880
43571841176
26190694548
43370563732
22164162708
26459130004
43638999188
22113781924
26141362340
43321231524
39277200468
43303732308
39276873896
39075547304
26190645416
43370514600
43388650644
22182249620
39362118804
26477216916
43370563736
21845330068
26140297364
39009731732
39093635156
26208733268
39075873880
26392298584
43572167768
43639276632
39092635816
21846705304
39026574488
26141672600
43321541784
26410108056
43589977240
39093683352
21846657112
26141624408
39294961752
43589929048
21913765976
39093635160
39361873044
43573134420
26190693476
43370562660
22181202024
26476169320
43656038504
22114829460
39294698644
26409796756
43320493224
39076660312
39092634776
39076841624
43371808920
26459130020
26190694564
43370563748
22164162724
43303732324
21913814180
43388650660
22114092136
39293961320
43588928616
26190694568
43370563752
22164162728
26476168280
26477168740
26208470120
43388339304
21846705320
39026574504
22115140776
26410108072
43589977256
39093683368
21846657128
26141624424
43321493608
22115092584
39294961768
26410059880
43589929064
39093635176
39344048212
43639015508
26141361316
43321230500
22114829476
22182003864
43573134424
43656840344
26190693480
21846394024
39026263208
26141361320
43589665960
21913502888
39093372072
39360759908
21845608600
26140575896
43320445080
22114044056
43639981204
39076595816
21845411924
22180874392
26191743124
22113780836
26408748132
43640325204
43655726164
39360758868
39009813588
26140379224
43320248408
21896775764
26124911704
43304780888
21912455336
39092324520
26207422632
43387291816
21845608616
26140575912
43320445096
22114044072
26409011368
43588880552
39092586664
43388668068
22180890728
26475858024
22165423208
39345292392
43640259688
26140379236
26408814692
26207421592
43387290776
22182266980
39362136164
43589716132
39294748836
21829944420
39009813604
39278249060
39025281128
26140379240
26141344868
39009536168
26475856984
21829944424
43304780904
22098379880
39278249064
39008765076
26123863188
43303732372
26408814676
26393086036
39008503896
43303471192
26208733332
39360825444
22164179044
26459146340
39092389988
43387357284
39075612776
26208454760
43388323944
26208798888
43388668072
21846657176
26141624472
43321493656
43589929112
39093635224
22114830420
26409797716
26191758436
26207732900
43303733348
22182266984
39362136168
43657087144
43639014568
26141427796
21895743636
26190710932
39008503960
43303471256
39276939416
21913486424
43388322904
26208797848
43388667032
43303732388
22097331364
43572167844
39294765220
21912520868
39092390052
26190710948
22164179108
26409863256
43589732440
26208733348
22182265944
21846657192
22115092648
26410059944
43589929128
39093635240
22098297956
39278167140
43573134436
21846460516
26141427812
43321296996
22114895972
39294765156
39092634792
26191939752
26409863272
39278184596
43573151892
22181201000
26408814740
26140379284
39276922968
39092586600
21829878868
39009748052
21829944468
39009813652
43304780948
22098379924
39278249108
21912716376
39092585560
26409010264
26124911768
43304780952
22098379928
39278249112
43640260776
22114109608
39293978792
43387357348
39026525332
26392233112
21895939224
22114108568
39293977752
26190710952
43370580136
39278183588
39278249124
43640325284
21895939240
21829944488
43304780968
22098379944
39278249128
39026526292
26207421608
43387290792
21828813908
26141427860
43589732500
21895922776
26190890072
26409863320
43589732504
43303650404
39277118564
26392216676
43572085860
21846460580
26141427876
43321297060
22181988520
26190890088
22164358248
43388322920
43388667048
26141427880
26409863336
22182265960
43657102440
26208471192
43388340376
22113765460
43321230488
21829862484
43304698964
22098297940
39278167124
43387275352
39293634648
26409796696
26191938728
43387275432
26477233240
43320509528
22114108504
43388666980
22098314388
39278183572
43573150868
26190709924
39360743528
26475841640
22113765476
26408732772
39092308068
43387275364
43387274392
39008438360
22164178020
43304698980
39293977748
26392298648
39075873944
22114108584
22165424280
21829944484
26392298664
43572167848
39075873960
39277118612
43572085924
22182249556
26190890136
22164358296
26190709928
22164161620
26409781332
21896774756
43657087080
22164359336
43303453784
39276921944
43303650468
39277118628
26392216740
43388323928
26190890152
21895726180
43656759396
39093356648
26408732820
39092308116
39360743572
43371628696
43573134484
26459129956
22114042968
21845607512
26140574808
43573134488
39345096792
43388340392
26191742036
26460177492
21829665876
43387275428
43655710884
39360743588
22114092184
26409059480
43573135512
39093372056
43388339352
22098298020
39360742500
43655709796
26476184740
43656053924
21845607528
26140574824
22114042984
26409010280
39092585576
43304699048
43573150884
22165210212
43571889256
39009535080
39277970536
43572937832
39075858520
43639261272
43387274408
26459128980
21828569172
43657103512
39360742504
39026525268
39276873816
43571841112
39294683288
26141623384
22165423256
21895989352
26409781348
39361792084
43656759380
26459080804
43656759460
39294683304
26141623400
22115091560
26410058856
39093634152
43657086056
22164358312
22114043028
39277971544
43388323992
21829879892
43304716372
26140574872
21829929044
26208733284
21895940200
26124896344
39093634136
26460177556
43388339364
39026526356
21895940248
39277922392
43572889688
39075857496
26140574888
39361807460
43656774756
26190693540
39345096808
21897037928
43387356260
26190956696
22164424856
22114092200
43388339368
39092586648
26392283220
43655727268
22164424872
43655726228
39093618776
26410058920
39093634216
22165423272
39092652120
43320428692
43572889752
39093356712
43388324008
39092652136
21912519844
43388322968
26477233304
