1460357301568
8737945
8737946
8737961
8737962
8742053
8742054
8742057
8742058
8804889
8738969
8738970
8743077
8743078
8738985
8738986
8824986
8825001
8825002
8808986
8809001
8809002
8825369
8825370
8825385
8825386
4548713
4543593
4543594
4547685
4547686
4547689
4547690
4544601
4544602
4544617
8743081
8737941
8737942
8742037
8742038
8742041
8742042
8803861
8803862
8808601
8808553
4613669
4613670
4609577
4609578
4613673
4613674
4544665
4544666
4548773
4548774
9087146
8743014
8738921
8738922
8743017
8743018
8804633
8804634
8808741
8808742
8804649
8742998
8743013
8759381
8759382
8759385
8759386
8738905
8738906
4876458
9070746
4543657
4543658
4547749
4547750
4547753
4547754
4609561
4614693
8803481
8803482
8803497
8803498
8807589
8807590
8807593
8807594
8808985
8804505
4614426
4548698
4544597
4544598
4548693
4548694
4543574
4543578
4543577
4543637
4543638
4543641
4543642
4547733
4547734
8758425
8758426
8758441
8758442
8743065
8743066
4872345
4872346
4876453
4876454
4872361
4872362
4610217
4610218
4610601
4610602
4614309
4614310
4614313
4614314
4565145
8804441
8804442
8804457
8804458
8807973
8808618
4610586
4609557
4609558
4609562
8737881
8737882
8737897
8737898
8741989
8741990
8741993
8741994
8803865
8803866
4614437
4614438
4614697
4614698
4544681
4544682
4548777
4548778
4614678
4631066
4548757
4548758
4565141
8808745
4614682
4548761
4548762
4610581
4610582
4614677
4610585
4547737
4547738
4614681
8808602
8824985
8808617
9087145
9070745
9070761
9070762
4613658
4614249
4614250
4630057
4630058
4547673
4548714
4565097
4609174
4609177
4609178
4610138
4613657
4544661
4544662
4613273
4613274
4610197
8808746
8825129
8825130
8807577
8807578
8823977
8823978
8741977
8741978
4548697
4565081
4565082
4876457
4609193
4609194
4613285
4613286
4613289
4613290
4610201
4564121
4564122
4564137
4564138
4631065
4629673
4629674
4614297
4614298
8804890
8808981
8808982
8743061
8743062
8807961
8807962
8804885
8804886
4614441
4614442
4548709
4548710
4544618
4565098
4614425
4630825
4565161
4565162
8738965
8738966
8738901
8738902
8742997
8743001
8743002
4630681
4630682
4892841
4892842
4630697
4630698
4876441
4876442
8803477
8803478
8804501
8804502
8804506
8808597
8808598
8808554
8758421
8758422
8808997
8808998
8825365
4614293
4614294
8758377
8758378
8759449
8759450
8743082
8759465
8807974
8804630
8759401
8759402
8808729
8808730
4610137
9066649
9066650
8824982
8808613
8808614
8804521
8804522
4610330
4610345
4610346
4565077
4610202
4564117
4564118
4610198
8824361
8824362
8759466
8807977
8807978
4610329
4565078
4614694
4631061
4610153
8804650
9070757
9070758
9066665
9066666
4631081
4631082
4565146
4631062
4872341
4872342
4609173
4547674
4564073
4564074
4630826
8825366
8759445
8759446
8737877
8737878
8804629
4630677
4630678
4565142
4610154
9066645
9066646
8804905
8804906
8824981
4610325
4610326
8803881
8803882
