365358826836
451276081572
726153988516
369671702948
644549609892
438391179684
713269086628
386851572132
438659615140
713537522084
365645171108
382825236052
657703142996
713268020564
451275015508
386850506068
455569982804
726152922452
369670636884
644548543828
438390113620
365375669588
365360220564
640238127508
434079697300
708957604244
451259566484
726137473428
438373533032
713251439976
386833925480
661711832424
455553402216
730431309160
365627524456
640505431400
434347001192
709224908136
451526675112
726404582056
365376735656
640254642600
434096212392
708974119336
455569933908
730447840852
365375620692
640253527636
434095097428
708973004372
382555489876
657433396820
451274966612
726152873556
438391376552
713269283496
386851769000
661729675944
455571245736
730449152680
709241490084
369940383140
644818290084
438659859876
713537766820
438374319764
713252226708
386834712212
661712619156
455554188948
730432095892
434347787924
709225694868
369923278484
644801185428
730716277348
434364566184
382808525140
657686432084
709242473128
387118892632
661996799576
455838369368
730716276312
438390064728
434095097432
708973004376
644548494936
713267971672
365644056152
365375866532
640253773476
434095343268
708973250212
382555735716
657433642660
451275212452
726153119396
369670833828
644548740772
438374319768
713252226712
386834712216
661712619160
455554188952
730432095896
365628311192
640506218136
434347787928
709225694872
365645367912
438390114664
713268021608
438373550676
713251457620
386833943124
661711850068
455553419860
730431326804
365359106644
640237013588
387119204712
661997111656
438391375512
713269282456
386851767960
661729674904
455571244696
730449151640
434363778660
709241685604
369939269220
644817176164
438658745956
713536652900
661711899044
455553468836
730431375780
713251506596
451543451048
726421357992
661981333096
726421293396
387118877012
661996783956
455838353748
708972988756
369670572372
644548479316
438390049108
713267956052
365375605076
455838369380
730716276324
438390064740
713267971684
386850457188
661728364132
455569933924
730447840868
369940334168
438390113624
365645366872
640523273816
657703143000
726422619736
644548543832
369670636888
730432440728
438642035044
455571244628
730449151572
644800465252
713519941988
726404598104
369923295912
644801202856
708972988760
434363517272
661981054628
382823909720
657701816664
451543386456
726421293400
661728348504
387103147684
451259221668
451527657124
451544761704
726422668648
365375620712
640253527656
434095097448
708973004392
382555489896
657433396840
451274966632
726152873576
369670588008
644548494952
365645415848
640523322792
434364892584
730431374740
434078631316
708956538260
382539023764
657416930708
451258500500
726136407444
369654121876
644532028820
438373598612
438374319784
713252226728
386834712232
661712619176
455554188968
730432095912
365628311208
640506218152
438643099992
644801530200
730432440660
365628655956
640506562900
434348132692
709226039636
365645433172
640523340116
434364909908
438374664532
713252571476
713521006936
369940400472
661712963928
455554533720
730432440664
730449217880
455839746392
365376997720
640254904664
434096474456
438390310568
713268217512
386850703016
661728609960
455570179752
730448086696
709225776804
438641985192
713519892136
365628655972
640506562916
434348132708
709226039652
382808525156
657686432100
451528001892
726405908836
369923623268
644801530212
434347066708
709224973652
365360220520
640238127464
434079697256
708957604200
382540089704
657417996648
451259566440
726137473384
369655187816
644533094760
387102180776
661980087720
434078370148
708956277092
644816914788
713536391524
386850441572
661728348516
455569918308
730447825252
369670572388
644548479332
438390049124
382823909732
365644301928
640522208872
434363778664
709241685608
382824171112
657702078056
451543647848
726421554792
369939269224
644817176168
451276326484
726154233428
455571293780
730449200724
438391424596
386851817044
661729723988
365376980564
640254887508
644817978792
387103491432
661981398376
365375605096
640253512040
434095081832
708972988776
657433381224
451274951016
726152857960
709242799704
661998159448
730717636184
382556849752
657434756696
451276326488
726154233432
369671947864
387120269716
661998176660
455839746452
730717653396
365376997780
640254904724
434096474516
708974381460
382556866964
657434773908
369940399460
365360220568
640238127512
434079697304
708957604248
451259566488
726137473432
369655187864
644533094808
382807460200
657685367144
451526936936
657703209380
438374664612
713252571556
386835057060
661712964004
455554533796
730432440740
386851834276
661729741220
455571311012
365360220584
640238127528
434079697320
708957604264
382540089768
657417996712
451259566504
726137473448
369655187880
644533094824
365359089044
640236995988
434078565780
708956472724
382538958228
726136341908
369654056340
644531963284
438373533076
713251440020
713251505560
386833991064
661711898008
455553467800
730431374744
369939008152
387102427736
661980334680
382539826788
657417733732
438373533080
713251440024
386833925528
661711832472
455553402264
730431309208
369939286372
644817193316
365627524504
640505431448
369939335764
644817242708
451526674072
726404581016
657685366104
726404842840
644800464216
387102426456
661980333400
455821903192
730699810136
713519940952
434347066712
709224973656
438659860068
713537767012
451276326500
726154233444
369671947876
644549854820
438391424612
386851817060
661729724004
726421637464
455570982248
730448889192
369940335272
644818242216
451527935336
365376735588
640254642532
434096212324
708974119268
382556604772
657434511716
451276081508
726153988452
369671702884
644549609828
365376980584
455839484328
730717391272
365359876708
640237783652
434079353444
708957260388
382539745892
657417652836
451259222628
726137129572
369654844004
644532750948
365359089060
640236996004
434078565796
382538958244
657416865188
451258434980
726136341924
644531963300
387120253608
657416865192
451258434984
726136341928
369654056360
644531963304
438373533096
713251440040
386833925544
661711832488
644549608788
713269085524
434096392596
708974299540
382556785044
657434691988
726154168724
644549790100
455571229076
730449136020
713520728724
365628377748
455822625448
730700532392
455569935016
730447841960
708973004436
382555489940
438658500244
644816930452
713536407188
657433396884
451274966676
726152873620
369670588052
644548494996
438374319700
713252226644
386834712148
661712619092
455554188884
455570000532
726404795048
365375620760
640253527704
434095097496
708973004440
382555489944
709242734932
451544697172
726422604116
369940318548
644818225492
438659795284
713537702228
382825220436
730717571412
365645351252
455571245672
730449152616
365644122708
640522029652
382824974760
657702881704
708974315172
382556800676
657434707620
726154184356
369671898788
730449151652
661729674916
455571244708
387102361256
438391179624
713269086568
386851572072
661729479016
455571048808
730448955752
726405581224
365376997972
640254904916
434096474708
708974381652
382556867156
657434774100
455571311188
730449218132
726154250836
661729741396
365360220760
640238127704
382540089944
657417996888
451259566680
726137473624
369655188056
644533095000
661998110308
365375669604
640253576548
708973053284
382555538788
657433445732
451275015524
730717587044
382825236068
365360220580
640238127524
434079697316
708957604260
382540089764
657417996708
451259566500
726137473444
644533094820
455839401384
730717308328
369671965284
365628656228
640506563172
434348132964
709226039908
657686432356
451528002148
726152858004
365360220776
640238127720
434079697512
708957604456
382540089960
657417996904
369939073384
644816980328
451259566696
726137473640
365375620772
640253527716
434095097508
708973004452
382555489956
657433396900
644816930468
455838369444
382823925412
382556603736
657434510680
386851571032
661729477976
455571047768
730448954712
451276080472
438391178584
365375605144
640253512088
434095081880
708972988824
382555474328
657433381272
451274951064
726152858008
369670572440
644548479384
434096392600
708974299544
382556785048
382808246936
657686153880
438643100004
386834712152
661712619096
455554188888
730432095832
657417651800
365375620776
640253527720
434095097512
708973004456
382555489960
438390131352
713268038296
386850523800
661728430744
455570000536
657686350436
455822707352
730700614296
365360219540
708956490340
382538975844
657416882788
451258452580
726136359524
369654073956
644531980900
438373550692
713251457636
386833943140
365628656276
640506563220
434348133012
709226039956
382808525460
657686432404
451528002196
726405909140
369923623572
644801530516
387120187736
382825220440
657703127384
451544697176
434364630376
709242537320
365644122712
640522029656
709241506392
382823991896
657701898840
451543468632
726421375576
369939090008
644816996952
455839746724
661729741476
455571311268
730449218212
451544779428
726422686372
369923623588
644801530532
438643100324
369671898792
644549805736
365360220840
640238127784
434079697576
708957604520
451259566760
726137473704
369655188136
644533095080
455570179684
640506561876
434348131668
451528000852
657686431060
726405907796
382808524116
709226038612
382555752852
657433659796
387103491412
455839483496
730717390440
713267956132
709241424292
369939007908
644816914852
438658484644
713536391588
726152858020
455838353828
386850441636
387102443160
661980350104
365627607700
640505514644
434347084436
709224991380
455839664808
438659860116
438391424660
386851817108
455571293844
387120252564
365645366888
438390113640
369654072916
644531979860
438373549652
386833942100
661711849044
365359105620
640237012564
434078582356
708956489300
713252571560
386835057064
369939351188
644817258132
365375605160
640253512104
434095081896
708972988840
382555474344
657433381288
451274951080
726152858024
369670572456
644548479400
369940334232
644818241176
365376980632
640254887576
434096457368
708974364312
382556849816
657434756760
451276326552
726154233496
382538712660
455839483288
730717390232
455838370408
730716277352
640506562920
434348132712
709226039656
382808525160
726405908840
369923623272
644801530216
438643100008
644533093784
438374663576
386835056024
661712962968
726404842852
713519940964
387102426468
661980333412
455821903204
730699810148
455838370200
730716277144
382824973928
657702880872
713537456792
455822624408
730700531352
730447840920
387120252580
661998159524
455839729316
730717636260
438659860132
438391424676
386851817124
713521005912
451528000856
455822902628
365627607704
640505514648
434347084440
709224991384
382807476888
451526953624
726404860568
369922575000
644800481944
365376980648
640254887592
434096457384
382556849832
657434756776
640505186644
434346756436
709224663380
438641723732
713519630676
369654072920
644531979864
438373549656
455839746712
730717653656
387102116184
661980023128
455821592920
730699499864
708956227928
382538713432
657416620376
451258190168
726136097112
708956538280
657416930728
726136407464
369654121896
644532028840
438373598632
713251505576
386833991080
365358892372
640236799316
365627327828
640505234772
434346804564
709224711508
382807197012
657416668500
451258238292
434078369108
730699547992
365358892376
640236799320
708956276056
382538761560
657416668504
644816979288
434347869864
709225776808
369670589096
365627327844
640505234788
434346804580
709224711524
726152922468
369670636900
644548543844
438390113636
713268020580
386850506084
365627589992
640505496936
434347066728
382538761576
657416668520
451258238312
726136145256
369653859688
644531766632
386833728872
661711635816
369923623320
644801530264
713537521064
365358844260
640236751204
434078320996
708956227940
382538713444
657416620388
386833680740
661711587684
455553157476
730431064420
657686431316
438374663764
713252570708
386835056212
661712963156
455554532948
730432439892
365628655188
640506562132
369940399464
644818306408
455553157480
382825237144
657703144088
365627279720
640505186664
434346756456
365358892436
640236799380
434078369172
726152922516
713519678868
434095146388
708973053332
455569982868
730447889812
708956276120
382538761624
657416668568
726136145304
369653859736
644531766680
713251243416
386833728920
657417995864
451259565656
726137472600
369655187032
644533093976
369923622488
644801529432
438643099224
713521006168
386835056216
387118941604
661996848548
455838418340
730716325284
644531766692
438373336484
713251243428
386833728932
661711635876
455553205668
644801202600
382538761640
451258238376
726136145320
369653859752
644531766696
438373336488
713251243432
386833728936
661711635880
386851752356
661729659300
382808246948
657686153892
451527723684
726405630628
455571229092
730449136036
387103214244
661981121188
455822690980
730700597924
730449200552
455839663768
730717570712
434079352420
708957259364
382539744868
657417651812
451259221604
726137128548
369654842980
644532749924
369939286376
644817193320
644818225508
438659795300
382825220452
657703127396
451544697188
726422604132
387120187748
661998094692
455839664484
455822689640
730700596584
713520990548
387103476052
661981382996
455822952788
730700859732
644533078356
438374648148
657417980244
451259550036
451526952296
726404859240
713536473700
387118959204
369655187044
644533093988
451528001124
434348131940
709226038884
644801529444
438643099236
726405908068
726422342292
644549789076
438391358868
713269265812
386851751316
661729658260
455571228052
730449134996
726405629588
387103213204
661981120148
451259550040
726137456984
369655171416
365628639576
730700859736
640506546520
434348116312
709226023256
438643083608
709242750312
644548560532
438374663784
713252570728
455554532968
730432439912
365628655208
640506562152
434348131944
730699483496
709242733908
657703126356
726422603092
369940317524
644818224468
365644121684
434363598420
382823990868
657701897812
455838434900
730716341844
387119139476
455838616212
730716523156
730699549352
730448954728
438391359912
713269266856
386851752360
661729659304
455571229096
730449136040
382808246952
657686153896
451527723688
726405630632
369923345064
644801252008
661712619112
369922311832
644800218776
730432095848
369670654632
644548561576
438390131368
713268038312
386850523816
661728430760
455570000552
730447907496
726137456996
369655171428
644533078372
387103476068
365628639588
640506546532
434348116324
709226023268
382808508772
657686415716
438659533480
713537440424
382555752804
455822953064
730700860008
730432439716
365360219556
434079696292
708957603236
382540088740
657417995684
451259565476
726137472420
369655186852
365645351272
640523258216
434364828008
434078566740
708956473684
382538959188
451258435924
661711833428
709242734952
438374648168
713252555112
386835040616
661712947560
730432424296
365628639592
640506546536
434348116328
709226023272
365644122728
640522029672
434363599464
709241506408
382823991912
657701898856
451543468648
726421375592
644816996968
730717391444
365645171284
640523078228
434364648020
709242554964
382825040468
657702947412
451544517204
726422424148
369671703124
438391358872
713269265816
386851751320
661729658264
455571228056
730449135000
382808245912
657686152856
451527722648
726405629592
369923344024
644801250968
713521005924
387103491428
661981398372
455822968164
730700875108
438390130328
713268037272
386850522776
455569999512
730447906456
382825302376
657703209320
730700859800
455553484196
730431391140
382555539028
387118941780
640505235028
434346804820
709224711764
365627607716
640505514660
434347084452
709224991396
455838418344
730716325288
382555539032
365358892632
640236799576
434078369368
708956276312
657416668760
451258238552
726136145496
369653859928
386833942116
730431325796
365359105636
640237012580
434078582372
708956489316
451544696152
657703126360
726422603096
387120186712
451526674020
726404580964
726152922724
369670637156
644548544100
438390113892
713268020836
386850506340
661728413284
455569983076
382538761832
657416668776
451258238568
726136145512
369653859944
644531766888
438373336680
386833729128
661711636072
387102443112
726421374552
387118958168
661996865112
455838434904
730716341848
365644303000
709224663444
382807148948
657685055892
451526625684
726404532628
369922247060
644800154004
438641723796
713519630740
387102116244
455839729000
730717635944
386850507364
455553157528
730431064472
365627279768
434346756504
709224663448
382807148952
657685055896
451526625688
726404532632
438642820692
713520727636
438642050708
455554532776
709225973336
640254642788
434096212580
708974119524
382556605028
657434511972
451276081764
369671703140
644549610084
438390311572
387102164628
661980071572
455821641364
730699548308
640236799636
434078369428
708956276372
382538761876
657416668820
708956473688
382538959192
657416866136
451258435928
434078369432
708956276376
382538761880
657416668824
451258238616
726136145560
369653859992
644531766936
713251243672
451544500580
726422407524
455838615912
730716522856
386833729188
661711636132
455553205924
730431112868
726404581028
434363582116
434346804900
640254642792
434096212584
708974119528
382556605032
708956276392
382538761896
657416668840
451258238632
369653860008
644531766952
438373336744
713251243688
386833729192
365628654952
640506561896
382808524136
369923622248
644801529192
382823908776
657701815720
455838681768
730716588712
365627607720
640505514664
451526953640
726404860584
369922575016
644800481960
365627279780
640505186724
434346756516
709224663460
382807148964
657685055908
726404532644
644800154020
451526870676
726137472660
644533094036
438643099284
713521006228
365628655252
640506562196
434348131988
709226038932
382808524436
438658827688
730431064488
365627279784
640505186728
434346756520
709224663464
382807148968
657685055912
451526625704
726404532648
382807214744
657685121688
438374663832
386835056280
661712963224
730432439960
365628655256
382825285288
365627606680
709224990360
382807475864
657685382808
451526952600
726404859544
369922573976
644800480920
386851572312
455821591976
730699548312
438390393172
713268300116
386850785620
661728692564
455570262356
730448169300
369939351892
644817258836
438658828628
713536735572
365360204180
640238111124
434079680916
708957587860
382540073364
657417980308
451259550100
726137457044
365628639636
640506546580
438659532440
713537439384
730700809576
365375949144
640253856088
708973332824
382555818328
657433725272
451275295064
726153202008
369670916440
365360219812
640238126756
661712700820
451259550104
726137457048
369655171480
644533078424
438374648216
386835040664
438374663848
713252570792
386835056296
455554533032
365628655272
640506562216
455822968488
661981121192
451544697512
365645367956
640523274900
434364844692
709242751636
369670637972
644548544916
438390114708
713268021652
369940335252
644818242196
713536653908
708973332836
382555818340
657433725284
451275295076
726153202020
369670916452
644548823396
455838697828
455821855400
730699762344
387103475048
708957587876
382540073380
657417980324
451259550116
726137457060
369655171492
382808508836
657686415780
451527985572
365375949160
640253856104
434095425896
708973332840
382555818344
657433725288
451275295080
726153202024
369670916456
644548823400
455838419284
730716326228
640254821796
434096391588
708974298532
382556784036
713269265828
434078565972
708956472916
382538958420
657416865364
369654056532
644531963476
438373533268
387119942056
661997849000
661997898392
365360154964
369655122260
644533029204
382556605076
657434512020
369671703188
644549610132
438391179924
713269086868
386851572372
657686365864
438642821736
713520728680
661711832664
455553402456
365359089240
434078565976
708956472920
382538958424
657416865368
365627524696
640505431640
644817193560
644818224484
438659794276
640254642840
434096212632
708974119576
382556605080
657434512024
451276081816
726153988760
369671703192
644549610136
713536472676
369939270308
644817177252
438658747044
713536653988
730716523172
455838631336
730716538280
455838680728
730716587672
661981399704
434078582104
708956489048
438390131096
713268038040
365645367960
438390114712
713268021656
386850507160
661728414104
455569983896
730447890840
709242751640
640236996964
434078566756
708956473700
382538959204
657416866148
451258435940
726136342884
369922492004
644800398948
365359089252
640236996196
434078565988
708956472932
382538958436
657416865380
438391441752
451276065192
369939269268
644817176212
438658746004
713536652948
726153972136
438659597672
713537504616
726405564068
365376735908
640254642852
434096212644
708974119588
382556605092
657434512036
451276081828
644818045604
438659615396
434363582808
387118942552
438391358888
713269265832
386851751336
661729658280
455571228072
730449135016
382808245928
657686152872
451527722664
726405629608
369923344040
640236996200
434078565992
708956472936
382538958440
657416865384
451258435176
726136342120
369654056552
644531963496
434079631704
708957538648
713252505944
369655122264
438390130344
713268037288
386850522792
661728429736
455569999528
730447906472
640254642856
434096212648
708974119592
382556605096
657434512040
451276081832
726153988776
369671703208
644549610152
455821904276
730699811220
365645350248
434364826984
369654056276
455553402196
730431309140
709242733928
657703126376
438658484584
713536391528
365644121704
640522028648
434363598440
382823990888
451543467624
369939089000
644816995944
640522209960
434363779752
709241686696
382824172200
657702079144
451543648936
726421555880
369939270312
644817177256
438658550440
713536457384
438642050724
640254839128
438659861096
713537768040
451543386708
726421293652
387118877268
661996784212
730447825492
438658484820
713536391764
455838354004
365375605332
640253512276
365644301976
640522208920
434363778712
709241685656
369939269272
644817176216
387103492692
661981399636
387119941224
661997848168
661996784216
438390049368
644816915032
382823909976
657701816920
451274951256
730716260952
657433381464
451543386712
726152858200
455570262420
730448169364
365375949204
640253856148
434095425940
708973332884
387119221140
661997128084
455838697876
730716604820
438391358808
713269265752
730699761304
382807460248
657685367192
451526936984
726404843928
369922558360
644800465304
438642035096
387102427544
661980334488
438659860888
713537767832
451258434904
726136341848
369654056280
644531963224
365375949208
640253856152
434095425944
708973332888
382555818392
657433725336
451275295128
726153202072
369670916504
644548823448
661997847960
386850507368
661728414312
713519695204
438642771304
713520678248
713519876500
365627606696
640505513640
709224990376
382807475880
451526952616
369922573992
644800480936
386850441828
661728348772
730447825508
382823909988
657701816932
451543386724
726421293668
438642837160
713520744104
451527936596
726405843540
451544500584
726422407528
365375605352
640253512296
434095082088
708972989032
382555474536
657433381480
451274951272
726152858216
369670572648
644548479592
365375949220
640253856164
434095425956
708973332900
382555818404
657433725348
451275295140
726153202084
369670916516
644548823460
434096212372
708974119316
382556604820
657434511764
726153988500
369671702932
644549609876
365359876756
640237783700
434079353492
708957260436
657417652884
451259222676
726137129620
644532750996
365375949224
640253856168
434095425960
382555818408
657433725352
451275295144
369670916520
644548823464
386833925780
661711832724
382825040212
657702947156
451543401876
726421308820
386851834280
661729741224
369923279444
644801186388
387103148628
661981055572
438642756180
713520663124
434347788884
709225695828
455822625364
387120204440
661711832728
386850458196
438390065748
365375621716
386833926500
661981137256
451275016612
726152923556
369670637988
386850507172
661728414116
455569983908
455839681188
640523274916
730447890852
713536390488
438658500008
713536406952
438391179672
713269086616
386851572120
438658549400
451543452004
726421358948
387118942564
644816980324
713536457060
455838419300
709241489764
455821919592
730699826536
451258435236
726136342180
644531963556
455821837988
640505431716
434347001508
709224908452
369922492068
644800399012
730432375140
369670636948
644548543892
438390113684
713268020628
386850506132
661728413076
730717587092
726422619796
365375669652
640253576596
438659810664
713537717608
661997914456
455839484248
730717391192
657702947160
713537522008
713251440296
386833925800
657686088280
434347788888
438659876520
713537783464
657433397848
451274967640
726152874584
369670589016
644548495960
438390065752
713267972696
386850458200
661728365144
455569934936
434363581780
365644105044
640522011988
382823974228
657701881172
451543450964
726421357908
387103492500
661981399444
455822969236
730700876180
451527723608
726405630552
451259499860
726137406804
644533028180
709242538580
451527740072
726405647016
365645367976
438390114728
713268021672
644531980948
438373550740
713251457684
386833943188
661711850132
386850507176
387102164324
644800203092
438641772884
365644106068
434363582804
709241489748
387118942548
438658763432
713536670376
438641772888
365358893400
640236800344
434078370136
708956277080
657416669528
451258239320
661728413272
387118959016
661996865960
730716326244
455569983844
730447890788
365644106084
434363582820
365358893412
640236800356
365375670628
382807411284
657685318228
434078370152
708956277096
382538762600
657416669544
451258239336
726136146280
369653860712
708974036308
451275998548
726153905492
365375605396
640253512340
434095082132
708972989076
657433381524
726152858260
644548479636
365645366936
713268020632
386850506136
661728413080
455569982872
730447889816
709242750616
387120269672
365376652632
640254559576
434096129368
386851489112
661729396056
455570965848
382824957272
657702864216
451544434008
726422340952
387102427556
730699811236
365375605400
434095082136
708972989080
382555474584
657433381528
451274951320
726152858264
369670572696
640523273896
438373533028
713251439972
661711832420
455553402212
730431309156
451544516008
726422422952
386850507156
661728414100
455569983892
730447890836
708973054356
382555539860
657433446804
713536457108
365358893460
640236800404
387119139480
640506562968
434348132760
382538762648
451258239384
726136146328
644533028184
438374597976
365360153944
640238060888
386834990424
661712897368
455554467160
730432374104
709241489828
369939073444
644816980388
438658550180
713536457124
644548544932
365358893480
434078370216
708956277160
382538762664
451258239400
726136146344
369653860776
730431326872
434347066772
709224973716
657416686244
438642050644
713537439076
708974036324
451275998564
726153905508
387118877348
369939008164
644816915108
713536391844
640521947812
455838354084
709241424548
382555474596
640522208936
709241685672
451543647912
726421554856
369939269288
644817176232
640505449048
434347018840
709224925784
382807411288
657685318232
451526888024
369922509400
438641986136
365376652648
640254559592
708974036328
382556521832
657434428776
451275998568
726153905512
369671619944
644549526888
365375605416
640253512360
434095082152
708972989096
382555474600
657433381544
451274951336
726152858280
369670572712
644548479656
451544713576
726422620520
661728627096
387118876072
661996783016
382807460264
657685367208
451526937000
726404843944
369922558376
644800465320
438642035112
713519942056
661980334504
451544779432
726422686376
387120186728
661998093672
387120252584
661998159528
365627590040
451526935960
726404842904
369922557336
644800464280
369940073112
644817980056
387118958184
661996865128
369922247252
644800154196
438641723988
713251195476
386833680980
661711587924
451259222692
726137129636
386834713252
365359876772
434079353508
708957260452
726405645976
657417995608
455553157720
730431064664
365627279960
640505186904
434346756696
438390392232
713268299176
438658762392
713536669336
455839484260
387118957976
713520663140
713536457300
455838419540
708973054548
730431113812
438641773140
657416669784
451258239576
726136146520
369653860952
644531767896
438373337688
713251244632
386833730136
661711637080
451274967652
726152874596
661728365156
365375621732
713519695208
369655171684
644533078628
644531767908
438373337700
386833730148
661711637092
730431113828
661728414308
640236800616
434078370408
708956277352
382538762856
657416669800
451258239592
726136146536
369653860968
644531767912
438641969576
713519876520
661998160552
369923556708
369940334936
730448890456
644818044244
438659614036
387120006484
661997913428
382825220500
387120187796
455839664532
730717571476
455822624340
730700531284
387102099096
661980006040
434363599508
382823991956
657701898900
451543468692
387118959252
661996866196
730716342932
726421375636
644548494932
382556604840
657434511784
451276081576
369671702952
438391179688
369939007124
434346756712
709224663656
382807149160
657685056104
438373337748
386833730196
661711637140
434346805908
709224712852
438390114964
386850507412
661728414356
382538762904
657416669848
451258239640
726136146584
369653861016
644531767960
713251244696
661711637144
386833730212
455553206948
730431113892
438658550436
713536457380
382825236132
365375669668
657703143076
451544712868
451543401880
726421308824
382538762920
657416669864
451258239656
365376652692
640254559636
434096129428
708974036372
657434428820
365645171048
640523077992
726136162644
644531784020
387119221400
661997128344
434347788904
382808181352
657686088296
451527658088
369923279464
644801186408
438642756200
713520663144
455839466836
365376652696
434096129432
382556521880
657434428824
451275998616
726153905560
369671619992
438391178648
382555490920
657433397864
451274967656
726152874600
369670589032
382823974244
657701881188
451543450980
726421357924
644816979300
438658549092
713536456036
387118941540
382808525220
387103492516
661981399460
455822969252
730700876196
451528001956
365360153956
434079630692
708957537636
382540023140
657417930084
451259499876
726137406820
386835040852
661712947796
365360204372
640238111316
434079681108
708957588052
382540073556
657417980500
451259550292
434348116564
369940138344
657416882852
451258452644
726136359588
455553419940
661711850148
657702946136
726422422872
387120006488
661997913432
455839483224
730717390168
365645351320
640523258264
709242735000
382825220504
451544697240
726422604184
369940318616
644818225560
438374648408
386835040856
661712947800
730432424536
365628639832
640506546776
434348116568
726405563992
730700531288
365644122776
640522029720
434363599512
382823991960
657701898904
451543468696
369939090072
644816997016
369670587992
451274966616
726152873560
386850457176
455569933912
730447840856
438643099028
713521005972
713519893092
726404794980
382807411300
657685318244
387103491476
661981398420
455822968212
730700875156
387102378596
661980285540
434364564900
709242471844
382824957348
657702864292
455839402648
730717309592
438658827624
713536734568
365645366952
438373549716
386833942164
661711849108
455553418900
730431325844
365359105684
708956489364
365376652712
640254559656
434096129448
708974036392
382556521896
657434428840
451275998632
726153905576
713251260760
386833746264
661711653208
455553223000
730431129944
365628639844
640506546788
434348116580
709226023524
382808509028
657686415972
451527985764
726405892708
644801514084
661728675240
365644105064
387119138456
382807410260
657685317204
451526886996
726404793940
661997045400
365628656040
640506562984
434348132776
709226039720
382808525224
451528001960
726405908904
369923623336
644801530280
644800203156
455554467176
730432374120
709225760356
438641968744
438374648424
386835040872
661712947816
730432424552
365628639848
387102164328
661980071272
369922557348
644800464292
438642034084
713519941028
382807459236
451526935972
434347066788
709242555048
369940055400
644817962344
434348131736
657686431128
451528000920
726405907864
369923622296
644801529240
451259565400
726137472344
369654859092
644532766036
661981070676
455822640468
730700547412
438374335828
713252242772
386834728276
726404532884
369922247316
438641724052
387102116500
434346756756
661980023444
451275212200
726153119144
726405580120
365359891800
387103163736
661981070680
730700547416
438374335832
713252242776
709225710936
369923294552
369923361368
644801268312
438373288600
713251195544
386833681048
661711587992
455553157784
730431064728
365627280024
640505186968
434346756760
455553206612
730431113556
365627541080
387102377560
661980284504
369939008168
644816915112
387102427752
661980334696
434095360340
365627590056
451526935976
726404842920
369922557352
644800464296
451526674088
726404581032
369940318824
713519940948
369670899028
644548805972
365375931732
640253838676
434095408468
451543713112
365627589976
387119203672
661997110616
657416930648
382808196452
657686103396
644801201508
365359891812
640237798756
434079368548
708957275492
434079631012
708957537956
644800154276
438641724068
434346756772
709224663716
451526625956
382807459172
451526935908
369922557284
644800464228
438642034020
387119203684
455838680420
730716587364
708956538216
657416930664
369654121832
644532028776
365359891816
434079368552
382539761000
657417667944
451259237736
726137144680
369654859112
644532766056
730431064744
709224663720
382807149224
657685056168
451526625960
387119203688
661997110632
438391178660
713269085604
644800464276
455821903252
730699810196
387102426516
661980333460
451526871656
640253512020
434095081812
657433381204
726152857940
365359154584
640237061528
657416930712
451258500504
726136407448
726137128612
726154234452
434096458324
708974365268
455571294804
730449201748
644549855828
382556850772
713536718244
713251505572
386833991076
455553467812
730431374756
365359154596
657433725524
365644384852
640522291796
434363861588
451543730772
708973333076
451275295316
451544515940
644818044260
455839483236
365645351332
369940318628
369923294888
644801201832
709226023572
365360204436
640238111380
708957588116
382824958312
657702865256
434363599524
730716342948
387118959268
640522029732
657701898916
726421375652
640253856344
434095426136
708973333080
382540090020
657417996964
438374648472
386835040920
730432424600
657702931112
730449135960
644818224532
713537701268
387120186772
365645350292
726136162660
369653877092
644531784036
438373353828
365358909796
455571294872
730449201816
365644121748
382823990932
657701897876
713269085608
661729478056
455571047848
730448954792
382824254052
387119221348
661997128292
455838698084
730716605028
365375949412
434095426148
708973333092
730447825240
365375605080
640253512024
369670572376
657433381208
726152857944
455822641512
730700548456
387103476388
661981383332
365360204452
640238111396
382540073636
657417980580
451259550372
726137457316
730700597848
455553222244
730431129188
365375949416
434095426152
451275295336
726153202280
369670916712
365645170024
640523076968
365358908756
708956292436
657416684884
434078566804
708956473748
657416866196
451258435988
644531964308
438373534100
713251441044
438374648488
386835040936
661712947880
455554517672
730432424616
455822707368
640506218088
434347787880
382808180328
657686087272
451527657064
369923278440
644801185384
365644122792
640522029736
434363599528
709241506472
382823991976
657701898920
709242751576
644531979924
369670636968
730447840872
387102377320
661980284264
387102361940
455821838676
365627525460
640505432404
434347002196
709224909140
382555752868
369939285348
644817192292
365359105700
640237012644
382538974884
365645350296
709242733976
451544696216
726422603160
369940317592
644818224536
713252242836
386834728340
661712635284
455554205076
455822640532
730432112020
713520678292
434363598488
661728675412
455570245204
730448152148
365644367444
640522274388
434363844180
709241751124
382824236628
657702143572
451543713364
644818241192
386833991256
661711898200
455553467992
369670899288
644548806232
438390376024
713268282968
657685366360
365375931992
365627541092
451526887012
455839483304
730717390248
438374335896
713252242840
386834728344
661712635288
455554205080
730432112024
365628327320
640506234264
709225711000
365627590244
640505497188
713519941220
726404843108
387119203940
661997110884
640237061736
382539023976
451258500712
726136407656
369654122088
644532029032
661980350056
369653876056
365358908760
640236815704
434078385496
644531783000
713251259736
455838370216
365628655016
640506561960
657686431144
451528000936
726405907880
369923622312
455822624424
730700531368
387119203988
455838680724
382807459476
726404843156
644800464532
365627525464
434347002200
369922492760
644800399704
365359154840
640237061784
434078631576
708956538520
382539024024
657416930968
451258500760
726136407704
369654122136
365359891876
640237798820
434079368612
708957275556
382539761060
451259237796
644532766116
708973315748
382555801252
657433708196
451258500772
726136407716
644532029092
438373598884
713251505828
386850768548
455839680872
730717587816
640237061800
434078631592
708956538536
382539024040
657416930984
451258500776
438374335912
713252242856
730432112040
365628327336
382824973736
657702880680
455839746728
730717653672
657685317224
726404793960
369922508392
438641985128
387102377576
661980284520
434096146772
708974053716
369939072360
644549870932
713269347668
386851833172
365376996692
387102426776
661997128340
455838698132
657433725588
451275295380
726153202324
369670916756
644548823700
434346740328
387120268632
369940399448
369671963992
644549870936
386851833176
455571309912
640253856408
434095426200
708973333144
726153202328
369670916760
438659548500
657703144104
713267956068
455821593240
382556850788
713269347684
386851833188
708956489060
455839663784
661997128356
730716605092
644548823716
386850785956
730448169636
438391114072
365376996712
640254903656
434096473448
451276342632
726154249576
451275295400
726153202344
455822903896
730700810840
730716326292
369939073428
644816980372
438658550164
455838369384
730716276328
369670833496
644548740440
369670571348
455569917268
730447824212
365375604052
640253510996
708957538708
657417931156
451259500948
369655122324
455554468244
661712898452
730432375188
434096457300
708974364244
382556849748
657434756692
709242799720
434364827044
709242733988
382825219492
451544696228
726422603172
387120186788
369923557716
644801464660
438643034452
713520941396
387103426900
661981333844
455822903636
730700810580
709241505444
382823990948
657701897892
644816996004
369922245992
644800152936
369670572392
386850441576
661728348520
455569918312
730447825256
434363779688
709241686632
369671948904
644549855848
438391425640
713269332584
455571294824
644800218792
382823975272
657701882216
644531783012
438373352804
713251259748
386833745252
661711652196
455553221988
708956473764
657416866212
451258436004
726136342948
644531964324
438373534116
455839745688
365376932196
365644106136
640522013080
434363582872
709241489816
382823975320
657701882264
451543452056
726421359000
369939073432
644816980376
386850440536
661728347480
455569917272
730447824216
438390048088
455821838692
730699745636
386851817048
455571293784
730449200728
644549854808
438391424600
713269331544
455838632600
730716539544
730431309204
382808459608
365628590424
640506497368
434348067160
387103426904
661981333848
709225974104
365644121768
640522028712
434363598504
382823990952
451543467688
726421374632
369922491732
644800398676
640505431380
713537456488
713537505880
382824957524
657702864468
434096129620
708974036564
657702864472
386851489368
661729396312
455570966104
730448873048
455839401560
661998175636
730717652372
369922492776
644800399720
438641969512
661980268904
382539024036
657416930980
438641707620
365376996760
434096473496
708974380440
657434772888
451276342680
726154249624
455570179496
730448086440
365627524440
657685300568
455821837656
730699744600
438641968472
438659532388
382556522084
657434429028
657434446180
434096129640
708974036584
382556522088
365376996772
640254903716
708974380452
730699548328
640506217876
365376996776
640254903720
451276342696
726154249640
369671964072
644549871016
382823974232
455838697832
730716604776
438659532456
713537439400
644818045332
455822952040
730700858984
455570261608
730448168552
382808525208
657686432152
365376931156
726153921876
661981055636
434095098516
708973005460
382555490964
657433397908
451274967700
726152874644
455822951832
726421310036
387118893652
438658501204
713537766804
365644301652
730448086356
644548740436
713268217172
661728609620
455570179412
438658745684
386851506536
455821657432
434363582884
661728609624
730448086360
438658745688
713536652632
455821642152
455821838744
730699745688
713267955044
386850440548
661728347492
455569917284
730447824228
365360155044
640238061988
434079631780
708957538724
657417931172
451259500964
726137407908
387119991464
661997898408
640523078040
451544517016
369940138392
644818045336
369671636312
382808181400
657686088344
369923279512
438659614360
713537521304
644801186456
713520663192
365628590436
382808459620
657686366564
451527936356
726405843300
661981333860
369670589080
644548496024
438390065816
455569935000
730447841944
387118941588
661996848532
365644105108
713536456084
455838418324
730716325268
382823974292
657701881236
434079630740
386834990484
455554467220
730432374164
387119138148
455838614884
730716521828
365375866212
382555735396
657433642340
455838680744
438642821544
365644057176
434363533912
709241440856
382823926360
657701833304
451543403096
726421310040
369939024472
644816931416
438658501272
640253773160
434095342952
708973249896
382555735400
657433642344
451275212136
726153119080
644548740456
730699827800
657686365524
726405842260
365628589396
640506496340
640522013096
365627542164
661980285588
434363582888
657685120664
640254559892
434096129684
708974036628
438659811928
386850440552
661728347496
455569917288
730447824232
726137407912
438374599080
713252506024
713519941972
387102427476
455821904212
730699811156
455821904216
709241751896
434095409496
382556849768
657434756712
451276326504
726154233448
369671947880
365376652952
434096129688
657434429080
451275998872
726153905816
369671620248
438373599588
386833992036
455821904228
713268283748
386850769252
661728676196
708956539240
451258501480
726136408424
369654122856
644532029800
455553402276
730431309220
709225974120
369923557736
644801464680
438643034472
713520941416
387103426920
365644105112
709241488792
382823974296
726421357976
644816979352
661980267876
386833992084
661711899028
455553468820
730431375764
434347067796
709224974740
661997046424
640237062552
434078632344
451258501528
726136408472
387103165096
661981072040
709242472100
382824957604
657702864548
644801463640
640506496344
657702144420
451543714212
644800465316
438642035108
713519942052
387119204772
434078632360
708956539304
451258501544
726136408488
369654122920
644532029864
365627542168
640505449112
709224925848
382807411352
657685318296
451526888088
369922509464
451544451416
434096129704
708974036648
382556522152
451275998888
726153905832
369671620264
644549527208
451544517272
730699761320
438659860904
713537767848
387119941032
661997847976
438658566504
438642820712
713520727656
713520678484
661981070932
451527673428
726405580372
369939269012
644817175956
451543647636
387119138196
369670833556
644548740500
713268217236
451543648616
438642820504
713520727448
713519614568
387103163992
451527673432
438374336088
713252243032
365375866264
434095343000
657433642392
726153119128
369670833560
644548740504
640523078052
434364647844
709242554788
382825040292
657702947236
369940138404
387103409764
657433445716
455821903188
730699810132
365627589972
369940383064
365375669592
455822689636
730431112548
451259500180
451543713172
726421620116
382807197076
657685104020
640253528740
365358892440
438658811300
708956276136
657433709140
726153185876
365375933012
434095409748
708973316692
644532750676
434078632536
382539024984
369654123096
644532030040
438659614100
640521964132
709241440868
365645170068
369923294820
644801201764
438642771556
434347804260
709225711204
365644301732
709241685412
657702077860
455570179492
438390377060
713268284004
386850769508
455570246244
387102427748
661980334692
726404843092
365645416020
640523322964
365627590232
434364892756
708974364248
451275277924
726153184868
640236799592
434078369384
708956276328
713267971732
386850457236
661728364180
438374336104
730432112232
365375932052
640253838996
365376980628
640254887572
708974364308
382556849812
657434756756
726154233492
644801463652
644818241880
640236799640
451526936228
451527722660
640253839012
640236799656
434078369448
451275278692
726153185636
713536456360
640505185620
438641722712
726421308760
434346755416
382807147864
657685054808
382823925080
657701832024
657701832276
387103164056
438641722724
713519629668
365358909844
640236816788
434078386580
708956293524
657416685972
640505498260
709224974996
382807460500
726404844180
644800465556
657434445160
365359155864
434078632600
382539025048
657416931992
369654123160
657686088360
438659860072
713537767016
644801186472
438642756264
713520663208
369940072084
644817979028
657433397928
640505498276
386833992356
386834712932
369923279204
644801186148
438642755940
365644105124
640522012068
434363581860
709241488804
382823974308
434078632616
382539025064
365627345236
640505252180
434346821972
382807214420
434079630756
708957537700
657417930148
451259499940
726137406884
451527723624
730432096616
369653810580
644531717524
730431063444
365645170072
640523077016
438659859864
382538712472
726136096152
644531717528
438373287320
713251194264
386833679768
661711586712
438658746984
726405564056
644801185432
438642755224
713520662168
709225973092
382808458596
365358843300
434078320036
708956226980
382538712484
387102115236
455553418580
730431325524
455821854036
730699760980
382538712488
726136096168
382807411364
657685318308
726404795044
369922509476
644800416420
713519893156
387102377304
661980284248
455821854040
730699760984
365627540824
713536653720
455839418708
640521963096
434363532888
657701832280
451543402072
726421309016
369939023448
644816930392
726405842516
451544499560
726422406504
382823975256
644549593432
451543451992
365644368216
369654122840
640505497956
434347067748
382807460196
657685367140
640236800360
365644105128
438641985172
726152923540
387103476116
661981383060
455822952852
730700859796
365628377492
434347854228
709225761172
365358893464
640236800408
708956277144
438659598756
713537505700
708956539300
451258501540
726136408484
369654122916
644532029860
451526691160
455554189668
661980284260
455821854052
730699760996
365627540836
387120203416
386833730132
661711637076
455553206868
365358893652
640236800596
365358893656
434078370392
365627591268
640505498212
382807460452
657685367396
451526937188
726404844132
713251456360
438658828888
713536735832
451526888104
455838419604
455822690964
730447891092
365358893720
434078370456
386835040932
382825286308
730716588708
434078370472
708956277416
386850703704
661728610648
434347804308
709225711252
451544762984
726422669928
438374336152
713252243096
709224924824
382807410328
657685317272
451526887064
644800415384
387102377624
726154167640
387118892628
455821592148
730699499092
451543402068
726421309012
438641722968
713519629912
661980089000
644548495700
661728364884
730716277076
455569934676
434095097444
708973004388
382555489892
726152873572
455554271572
730432178516
713251194472
661711586920
386834712980
455554189716
369940073128
644817980072
644801201828
726421309784
644816931160
387103492712
661981399656
455554189720
730432096664
365628311960
640237799080
434079368872
451259238056
434364630612
709242537556
451527739048
726405645992
644531717780
434095097492
382538712728
657416619672
726136096408
644531717784
438373287576
713251194520
438658762408
713536669352
387103492504
661981399448
434078320292
708956227236
382538712740
451258189476
369653810852
657434428836
387118957992
661996864936
640236750504
434078320296
708956227240
382538712744
386850441620
661728348564
455569918356
730447825300
369670572436
644548479380
438390049172
713267956116
644548495716
438390065508
713267972452
438658500964
369940400532
644818307476
709241424468
434363517524
455571294868
730449201812
365376981652
640254888596
708974365332
382556850836
657434757780
726154234516
713537783380
451259222436
455554189732
387120268648
365645170084
434364646820
709242553764
382825039268
657702946212
451544516004
434363517268
387120268888
455839745624
434347787940
709225694884
455839730260
726152873636
438390064804
386850457252
661980006056
661980284308
369654072724
644531979668
661997111896
455570983320
730448890264
434363532900
709241439844
451543402084
726421309028
387103409768
365358909860
640236816804
708956293540
644531784100
438373549464
713251456408
386833941912
661711848856
455553418648
730431325592
365627540888
640505447832
451258517140
386851817812
730449201492
382556850516
661997128360
657703208548
726422685284
713269347940
387120268900
661998175844
455839466852
730717373796
386850441624
661728348568
455569918360
730447825304
365627345252
640505252196
434346821988
386851817816
661729724760
730449201496
451544762712
661998160216
369940384088
438659860824
451276327576
451544712552
726422619496
369671964264
365645170088
640523077032
713251259796
386833745300
730431128980
455838353752
730716260696
365644040536
640521947480
713251505752
726422685352
434347787944
657686087336
644801185448
434364893784
709242800728
726404793764
438641984932
365627344212
713519695188
455821657428
640505251156
434346820948
382807213396
382807394708
438373549480
661711848872
455838419620
661980087960
369940384100
644818291044
438659860836
386851817828
455571294564
382825285988
455839402664
730717309608
365376981352
434096458088
382556850536
657434757480
369671948648
644549855592
434078386852
708956293796
661980284580
434347017892
644800415396
644548479320
451526691176
644800219496
713519696232
387102181736
661980088680
455821658472
730699565416
640505432408
730449134932
657686170196
644548495764
438390065556
713267972500
644816931220
713519695192
640505251160
709224727896
657685120344
713519876504
661980268952
640253528472
713536718504
726405842520
455822706340
709224924840
657685317288
369923361384
451526887080
726404794024
369922508456
644800415400
657701833124
438390065572
713267972516
365375621540
708974053780
369671637396
644549544340
434095360356
708973267300
382825301652
657703208596
451544778388
726422685332
661998175892
455839745684
713269347988
713519957608
640253528488
434095098280
708973005224
657433397672
365376997016
730700810852
438659549524
382824975000
657702881944
661711898280
438642050456
713519957400
455838418580
730716325524
661728348580
455569918372
730447825316
730449201556
382825286036
451544762772
726422669716
713269332372
455839401624
730717308568
455571294884
451276327588
726154234532
369671948964
365376981668
382825301668
365376981400
708974365080
382556850584
657434757528
451276327320
726154234264
369671948696
644549855640
382556539288
726421293412
387118877028
455838353764
365376997032
640254903976
657434773160
369939090088
640523324004
640253511060
434095080852
382824974680
644801185176
369940400744
657701815636
640521946452
455838352724
730716259668
661996782932
661981333908
369940384164
438659860900
708974365092
382556850596
657434757540
451276327332
726154234276
387120252500
369940400536
644818307480
438390049192
713267956136
386850441640
730447825320
365376981416
644817176148
438658745940
438391425704
713269332648
455822690920
644817176152
438658745944
713536652888
438373352868
640521947496
382823909736
657701816680
726421293416
369939007848
644816914792
365645417064
438373599828
386833992276
455553469012
709242800744
709242751592
386850440600
661728347544
455569917336
730447824280
365627344228
434346820964
709224727908
726404597092
644800218468
387102362020
730449200792
657702947176
455822690712
730700597656
730431128996
455570000280
438659598740
713537505684
369939006808
644816913752
438658483544
365644039512
434363516248
438643034520
661981333912
451544761944
434364892760
726422668888
455839729240
661712963924
644801530196
438643099988
387103492436
455822969172
730700876116
387102360980
661980267924
730699744660
640253773416
434095343208
708973250152
451275212392
387103492440
661981399384
365360220504
640238127448
644816930136
640505251176
709224727912
657685120360
726404597096
369922311528
644800218472
713269267028
365627525544
434347002280
657685301672
713269283492
644816995992
713521006948
455554533732
730432440676
730700876132
434095098196
382824957288
657702864232
369939024216
455569934680
713267972440
365644056920
640521963864
644800153956
713519630692
434346756452
382807148900
657685055844
726404532580
382538713448
657416620392
451258190184
726136097128
455822951844
455839730072
438391114148
713269021092
713520679316
365358844308
640236751252
434346756500
382538713496
726136097176
455821657444
640523012452
434364582244
709242489188
382824974692
657702881636
365358844324
434078321060
708956228004
455553157540
455822640488
730700547432
382538713512
726136097192
713251195304
382824973652
455839417684
730717324628
709242488148
657702880596
365644057236
657701833364
726421310100
661997045396
434095343256
708973250200
451275212440
644548740760
730700810856
386850440612
661728347556
455569917348
730447824292
365645105512
451258190164
365645088340
386835057236
455554533972
382808196776
730699549096
455838352728
730716259672
713536390500
382823908708
657701815652
451543385444
438643034532
730700810660
365628590500
657703192164
644818290276
730700532308
726405565012
434079353428
708957260372
455838369192
386851752612
434363778724
709241685668
451543647908
726421554852
387119138468
369922295400
644800202344
365628312152
438642756184
726405565016
726405908884
644801530260
434363533976
709241440920
382823926424
657701833368
730717586792
451275212456
369670833832
644548740776
657686365588
726405842324
644801463700
434095098452
451258501732
369654123108
455553469028
455839745704
434078321252
708956228196
386850440616
382538713704
451258190440
726136097384
726154233512
438391424680
386851817128
709225695844
730700532324
451527658084
726405565028
382538974868
382823908712
451543385448
726421292392
455838632616
730716539560
438373598804
713251505748
455553467988
434078631508
708956538452
726405908900
709226039716
369923623332
438643100068
382538713748
709224663700
726136097432
369653811864
644531718808
365358844580
434078321316
708956228260
451258190500
438374664616
434347017812
369922508372
644800415316
438641985108
713519892052
387102377556
382538713768
369653811880
438643033496
438659598952
726404793944
369922508376
438373599848
644816915096
644817241704
730699745620
661980268884
713519876436
644800399700
438641969492
730699761252
434347017828
709224924772
369654072932
657685300648
455821838680
730699745624
726404778328
730431325800
365627541096
438373271204
434096145828
708974052772
382556538276
657434445220
726421555560
713251441000
455553403240
365376916052
640254822996
434096392788
382556785236
657434692180
369671883348
644549790292
438642772584
713520679528
661712620180
434347788948
365644057252
640521964196
709241440932
730716538520
713519696276
455554189976
730432096920
640506219160
709225695896
451275999576
726153906520
455821657448
730699564392
365375883940
726136097124
365644056212
434363532948
644533095012
708957604452
382540089956
657417996900
451259287204
726137194148
713537455464
438390065764
713267972708
369939285332
644817192276
455838631252
730716538196
451275228504
644548756824
713537521320
434347788964
657417652900
365375621736
434095098472
365359105384
434078582120
382538974568
365645104488
365358843220
434078319956
382538712404
657416619348
451258189140
661712620200
434347788968
434079696468
708957603412
657417995860
451259565652
726137472596
369655187028
644801463716
661980284564
726404794004
644800415380
730699827816
455570195860
434363794836
709241701780
657702094228
661998110372
369654072728
644531979672
713251456664
455553418904
730431325848
365627541144
640505448088
713537718888
455838631332
730716538276
640254888532
365359105448
434078582184
640521963160
434363532952
657701832344
369939023512
644816930456
730699827608
451276327512
369671948888
726136407652
438373598820
713251505764
386851752616
661729659560
369922312600
644800219544
713519696280
661980088728
438643033508
713520940452
438659811736
713537718680
661711586648
455553156440
661711833492
455821838740
730699745684
455838696808
661712963160
657685317284
726404794020
730432439896
387103148648
661981055592
386850458216
438643033512
644817963620
365627541160
657703193188
369671948900
644549855844
386851818084
726422424232
661711833508
455553403300
730431310244
386835039828
730699744664
434096145748
709241440916
661997061716
387119154772
661981137496
369939285592
644817192536
640253789784
451275228760
657685317220
382807410276
726404793956
365644318308
434363795044
644800415332
365359105640
640237012584
434078582376
708956489320
451258451560
726136358504
369654072936
438642820520
713520727464
438658500248
713536407192
726154168932
369671883364
386851752548
438391113060
713269020004
438659548516
451259500196
726137407140
382823926436
434095098532
726421310116
640522225300
434363795092
709241702036
382824187540
657702094484
451543664276
657416881816
451258451608
369654072984
640254575976
434363795108
451543664292
726421571236
434095098536
382555490984
365359105704
640237012648
708956489384
387120187800
661998094744
730716260756
387118877076
455838353812
661996800344
451544761748
726422668692
726421309092
434363532964
726137456980
661712947540
455554517332
730432424276
640238111060
708957587796
387103164072
661981071016
455839730324
386851818132
661729725076
438641789544
713269267048
386851752552
730449136232
726422357336
730699565476
640505252260
434346822052
365376981656
713251194200
455554532964
730432439908
640521947544
451543386520
644816914840
640523324056
709242800792
365627344276
434346821012
730699564436
451543403160
726421310104
657703193252
386851818148
661729725092
451543402152
369939023528
438658746792
713536653736
438374648152
386835040600
661712947544
365376981672
640254888616
434096458408
369671948968
644549855912
451544713816
726422620760
455839484580
730717391524
387102181800
661980088744
730699565480
382556538260
365645104532
434364581268
709242488212
661998110376
382807213464
657685120408
726404597144
382556538264
451276015000
369671636376
438643017048
438658828696
713536735640
386835057240
451543647828
387102165608
661980072552
455839417764
438391113124
713269020068
365376669092
640254576036
708974052776
657434445224
434347854484
709225761428
365645105556
434364582292
451259566692
730432440932
726137473636
369670587812
438658745960
369655188072
644533095016
387118941544
661996848488
387103492520
369940400548
644818307492
387118877092
434363517348
365645417124
661996866200
382556784228
657434691172
451276260964
726154167908
369671882340
386851751524
451544451480
451258500692
661996782996
730716259732
730432424292
640523323028
382825285268
657703192212
713536734808
657433447000
726152923736
451526691416
451544761960
726422668904
713252554068
455554516308
730432423252
434363517352
657701816744
726421293480
438642035048
713519941992
455553469076
365359155860
387102115176
644816913816
382556801380
369940072104
644817979048
730432358804
387103492756
365628656280
451259549016
726137455960
438374647128
455571228004
709224727976
644818306452
644817193572
434364631464
709241439908
365628656292
730432440996
455822689892
455569999460
657686170004
451543730776
455554534056
365628656296
640506563240
451258452308
661728627032
455570196824
730700596628
455821576804
730699483748
709224925540
661729479252
365376735828
382824974756
644531964500
365627525716
640505432660
382807394900
451526871636
451543665044
726421571988
369939286420
644817193364
644531980692
369654073752
644531980696
369670850980
644548757924
709241702820
365359090264
438642050472
713519957416
708956490152
455838352740
451258452392
661980071592
382808180116
657686087060
657702880660
709225695576
382556800340
730432178536
434078385828
640254642776
382556605016
657434511960
451276081752
365359090276
730447890004
386850506324
455569983060
365644039588
640521946532
434363516324
455821592916
730699499860
657685055828
382825285284
657703192228
644818290340
644801530452
382824973720
451544450456
708957603220
709241424488
451259549028
369655170404
386835039588
455839483544
382539025060
657416932004
644801267304
455569983832
369670851156
657702095444
726152922712
434095146584
438641723736
644801267096
438373598868
438643100248
387103492696
661981399640
382823925076
657701832020
730717588056
365627590228
640505497172
434347066964
644531980952
365644319396
661980285604
644817193636
365359106728
640237013672
451258452648
434347068008
709224974952
382807460456
657685367400
451526937192
369922558568
713252488532
455553468056
726405825880
455554450776
369939286632
451259483492
387102362276
661980269220
726137390440
438374581608
713252488552
730432357736
365628573032
382556538452
709242750568
369923540632
455822689688
451544450648
369940072024
644817978968
438658827608
726153987416
365376734552
713537783140
438391178596
713269085540
640236815720
434078385512
708956292456
451276081768
726153988712
438391179880
661729479272
365628392852
657686168980
640236815784
434078385576
708956292520
726136097188
438373288356
657433445988
451275015780
726136145240
644531766616
438391113316
713269020260
451544778324
451258254936
451275032152
451544778340
726153987672
455571048024
640254576232
708974052968
657434445416
434347869844
386835056276
640236816024
365645104552
365358843284
369940318808
365358892388
708956276068
382538761572
657416668516
451258238308
726136145252
657685054804
365627278676
709226038868
451528001108
726405908052
661729397092
438659549784
713537456728
438390113896
657434429800
730716523112
387102116200
382555751764
369670849876
369939285336
644817192280
661728626008
709224973924
451526624600
726404531544
661980022104
726405908820
455554533716
369940138328
438642051428
382539041124
713519696228
438391179620
365358909800
434078386536
708956293480
387103491672
661981398616
455822968408
730700875352
455554533780
730432440724
640254642596
434096212388
365358909864
434078386600
708956293544
730699499176
438643017124
455554450852
730432357796
451259483556
369939352148
644817259092
708956293720
713251505832
386833991336
644801530468
713269086820
455571049060
455838698072
387120269972
455839746708
730717653652
386850523796
708956293784
438374581672
713252488616
644800219812
708956293800
438659810916
451526936168
369922557544
434346821224
369671636632
455822902680
365376719188
434096195924
708974102868
708956276116
657416668564
455839402388
438391097748
713269004692
661711635864
640254641764
708974118500
382556604004
657434510948
726153987684
382556785316
657434692260
726154168996
661997848228
455839418020
730717324964
434096130456
726153906584
365359940948
640237847892
434079417684
365359940952
434096194904
640237847908
708957324644
382539810148
657417717092
369654908260
382539810152
657417717096
726137193832
369654908264
730716538536
726153972056
365358892452
726136145316
726153906596
438659533220
713537440164
438391162260
713269069204
455571031444
365359941016
640237847960
382539810200
726137193880
713537504872
708974037416
644800415144
726153906600
438391178856
382539810212
382808245668
657686152612
382539810216
369654908328
644532815272
438658484840
434346755428
455839663704
730717570648
382808197460
657686104404
661712636244
455554206036
730699827624
726153135524
438642772312
726405892440
365375882664
713537768088
382538959448
365645415764
451258256036
438658566744
713536473688
438642771560
382808197476
657686104420
386851554904
434347853400
661729461848
661712636264
386851554916
640237848164
640237848168
451259287144
386835039844
386851818072
661729725016
451543402132
726421309076
438659615384
709225760404
640237848212
708957324948
434079418008
726137194136
369654908568
713537504932
451259287208
713536407208
730699826792
455571031380
730448938324
640253577876
708973054612
455821919640
661998094760
451527674472
657434691236
451276261028
726154167972
644549789348
644533029460
386834991700
438659810712
713537717656
387118893416
661996800360
661996866216
709242489236
382539762068
657417669012
726405892452
730700859748
451544450408
713252243864
365628328344
434347805080
455553403492
434363583064
382823975512
657701882456
451543452248
644549789352
365627591316
438374648232
713252555176
438374336932
386834729380
657686415720
387103476072
438390393192
661728692584
730448169320
661711833704
730717374868
387102116440
661980023384
369671965012
644549593688
382807460504
730717653336
387120186776
708974381412
708974381416
434079614552
451259483736
726137390680
387103409752
387119155800
661997062744
438658745768
713536652712
438391179928
386851572376
455838419556
365360137828
434079614564
382540007012
657417913956
451259483748
726137390692
369655105124
386834991716
661997111912
455569983124
730447890068
386834974312
644818045544
644818045528
713519958680
455821592980
365627279764
640505186708
438391162216
661712897620
644533028436
386834990676
438658827880
455554516388
365358892628
640236799572
708956276308
434363583080
709241490024
657701882472
726421359208
713536734616
386851490388
661729397332
644531766872
438373336664
386833729112
455822951780
730700858724
726152922776
455569983128
387102164584
661980071528
713269004888
644549528152
726404844196
713537440344
438642035364
451258435172
726136342116
644800154008
661980023192
726154250648
644801530520
386834990680
661712897624
365360154200
365627590292
640505497236
644549528164
386851555668
455571032404
365645154644
713252292952
644549528168
387103491496
661729462628
455571032420
730448939364
438642821476
438390392168
730448168296
369940399524
644818306468
365627591336
382807460520
451543664212
369670850132
382808246612
657686153556
640238044820
434079614612
708957521556
386850719320
365359942040
640237848984
451259287960
726137194904
369654909336
730447889748
382807459480
451526936216
365628377508
640506284452
657686153636
382539811240
451259287976
726137194920
369654909352
365644302676
438390311252
708973250900
365360137892
644817176920
713536653656
382824958568
657702865512
438642034024
713519940968
386834974376
730449136216
730717390420
369670834532
451275213160
644548741480
365376653972
640254560916
434096130708
382556523156
644816980392
434096130712
726153906840
455571048088
730700548504
451543451236
455838418532
730716325476
369654909524
386834990692
640523258520
369940318872
434364630440
730717324648
726405908116
369923622548
644801529492
387103491732
661981398676
434079419028
708957325972
708974037672
382556523176
369671621288
644549528232
369654909604
386851556004
708957325992
451259288232
369654909608
644532816552
661980023208
726153135764
434363582056
644801530536
438643100328
661729413460
386834990696
451275228824
369670850200
730717588072
387102426788
644531701336
644800152984
661980022168
713521006232
387103491736
387119154852
455554206296
365375882920
382807459496
726404843176
382539762276
644801202788
451275213224
455839467860
730717374804
369670572628
730700858708
451259549012
713519892820
451259484516
713251261028
455553223268
708956293732
644800416088
713519892824
713267956312
708972989016
708957586836
726137456024
726153202068
455571293604
644800416100
726136359268
640505185700
730716604756
434363861332
657702160724
365628655268
640506562212
434348132004
644801529508
387102362196
661980269140
640523257496
713252244120
661712636568
455554206360
730432113304
730432357720
640236815960
382808262040
640505185704
434347805348
382825285204
382808507992
434348115544
455554516580
382540072552
369655170664
730448890452
369671965268
713537522328
713252554388
382540072600
657417979544
455553419668
730431326612
726154233508
434079680168
382540072616
713251457432
455553419672
730431326616
730717653604
730717373780
640523060564
709242537300
438390065512
730447824468
434079632020
438642821800
713520728744
369940317860
438373550504
644801464916
387103427156
657686366804
455571031448
713537504680
434363583128
709241490072
657701882520
434363861348
644817258852
434095081048
657433380440
451274950232
726152857176
455822951828
730700858772
726153201044
365628590680
730699811176
451544451672
726422358616
438641968724
387102361172
661980268116
455821837908
438659861160
451543730536
661997848232
451543729496
726421636440
387119220056
438642771368
387102361176
640254577252
708974053988
730717653668
451544712804
434364648084
709242555028
451544517268
438658483816
730448938404
369671636324
382824172116
386851506792
713536653912
661728610904
451276261784
726154168728
730699826600
455569917540
708957538980
657417931428
640523078296
382825040536
644548496036
451276015192
730448889432
382808459876
657686366820
365644105364
451258255012
438391162280
382555736676
369670834788
386834794840
455554271576
713536653976
434095344232
644548741736
451544499816
726422406760
387103426132
730431112532
455822902868
709241490088
369939073704
438390048360
713267955304
451543386728
726421293672
713520941672
644817257828
661711635800
726422604120
661981136280
369939024484
451276327256
726154234200
455822952804
640238111080
726137457000
451527673448
451543729512
644818241876
657417980312
661996865192
730432424356
644533078440
730449134936
369940317528
644818224472
438659794264
451544516244
726422423188
382556522840
657434429784
365376914792
640254821736
369671882088
369670834856
644548741800
661997062552
387103409816
451258256020
369653877396
708957341284
640506480980
455822887252
730700794196
365644105380
451543451300
455821658708
713252505252
640238061220
709241488724
661996848468
455838418260
730716325204
382825039512
726422423192
661729725012
640506546772
455569982808
730447889752
382540073560
644801463908
451527935588
387102378580
434079681128
382540073576
661981317464
382540073624
657417980568
369655171736
726421358248
365375669608
369670636904
657417980584
369922509412
644800416356
369654859156
657686365800
713520678308
644801268376
657686153572
713519957656
382539810196
657417717140
644816915028
661712635480
365359957348
382539826532
657417733476
382556521816
451275998552
709225711268
726421293656
438374597988
713252504932
438643033444
365628589412
369654074020
640506479956
382824253844
644817258900
434346821204
713252308328
657434708568
455822886232
644817979736
455839680936
365358908772
657416684900
661729413476
709242816872
730700875092
455570965860
438374598040
713252504984
730432374168
455838354020
382825022868
455569917588
713252504996
730717587048
438374598056
713267956392
387102165332
661980072276
369653876388
382824252820
455821837972
455821642072
730699549016
438659549608
365358908836
708956292516
451543730600
726421637544
657685300888
434096147108
708974054052
382824974948
657702881892
451544451684
730716604840
455822641492
730700548440
726422357588
640237799780
382825022884
365628393812
438391359064
438659794520
382808197524
657686104468
726405581204
438659548568
713520679332
726421292644
455553418840
369923361112
438390048424
713267955368
451543385704
726421292648
369939007080
730716325460
434095146580
644817257892
382823974488
451527674468
726405581412
369939350952
644817257896
438658566568
713536473512
451527674532
708957276840
657434691224
382824973924
657702880868
365628392788
434095146644
434078320212
438658747048
451543664980
726421571924
451259500116
713536472472
451544499624
386851767640
382825235812
455822887256
644817193304
387103229352
730449151380
451526673768
726404580712
644800202088
438391375268
661981333864
365358893396
640236800340
434078370132
708956277076
369940073060
726136358500
387120268712
640238126424
661997046104
386851767896
365628589656
438373271892
365358827860
640236734804
365360154216
640238061160
438374598296
661712897688
365628574116
369670850900
365628589716
455822887316
730700794260
661712882068
644549805732
726405842596
730700793236
382807213716
451526690452
709241701716
451543663956
726421570900
657686350244
438374582696
640505251480
726421570904
365644318040
708956277140
657416669588
434346821284
369940073124
438642050728
451543386788
726421293732
657416604004
386835040868
730432424548
382807198100
451543386792
726421293736
657686349220
709242751656
455822902932
726136079704
644531701080
640505251496
657701881252
709242489508
451544450708
726422357652
438374599000
365628393876
382539760980
438659812004
713252506020
451544450712
726422357656
644817979032
657416602980
451259549284
726137456228
661981137304
657685056088
365360155224
369923557988
365360155240
713520679592
708956277332
438373288612
365627262296
708956277348
382538696040
726136079720
386834975380
382538696104
640522226072
709241702808
644817193368
726404580776
708956277396
657416669844
438658483800
451258173032
644531701352
387118893672
434346739348
451276065368
451258173096
640236734868
386834777448
369653861032
451544778068
438643100056
644818240868
438659810660
451543665316
713536735912
661996864852
451275031912
386834777512
387120252264
730432424612
644549805476
451526691480
726422668968
708957587092
365376931240
661980022184
661981332840
657686415976
451527985768
365644318120
640237012312
382807132516
640253512084
708972988820
382538697128
382539761044
451276064360
657416603044
657417979556
726137456292
644800154264
382555474532
657686414952
451527984744
661980349800
730716342696
709242750632
451259287140
369654908516
644532815460
434346755732
455839729320
713252292200
730432161384
713519875416
438641724072
387102116520
661980023464
387120203348
369671898708
640254838376
434346821288
640505431636
455838615192
455569983828
730447890772
438642838104
386850785944
438641723048
661980022440
451258500516
369654121892
438642771624
713520678568
726154168740
451544500904
726422407848
730432375124
730432375128
640523061864
369670916772
455821658468
713252506008
730432375192
451543452008
365628328356
661997849256
713536669032
438658827944
365645153896
382538761812
730431130020
640253855400
438390392488
455821903444
455554271844
387103410776
661728627288
730717571672
438390376872
365358827112
434095147672
455554451092
726422685012
455839745364
455822886484
644817259156
455822969448
726422685016
438390375848
730432375444
640523061928
451275998824
726422358680
451259550308
387120203160
438658565784
387119220388
713519876440
438642837080
644817978728
708973070948
640237848980
455822886548
438390326936
730699827544
726154185060
644817192548
657686349480
438659615320
369922573732
455822968424
369654859348
726421572260
369654072660
726137195172
644532766356
644817258920
455822886564
455839745640
455822952036
386851767908
