297784313172
74198653220
74198718756
74198915364
74198980900
74198653476
74198719012
74198915620
74198981156
75322464596
75322464600
75322468692
75322464856
75322468948
75339483748
75339483752
75339745636
75339745640
75339745892
75339745896
74177751124
74178013268
75322776200
75322792584
74181925188
74181929296
74181929284
74181945668
74181925192
74181929312
75339700900
79630067032
79630067288
79630067048
79630067304
79630083416
79630083672
79630083432
79630083688
75318515796
75318520144
75318520084
75318536516
75318515812
75318520160
75318520088
75318536520
75322447192
75322447448
75322447208
75322447464
75322463576
75322463832
75322463592
75322463848
75318536280
75318602020
75318601812
75318863956
75318536276
75318602004
75318601816
74181879892
74181945620
74181945428
75322759848
75322694248
75322759784
75322533544
75322529188
75322529444
75322533284
75322533540
74181858948
74181863056
74198652496
74198656592
74181908052
74181908068
74198636112
74198640208
74181924484
74181928592
74199624040
74199624104
74199624296
74199624360
74199706136
74199771672
74199886440
74199886504
74199681700
74199681704
74199698084
74199698088
74199698068
74199698072
74198586708
74198586772
74198586964
74198587028
74198636068
74198652548
74198849108
74198849172
75322709392
75322713488
74199902820
74199902884
79634192728
79634192984
79634192792
79634193048
79634258264
79634258520
79634258328
79634258584
74198653208
74198718744
74198657304
74198915352
74198980888
74198722840
74198919444
74198984980
74181929044
74182191188
74198657124
74198919268
75322714388
75322779924
75322730580
75322796308
75322714404
75322779940
75322730584
75322796324
79635507592
79635523976
79635503496
79635507616
75339241048
75339240808
75339241064
74198849124
74198849188
75272578648
75272578712
75272377876
75272382032
75272377880
75272382048
75339684504
74198649512
74198649444
74198649448
74198714980
74198714984
74198649252
74198649256
74198714724
74198714728
74198714788
75340556820
75340622356
75322758740
75322758756
75322775184
75322779280
75340556824
75322713680
75340552724
75340618260
75322709636
75322713744
74265498964
74265499220
74265499028
74265499284
74265564500
74265564756
74265564516
74265564772
75339486740
75339503172
75272115560
75272115816
75272115624
75272115880
75272119716
75272119972
75272119720
75272119976
75322698136
75322698152
75322763608
75322763624
75322763672
75322763688
74198575464
74198575528
74198575720
74198575784
75323742808
75323742824
75323742872
75323742888
75323808344
75323808360
75323808408
75323808424
87394232906
74198460760
74198461016
74198460756
74198461012
74265761892
74265827620
75322698072
75322698088
74265762192
74265766288
74198373736
74198373992
74198390120
74198390376
74198373976
74198390104
74198390360
74177407336
74177407592
75272136296
92721818112
148354722388
92788926976
148354722404
92990253568
148354738772
92990343848
148354738776
74198575448
74198575512
75272317544
75272317608
75272333928
75272333992
74198592168
75272317592
75272333656
74198632100
79634195864
79634196120
92789017256
148354722408
75339426152
75339426216
75339442520
75339442584
75339442536
75339442600
74265487720
74265487976
74265487784
74265488040
75272383000
75272399432
74198657556
75272399380
75272464916
75272383056
74198637080
74198653512
74198641176
74198657608
79635306840
79635307096
74198649172
74198649176
74198649428
74198649432
74198911316
74198911320
74198911572
74198911576
74198636960
74198641056
74198653344
74198657440
75322451300
75340474712
75340474776
74198378836
74198379092
74198378852
74198379108
74198395220
74198395476
75322714216
75339487512
74181597524
74181597780
74181597528
74181597784
74181601620
74181601876
74181601624
74181601880
74198571348
74198373716
74198373972
74198373732
74198373988
74199640408
75318536592
74181908884
74181908900
74182170260
74182170276
74198636128
74198640224
74198652512
74265827876
75339504164
75339569700
75339508244
75339573780
75340532308
75340532312
75272574552
75272574616
75340737108
75340737172
75340810852
79635491156
79635491172
75339490840
79634766248
79634770328
79634770344
79634766228
79634766244
75322451288
75322451544
75322451352
75322451608
75322516824
75322517080
75322516888
75322517144
75323042440
75323058824
75322796424
75339826852
75339826856
79635327384
79635327640
79635310948
79635311204
79635311012
79635311268
75272202584
75272202840
75339503716
75339765860
75339507812
75339769956
75339503720
75339765864
75339507816
75339769960
75339426456
75339688280
75339688344
75339688536
75339688600
74198652440
74198717976
74198656536
74198722072
74181662040
74181662296
74181662056
74181662312
74198652436
74198717972
75319323028
75319323284
74198899236
74198915716
75323824772
75323841156
74198641192
74198657672
75322533464
75318273368
75318273624
75318273432
75318273688
75318338904
74198377812
74198378068
74198377828
74198378084
74265499992
74265500248
74265504088
74265504344
74265499988
74265500244
75339684452
75339684516
75339483492
75339483496
74265822820
74265822824
74265746080
74265750176
75322792544
75322796640
75339568720
75339572816
75323758984
75323763296
74182191204
74198574420
74198574484
74198574676
75322714756
79635573384
79635589768
75322709384
75322713696
75322762836
75322762852
75322709640
75322713760
75322775200
75322779296
74265486676
74265486932
74265486692
74265486948
75339507236
75339572772
75339572776
75339507240
75339503140
75339568676
75323501220
75322710180
75322776088
75322714648
75322780184
75339487764
75339504196
75322714276
75322792472
75339504152
75339569688
75322464616
75322464872
75322464680
75322464936
75322530152
75322530408
75322530216
75322530472
74198722912
74182191428
74182207812
74198915472
74198919568
74198980960
74198985056
74181929540
75322694296
75322694312
75322698392
75322698408
75322698388
75322694308
75340556840
75322714260
75322792468
75322714264
75322792484
75322710168
75322710164
75322776084
75339487332
75339749476
75339503764
74265564584
74265564840
74265568680
74265568936
74265564580
74265564836
79634278824
79634279080
74199640680
74199640744
74198641172
74198657604
74198903316
74198919748
75322714436
75322730820
75322779972
75322796356
75322714500
75322730884
74265741668
74265741672
74265758052
74265758056
74265741652
74265741656
74266552936
88468957834
104734042646
88485735050
75322713732
75322730116
75322713736
75322730120
104734042662
88724761130
105807784470
75339508008
75339573544
75339770152
75339835688
75339508264
75339573800
75339770408
75339835944
75339831648
75339835744
75339831712
75339835808
74198652452
74198722084
74265827428
74266089572
74265761956
74265827492
74266089636
74265822884
74265822888
74265757348
75339242068
75339241816
75339242072
75339245908
75339246164
75339245912
75339246168
79631133288
79634438488
79634438504
79634438552
79634438568
79634504024
79634504040
79634504088
79634504104
74198718552
74198980696
74198657300
74198722836
74198640932
74198657412
74198657316
74198722852
75272382740
75272399172
75272661268
75272644900
79630264484
79630330404
79630260392
79630264992
79630264488
79630330408
79634261336
79634261592
79634261352
79634261608
79634277720
79634277976
79634277736
79634277992
74181600664
74181600920
74181666136
74181666392
74181666200
74181666456
75339507988
75339573524
75339491620
75339508100
75339508004
75339573540
74265765972
74265831700
74265831508
74266093652
79629998488
79629998744
79629998504
74181846436
74181846424
74181842324
74181842340
74181842328
74181842344
79629998760
75339438696
75339438760
75339306404
75339306660
75339306408
75339306664
75339310500
75339310756
75339310504
75339310760
74266552728
74266552984
74266552744
74266553000
74177669204
74177685828
74177685588
74177751316
74198653012
74198915156
74198718548
74198980692
74198653076
74198915220
74198718564
74198980708
75322775636
75323037780
75318520100
75318536580
75318597720
75318602320
75318520356
75318536836
75318597736
74265503124
75318602336
74198919704
74198373720
75339483732
75339483736
75339745620
75339745624
75339745876
75339745880
75273366116
75273366180
75323042116
75323058500
75322780228
75322796612
75323042372
75323058576
75339766096
74265827936
74198570328
74198570392
74198570584
74198570648
79630068132
79630068388
75339421032
75339421096
75339425124
75339425188
75339425128
75339425192
75339762088
79634507412
74265482584
74265482840
74265482600
74265482856
75322447204
79634524488
75322694040
75322694056
75322759528
74183223956
74183223972
75322759576
79634540872
79634786632
79634803016
75322533476
75322529128
75322529384
75322533224
75322533480
75339498916
75339498920
75339499172
74199702040
74199767576
74199886436
74199886500
75339499176
75339568736
75339572832
74182974084
74182978192
74183219860
74183219876
75322529176
75322529432
75322791568
75322795664
74198394216
74198394472
74198394280
74198394536
74198459752
74198652456
74181863576
74181929496
75323566500
75323566756
75339766308
75339831844
75318338984
75318339240
75323566488
75323566744
74198377816
74198378072
74198377832
74198378088
74199698004
74199698008
74199698020
74199698024
75324070552
75324070568
75322763928
75322763944
74198718048
74198722144
75323824776
75323841160
74181913240
74181913256
74198574424
74198574488
74198574680
74198574744
75322730664
75322796584
74198590824
74198590888
75272316248
75272316312
79630018200
75340815008
75340819104
74265486680
74265486936
74265486696
74265486952
75318252900
75318253156
74181617000
74181600600
74181600856
74181600616
74181600872
74198586724
74198586788
74198586728
74198586792
74181617256
75323824784
75323828880
74198394200
74198394456
75322463588
75322463844
75339508304
75322710404
75322714704
75322776144
75322780240
75322710660
75322714768
75322776208
75322780304
75339504272
75340470872
75340470936
75340470888
75340470952
75340487256
75340487320
75340487272
75339487524
75339504004
75339749668
75339766148
75339487780
75339504260
75339749924
75339766404
79634454916
79634459024
75340749416
75340749480
74199763540
74199763544
75272115544
75272115800
75272119652
75272119908
75272119656
75272119912
75339229540
75339229796
75323742804
75323742820
75323742868
75323742884
75323808340
75323808356
75323808404
75323808420
74265503080
74265503336
74198390116
74198390372
74198394212
74198394468
74198833832
74181663128
74181663384
74181663144
74198837860
74198837924
74198837864
74198837928
74198833764
74198833828
79631116692
79631116948
75272119636
75272119892
75272136020
75272136276
75272136024
75272136280
75339240788
75339241044
79630260312
79630264720
79630264420
79630330148
79630329956
79630346820
79634459040
79634520644
79634524752
74265745508
74265762180
74265749608
74265766280
75322698068
75322698084
75322698324
74198391140
74198391396
74198391204
74198391460
75323026008
75323026024
74198456676
74198456932
74198456740
74198456996
79634454616
79634520344
79634520152
79634782296
79634454680
79634520600
79634520216
79634782360
92721645992
148353935712
79630346792
79630346408
79630346344
79630608488
79630608552
75272464552
75272726696
75323812452
75323746900
75323812500
75323746964
75323746980
75323746916
75323812436
75323812516
74198395304
74198395560
74265504168
74265504424
74198391144
74198391400
74198395236
74198395492
75322796196
75323058340
75272120664
75272120920
75272120680
75272120936
75272137048
75272137304
75272137064
75272137320
75339241828
75339242084
104717265177
75339491428
75339753572
75339487336
75339749480
75339491432
75339753576
75339688596
79629997416
79629997672
75340278104
75340278360
75340278120
74181863524
75340278376
75340294488
75340294744
75340294504
75340294760
74198653264
74198657360
74198915408
74198919504
75339486756
75339503236
75339486760
74198653520
74198657616
74198915664
75339503240
75339490852
75339507332
75339490856
79635245412
79635245668
75273382504
75273382568
79634475112
75322464664
74177406292
74177406548
75322464920
75322530136
75322530392
75322530200
75322530456
75322792036
75323042072
79634782600
75322698132
79634786720
75322698148
79634786692
79634803076
74265568612
74265568868
74265564520
74265564776
74265568616
74265568872
75339499108
75339499112
75339564712
75339564644
75339564648
74199640676
74199640740
79634213544
75339491624
75339508104
75339753768
75339770248
75339491880
75339508360
75339754024
75339770504
74198903064
74198919496
74198919448
74198984984
74198903060
74198919492
75339704932
75339504032
75339508128
75339569568
75339573664
74198570344
74198570408
74198574436
74198574500
74198574440
74198574504
75272137128
75272137384
74198657108
74198919252
74198722644
74198984788
74198657172
74198919316
74198722660
74198984804
75322792020
75323041880
74265761424
74265765520
74265757332
74265757336
75318269268
75318269524
75318269332
75318269588
75318334804
75318335060
75322713668
75322729872
79634438548
79634438564
79634261348
79634261604
79634277716
79634277972
74181600852
74181600660
74181600916
74181666132
74181666388
74181666196
74181666452
75322463572
75322463828
75322463636
75322463892
75322529108
75322529364
75322529172
75322529428
79630062932
79630063188
92788755112
79629998424
75319388516
75319388772
75319388836
75319323044
75319323300
74181846356
74181846372
74181846360
74181846376
75340794472
74198723092
74198919700
74198985236
75339306340
75339306596
75339306344
75339306600
75339310436
75339310692
75339310440
75339310696
79634441624
79634441640
79634441880
74266552724
74266552980
74266552740
74266552996
79634441896
79634507352
79634507368
74265761880
74265827608
74265765976
74265831704
75273362004
75273362068
75273366100
75273366164
75273362008
75273362072
75339241832
75339242088
74198648488
75272382548
75272644692
75272398932
75272661076
75272382564
75272644708
75272398936
75272661080
75339503700
75339765844
74199620180
74199620244
87411009162
104717199658
79634458952
79634475336
74182912672
74182974088
74182978208
79634459016
79634475400
79634524552
75322512724
75322512980
75322512740
75322512996
75322529124
75322529380
75339683416
75339683480
75339700824
75339700888
75339498900
75339498904
75339499156
75339499160
75339503248
75339507344
75339761300
75339761304
75322759572
75322759588
75322759592
75322763668
75322763684
75318258008
75318258264
75339240852
75339241108
75339306324
75339306580
79634257236
79634257492
74181667224
74181667480
74181667240
74181667496
75322452312
75322452568
75322452376
75322452632
75322517848
75322518104
75322517912
75322518168
79630002520
79630002776
75318252884
75318253140
75318252888
75318253144
75318256980
75318257236
75318256984
75318257240
79635552664
79635552680
79635552920
79635552936
79635573380
79635589764
79635815064
79635815080
74181858952
74181863072
74177422680
74177422936
74181863048
74181879432
74177422744
74177423000
74177488212
74177488468
75340356008
75340356264
75340470868
75340470932
75340470884
75340470948
75340487252
75340487316
75340487268
75340487332
75272316264
75272316328
75272316520
75272316584
75272398360
75272463896
75272578664
75272578728
74181682520
75318338916
75318339172
75318339160
74181616980
74181617236
74181617044
74181617300
74181682516
74181682772
75272201576
75272201832
75323497108
75323496856
75323497112
75323501204
75323500952
75323496852
75322468696
75322468952
75322468712
75322468968
75339438436
75322452328
75322452584
74199640724
74199685672
74199702152
74199640660
74181879172
93015673506
148354738792
74199685472
74199689568
74199697812
74199697816
74199685536
74199689632
75339229528
75339229784
75339229544
75339229800
75272313176
75272313240
75322772052
75322772056
75322788436
75322788440
74265762208
74265766304
74265762464
74265766560
74198395240
74198395496
74198460776
74198461032
74198460840
74198461096
74182191252
74198588004
74198588068
74198588008
74198588072
74198636072
74198652552
74181666148
74181666404
74181925444
74181929552
74198915680
74198919776
79634508436
79634508452
79631051412
79631051172
79631051428
79631067540
79631067796
79631067544
79631067800
74198394196
74198394452
74198394260
74198394516
74198459732
74198459988
74198459748
74198460004
75272333672
75272333736
75339700836
79630346888
75318519892
75318597908
75318519908
75318597912
75318536292
75318602008
75322775876
75322792260
75323812244
75323746644
75323746660
75323812260
79630063960
79630064216
79630063976
79630064232
79630068068
79630068324
79630068072
79630068328
75339766176
75339770272
75339504288
75339508384
75339766432
75339770528
75322714196
75322792212
75322779732
75323041876
75322779796
75323041940
79630264404
79630330132
75322792272
75322796368
75322714692
75322730896
75322792336
79634437528
79634437544
75322468776
75322469028
75322464676
75322464932
75322469032
75323021924
75322792352
75322796448
75323042376
75323058592
75322792608
75322796704
79631133080
79631133336
74198637136
74198641232
74198899280
74198903376
74199439972
74199439720
74199439976
74199443812
74199444068
74199443816
79634458728
79634524456
79634524264
79634786408
75339770136
75339835672
75322714212
75322792216
75322730596
75322796312
79634540936
79634520452
79634524560
79634524576
79634520456
75339491412
74181863748
74181880132
74181863812
74181880196
74181929348
74181945732
75339753556
75339507796
75339769940
75339499092
75339499096
75339564628
75339564632
75339700840
75339700904
75272574548
75272574612
74182715732
74182715736
74182715992
74182715988
75323845280
74177751128
74178013272
74182187400
74182191520
74182191496
74182207880
74177685656
74177751576
74177751320
74177669224
79635552916
79635552932
79635557012
75322796116
75323058260
75322730644
75322796564
75322796180
75323058324
74199886420
74199886484
74182191256
75318520104
75318536584
75318536296
75318602024
74181879896
75322779268
75322795652
74198898272
74198902368
74181924488
74181928608
74198898336
74198902432
74198652560
74198656656
74181858696
74181862816
74266532452
74266532200
74266532456
74266536292
74266536548
74266536296
74266536552
92721646248
148353952072
148354017560
92948302498
148353952136
92948564642
148354017576
75340552784
75340556880
75340618320
75340622416
75340618336
75340622432
75322534248
75322534504
75322534488
75340552848
74198590804
74198590868
74198591060
74198591124
74198853204
74198853268
75322447272
75322447528
75322512744
75322513000
75322512808
75322513064
79634441620
79634441636
79634441876
79634441892
79634507348
79634507364
79634507428
75339307368
75339307624
75339683492
75339699796
75339699860
74199439700
74199439956
74199439764
74199440020
74199505236
74199505492
74199505252
74198648168
74198648420
74198648424
74198460836
74198461092
74198980904
74198653224
74198718760
74198657320
74198722856
74181929048
74199619992
74199624024
74199624088
74199624020
74199624084
75318339940
75318340196
75322775940
75322792324
75322714408
75322779944
75322730600
75322796328
74198657112
74198919256
74198636056
74198652488
75272377896
75272382112
75272578644
75272578708
75323837032
75323837092
75323837096
74181683544
74181683800
74181683560
74181683816
75339437416
74198985240
75339437480
75339437672
75339437736
75339699816
75339699880
74265503060
74265503316
74265503380
74265568596
74265568852
75339486744
75339503176
75340274024
75340274280
75340278116
75340278372
79635507588
79635523972
79635552856
79635552872
79635507844
79635524228
75340486996
75323763076
75323779460
75323763080
75323779464
75323758980
75323763280
75339688356
75339684200
75339684264
75339688296
75339684196
75339684260
75339688360
75322534296
75322534552
74177403224
74177403480
74177403240
74177403496
74177407332
74177407588
75339569760
75339573856
75339569824
75339504224
75339508320
75339573920
75272316504
75272316568
75272381976
75272398408
75272202600
75272202856
79634507432
75323496788
75323497044
74265500068
74265500072
74265500328
74265504420
74265500324
105917328010
148354804328
75322534292
75322534548
79630264408
79630330136
79630280792
75323042436
75323058820
75323038340
75323042448
75323038344
75323042464
75322788196
75322788200
75322788180
75322788184
75340474728
75340474792
75340474984
75340475048
75340622360
75340737128
75340737192
74265762448
74265766544
75322792084
75323042324
75322792088
75323042340
75322796184
75323058328
75272317288
75272317352
75272579432
75272579496
75272579688
75272579752
74198587752
74198587816
74198587748
74198587812
74265741988
74265741992
74265758372
74265758376
74265741732
74265741736
74198653536
74198657632
74198719072
74198723168
74198653600
74198657696
74198719136
74198723232
75340290724
75323020948
75323020964
75323020952
75323020968
75323025048
75323025064
79631051108
79631051364
79631067476
79631067732
79631067480
79631067736
79634258280
79634258536
79634262372
79634262628
79634262376
79634262632
74181597592
79634524744
79634541128
79634459272
79634475656
79634524808
79634541192
79630001512
79630001768
75339241892
75339242148
75339241896
75339242152
75339245988
75339246244
75339245992
75339246248
75273644648
75273644712
79630330008
79630346632
79630346392
79630608536
79630330024
79630068052
79630068308
79630068056
79630068312
74178455896
74178456152
74182896036
74182896024
74182896040
74178455912
74178456168
74182895960
74182895976
74178452056
74181929288
74181945672
74181863816
74181880200
74181929352
74181945736
74198653280
74198657376
74198718816
75322710340
75322714448
75322775888
75322779984
75322710416
75322714512
75322775952
75322780048
75319306600
74182646100
74182646356
74182646164
74182646420
74182711636
74182711892
74182711700
74182711956
75319302504
75322464868
75322464612
75322779976
75322796360
75322714504
75322730888
75322780040
75339483556
75339483560
75339483812
75339483816
75339745700
75339745704
75339745956
75339745960
75322780232
75322796616
75322780296
75322796680
75322714696
75322730912
79630067096
79630067352
79630067112
79630067368
79630083480
79630083736
79630083496
79630083752
75322463912
75339687512
75339687576
74199439704
74199439960
74199443796
74199444052
74199443800
74199444056
74182646104
74182646360
74182650196
74182650452
74182650200
74182650456
74199619924
74199619988
75272644888
75272661320
74198640920
74198657352
74198640936
74198657416
75318269348
75318269604
75318252964
75318253220
74198849112
74198849176
75323496792
75323497048
75323500884
75323501140
75323500888
75323501144
74199423332
74199423588
74199423396
74199423652
74265765992
74265831720
75339491608
75339508040
75339507992
75339573528
75339503780
75339765924
79635556948
79635552852
79635552868
79635556964
79635556952
79635556968
87411010186
104717265194
75339224424
75339224680
75339224488
75339224744
75339240856
75339241112
75339240872
75339241128
74182171028
148353952388
79634257300
79634257556
79634257304
79634257560
79634261396
79634261652
79634261400
79634261656
75322791556
79635245480
79635245736
74266532180
74266532436
74198574740
74198574692
74198591076
74198591140
75322534484
74181909140
74181909156
74181909080
74181909096
74181909144
74181909160
74198649492
74198649496
74198649508
75322447460
75322447268
75322447524
75322512804
75322513060
75322759844
75322759768
79631116712
79631116968
75322759764
75322759832
75339503124
75339568660
74181682536
74181682792
74198717992
74198656552
74198722088
74198717988
74198656548
74198640164
74198656644
74198456680
74198456936
74265831524
74266093668
74265831528
74266093672
75322788452
75322788456
75322788516
75322788520
74198394264
74198394520
74198459736
74198459992
75322533220
97083591272
148354722468
97209911906
148354738836
97209911970
148354738840
75318335848
75318336104
75318339944
75318340200
75323836836
75323836840
74181597544
74181597800
74181601636
74181601892
74181601640
74181601896
75339437412
74198718996
74198653464
74198719000
74198657560
74198723096
75339437476
75339437668
75318253992
75318254248
75318270360
75318270616
75318270376
75318270632
75322694292
75322698404
75322694232
75340274008
75340274264
75340278100
75340278356
74265486756
74265487012
74265503140
74265503396
75339241876
75339242132
75272661272
75272726808
75339245972
75339246228
75339311444
75339311700
75339311460
75339311716
75322448228
75322448484
75322448292
75322448548
75322513764
75322514020
75322513828
75322514084
79629998484
79629998740
79634475096
79634540824
79634540840
74198455636
74198455892
74198455652
74198455908
74198455656
74198460008
75339684180
75339688276
75339688340
75339684184
75339684248
79635245416
79635245672
75318536340
75318602260
75318536356
75318602264
74177407316
74177407572
74177407320
74177407576
75339487904
75339492000
75339508368
75339573348
75339835492
75272136084
75272136340
75272201556
75272201812
75272201560
75272201816
75339569252
75339831396
75339569256
75339831400
75339573352
75339835496
75339426408
75339426472
75339688552
75339688616
74182891924
74182891940
74182892180
74182892196
74182957716
74182957732
74199681624
74199681620
74199681636
74199681640
74265500004
74265500260
74265500008
74265500264
74265504104
74265504360
74265504100
75272595816
75272595880
75339500180
75339500184
75339500196
75339500200
74182191192
74181929064
74182191208
74181945448
74182207592
74181945432
74182207576
79630260328
75322780292
75322796676
79630264976
75339699812
75339703912
75339703976
75339703908
75323742612
75323742628
75323808148
75323808164
74199619940
74199620004
74199620196
74199620260
74177406312
74177406568
74177406376
74177406632
74177422760
74177423016
75340474968
75340475032
75340540440
75340556872
75340737112
75340737176
75322714660
75322780196
75322730648
75322796580
75272317284
75272317348
75272317540
75272317604
75272579428
75272579492
75272579684
75272579748
79634503064
79634503080
74265758116
74265758120
75322791584
75322795680
79634262356
79634262612
79634262360
79634262616
79630067108
79630067364
75273366104
75273366168
74199636564
74199636628
74199636580
74199636644
74181663060
74181663316
74181663124
74181663380
79634520648
79634524768
79634455176
79634459296
79634520712
79634524832
75340470628
75340470692
75340487060
75340487012
75340487076
74266532196
74266532260
74266532516
75339245924
75339246180
75339245928
75339246184
79634438808
74198631844
74198631848
74198648212
74198648216
74198648228
74198648232
79634438824
74198657176
74198919320
74198722664
74198984808
79630264472
79630330272
79630280856
79630346776
79630280872
79634261416
79634261672
79634277784
79634278040
79634277800
79634278056
74181666152
74181666408
74181666216
74181666472
74181846676
74181846692
74181846680
74181846696
74181842580
74181842596
74181842584
74181842600
74199968416
79630067092
79630067348
79630083476
79630083732
79630019160
75322447252
75322447508
75322463652
75322463908
74181929112
74181929124
74182191268
74198915604
74198981140
74198915608
74198981144
74198632868
74198632872
74198633124
74198633128
74198895012
74198895016
74198895268
74198895272
74198632804
74182961832
74182978184
74182994568
74183223960
74183223976
75339507268
75339507272
75322792104
74198653028
74198915172
74198653092
74198915236
74198718628
74198980772
75322775700
75323037844
75272313432
75272313496
75272575320
75272575384
75272575576
75272575640
75318339156
75318273380
75318273636
75318273444
75322534312
75322534568
74198853988
74198854052
74198854056
74198849896
74198849960
74198853992
75322467668
75322467924
75322467732
75322467988
75322533204
75322533460
75322533268
75318257060
75318252968
75318253224
74265827432
74266089576
74198718568
74198980712
75322451348
75322451604
75322451364
75322451620
75322467748
75322468004
75322772068
75322772072
75322772132
75322772136
74266806676
74266806680
74266811024
74266815120
74266806932
74266806936
75323025812
75323025828
75339224420
75339224676
75339224484
75339224740
75339240868
75339241124
75272382552
75272644696
74182170964
74182170980
74182170968
74182170984
75272382568
75272644712
75339422040
75339422104
74199640424
74199640488
74199706152
74199771688
74199902824
74199902888
79634257240
79634257496
79634261332
79634261588
75339699800
75339699864
75322516820
75322517076
75322516836
75322517092
79630018920
79630019176
74199763556
74199763560
74199763620
74199763624
74198590820
74198590884
75339244884
75339245140
75339244948
75339245204
75339310420
75339310676
75339766312
75339831848
75339487528
75339504008
75322534244
75322534500
75340491092
75340491156
79631051096
79631051352
79631051160
79631051416
79631116632
79631116888
79631116696
79631116952
74265761944
74265827864
74265766036
74265831956
75322788504
79634769560
79634769576
75339244964
75339245220
74198833748
74198833812
74198850132
74198850196
75340548756
75340548760
75340556944
75340810900
75340810904
75318335828
75318336084
75318339924
75318340180
75318335832
75318336088
79631133352
75323812520
75323812440
75323746904
75323746984
75323812456
75323746968
75323812504
74265503076
74265503332
79634458724
79634524452
79634454632
79634520360
74181600680
74181600936
74181617048
74181617304
74181617064
74181617320
79634438804
79634438820
79635245400
79635245656
79635245464
75318520224
79635245720
79635310936
79635311192
79635311000
79635311256
75339765908
75339507860
75339770004
75339503768
75339765912
75339507864
75339770008
75339426148
75339426212
75339426404
74181911956
74181911972
75339426468
75339688292
75339500132
75339500136
75339500116
75339500120
74181863512
74181929240
74181945624
74181863528
74181929256
74198718800
74198722896
74198980944
74198985040
75339703896
75339703960
74198719056
74198723152
74198981200
74198985296
75339703892
75339703956
88485800586
104734042666
75272313428
75272317524
75272317588
74177406308
74177406564
74177422740
74177422996
75339770020
75319306856
75319322968
75319323224
75319322984
75319323240
74199624036
74199619928
79634523780
79634540164
75323038088
75323042400
75322780036
75322796420
75322775944
75322792328
75318519896
75318597924
75272312152
75272312216
75272312168
75272312232
75323496804
75323497060
74199423316
74199423572
75272464472
74182715816
74182716072
74182711704
74182711960
74182711720
74182711976
74182715812
74182716068
75322714200
75322792228
75322779736
75322779800
74198377896
74198378152
74198570600
74198570664
74198574756
74198574696
74198574760
74198570596
74198570660
75323841184
74198631764
74198631768
74198631780
74198631784
75323763336
74198902888
74198657128
74198640728
74198902872
74198919272
74198640744
75272399124
75272464660
75272726804
75272661524
75272727060
79634261412
79634261668
79634277780
79634278036
74266532184
74266532440
74266536276
74266536532
74181600612
74266536280
74266536536
74199423320
74181600868
74181600676
74181600932
74181666212
75339503908
75339569444
75339503912
75339569448
75339766052
74181846440
74181846420
75273165140
75273165396
75273165144
75273165400
75273169236
75273169492
75273169240
75273169496
75340274004
75340274260
75339491416
75339753560
75339507800
75339769944
79634458712
79634524440
75323742616
75323746708
75323746724
74199689888
74199947936
74199952032
74199439784
74199440040
74199505256
74199505512
74199505320
74199505576
75339437652
75339437716
74199624292
74199624356
74199620200
74199620264
74182912392
74182928776
74182961752
74182961768
74182912648
74182929032
75318274408
75318274664
75318274472
75318274728
75318340008
75318340264
79630346884
75340552744
75340618280
79634278760
79634279016
75272317528
75272313492
74198571668
74198571620
74198571684
74198849876
74198849940
74198853972
74198854036
75323517288
75323517544
75318257252
74177685896
74177669288
74177686152
75318256996
75339438744
75339438676
75339422372
75339438692
75339438756
75339438740
75339422308
75339422312
75339422376
74265483620
79631047000
79631047256
79631047016
75322467684
75322467940
74266794336
74266798432
74266794400
74266798496
75323497124
75323501224
75323500964
75323496868
75323497128
79630084504
79630084760
74199640472
74199640664
74199640728
74199689768
74199706248
74199902808
74199902872
74199701920
74199706016
74199763364
74199763368
74199697764
74199697768
74199697828
74199697832
75322772116
75322772120
75322788500
75322448276
75322448532
75322464660
75322464916
75339422292
75340733012
75340733076
74266090144
74266094240
74266089888
74265827744
74265831840
74265828000
74265832096
74266093984
75322513812
75322514068
75322530196
75322530452
75322530212
75322530468
75272661288
75272726824
75339225444
75339225700
75339225508
75339225764
79634192788
79634193044
75322534228
75322534232
79631051176
74181929544
74181945928
74181925448
74181929568
79631051432
75339573412
75339835556
75319302484
75319302740
75319302500
75319302756
75319318868
75319319124
75340548692
75340548696
75340536416
75340540512
75340798560
75340802656
75323562324
75323562580
75323562388
75323562644
79631046996
79631047252
75323746712
75323746728
75323812248
75323812264
75323746648
79630064024
79630064280
79630064040
79630064296
79630068136
79630068392
75340491368
75340491432
75339831968
75339836064
74198653032
74198915176
75339422356
75339422296
75339422360
75339426388
75339426452
75323517272
75323517528
75340470612
75340470676
75323513172
75323513428
75340474708
75318536344
75318602276
75318520340
75340274020
75340274276
75340290388
75340290644
75340290404
75340290660
79635241300
79635241556
74199439780
74199440036
74199443876
74199444132
74199443880
75272317268
75272317332
75272317272
75272317336
75272313172
75272313236
75339748960
75339753056
75339744852
75319306580
75319306836
75319306596
75319306852
75319322964
75319323220
75319322980
75319323236
75323562392
75323562648
74182912388
74182928772
74178455908
74178456164
74178455972
74178456228
74182957652
74182957668
75272316244
75272316308
75272398952
75272661096
75272574568
75272574632
75272578660
74182711656
74182711912
74182715748
74182716004
74182715752
74182716008
74182711640
74182711896
75339770132
75339835668
74265499032
74265499288
75339770388
75339835924
79634196884
79634197140
79634196888
79634197144
75319318872
75319319128
75319318936
75319319192
74182650260
74182650516
74198570580
74198570644
75322694036
75322694052
75340470632
75340470696
75340474724
75340474788
75323759240
75323763360
75323824800
75323828896
75339770392
75339835928
75272644884
75272661316
75272382996
75272399428
75272645140
75272661572
75339422052
75339422116
75339438484
75339438500
75339422036
74266532264
74266532520
74266536360
74266536616
74266536356
79634503316
79634503332
79634519684
79634523792
79634765460
79634765476
75319323032
75319323288
75319388504
75319388520
75319388776
74199636376
74182650212
75322517928
75322518184
75322792100
75323042328
75323742548
75323742564
75323742552
75323742568
75323746664
74198635872
74198639968
74198648164
75323513176
75323513432
75323517268
75323517524
79631051156
74199427428
74199427684
75339683432
74199439768
74199440024
74199505240
74199505496
74198836820
75322697112
75322697128
75322713480
74198836824
74198836888
75322762648
75322762664
75322729864
79634442644
79634442660
74199624100
79629998680
74199619944
74199620008
75318274404
75318274660
75318274468
75318274724
75318340004
75318340260
74181879960
74181945880
74181879976
74181945896
75323038084
75323042180
75323058564
75323042184
75323058568
88467908234
104717199894
79635241320
79635241576
75322714392
75322779928
75339225704
75340552800
75340556896
75340274084
75340274340
75340274088
75340274344
75340278180
75340278436
75340278184
75340278440
74181843288
75322713476
75322729860
75322758552
75322758568
75322762660
75323517336
74177686148
74177665192
74177669792
74177665128
74177669536
75339311464
75339311720
75339311528
75339311784
74182171288
74182171304
74198911652
74198911656
74182171044
74181908888
74182171048
79631051092
75323808152
75323808168
79631051348
75322451284
75322451540
75339684456
75339684520
75322516884
74177407396
74177407652
74177407400
74177407656
74177403304
74177403560
79635819176
75339831904
75339836000
74198849892
74198849956
75324074664
75323500900
75323496808
75323497064
75323501156
75323500904
75323501160
75322468708
75322468964
75322468772
75322534308
75322534564
79630329944
79630346628
79630346328
79630608472
79630329960
75322788244
75322788248
75322788260
75322771860
75322771864
75322771876
75322771880
75339700580
74265832032
75322513748
75322514004
75322530132
75322530388
75322530148
75322530404
75322771812
75322771816
79635503748
79635507856
79635569284
79635573392
75318335912
75318336168
75318270308
75318270564
75318270372
75318270628
74182187112
74181859496
74181925416
74181925032
74182187176
79634504340
79634504356
79631051112
79631051368
79631067496
79631067752
79634258344
74182895956
74182895972
79634258600
79634262436
79634262692
79634262440
87394231946
104717199642
74181663080
74181663336
74181597608
74181597864
74181663400
79634786696
79634803080
79634786952
79634803336
74182896020
74182896276
74182896292
74182961748
74182961764
74182961812
74182961828
79630064020
79630064276
79630068116
79630068372
79630068120
79630068376
74182957460
74182957476
74182957464
79634475160
79634541080
75323038020
75323042128
75322776132
75322792516
75323038096
75323042192
75339422100
75340356200
74198898964
74198915396
74198915348
74198980884
74198898980
74198915460
74181945924
74182191492
74182207876
75323517284
75318519912
75318597928
75273365844
75273365908
75273382488
74199624276
74199624340
75273382228
75340753496
75340753560
75339687588
75339683496
74199443860
74199444116
74199443864
74199444120
75339687528
74265765280
74198656608
74198910564
74198910568
74265761184
74265822628
74265822632
75340491108
75340491172
74266536612
75339486816
75339490912
75339486800
75339490896
75339503184
75339507280
75339503200
75339507296
75323578728
75323578984
75272316500
75272316564
75339486560
75339490656
75272381988
75272398468
75272381972
75272398404
75272398356
75272463892
75339503892
75339569428
75318601828
75318863972
74198911332
74198911336
74198911396
74198911400
74198976932
74198976936
79634196820
79634197076
75273447956
75273513492
74265827412
74266089556
74265761940
74265827860
74265761876
74265827604
79630346568
87394232970
75323042068
75322714644
75322780180
79630264644
79630281028
75339744856
75339761256
75322758548
75322758564
75322758804
75322758820
75322775172
75340474772
74182171300
74182175380
74182175396
74182175384
74182175400
75322775112
75322787416
75322697108
75322697124
75322697364
75322697380
75322787476
75322787480
79634257320
75273169252
75273169508
75273169316
75273169572
75273185684
75273185940
75273185688
75273185944
75339437396
75339437460
79634453892
79634458000
75272579416
75272579480
75272579672
75272579736
75339499876
75339499880
74198591064
74198591128
74198591080
74198591144
79634503252
79634503268
79634454148
79634458256
75322517908
75322518164
75322517924
75322518180
75339831588
75339766056
75339770148
75339835684
75339831592
75339507220
75339572756
75339569704
74265827680
74265831776
75323025752
75323025768
75323025816
75323025832
74198571352
74198571416
74198571368
74198571432
74198587736
74198587800
75272136104
75272136360
74181859480
74181863588
74181929508
74181863592
74181929512
75322776160
75322780256
75322792528
75322796624
75322788264
75339499940
75339565732
75339565668
75322775716
75323037860
79635241304
79635241560
79635245396
79635245652
75318335908
75318336164
74181597848
74181601700
74181601956
74181601704
74181601960
75339426136
75339426200
75339426392
74181843300
74181843348
74181843364
74181908820
74181908836
74265503128
74265486760
74265487016
75339311524
75339311780
79634524248
79634786392
79634540632
79634802776
79634540648
79634802792
74182187332
74182191440
75339684436
75339684500
75339688532
75339684440
75339749984
75339754080
75339750048
75339754144
75339766416
75339770512
74181912152
74181912168
74181912216
74181912232
75272641064
75272645280
75272645160
75272645156
75272661636
79630264708
79630281092
79630264964
79630281348
75323500968
79634278804
79634279060
74266089808
74266093904
74265827664
74265831760
74266089824
74266093920
74198374760
74198375016
74198374824
74198375080
74198391192
74198391448
74198391208
74198391464
75340753512
75340753576
75339503952
75339508048
79634258324
79634258580
79634262420
79634262676
79634262424
79634262680
74199636324
74199636388
74199636328
74199636392
74199640420
74199640484
74181663064
74181663320
75322796132
75323058276
75322730660
79634782856
79634786976
74198836840
74198836904
75339766296
75339831832
75339749928
75339766408
74198632104
74198648468
74198648472
74198648484
75322775652
74198632036
74181847444
75322796432
75339569488
75339573584
75339504016
75339831632
75339835728
75322776100
74182908292
74182912400
74182908296
74182912416
75339491604
75339508036
75339753748
75339770180
75339491860
75339508292
75339754004
75339770436
79634458948
79634475332
74199706180
74199689748
74199685656
74199702088
74199689752
74199706184
74199767712
74199771808
74198636820
74198653252
79634457988
79634453896
79634458016
75323566436
75323566692
75323562600
74199505508
75323562328
75323562584
75323566424
75323566680
105917262474
148354804312
75339503128
75339568664
74178472340
74178472596
74178472344
74178472600
75272595800
75272595864
75322693208
75322693224
75322693272
75322693288
75322758744
75322758760
75322758808
75322758824
74266552660
74266552916
74266548568
74266548824
74198850148
74198850212
74198854244
74198854308
79630001508
79630001764
79630067044
79630067300
75272332648
75272332712
75272332696
75272332632
75272332628
75272332692
75273185620
75273185876
75273185624
75273185880
74198976852
74198976856
75273382248
74265745492
74265762116
75273382312
75339441508
75339441572
87394167370
104717265173
87395215946
104734042389
87395216010
104734042390
74266806692
74266806696
74266872420
74266872424
74182175124
74182175140
74182175128
74182175144
74182171032
75322709408
75322713504
75322774944
75322779040
75322697044
75322697060
79634257256
79634257512
74182650468
74182650276
74182650532
75339704664
75339704728
75339704680
75339704744
74198590808
74198590872
75339749672
75339766152
75339437400
75339437464
75339441496
75339441560
75322451556
74198715044
74198715048
74198833768
75272575592
75272575656
75272579668
75272579732
79634196132
75322759828
75323021716
75323021732
75323021972
75323021988
75339228500
75339228756
75339228516
75339228772
75339244900
75339245156
79634195796
79634196052
75323026072
75323026088
74265565540
74265565796
74265565604
74265565860
75339228520
75339228776
75339228584
75339228840
75339244952
75339245208
75339244968
75339245224
74198850136
74198850200
74198850152
74198850216
74198833752
74198833816
75340548516
75340548520
75340548772
75340548776
75340810916
75340810920
75318335844
75318336100
74181597588
74181597844
74181601684
74181601940
74181601688
74181601944
75340294568
75340294824
74265503064
74265503320
75339688548
75339688612
79634524260
79634786404
79634520168
79634782312
75339307364
75339307620
75339307428
75339307684
75318602144
75318520344
75318536608
75318597796
75318597732
75318602080
104717265178
74181912164
74181912212
74181912228
75272378904
75272378920
75272383136
74265565544
74265565800
74265565608
74265565864
75272313448
75272313512
75323500948
75323566420
75323566676
74198390168
75323566484
75323566740
74198391188
74198391444
75319306664
75319306920
75319323048
75319323304
74265503384
74265503144
74265503400
79634524324
79634786468
79634520232
79634782376
79634524328
79634786472
75272312408
75272312472
75272316516
75272316580
75272640792
75272644960
75339705000
74198903076
74199636308
74199636372
74199636312
74199640404
74199640468
74182174356
74182174372
75340491352
75340491416
75339753764
75340487000
75340487064
74198836900
75339487768
75339504200
75339487784
75339504264
75322697300
75322697316
75339503008
75339507104
74198648404
74198648408
75324074648
74198632020
74198632024
75340294484
75340294740
75340294500
75340294756
75339425108
75339425172
75339425364
75339425428
75339687508
75339687572
79634441556
79634441572
75323566440
75323566696
75323566504
75323566760
75323021908
75339831576
75339753752
75339770184
75339766084
74199702176
74199706272
74199964320
75339421272
75339421336
75339421288
75339421352
75339437656
75339437720
79630330020
79630346824
75339569236
75339831380
79634520148
79634782292
74198853220
74198853284
79630067028
79630067284
79634503060
79634503076
79634507156
79634507172
79630001556
74198713956
74198713960
74198713944
74178455892
74178456148
75339762340
75339762344
75339762260
75339762264
75339762276
75339762280
79634454920
75272595796
75272595860
75272579412
75272579476
75340491112
75340491176
75322693204
74181864072
74181880456
74181929608
74181945992
75322693220
75322693268
75322693284
75339700644
79634504084
79634504100
75340794532
75340794536
75340794468
75273628244
75273628308
74198854232
74198854296
74198854228
79630001492
79630001748
79630001812
74177751592
74177751208
74178013352
74177685608
74177751336
79631047064
79631047320
79631047080
79631047336
74198636192
74198640288
74198652576
74198656672
75273382232
75273382296
75273382552
75273431592
75273448072
75273644632
75273644696
75322451304
75322451560
75322467672
75322467928
75322467688
75322467944
74266872228
74266872232
74266806628
74266806632
75322779208
75322779272
75322795656
75272201640
75272201896
79634508180
79634508196
79634508184
79630002584
79630002840
75322762900
75322762916
74182715796
79634196824
79634197080
75272313192
75272313256
75339704660
75339704724
75339704676
75339704740
75322513816
75322514072
75322513832
75322514088
79634195860
79634196116
75322759508
75322759524
75322759780
75323021652
75323021668
74181879912
74181945640
74182191504
74181945512
74182207656
79634765464
79630019156
74182187396
75322533524
75339228504
75339228760
75339244888
75339245144
75339244904
75339245160
74198833560
74198849880
74198849944
74198833512
74198833576
74198833496
79634196836
79634197092
79635569288
79635573408
75340548452
75340548456
75340548708
75340548712
75340810856
75339766112
75339770208
75339749728
75339753824
79634442648
79634442664
75339491876
75339508356
74181662100
74181662356
74181662104
74181662360
75339766036
75339831572
75339504148
75339569684
75339766292
75322731140
87411993226
104734042406
75323501208
75323517592
75323517352
75323517608
79630063272
75339483476
75318601832
75318863976
74265500056
74265500312
74265565528
74265565784
79630608468
79630280852
79630346772
79630346388
79630608532
79634782532
79634782536
79634786656
79634524484
79634540868
75318273700
75318338980
75318339236
75339761320
75339744932
75339744936
75319306660
75319306916
79634458708
79634524436
79634524244
79634786388
79634458772
79634524692
79634524308
79634786452
92721031424
148353952068
88467973770
104717199898
88467974730
104717265433
88467974794
104717265434
79634458788
79634524708
79634454696
79634520616
79634458792
79634524712
75272312404
75272312468
74198455716
74198455972
79634192808
79634193064
79634196900
79634197156
74198656648
74181912148
75322518116
75340294552
75340294808
74181929604
74181945988
74182191748
74182208132
74198915728
74198919824
74198981216
74198985312
74266876576
79634504020
79634504036
75340474980
75340475044
75324074644
75324074660
75339422056
74198652320
74198656416
74198914720
74198918816
79634503320
79634770596
75272332884
75272332948
75272595028
75272595092
75339486624
75339490720
75322762840
75322762856
75323746920
75339307432
75339307688
75339421268
74198657576
74198723112
75339421332
75318601892
75318864036
75322447256
74181945496
74182207640
74181929128
74182191272
79630264648
88469023370
104734042650
74198635936
74198640032
79635241368
79635241624
79635241384
79635241640
79635245476
79635245732
75339749024
75339753120
75322762644
75322775176
75322791560
75340491364
74181859720
74181863840
74181859976
74181864096
74181925512
74181929632
75340794452
75340794456
75339441492
75339441556
75339441748
75339441812
74181843352
74181843368
74181843608
74181843624
74198977188
74198977192
74177685672
79630001572
79630001828
79630017940
79630018196
79630017944
74198895188
74198895192
74198895204
74198895208
74198911588
74198911592
79631047060
79631047316
75322710432
75322714528
79634766232
75272399384
75272464920
79630002516
79630002772
79630002580
79630002836
105934105226
148354804392
74198657192
74198919336
74198722728
74198984872
74198915720
75322513752
75322514008
75322513768
75322514024
79635552660
79635552676
75340475028
75339422120
74181925252
74181929360
75339508260
75339573796
74181908056
74181908072
74177406372
74177406628
79630330152
79634438484
79634438500
79634442580
79634442596
79634442600
74182961816
74182957720
74182957736
74199681364
74199681368
74181666468
74199681380
74199681384
79634503336
75339241880
75339242136
75339307352
75339307608
75322776196
75322792580
74199685652
74199702084
74199882324
74199882388
75272382744
75272399176
75272645144
75272661576
75339503968
75339508064
74198919556
74198919460
74198984996
75323517332
75323517588
75323517348
75323517604
75272119640
75272119896
75272136040
75322779816
75323041960
74198836836
74198656532
74198722068
74265482596
74265482852
75318273364
75318273620
75318273428
75318273684
75318338900
75319318884
75319319140
75339569504
75339573600
104717199893
88467909194
104717265429
88467909258
104717265430
75319318948
75319319204
75319318952
75319319208
75339831828
75339491864
75339508296
75339754008
75339770440
75339569316
75339831460
75323582868
74198977124
74198977128
75323583124
74198570324
74198570388
75339421284
75339421348
75340294548
75340294804
75340294564
75340294820
79635245460
79635245716
75340474964
75322787432
75322697368
97193134754
148354017816
74199702056
74199767592
75340491428
79634474372
79634503256
79634503272
79634458244
79634474628
75273644628
75273644692
75340622496
75322709380
75339441828
74198637096
74198653576
74198653480
74198719016
75272398376
75272463912
75322447188
75322447444
88724777514
74198571608
74198571672
74198571624
74198571688
74198587992
74198588056
105807784474
75339503144
75339568680
75339507224
75339572760
74181925016
74182187160
79635241364
79635241620
75339425384
75339425448
75339687592
74266618452
74266618196
74181843604
74181843620
75273365860
75273365924
75273382292
75339507336
74198894932
74198894936
74198718032
74198722128
74181928580
74181944964
74198894244
74198894248
75318258088
75318258344
75318274392
75318274648
75272378900
75272383072
74266790308
74266790312
74266790228
74266790232
74266790244
74266790248
75272661640
75272661544
75272727080
75272596072
75272596136
79630017876
79630018132
79635261844
79635262100
79635261848
79635262104
74198653096
75273361748
75273361812
75273427476
75273431632
75273624148
75273624212
74198915652
74198899220
74198899224
74198915656
75273628264
75273628328
75340622376
74181847460
74181847700
74181847716
74181913172
74181913188
74181913236
74181913252
75273365848
75273365912
75273365864
75273365928
74198833508
74198833572
74198915240
75272578724
74198640148
75322771796
75322771800
75340532072
75323758992
75323763088
75323820436
75323820440
75340532052
79630329940
79630346564
79630264468
79630330208
74198390100
74198390356
75322779748
75323041892
75322775704
75323037848
75323041944
79635307160
74182957656
74182957672
74181907880
74198575460
74198575524
74198575716
74198575780
74198837604
74198837668
74198640916
74198657348
74182912644
74182929028
74182978180
74182994564
75272641044
75272645200
75323513252
75323513508
75323513256
75323513512
79634196904
79634197160
74178455976
74178456232
75322796200
75323058344
74265482580
74265482836
75339573332
75339835476
75339503264
75339507360
75339568800
75339572896
75319318932
75319319188
79630001576
75323582820
75323583076
75323582804
75323583060
74265749588
74265766212
74265749604
75339749912
75339766344
87411010122
104717265193
87411993162
104734042405
79634520212
79634782356
75322713672
75322729888
75322787236
75322787240
75322697048
75322697064
75322697304
75322697320
79634474632
79634523784
79634519688
79634523808
79634540168
74182650216
74182650472
74182650280
74182650536
75339224408
75339224664
79634212180
79634212436
79634212244
79634212500
79634195816
79634196072
79634195880
79634196136
75340491096
75340491160
75323021720
75323021736
75323021976
75323021992
75322710664
75322714784
75323026004
75323026020
75323026068
75323026084
75340753556
74198571604
74198587988
74198588052
79634524816
79634524804
79634541188
79634212248
79634212504
75339425112
75339425176
75339425368
75339425432
74181925508
74181929616
74182187652
74182191760
75323578968
75339770404
75339835940
75339487840
75339491936
79630281032
75339438440
75339438504
75339700584
75339700648
75318258020
75318258276
75318258084
75318258340
75318274452
75318274708
75272399400
75272464936
75272383016
75272399496
74265483684
74265483940
74265500052
74265500308
79635261780
79635262036
79635261784
79635262040
74198374756
74198375012
74198374820
74198375076
79630063956
74181912916
74181912932
74181847380
75322463640
75322463896
74198394532
74198899040
75322467736
75322467992
75322463656
74198903136
74198915424
74198899024
74198903120
75339835984
75339766352
75339770448
75339749968
75339754064
79634524312
79634786456
79634540696
79634802840
79634540712
79634802856
74266548584
74266548840
75340487016
75340487080
75340470616
75340470680
92788140544
148354718312
74199636568
74199636632
79630260308
79630264656
79630260372
79630264672
74182174376
74181928584
74182174360
74181911976
79634504280
79634504296
79634504344
79634504360
74198390180
74198390436
74198390184
74198390440
74198394276
74265499044
79635310952
79635311208
74199706132
74199771668
74199689764
74199706244
74199706148
74199771684
75323513192
75323513448
79634786704
79634524548
79634540932
74198837908
74198837844
74198575444
74198575508
74198575700
74198575764
74198837588
74198837652
75323042384
79634458776
79634524696
74265564760
75339437732
74265757080
74182908548
74182912656
75323513236
75323513492
75323513240
75323513496
74198714020
74178472552
74178472280
74198714024
74178472536
75272596056
75272596120
74182191752
74182208136
75322796136
75323058280
75340753508
75340753572
74198854292
79630001496
79630001752
79630001560
79630001816
79630084520
79630084776
79630002536
79630002792
79630002600
79630002856
75322762904
74182650264
74182650520
74182715800
74182716056
75339704916
75339704980
75339704996
74198919464
74198985000
74198919720
74198985256
74198919760
74198378856
74198379112
79634195800
79634196056
75322759512
79634765480
75322771028
75322771032
75322771044
75322771048
75318269288
75318269544
75318269352
75318269608
74198713940
75323763268
75323779472
75323820452
75323820456
75340532068
75340532132
75322529112
79634455172
79634459280
79634459268
79634475652
74181859716
74181863824
74181859972
74181864080
79634196840
79634197096
79634262696
79634442900
79634442916
79634442904
79634442920
75339504168
74181662120
74181662376
75322792592
75322796688
75322512728
75322529368
75339683428
75322512792
75322513048
75339438424
75339438488
75339438680
75339700568
75339700632
75318335140
75318334884
79635487124
79635487140
79635491220
79635491236
79631112536
79631112792
75318258004
75318258260
75318274388
75318274644
75322780000
75322775904
79635306836
79635307092
79635306900
79635307156
92720769536
148354718292
74198374996
74198391124
74198391380
97193134690
104843520586
148353936032
104843520650
148353952392
74198636836
74198653316
74198637092
74198653572
75318339176
75318273704
75318273384
75318273640
75318273448
74177488216
74177488472
74177488232
74177488488
74198636896
74198640992
74198636880
74198640976
88484750986
75322693012
75322693028
75322693016
75322693032
79634475176
79634541096
74199685712
74199689808
74199702096
74199706192
75318335144
75318334888
74181682600
74181682856
74198455912
74198455720
74198455976
74177424024
75323820644
74199685668
74199702148
74199898708
74199898772
75323763332
75318601896
75318864040
74181944968
74181862792
74181879176
75322452372
75322452628
75339441752
75339441816
74199886424
74199886488
75322467752
75322468008
75340552728
75340618264
75322533288
75323763272
75323779488
75319384404
75319384660
75319384420
75319384676
75339749540
79629997400
79629997656
74182716052
75323578708
75323578964
75323578772
75323579028
74198903320
74198919752
74198903336
74198919816
74265744736
74265748832
74265757076
74265569636
74265569892
74265744800
74265748896
74198640168
74198853208
74198853272
74198713764
74198713768
75340614228
75340614232
74181925256
74181929376
74198853976
74198854040
74265823588
74265823592
74265823652
74265823656
74266552680
75272332968
75272332904
74266618216
74266618472
74266618280
74266618536
75273366120
75273366184
74199439716
74199505316
74199505572
74198911636
74198911640
74265766056
74265831976
74265831592
74266093736
79634213204
79634213460
79630002532
79630002788
79630002596
79635491476
79635491492
79635557028
74198915368
79634520708
75339762020
75339762024
74198899296
74198903392
75318515876
79630264712
79630281096
75323021912
75323021928
74181912920
74181908904
74177423700
74177423956
74177423704
74198718112
74198722208
74198910628
74198910632
74265766276
75339754020
75339770500
75318270296
75318270552
75318270312
75318270568
74199951968
74198374056
74181667160
74181667416
75272595032
75272595096
74198640152
75339421028
75339421092
74198456660
74198456916
75340556704
75323828640
75340536160
75340540256
75340548500
75340548504
75340536224
75340540320
74265568600
75272136088
75272136344
74265482660
74265482916
75340536344
75340552776
75322517140
75323578792
75323579048
79631133016
79631133272
75323582872
75323583128
75273624168
75273624232
79635815060
79635815076
79634191704
79634191960
79634191720
79634191976
79634195812
79634196068
75339228580
75339228836
75322533208
75322533272
75322533528
74198915624
74198981160
74198899240
79630062952
79630063208
74265569624
74265569880
74265565524
74265565780
74265569620
74265569876
75339499944
75339565476
75339565480
75339565412
75339565416
74181859416
74181925144
75340487336
74178451880
74178452136
74182891928
74182891944
74178451816
74178452072
75340552608
75319302568
75319302824
74265758036
74265758040
74198894948
74198894952
74198587732
74198587796
79630017880
79630018136
79630017896
79630018152
75339766368
75339770464
74181847396
74265761896
74265827624
74265761960
74199702036
74199767572
75339307348
75339307604
75339311448
75339311704
74182646120
74182646376
79634192744
79634193000
79635261864
79635262120
79634278808
79634279064
74181907864
74181911960
75272575636
79635556756
79635556772
75339499860
75339499864
75339762004
75339762008
75339684244
75323021672
79630064212
75339704920
75339704984
79635307176
75339749908
75339766340
75323037800
75322775656
75322779752
75323037796
75323041896
75318269284
75318269540
74181682584
74181682840
74198853224
74198849192
75273431572
75273448004
74198459812
74198460068
75322529192
75322529448
74266548564
74266548820
75340556836
75340622372
75340552772
75340536356
75340552836
75340540436
74183219864
74183219880
75339421080
75339442772
75339442836
74266872488
79634475092
79634540820
79634540628
79634802772
79634475156
79634541076
79634540692
79634802836
74198459816
74265568676
74265568932
75340556868
75323562340
75323562596
75323578724
75323578980
75339310424
75339310680
74182891864
74182891880
74182957480
75340290452
75340290708
75340355924
75340356180
75340355940
75340356196
74199882392
75323742632
74199636584
74199636648
74199898728
74199898792
75323837076
75323837080
75319302564
75319302820
74199620184
74199620248
79635507600
74182891860
74182891876
75318253912
75318254168
75318253928
75318254184
75339565396
75339565400
75340360024
75340360280
75340360040
75340360296
74198919520
79634786948
79634803332
75272399000
75272661144
75272382632
75272644776
75272399016
75272661160
74265766040
74265831960
74198591844
74198591908
74198591848
74198591912
75318338920
75322464852
74198378840
74198379096
75323779716
75323841168
74265762128
74265766224
74198657572
74198723108
74198919716
74198985252
75340749396
75340749460
79635503492
74181847384
74181847400
74181847448
74181847464
75273382484
75273382548
74198976164
74198976168
74199882328
74198391128
74198391384
74198395224
74198395480
74265504084
74265504340
74265504356
75322516840
75322517096
75339699876
75339703972
75272120660
75272120916
75272120676
75272120932
75272137044
75272137300
75339241812
75322452392
79631116884
75322710116
75322775832
75322710120
75322775848
79635310932
75339770192
75339504208
75323845264
75340491348
75340491412
75272595048
75272595112
74265757092
74265757096
74265757352
74199685728
74199689824
74199702160
74199706256
74199685792
74266548648
74266548904
74266614120
74266614376
74266614184
74266614440
79631116708
79631116964
79631133076
79631133332
74199702052
74199767588
74199898724
74199898788
74181859432
74181925160
74199624280
74199624344
74182646168
74182646424
75323759008
75323763104
75323837016
79630084440
79630084696
79630084456
79630084712
75339744868
75339744872
75322448216
75322448472
75322448232
75322448488
75323496872
74198636708
74198898852
74198636712
74198898856
74198640804
74198902948
75322714440
75322730824
75322792288
75322796384
75318270292
75318270548
75318270356
75318270612
79630018904
75318254164
75318253924
75318254180
74198637152
74198641248
74199423336
74199423592
74199427432
74199427688
75273165160
75273165416
75273169256
75273169512
74181864068
74181880452
75318257000
75318257256
75318257064
75318257320
79634258260
79634258516
74265762184
74265745512
75339508112
75272116584
75272116840
75272116648
75272116904
75272120740
75272120996
75272120744
75272121000
74198586712
74198586776
79630002852
87412058762
104734042410
75322796568
75323042120
75323058504
75323042144
75323038024
75272645216
74177423768
74177489240
74177489496
74177489256
74182175060
74182175076
74182175064
79635311016
79635311272
74266552676
74266552932
74198375000
104843586186
148354017832
74181683604
74181683860
75318339928
75318340184
74181618004
74181618260
74181618068
75322451368
75322451624
75322516904
75322517160
75322697384
79634459012
79634475396
79630083412
79630083668
74181667156
74181667412
74181667172
74181667428
74181683540
74177422676
74177422932
75323828872
75323845256
79630346324
79634212184
79634212440
75339441512
75339441576
75339441768
75339441832
74198395284
74198395540
74198460772
74198461028
75339749712
75339753808
75339487824
75339491920
75340290408
75340290664
75339761316
74182666644
74182666900
74182666648
74182666904
75323759236
75323779720
75323763344
74198390424
74198455640
74198455896
79629997464
79629997720
74177423720
75319302488
74177423976
75319302744
75319302760
75272332888
75272332952
75272381992
75272398472
74265757028
74265757032
74265569704
74265569960
74265569700
74265569956
75323021656
75323025748
75323025764
75340614308
75340614312
75340614244
75340614248
74266548580
74266548836
74266548644
74266548900
74266614116
74266614372
74266614180
74266614436
74265823908
74265823912
74265823844
74265823848
75318520416
75318515816
74181924952
74182187096
79631116644
79631116900
79631133012
79631133268
79634278744
79634279000
75340290392
75340290648
79634766488
79634766504
75340737124
87651019306
75339498852
75339498856
75339761252
74198637076
74198653508
79630084436
79630084692
74182961560
74178472360
74178472616
74182961576
74182961556
74182961572
74198636644
74198898788
75322710344
75322714464
75322775968
79635491224
79635491240
79635491480
79635491496
79635557016
79635557032
75319318888
75319319144
75339762084
74198911380
74198911384
74198976868
74198976872
75318519972
75318598168
74198591828
74198591892
74198592084
74198592148
75318258024
75318258280
74182666584
74182666840
74182666600
74182666856
75323517540
74199427496
74199427752
75322762920
75272596052
75272596116
75339487568
75272116568
75272116824
74265504148
74265504404
75322779812
75323041956
75323025044
75323025060
74198836884
75322516900
75322517156
79631133096
79631067560
79631067816
79634520388
79634524496
74199423400
79630280788
79630346516
79630346520
79634191768
79634192024
79634191784
79634192040
79634195876
75339441764
75340876452
75340876456
74199943780
74199943784
79635261800
79635262056
79629997460
74177423960
75318536360
75272641048
74182892184
74182892200
74265569640
74265569896
75339565736
75339565672
74265745572
74265762436
88728971818
105807784490
75340540456
75340556936
75340614052
75340614056
74198571364
74198571428
74265758100
74265758104
74265758356
74265758360
75339425444
79634278740
79634278996
97083591336
74181843304
74181843284
148354722472
74199882344
74199882408
75272316260
75272316324
74181908120
74181908136
79635491160
79635491176
79635556760
79635556776
75339499924
75339499928
75339762068
75339762072
75339762324
75339762328
74198718632
74198980776
74181667176
74181667432
75322792040
75323042088
74198395288
74198395544
74266810784
74266814880
74266811040
74266815136
74266880672
74198456664
74198456920
75322448536
74199960164
74199960168
74200025768
74199960228
74199960232
74200025764
75340733032
75340733096
75272137108
75272137364
75272202580
75272202836
75339827620
75339827624
75339573416
75339835560
75340552864
75340556960
79634191764
75322714280
75322792488
79634192020
74181929252
74198653320
74198722724
74198984868
74198636632
74198898776
74198653016
74198915160
74198636648
74198898792
74199943764
74199943768
75318515880
75318520480
75318520360
75318536840
79635327320
79630330004
75339565652
75339565656
75272575572
74198640740
74198902884
75339507880
75339770024
79634212264
79634212520
75323578776
75323579032
75272378456
75272640600
75272378472
75272640616
75323562344
75323562408
75323562664
92721908392
148354722392
75322468756
75322469012
75322448296
75322448552
79634508372
74198640808
74198902952
75272399128
75272464664
75272661528
75272727064
74199444072
74198649188
74198649192
74265827920
74265832016
75273185640
75273185896
74181863508
74181929236
74181863572
74181929492
74181929108
75322517844
75322518100
75339425380
75339700564
75339700628
74199882340
74199882404
74181862788
74181863044
74181879428
97083107456
148354718376
79630260376
79630264736
75339569744
75339573840
75339831888
75324070548
75324070564
74266794656
74266798752
75273251432
75323562404
75323562660
74198586968
74198587032
74199767648
74199771744
74199702112
74199706208
79635507848
79635524232
79630062936
75319306584
75319306840
75340536480
75340540576
75340798624
75340802720
75339487396
79635306856
79635307112
75322776104
75322714664
75322780200
75322448280
74177669284
74181924968
75318602280
75322787492
75322787496
75339564708
74198653328
74198657424
74198653584
74198657680
75272575316
75272575380
75339687524
75340536340
75339749544
75339503784
75339765928
74198903332
74198919812
74181925400
74177665108
74177669456
74177669208
74177685832
74177665112
74177669472
75339225448
75339225512
75339225768
74198653080
74198915224
74265765988
74265831716
75339766160
75339770256
79630001832
74198592100
74198592164
75340753492
75272382756
75272399236
75272661380
75272383012
75272399492
74198656580
79634454676
79634520596
74181859412
74181925140
74181924948
74182187092
74182170264
74182170280
74198853288
74181858692
74181862800
79634786628
79634803012
79634524740
79634541124
74265504164
74177406296
74177422696
74177422952
74177406552
75319384664
75319384424
75319384680
75340290468
75340290472
75340290728
74265498968
74265499224
74182666664
74182666920
75323828868
75323845252
74181596504
74181596760
74198570340
74198570404
74181596520
74181596776
75339704936
74265498984
74265499240
74177423784
74177424040
74198636052
74198652484
74182187656
74182191776
74198915744
74198919840
74198637216
74198641312
74198636840
74198898984
74198915464
74198832724
74198832788
75322692948
75322692964
79635503752
79635507872
74198586980
74265498980
74265499236
75339421012
75339421076
74198649240
74198632808
74199444136
79631116648
79631116904
74181847704
74181847720
75340737188
104830888490
74265745576
74265762440
74265827880
79634213208
79634213464
79630084500
79630084756
75322775880
75322792264
75322776136
75322792520
75323038112
75323042208
75318519976
75318598184
74181912936
74181912984
74181913000
74265761440
74265765536
74198575704
74198575768
74198837592
74198837656
74198837848
74198837912
75322452644
74181662036
74181662292
74181682776
75339503896
75339569432
75339766040
75272640788
75272644944
75322452308
75322452564
74266548628
74266548884
74266548632
74266548888
79634454152
79634458272
79634508200
75323578712
79634786640
79634782596
74198591832
74198591896
74199423656
74265487972
75339749652
74181618072
74181618328
74181618088
74181618344
75340290456
75340290712
74199767632
74199771728
74199943844
75339700820
75339700884
74199943848
74177423764
74177424020
75273169320
75273169576
75273185704
75273185960
74198641188
74198657668
74198378920
74198379176
74265823572
74265823576
74199427416
74199427672
75273361768
75273361832
75273362024
75273362088
74181667236
74181667492
75322710184
74265749672
74265766536
74198657188
74198919332
74265766052
74265831972
75322452388
75322452648
75272382628
75272644772
75272378536
75272640680
74198653460
75339438420
88484751946
104717265449
74178537816
74178538072
74178537832
75322452324
75322452580
75339749656
75339766088
79630063016
74267134632
75272378644
75272382800
74266872484
75272378648
75272382816
74198656584
75322714760
75322731144
74199681444
74199681448
79635819160
75273361752
75273361816
75273624152
75273624216
75339487508
75340618400
75318602400
75323820648
75323820708
75323820712
74181618324
75322775720
75323037864
74265568856
75340532388
75340532392
75318597800
75340733016
75340733080
79635487064
79635487080
74198832740
74198832804
75339487400
74198395300
74198395556
74177685652
74177751572
75323042344
79634766484
79634766500
75322780064
74198586984
74198587048
74198373796
74198374052
74198373800
74198377892
74198378148
75339442516
75339442580
74265487700
74265487956
74265487716
74182732120
74182732376
74182732136
74182732392
74182207572
74181879956
74181945876
74181945492
74182207636
75339482708
75339482712
75318269272
75318269528
75318269336
75318269592
75318334808
75318335064
75318334824
75318335080
74198832728
74198832792
75322692952
75322692968
75322512984
75322771108
75322771112
79629997736
75339421016
75339442596
79630017960
79630018216
74198910616
74198910612
74178472276
74178472532
74178537812
74178538068
75339229524
75339229780
75339503940
74198849128
74182666580
74182666836
74182732116
74182732372
74182732180
74182732436
79634474376
79634457992
74181842260
74181842276
74198894184
75322770852
75323820696
75323820628
75323820632
75323820692
75322698328
75322698344
75339426132
75339426196
74181912980
74181912996
74181929060
75272575336
75272575400
75340733028
75340733092
75339569320
75339831464
74177669220
74177685892
74198592088
74198592152
74198592104
79634504276
79634504292
79634766164
79634766180
74182175080
74198832744
74198832808
74177685592
75322512788
75322513044
74181907860
74181907876
74181908116
74181908132
74265504152
75318274456
75318274712
79634212200
79634212456
75319384488
75319384744
74265499048
74265499304
74181913176
74181913192
75273628260
75273628324
74199509348
74199509604
75322792232
74198636824
74198653256
74198898968
74198915400
75322775828
74198636628
74198898772
74198587044
74198837608
74198837672
79631047272
79631112616
79635487384
79635487400
74198633060
75339508248
75339573784
75318515800
75318520400
75322710408
75322714720
79634508136
79634508116
79634508132
74199960212
75322710104
75322775844
75322775640
75323037784
74198653204
74198718740
74266085796
74266085800
74198714708
74198714712
74198714964
74198714968
74198977108
74198977112
75272333652
75272333716
75272333908
75272333972
75323824544
75322468760
75322469016
88468957770
104734042645
75323513188
75323513444
75323578788
75323579044
74181925396
75322698340
75339827556
75339827560
75322763604
75322763620
75322763860
75322763876
74265749668
74265766532
74265831588
74266093732
75339240804
75339241060
74265745496
74265762120
75339503944
75339229608
75339229864
75339245976
75339246232
74265762144
74265766240
74265745824
74265749920
74265745760
74265749856
74265487704
74265487960
75339770244
75339487584
75339491680
75319384484
75319384740
74265499300
75273427496
75273431712
75273427480
75273431648
75273431588
75273448068
74181909076
74181909092
75340355944
74265504408
79635327380
79635327636
75273431576
75273448008
75323582824
75323583080
75340552840
74198633044
74198633048
75322694228
75322694244
75339442840
79634520392
79634524512
74178538152
74178472296
74178537896
74178538088
75339507876
79629998440
75339491664
75322763940
74198390164
74198390420
97083525800
75322517860
92788140288
148354017556
92788754856
148353952132
74181908824
74181908840
75339240792
74181600596
74181616984
74181617240
75339827876
75339827880
74198632040
74198894180
79634507416
75340540452
75340556932
74181667220
74181667476
75339564452
75339564456
75272382760
75272399240
74265487780
74265488036
79635327316
79635327572
79635327576
75339769504
79634441560
79634441576
75339487320
75339749464
75339503704
75339765848
75339827540
75339827544
75323042084
75322763864
75322763880
74198640724
74198902868
74182732184
74182732440
74182732200
74182732456
74198649236
79630018968
79630019224
79634770324
79634770340
79634766168
79634766184
79634770264
74265826976
74265831072
74182908552
79634213268
79634213524
79634454856
79634458976
79634257576
79630018964
79630019220
75339491492
75339753636
75273447960
75273513496
74199509352
74199509608
74199509416
74199509672
74199902868
75339765408
75273251240
75273251496
75322770856
75318252904
75318253160
74198981280
74198985376
74198894164
74198894168
79634507160
79634507176
79630063000
79630063256
75340552740
75340618276
75340749412
75340749476
79634508440
74198915488
74198919584
74198903080
74198919560
74265749592
74265766216
75272137112
75272137368
79631112872
74198571412
88484752010
104717199914
79635819156
79635819172
74182187336
74182191456
75322448212
75322448468
79634442584
74265745056
74265749152
79630018900
74266618212
74266618468
79634458248
74199509412
74199509668
74177402452
74177402456
74177402200
74181842264
74181842280
75339486880
75339490976
75322770836
75322770840
74181596500
74181596756
74198899104
74198903200
74198899360
74198903456
75272378664
75272382880
75272640808
75272645024
75339487648
75339491744
79631112600
79631112856
74182171284
75322776224
75322780320
74181618008
74181618264
74181683608
74181683864
79634508388
79634508392
75322447512
79635306904
79630264424
74198854248
74198854312
74265483608
74265483864
75319388580
75339225432
75339225688
74181859656
74181863776
79634508456
75272312148
75272312212
75273447976
75273513512
97193200290
148354279528
104717265450
79629998696
79634508120
148354279512
75318334820
75318335076
97083107392
148354279508
75339306328
75339306584
104830888474
75272312424
75272312488
105917262410
148354804308
74181683624
74181683880
75272115540
75272115796
75339224404
75339224660
74198456744
74198457000
92948302242
148353935776
75322763924
74198714792
74266085028
74266085032
74198722648
74198984792
79629997396
79629997652
79634770584
79634770600
74199947872
75272398996
75272661140
79634191700
79634191956
75322517864
75322518120
74265483944
75322693972
75322693988
75339491496
75339753640
75339229604
75339229860
79629998420
79629998676
74199902804
74181682580
74181682836
74177751144
74178013288
74266618276
74266618532
75273628248
75273628312
79631112552
79635306920
74265483876
74265483624
74265483880
74181863752
74181880136
75322796120
75323058264
75322792024
79634769556
79634769572
97209977506
148354738856
75340532324
75340532328
87394167434
104717265174
74266614100
74266614356
75272464468
75272726612
75272726616
74199509588
74199509336
74199509592
74265823828
74265823832
75318257316
75273251412
75273251160
75273251416
74265827496
75340532136
74266089640
74199898712
74199898776
79635487128
79635487144
75339442792
75339442856
75340532056
75340536400
75340540496
74177488296
74177488552
75272333720
75272333912
75272333976
74199427412
74199427668
75319384408
79635487060
79635487076
75339442532
75339442788
75339442852
75319388760
74198460072
75272202664
75272202920
75319388756
75323828808
75339749792
75339753888
75339490836
75322693992
75322771092
75322771096
74199509332
74198374740
75322693976
74198632788
74198632792
79631112808
74198833492
74198833556
74265483604
75340360104
75340360360
74265483860
74265482664
74265482920
79630280808
79630346536
79634770580
75339442776
74182191432
74182207816
75319388500
79634770280
79634213272
79634213528
75339482452
75339482456
74178451800
75318863960
75273251176
75339482724
74266790564
74266790568
74266806948
74266806952
79631112532
79631112788
79631116628
75318597716
75318602064
75340356004
75340356260
74199960216
79635487396
74265827416
74266089560
87651035690
104830904874
74178451796
75273251156
79629997716
79630062996
79630063252
79635311188
79630264968
79630281352
74265483688
74198374744
79634508376
75272644904
75272661384
75340749400
75340749464
75340360020
75340360276
75340360036
75340360292
75339683412
75339683476
79634437460
79634437476
75323824712
75339569240
75339831384
79634437540
79634437464
75339827796
75339827800
75339827812
75339827816
87394166346
104717199637
87651019290
79630019240
79635487380
75319388584
75319388840
75323582888
75323583144
75323582808
75323583064
74178452052
74266552664
74266552920
79631112596
79631112852
74177402216
74177402472
79634782852
79634786960
74266618200
74266618456
75340536360
88485734986
104734042661
75323582884
75323583140
79629997480
74182646184
74182646440
74265564504
75318253988
75318254244
74265740644
74265740648
74265831512
74266093656
87395281546
104734042394
75340360100
75340360356
79630063192
75339482468
75339482472
75339482728
79635310996
74199423576
75318253908
75339573336
75339835480
74265740628
74265740632
74198378916
74198379172
79635311252
74181925012
74182187156
79630018984
79634437524
74266614104
74266614360
92721031680
148354718296
74198633064
79634213224
79634213480
79634213288
74177403220
74177403476
104860363402
74266085732
74266085736
74181859476
75340355928
75340356184
74265740964
74265740968
74181596568
74181596824
75339482532
75339482536
75339482788
75339482792
74266085716
74266085720
97083525736
148354017812
75272116564
75272116820
75339225428
75339225684
75339487316
75339749460
74265740708
74265740712
74181596564
74181596820
79634437784
79634437800
74199427492
74199427748
79634770260
79634770276
79634192724
79634192980
74198981024
74198985120
75272464488
75272726632
79635327336
79635327592
74181859652
74181863760
79634437780
79634437796
75322710100
74181618024
74181618280
74198718880
74198722976
148354279592
74177489512
74266086052
74266086056
79634437480
74177402280
74177402536
74181596584
74181596840
74177489236
74177489492
74182896280
74182896296
74181683796
75272378452
75272640596
79634454612
79634520340
75272399144
75272464680
79631133032
75273165224
75273165480
87655229994
104835099178
79635327400
79635327656
74177489320
74177489576
87394166410
104717199638
75339483480
88467908170
74265745744
74265749840
74267134628
79634454852
79634458960
88724761114
105807784469
92720769280
148353935696
