74198587685
74198587686
74198849829
74198849830
74198587941
74198587942
74198850085
74198850086
75322468438
75322468441
75322468442
75339483745
75339483746
75339745633
75339745634
75339745889
75339745890
74177488981
74177488982
75322759817
75322759818
74181908805
74181908806
74181912901
74181912902
74181908809
74181908810
74383976617
75457718441
74384042153
75457783977
74383993001
75457734825
74384058537
75457800361
75318253653
75318253654
75318270037
75318270038
75318253669
75318253670
75318270053
75318270054
74378733670
75322446938
74378750054
75322446954
74378750102
75322451046
74378815590
75322463338
75318274133
75318274134
75318274137
75318274138
75318339673
75318339674
75318339669
75318339670
74181666965
74181666966
75322694217
75322694218
74399787094
75322528934
74399787110
75322528938
74399787174
75322533034
74181842565
74181842566
74182170246
74198648401
74198648402
74181908037
74181908038
74198632017
74198632018
74181908101
74199623977
74199623978
74199624233
74199624234
74199640601
74199640602
74199886377
74199886378
74199681697
74199681698
74199698081
74199698082
74199698065
74199698066
74198570277
74198570278
74198586901
74198586902
74198570533
74198570534
74198832677
74198832678
74383972441
75322693190
74199898665
74199898666
75504052522
79634192474
75508246826
79634192538
75571161386
79634258010
75575355690
79634258074
74198587673
74198587674
74198591769
74198849817
74198849818
74198591770
74198853909
74198853910
74181666901
74181666902
74198394981
74198394982
75322464341
75322464342
75322468437
75322464345
75322464346
79635491210
79635491206
79635487113
79635487114
75339228262
74378815594
75339240554
74198849061
74198849062
74400749734
75272578586
74383972438
75272312342
74383972454
75272312346
75339684378
74198649441
74198649442
74198714977
74198714978
74198649249
74198649250
74198714721
74198714722
74198714785
74198714786
75340491285
75340491286
74383976597
75322758726
75340491289
75340491290
74400753765
75322771090
75322692998
75340487189
74383976549
75322693254
74265482341
74265482342
74265498773
74265498774
74265482405
74265482406
74265498789
74265498790
74383972442
75339421206
74378749034
75272115306
74382943338
75272115370
74382943386
75272119462
74382943402
75272119466
75322698121
75322698122
75322763593
75322763594
75322763657
75322763658
74198575401
74198575402
74198575657
74198575658
75323742793
75323742794
75323742857
75323742858
75323808329
75323808330
75323808393
75323808394
74198460505
74198460506
74198456406
74198460501
74198460502
74265499749
74265499750
75322698057
75322698058
75322698313
74265758097
74265758098
74198373481
74198373482
74198389865
74198389866
74198373466
74198377573
74198377574
74177407081
74177407082
75272135786
80080087434
148354717786
80080153162
148354721894
80080152970
148354717802
80080153226
148354721898
74198575385
74198575386
75272317481
75272317482
75272333865
75272333866
75272333849
75272333850
74198632097
74383976618
75457718442
75339426089
75339426090
75339442457
75339442458
75339442473
75339442474
74265487465
74265487466
74265487529
74265487530
75272317465
75272317466
74198592021
75272333845
75272333846
74198592037
75272313366
74198571545
74198571546
74198575641
74198575642
79635245205
74198649169
74198649170
74198649425
74198649426
74198911313
74198911314
74198911569
74198911570
74198632865
74198632866
75340474649
75340474650
74198378581
74198378582
74198378597
74198378598
75322452073
75322452074
75322464358
75339421977
74181666906
74181597269
74181597270
74181597273
74181597274
74181601365
74181601366
74181601369
74181601370
74198373461
74198373462
74198373477
74198373478
75318270101
74181908869
74181908870
74181908102
74182170245
74198632033
74198632034
74198648417
74198648418
75339438613
75339438614
74265499814
75339438629
75339438630
75340532305
75340532306
74400749670
75272574490
75340732953
75340732954
79635487049
79635487050
75340474905
75340474906
75839871530
79634770314
75772750377
79634766214
74378733734
75322451034
74378750121
75322451098
74378815657
75322516634
75323026057
75323026058
74669267110
75339826850
79635310761
79635310762
79635245221
79635245222
79635310757
79635310758
75272202329
75272202330
75339241573
75339241574
75339245669
75339245670
75339241577
75339241578
75339245673
75339245674
75339426330
75339688217
75339688218
75339688473
75339688474
74198586905
74198586906
74198591001
74198591002
74181600405
74181600406
74181616789
74181616790
75322698373
75322698374
75319318681
75319318682
75323808389
75323808390
75322451114
74378750117
75318256746
74382993573
75318273178
74382944421
74383009941
75318273190
74198373465
74265499737
74265499738
74265503833
74265503834
74265499733
74265499734
75339684389
75339684390
75339483489
75339483490
74265822817
74265822818
74265741985
74265741986
75322788449
75322788450
74652428437
75339564626
75323742601
75323742602
74181666918
74198570265
74198570266
74198574613
79635557001
79635557002
75339421226
74379794537
75322693002
74384038041
75322762822
74383988841
75322693258
74400766057
74265482329
74265482330
74265486437
74265486438
74384042150
75339441702
74384054442
74383976614
75339437606
75339441706
75323500710
75322464405
75322464406
75322448037
75322448038
75322464421
75322464422
75339422229
75339422230
75322452133
75322452134
75322464361
75322464362
75322464425
75322464426
75322529897
75322529898
75322529961
75322529962
74182175045
74182175046
74198911377
74198911378
74198976850
74198976865
74198976866
75322694282
75322698377
75322698378
75322694278
75340491305
75322452117
75322452118
75322448025
75322448026
75322452121
75322452122
75322448021
75322448022
75339225189
75339225190
74265564329
74265564330
74265568425
74265568426
74265564325
74265564326
75575634474
79634278570
74199640617
74199640618
74198575637
74198575638
74198837781
74198837782
75322698053
75322698054
75322763589
75322763590
75322698117
75322698118
74265741665
74265741666
74265758049
74265758050
74265741649
74265741650
74266552426
75772750378
80016992426
75776944682
74383988889
75322697350
74383988905
75322697354
80021186730
75839859242
80033769642
74198850074
75339704617
75339704618
75339442729
75339442730
75339704873
75339704874
75339827553
75339827554
75339827617
75339827618
74198586917
74198591014
74265565285
74265565286
74265499813
74265565349
74265565350
74265822881
74265822882
74265757345
74265757346
75339241558
75339241561
75339241562
75339245653
75339245654
75339245657
75339245658
75772483882
79634438474
75772500266
79634438538
75772504598
79634504010
75772504614
79634504074
74198456409
74198456410
74198591765
74198591766
74198575397
74198575398
74198591781
74198591782
75272317205
75272317206
75272595734
75272579365
75508263449
79630002342
75508263209
79629998250
75508263465
79630002346
74384042154
75457783978
74383993002
75457734826
74384058538
75457800362
74181600409
74181600410
74181665945
74181665946
75339442453
75339442454
75339426085
75339426086
75339442469
75339442470
74265503829
74265503830
74265569365
74265569366
75508246825
79629998234
74181846406
74181846409
74181842309
74181842310
74181842313
74181842314
75339438633
75339438634
74399787098
75339306150
74399787114
75339306154
74399787178
75339310250
74266552473
74266552474
74266552489
74266552490
74177407061
74177407062
74177423445
74177423446
74198390869
74198390870
74198456405
74198390933
74198390934
74198456421
74198456422
75322513493
75318270041
75318270042
75318335577
75318335578
75318270105
75318270106
75318335593
75318335594
75322772049
74198854169
75339483729
75339483730
75339745617
75339745618
75339745873
75339745874
75273366053
75273366054
75323025733
75323025734
75322763845
75322763846
75323025989
75323025990
75339762001
74265823841
74198570521
74198570522
75272595733
75575372313
79630067878
74379794538
75339420970
74379794586
75339425062
74379794602
75339425066
74652477606
74265482345
74265482346
74378750038
75772746282
75322693962
75322694025
75322694026
75322759562
74183219850
75322759561
79634508106
75839855146
79634770250
74383009894
75322463402
74383009942
75322467494
74383009958
75322467498
74648230054
75339498914
74652424358
74199636505
74199636506
74199886373
74199886374
75339499170
74652473510
75339564642
74182957701
74182957702
74183219845
74183219846
74383009945
75322516646
74400766105
75322787474
74198393961
74198393962
74198394025
74198394026
74198854181
74198854182
74181601433
74181601434
75319384234
75323566245
75323566246
75339700773
75339700774
74399787173
74198377561
74198377562
74198377577
74198377578
74199698001
74199698002
74199698017
74199698018
75324070537
75324070538
75322763913
75322763914
74198713953
74198713954
74181913225
74181913226
74198574361
74198574362
74198574617
74198574618
75322468521
75322468522
79634770310
75322762826
74198590761
74198590762
74379778214
75272316186
74265486425
74265486426
74265486441
74265486442
74378750037
75318252646
74181616745
74181600345
74181600346
74181600361
74181600362
74198586661
74198586662
74198586665
74198586666
75323820689
75323820690
74378815574
75339500114
75322694021
75322694022
75322772050
75322694277
75322772113
75322772114
75339500177
75340470809
75340470810
75340470825
75340470826
75340487193
75340487194
75340487209
75339421989
75339421990
75339684133
75339684134
75339422245
75339422246
75772487974
79634438534
75340749353
75340749354
74199763537
74199763538
74378732650
75272115290
74378749082
75272119398
74378749098
75272119402
75339229285
75339229286
75323742789
75323742790
75323742853
75323742854
75323808325
75323808326
74265502825
74265502826
74198389861
74198389862
74181662890
74198833705
74198833702
74198833706
74181662873
74181662874
74198837797
74198837798
74198837801
74198833701
74378750042
75339224166
75504069145
79630002278
75571178009
79630067814
75772504601
79634504262
75772500522
79634442634
74265483365
74265483366
74198390885
74198390886
74198390949
74198390950
75323025993
75323025994
74198456485
74198456486
75772487978
80016926826
75508525609
79630018730
75571440169
79630084202
75272202409
75272202410
75474512042
75323746885
75323812485
75323812486
75323746886
75323812421
75323812422
75323746949
75323746950
74198395049
74198395050
74265503913
74265503914
74198390889
74198390890
75322534053
75322534054
74181616746
75272120409
75272120410
75272120425
75272120426
75272136793
75272136794
75272136809
75272136810
74648234138
75721975962
75339225193
75339225194
75339229289
75339229290
75339688470
74379798633
75453540457
75340277849
75340277850
75340277865
74181601382
75340277866
75340294249
75340294250
74383988842
74383976550
75339421222
74383988890
75339425318
74383988906
75339425322
79635245157
79635245158
75273382441
75273382442
75504331306
75322464409
74177401945
74177401946
75322464410
75322529881
75322529882
75322529945
75322529946
75322529893
75322529894
75776944681
79634766218
75839859238
74265498794
74265498793
74265502885
74265502886
74265502889
74265502890
75339499106
74652489894
75339564706
74199640613
74199640614
79634213034
75339688233
75339688234
75339426345
75339426346
75339688489
75339688490
74198837529
74198837530
74198853913
74198853914
74198837525
74198837526
75339704869
75339704870
75339499937
75339499938
75339565473
75339565474
74198570281
74198570282
74198574373
74198574374
74198574377
74198574378
75272136873
75272136874
75322517589
75322517590
75322533973
75322533974
74198394965
74198394966
74198395029
74198395030
74265757329
74265757330
74382993493
75318269078
74382944341
74383972505
75322697286
75318252710
74383992986
75457734810
74383992938
75457734762
74181596249
74181596250
74181596313
74181596314
74181661849
74181661850
75322446950
74382993494
75322463382
74382944342
75322447014
74383009881
75322512550
74383976537
75457718361
75504052521
75319318697
75319318698
75319322789
75319322790
74181846346
74181842249
74181842250
74181846345
75319384233
75340794529
75340794530
74198592022
74198854165
74198854166
74383009882
75339240614
74383009946
75339244710
74383009898
75339240618
74383009962
75339244714
74648230058
75721971882
74652424362
74266548377
74266548378
74266552485
74266552486
75726166186
74652473514
75726215338
75273361941
75273361942
75273366037
75273366038
75273361945
75273361946
74198648482
75272120405
75272120406
75272136789
75272136790
75272120421
75272120422
75339241557
74199620117
74199620118
74652428394
75726170218
75772484138
79634442570
74182957705
74182957706
75772762666
79634508170
74378750041
75322446998
74383009878
75322463398
74400749674
75339683354
75339700761
75339700762
74648230038
75339498898
74652424342
75339499154
74652477605
75339761298
75322759557
75322759558
75322763653
75322763654
75318257753
75318257754
74382993498
75339240598
74382944346
75339224230
74383976538
75457718362
74181666969
74181666970
74181666985
74181666986
75322452057
75322452058
75322517593
75322517594
75322517657
75322517658
75504052777
79630002266
74378733653
75318252630
74378733669
75318252634
74378733733
75318256730
79635552649
79635552650
79635552905
79635552906
79635556997
79635556998
79635815049
79635815050
74181842569
74181842570
74177406057
74177406058
74181846665
74181846666
74177422489
74177422490
74177402025
74177402026
75340355753
75340355754
75340470805
75340470806
75340470821
75340470822
75340487190
75340487205
75340487206
74379794598
75272316202
74383988902
75272316458
74384038054
75272332826
74400766118
75272578602
74382944405
75318256806
74181600425
74383009893
75318269098
74382944357
75318252714
74181596265
74181596266
74383008938
75272135850
75323496602
75323500697
75323500698
75323500694
75323496597
75323496598
75323500693
75322468457
75322468458
75339438373
75339438374
74199882282
74199882281
74199620137
74199620138
75323517098
80080415370
148354738282
74199681377
74199681378
74199697809
74199697810
74199681441
74199681442
75339229273
75339229274
75272313113
75272313114
75322788433
75322788434
74265758113
74265758114
74265758369
74265758370
74198394985
74198394986
74198460521
74198460522
74198460585
74198460586
74198587945
74198587946
79635491209
74198570537
74198570538
74181600421
74181600422
74181596329
74181596330
74181909061
74181909062
79634504330
74198911585
74198911586
75776944678
79634508422
79631050902
79631050917
79631050918
79631067285
79631067286
79631067289
79631067290
74198389913
74198389914
74198373545
74198373546
74198389929
74198389930
75272333609
75272333610
75575372329
79630067882
75318257749
75318257750
75318257765
75318257766
75318274149
75318274150
75322759493
75322759494
75323742537
75323742538
75323808137
75323808138
75571161385
79630063706
75571177769
79630063722
75571178025
79630067818
75339762081
75339762082
75339500193
75339500194
75339762337
75339762338
75322452053
75322452054
75322517653
75322517654
75504052761
79630002262
75322788177
75322788178
75322698309
75322698310
75322788241
75322788242
74648229994
75721971818
75322468517
75322468518
75323021894
75322788257
75322788258
75322788513
75322788514
79631116457
79631116458
74198633041
74198633042
74198895185
74198895186
74199439461
74199439462
74199439465
74199439466
74199443561
75504069162
79634196586
75571178026
79634262122
75339704601
75339704602
75322452069
75322452070
75322468453
75322468454
75772488230
79634504070
75339229269
74181847365
74181847366
74181847429
74181847430
74181912965
74181912966
75339229270
74648230041
75339499090
75339700777
75339700778
74400749654
75272574486
74182645913
74182650009
74182650010
74182645914
75323837089
75323837090
74177488985
74177488986
74182171017
74182171018
74182175113
74182175114
74177423513
74177423514
74177423450
79635552901
79635552902
75322468501
75322468502
75322534037
75322534038
74199882265
74199882266
75318270057
75318270058
75318274153
75318274154
74181617753
74400770213
75323020938
74384042149
75322762886
74198894177
74198894178
74181908105
74181908106
74198894241
74198894242
74198648465
74198648466
74266531945
74266531946
74266536037
74266536038
74266536041
74266536042
75772488234
80016926890
75772504618
80016943274
75772766762
80017008810
75340548689
75340548690
75340614225
75340614226
75340614241
75340614242
75322533993
75322533994
75322533977
75322533978
74198590997
74198590998
74198832681
74198832682
74382944358
75322447018
74382993513
75322467478
74383009897
75322512554
74648230042
75721971866
74652424346
75726166170
74652428438
75726170262
75726219430
75339307113
75339307114
75339683350
74400753766
75339683366
74199423077
74199423078
74199439509
74199439510
74199423141
74199423142
74199439525
74199439526
74198460581
74198460582
74198587689
74198587690
74198591785
74198591786
74181666905
74199623961
74199623962
74199619865
74199619866
75318339685
75318339686
74198394969
74198394970
74383988838
74181683289
74181683290
74181683305
74181683306
74379798694
74198854170
75339437354
74383992998
75339437610
74400770214
74265498777
74265498778
74265482409
74265482410
74383972458
75339421210
75340273769
75340273770
75340277861
75340277862
79635491205
79635552841
79635552842
79635491461
79635491462
75340470565
75340470566
75323746693
75323746694
75323746697
75323746698
75323742597
75323742598
75339684137
75339684138
75339688229
75339688230
75322534041
75322534042
74177402969
74177402970
74177402985
74177402986
74177407077
74177407078
75339565665
75339565666
75339565729
75339565730
75339500129
75339500130
74383972518
75272316442
75272202345
75272202346
75726231722
75323496533
75323496534
74265499817
74265499818
74265503909
74265503910
148354738346
75504314921
75323021957
75323021958
75323026053
75323026054
75323021961
75323021962
75322788193
75322788194
75340474665
75340474666
75340474921
75340474922
75340737065
75340737066
74265758353
74265758354
75322529941
75322529942
75272317225
75272317226
75272579369
75272579370
75272579625
75272579626
74265741729
74265741730
74198649505
74198649506
74198715041
74198715042
75340290214
74400753829
75323020934
74400831657
75323025034
79631050853
79631050854
79631046761
79631046762
79631050857
79631050858
75571177770
79634258026
75571178010
79634262118
74181597337
75776940586
79634508362
75776694826
79634442890
75776956970
79634508426
74379798697
75453540521
75339241637
75339241638
75339241641
75339241642
75339245733
75339245734
75339245737
75339245738
75273644585
75273644586
75575355945
79630067866
75575618089
79630084250
75575634473
79630084266
75571161625
79630067798
75571161641
79630067802
74178455641
74178455642
74182896006
74182896009
74182896010
74178455657
74178455658
74182895945
74182895946
74178451546
74181912905
74181912906
74181847433
74181847434
74181912969
74181912970
74198649185
74198649186
75322693957
75322693958
75322771793
75322771794
75322694213
75322694214
75322771857
75322771858
74182645845
74182645846
74182645909
74182645910
74182711445
74182711446
75319302249
75319302250
75322464357
75339483553
75339483554
75339483809
75339483810
75339745697
75339745698
75339745953
75339745954
75322763849
75322763850
75322698314
74400753833
75474495657
74400770217
75474512041
74400835753
75474577577
74400749738
75339687450
74199427173
74199427174
74199423081
74199423082
74199427177
74199427178
74182645849
74182645850
74182649945
74182649946
74199619861
74199619862
75272579353
75272579354
74383009877
75318269094
74198836773
74198836774
75323496537
75323496538
75323500633
75323500634
74265503849
74265503850
75339426073
75339426074
79635552837
79635552838
79635556937
79635556938
74652428458
75726170282
79631067241
79631067242
74378750058
75339224170
74382944362
75339224234
74382993514
75339240602
80021137562
74400753754
75474495578
74400753770
75474495594
74400753834
75474495658
79635245225
79635245226
74266531925
74266531926
74198574614
74198574629
74198574630
74198591013
75322533989
74181909125
74181909126
74181909065
74181909066
74181909129
74181909130
74198649489
74198649490
75322759753
75322759754
75322759749
75322759750
75322759813
75322694281
79631050921
79631050922
74383976598
75339437590
74181616809
74181616810
74198586921
74198586922
74198591017
74198591018
74198586918
74198456425
74198456426
74265569381
74265569382
74265569385
74265569386
74198394009
74198394010
74198377641
74198377642
80096930378
148354721958
80097127050
148354738330
75318339689
75318339690
75323836833
75323836834
74181597289
74181597290
74181601381
74181601385
74181601386
74379782310
74198587926
74198587929
74198587930
74198592025
74198592026
75339437350
75318270121
75318270122
75340273753
75340273754
74265486501
74265486502
75339241621
75339241622
75272595737
75272595738
75339245717
75339245718
75339311189
75339311190
75339311205
75339311206
75322447973
75322447974
75322513509
75322513510
75322513573
75322513574
75508246809
79629998230
75504314922
79634212954
79634212970
74198373541
74198373542
74198389925
74198389926
74198394021
74198394022
75339684117
75339684118
75339688213
75339688214
75339684121
75339684122
79635245161
79635245162
75318274197
75318274198
75318274213
75318274214
74177407065
74177407066
75339500178
75339307109
75339307110
75339311209
75339311210
74182891909
74182891910
74182892165
74182892166
74199681618
74199681617
74199681633
74199681634
74265503845
74265503846
74265499753
74265499754
75272595753
75272595754
74181666921
74181666922
75504068905
75322763909
75322763910
79629998186
75339699754
75323808133
75323808134
74199619877
74199619878
74199620133
74199620134
74177406121
74177406122
74177422505
74177422506
75340737049
75340737050
75322468505
75322468506
75272317221
75272317222
75272317477
75272317478
75272579366
75272579621
75272579622
74648234150
75721975974
75322771106
74400766121
75322787490
75571161626
79634262102
75571161642
79634262106
74400770201
75474512025
75273366041
75273366042
74199636501
74199636502
74199636517
74199636518
74181662805
74181662806
74181662869
74181662870
75776698902
79634504266
75776694570
79634438794
75776698918
75340486949
75340486950
74266531941
74266531942
74266532005
74266532006
74198631841
74198631842
74198648209
74198648210
74198648225
74198648226
74198395033
74198395034
75508247081
79630002330
75508509225
79630018714
74400770218
74400835754
75474577578
74181616793
74181616794
74181665961
74181665962
79635245206
74181846661
74181846662
74199960225
74199960226
74400753769
75474495593
74400770153
75474511977
79630018650
74181666981
74181666982
74198850069
74198850070
74198850073
74181683353
74198633121
74198633122
74198895009
74198895010
74198895265
74198895266
74198632801
74182961802
74182961801
74183223945
74183223946
74182961545
74383972522
75339425306
75322513557
75322513558
75272313369
75272313370
75272575257
75272575258
75272575513
75272575514
74378815589
75318269034
75322534057
75322534058
74198853925
74198853926
74198849833
74198849834
74198853929
74265565289
74265565290
74198460517
74198460518
74382944406
75322451110
75322772065
75322772066
75322772129
75322772130
79634766154
74266806673
74266806674
74266806929
74266806930
75323025797
75323025798
74182170949
74182170950
74182170953
74182170954
75575372330
75339421978
74199640361
74199640362
74199902761
74199902762
74383976602
75457718426
74383976554
75457718378
74400766106
75339687462
74378750057
75322447002
74382993510
75322463386
75504331305
79630018666
74199763553
74199763554
74199763617
74199763618
75339421993
75339421994
75322533990
79631050841
79631050842
79631050905
79631050906
79631116441
79631116442
74265499797
74265499798
74265499801
74265499802
74265503893
74265503894
75322788498
74669267114
75743008938
74198833685
74198833686
75340548753
75340548754
75340810897
75340810898
75318335573
75318335574
79631132842
75323746889
75323746890
75323746953
75323746954
75323812490
75323812489
74265498729
74265498730
75504069146
79634196582
75504068906
79634192490
74181600426
75772504361
79634438790
79635245145
79635245146
79635245209
75318270102
79635245210
79635310745
79635310746
75339241625
75339241626
75339245721
75339245722
75339426341
74181907849
74181907850
75339426342
75339500113
74181617754
74198714705
74198714706
74198976849
74400766122
75339687466
74198714961
74198714962
74198977105
74198977106
74400766058
75339683370
75776961066
80021203114
75272313365
75272317461
75272317462
74177406053
74177406054
74177406117
74177406118
75319306345
75319306346
75319322729
75319322730
75323021705
75323021706
74379778150
75272312090
74379794534
75272312106
75323496549
75323496550
75323500645
74199423061
74182715561
74182715562
74182711449
74182711465
74182711466
74182711450
74182715557
74182715558
74198574633
74198574634
74198631761
74198631762
74198631777
74198631778
74198378585
74198378586
74198378601
74198378602
75272333589
75272333590
75272595989
75272595990
74400770202
75474512026
74400770154
75474511978
74266531929
74266531930
74181665958
74181665957
74266536025
74266536026
74199423062
74181600357
74181600358
75339438377
75339438378
75339700517
75339700518
75319322793
75319322794
74181846410
74181846405
75273164885
75273164886
75273164889
75273164890
75273168985
75273168986
75340273749
75340273750
75504052778
79634196570
74199943841
74199943842
74199439529
74199439530
74199443621
74199443622
74199505065
74199505066
74199624229
74199624230
74182961737
74182961738
74182896265
74182896266
75318274217
75318274218
75318339753
75318339754
75340487210
75571440170
79634278506
74198571542
74198849813
74198849814
75323517033
75323517034
74177407145
74177407146
74378750101
75339422249
75339422250
79631046745
79631046746
74266790241
74266790242
74266790305
74266790306
75323500709
75323496613
75323500713
75323500714
74199697825
74199697826
74199763361
74199763362
74199697761
74199697762
75322788497
75340732949
75340732950
74266086049
74266086050
74266085793
74266085794
74265823649
74265823650
74265823905
74265823906
75322529957
75322529958
75339225253
75339225254
75508246810
79634192534
74181913161
74181913162
75339311269
75339311270
75319302229
75319302230
75319302245
75319302246
75340532321
75340532322
75340794465
75340794466
75323562133
75323562134
79631046741
79631046742
75323812233
75323812234
75323746633
75323746634
75575355689
79630063770
75575372073
79630063786
75340491306
75339827873
75339827874
75339422233
75339422234
75339426325
75339426326
75323500650
75340470549
75340470550
75340470553
75340470554
75318274201
75318274202
74265565270
75340273765
75340273766
75340290149
75340290150
79635241045
79635241046
74199443625
74199443626
75272317209
75272317210
75272313109
75272313110
74648295593
75339761250
74648217765
75319302233
75319302234
75319306341
75319306342
75319318633
75319318634
75323562137
75323562138
74182896005
74178455653
74178455654
74178455717
74178455718
74182957637
74182957638
74400766054
75272574506
74400766102
74182666389
74182666390
74182650021
74182650022
74182666393
74182666394
74182650005
74182650006
75339704597
75339704598
75339442709
75339442710
75339704853
75339704854
75508247066
79634196630
75508247082
79634196634
74198570517
74198570518
75340470569
75340470570
75340474661
75340474662
75323820705
75323820706
75339704857
75339704858
75272579349
75272579350
75272579605
75272579606
75339421973
74266532009
74266532010
74266536105
74266536106
74266536101
74266536102
74648234153
75721975977
74648299689
75722041513
75319322777
75319322778
75319306409
74199640597
74199640598
74199623974
74182649957
75322517673
75322517674
75323742533
75323742534
74198648161
74198648162
75323500646
75323496553
75323496554
75323500649
79631050901
74199439514
74199427237
74199427238
74379794601
75322697098
74198836761
74198836762
74379860137
75322762634
74379778153
75772500506
79634442630
79629998170
74199619881
74199619882
74199623973
75318339749
75318339750
74181617833
74181617834
74181601450
75323021701
75323025801
75323025802
79635241065
79635241066
75340548705
75340548706
75340273829
75340273830
75340273833
75340273834
75340277925
75340277926
75340277929
75340277930
74181843273
74379794585
75322697094
74379798693
75322758538
75323517081
74177407141
74177407142
74177403049
74177403050
75323517082
75339311273
75339311274
74182171273
74182171274
74198911649
74198911650
74182171013
74198911633
74378750105
75322451094
75339684393
75339684394
75339827809
75339827810
75324074633
75324074634
75571423785
79630084186
75322771873
75322771874
74265823842
75322513494
75322529877
75322529878
75322771809
75322771810
79635487365
79635487366
75318335657
75318335658
75318270117
75318270118
74181597353
74181597354
74181662889
75772504617
79634504326
75575372074
74182891849
74182891850
79634258090
75575372314
79634262182
74648234090
75721975914
74181662825
74181662826
75844065834
79634770570
74182896261
74182896262
74182957641
74182957642
74182961797
74182961798
75575355673
79630063766
75575355929
79630067862
74182961546
74182957445
74182957446
74182957449
75508509226
79634213018
75323021637
75323021638
75323021893
75339421974
74198833429
74198833430
74198833445
74198833446
74181913157
74181913158
74182175109
74182175110
75318253674
75318257769
75318257770
75273361689
75273361690
74199624213
74199624214
75273361705
75273361706
74199439513
74199443609
74199443610
74198910561
74198910562
74265757089
74265757090
74265822625
74265822626
75340486953
75340486954
74648229993
75339482722
74648217701
75339482706
74648230057
75323517093
75323517094
74383972502
75272316438
74648213606
75339482466
74383988886
75272316454
74384038038
75272332822
75339438357
75339438358
74198911329
74198911330
74198911393
74198911394
74198976929
74198976930
75504052762
79634196566
75273382421
75273382422
74265565269
74648234154
75571161369
79630063702
75339744850
74648234149
75339744866
74379782309
75322758534
74383976613
75322758790
74182171269
74182171270
74182175365
74182175366
74182175369
74182175370
75322758730
75273168997
75273168998
75273169061
75273169062
75273185433
75273185434
74379782246
75339420966
74648217702
75721959526
75272579609
75272579610
75339499873
75339499874
74648234137
75721975961
74648234089
75721975913
75322517669
75322517670
75339700521
75339700522
75339704613
75339704614
74384038042
75339441686
74265823585
74265823586
75323025737
75323025738
74198571289
74198571290
74198571305
74198571306
74181601445
74181601446
74181601449
79635241049
79635241050
75318335653
75318335654
74181597338
75339426329
74181843270
74181843333
74181843334
74265502873
74265502874
74265486505
74265486506
75571423786
79634278490
75339684373
75339684374
75339688469
75339684377
75339762321
75339762322
74181912137
74181912138
74181912201
74181912202
75272575529
75272575530
75575618074
79634278550
74198571541
74266085713
74266085714
74265823569
74265823570
74266085729
74266085730
74198374505
74198374506
74198374569
74198374570
74198390937
74198390938
74198390953
74198390954
75340753449
75340753450
75339499857
75339499858
75575355674
79634258070
75575355930
79634262166
75575355946
79634262170
74199636261
74199636262
74199636265
74199636266
74181662809
74181662810
75776961065
79634766474
74198836777
74198836778
79631067305
74198632098
74198648481
75339565393
75339565394
75339499921
75339499922
75339565409
75339565410
75339827537
75339827538
74182891913
74182891914
75339426069
75339426070
75772484122
79634442566
74199620121
74199620122
74199624217
74199624218
74198571285
74198571286
75323512985
75323512986
75323517078
80096930442
148354721962
74383992982
75339437594
74178472089
74178472090
74383972457
75322693194
74383992981
74383992997
75322758794
74379798681
75453540505
74383992985
75457734809
74379860134
75272332586
75273164905
75273164906
75273169001
75273169002
75273382185
74265483349
74265483350
75273382186
74382993574
75322467482
74648217706
75721959530
75721975978
74266806689
74266806690
74266872417
74266872418
74182171014
74400749673
75322770850
75322692938
74384042138
75457783962
74182649958
75322759814
75323021702
74378733674
75339224154
74378750106
74379782250
75453524074
74378750122
75339228266
74382944426
75339228330
74382993578
75339244698
74198850089
74198850090
74198833689
74198833690
75340548513
75340548514
75340548769
75340548770
75340810913
75340810914
75318335589
75318335590
74181597333
74181597334
74181601429
74181601430
75340294313
75340294314
75339688485
75339688486
75339307173
75339307174
74181908042
74181912197
74181912198
75272313385
75272313386
74265565353
74265565354
75323496601
75319306410
79634262186
74198837541
74198837542
74182170249
74182170250
75340290153
75340290154
74379778154
75339420954
74383972506
75339425302
74648213610
75721955434
75323566249
75323566250
75339307093
75339307094
75571161370
79634258006
74198849065
74198849066
74383976553
75457718377
74648217766
75721959590
75457718425
74383976601
74198713938
74178451545
75339762257
75339762258
75339762273
75339762274
75340491049
75340491050
74181847689
74181847690
75273624089
75273624090
74379782249
75453524073
74177423530
74177489065
74177489066
74177423465
74177423466
79631046809
79631046810
79631046825
79631046826
75273365801
75273365802
75273382425
75273382426
75273366057
75273366058
75273628201
75273628202
74378750118
75322451050
74378815654
75322467434
74266872225
74266872226
74266806625
74266806626
74384038057
74384054441
75322762890
74399786154
75272201386
75772750374
79634508166
75272313129
75272313130
75322513561
75322513562
75322513577
75322513578
74181617769
74181617770
74181683369
74181683370
79630018646
74378733738
75339228250
74378815658
75339244650
74198833434
74198833449
74198833450
74198833433
75340548449
75340548450
75340810849
75340810850
75339762017
75339762018
74181661845
74181661846
75339700501
75339700502
75339700757
74652477610
75726219434
75323517097
75339483473
75339483474
74265565273
74265565274
75575618073
79630084246
75772750361
79634766150
75776944665
75772746266
79634508102
74399787109
75318334634
74652428453
75339744930
75319306405
75319306406
75772488218
80016926874
75772504362
80016943210
75772504602
80016943258
75508263450
79634196646
75508263210
79634192554
75508263466
79634196650
74198455461
74198455462
75453524138
74181908041
75322517606
75340294297
75340294298
74181913221
74181913222
74198911634
74198977121
74198977122
74266872481
75772488214
79634504006
75340474917
75340474918
74198910625
74198910626
74652428454
75272312362
74648229990
75339482530
75339307177
75339307178
74198592041
74198592042
74181683354
79635241113
79635241114
79635241129
79635241130
74652489897
75339761314
75340491301
74181843337
74181843338
74181843593
74181843594
75340794449
75340794450
74198977185
74198977186
74177423529
74384042137
75457783961
74198895201
74198895202
79631046805
79631046806
75508247065
79630002326
80164301450
148354803882
75322513513
75322513514
79635552645
79635552646
75339442725
75339442726
79630002282
75772483866
79634438470
74199681361
74199681362
75726170278
75339307097
75339307098
74199882261
74199882262
75323517077
74378732714
75272119386
74378814634
74378750053
75318252650
74382993509
75318269082
75319318629
75319318630
80016926810
75319318693
75319318694
75339700758
75323562153
74198570261
74198570262
75340290201
75340290202
75340294309
75340294310
75340474901
75340474902
74199636521
74199636522
75340491302
75273624105
75273624106
75340614306
74379782245
74198571561
74198571562
74384054438
75272332842
74378733654
75322446934
75839875626
80033786026
74384038058
75339441690
79635241109
79635241110
74181843589
74181843590
75273365797
75273365798
74198894929
74198894930
74198713937
75318257833
75318257834
74266790225
74266790226
75272596009
75272596010
79635261589
79635261590
79635261593
79635261594
75273361685
75273361686
75273624085
75273624086
74181847685
74181847686
75273365785
75273365786
75272578598
75323820433
75323820434
75340532049
75340532050
75340532065
75322517605
79635306649
79635306650
74198575653
74198575654
74198575381
74198575382
75272575509
75272575510
75323512997
75323512998
75323513001
75323513002
74178455721
74178455722
74265482325
74265482326
75319318677
75319318678
75323496617
75323496618
74265487445
74265487446
74265487461
74652428442
75726170266
74383972521
75322697290
74400749737
75322787234
74379778217
75322697034
74182649961
74182649962
74182650025
74182650026
74379798634
75453540458
74379798698
75453540522
75340732970
74198571557
74198571558
74198587925
74379778218
75339425050
75318257829
75318257830
74265483429
74265483430
74198374501
74198374502
74198374565
74198374566
74198894945
75339827793
75339827794
75575618090
79634278554
74266548329
74266548330
75504052505
79629998166
74181911946
74182174345
75323512937
75323512938
74265757074
75323512981
75323512982
74198853161
74198853162
74198714017
74178472041
74178472042
74198714018
75272595993
75272595994
74379782313
75453524137
75504069161
74182715545
74198853930
74198854185
74198854186
74379782314
75322759497
75322759498
75323820449
75323820450
75340532129
75776694810
79634442886
74181661865
74181661866
74378815593
75322512538
75339438361
75339438362
75339438617
75339438618
75339700505
75339700506
75318334630
74399787093
79635487109
79635487110
79635306645
79635306646
80080087370
148354717782
74198374486
75776698906
75776698666
80021137514
75776698922
80021137578
74198571301
74198571302
74383009957
75318273194
74378815653
75318273130
74198632802
74198632785
74198632786
75508525610
75318338730
74181682345
74181682346
74198455465
74198455466
74199882277
74199886361
74199886362
75319302309
75319302310
74182715546
75323496614
75323562149
75323562150
74198837785
74198837786
74198837802
74265740641
74265740642
74265757073
74265740705
74265740706
74198713761
74198713762
74181908873
74181908874
74266552425
74266618025
74266618026
74199505061
74199505062
74265569449
74265569450
79635819145
75504314906
79634212950
75318253733
75318253734
75323021897
75323021898
74177423449
74265487462
75318256742
75340532066
75340548497
75340548498
74382992554
75272135834
75323812425
75323812426
75323578537
75323578538
75323582634
79635815045
79635815046
74379798682
75453540506
75322463334
74382944410
75339228326
74382944422
74383009961
75322516650
74265569369
74265569370
74178451625
74178451626
74178451561
74178451562
75319302313
75319302314
74265758033
74265758034
74198894946
74198587669
74198587670
74379864233
75453606057
75339311193
75339311194
74182645865
74182645866
79635261609
79635261610
74181911945
75339762002
79635306666
75322517609
75322517610
74378815573
75318269030
74183219849
75571423770
79634278486
75508509210
79634213014
80097192586
74199960210
74198459561
74198459562
74182957450
75340290197
75340290198
75340290213
75323837073
75323837074
74182891845
74182891846
75318253657
75318253658
75318253673
75839875625
79634770566
75272136857
75272136858
75272120489
75272120490
74265503897
74265503898
74198592038
75340732965
75340732966
74181847369
74181847370
74198976161
74198976162
74198390873
74198390874
74400753830
75339699750
74400831658
75339703850
75322452137
79631112345
79631112346
75322447977
75322447978
74400831654
75272594986
75323566233
75323566234
74266548393
74266548394
74266613929
74266613930
79631116453
79631116454
79631112361
79631112362
74199898661
74199898662
75322447961
75322447962
74198378661
74198378662
74198378665
74198378666
74198633057
74198633058
75318256810
74265483369
74265483370
75272116329
75272116330
75272116393
75272116394
75272120485
75272120486
74652493994
75726235818
75323021641
75323021642
74177489001
74182175049
74198374490
74181683349
74181683350
74181617749
74181617750
74181617813
74181617814
74383992937
75457734761
74181666917
74177401961
74177401962
75571423769
79630084182
74379860138
75339441450
74198377637
74198377638
74265757025
74265757026
74265569445
74265569446
75340614305
74266548325
74266548326
74266548389
74266548390
74266613925
74266613926
74648213670
75339498850
74178472105
74178472106
75322693961
79635491465
79635491466
74182666345
74182666346
74199427241
74199427242
75272116313
75272116314
74198832665
74198832666
79631067306
75504314905
75340876449
75340876450
74199943777
74199943778
79635261545
79635261546
74182892169
74182892170
75844069930
80037980330
75340614049
75340614050
74181843274
74379794582
75272316198
79635491145
79635491146
79635556745
79635556746
75339762065
75339762066
74198456489
74198456490
75508509209
79630018710
74266806945
74266806946
74266872482
74199960161
74199960162
74200025762
74200025761
75340732969
75272136853
75272136854
75272202325
75272202326
75322452138
74198374489
74199943761
74199943762
75318253737
75318253738
75339565649
75339565650
74181617817
74181617818
75323562154
80080087690
148354721882
75322448041
75322448042
75776940570
75272333593
75272333594
74199443562
74265823825
74265823826
75273185385
75273185386
74199882278
80096930186
148354717866
75324070533
75324070534
74266790561
74266790562
75273185449
75273185450
79631132841
75319306329
75319306330
75340532385
75340532386
74652493993
74198649233
74198649234
75272575253
75272575254
75339225258
74177402965
74177402966
75339225257
74182174346
75839855130
79634770246
79634508358
74177406041
74177422441
74177422442
74177406042
75340290217
75340290218
74182666409
74182666410
74181596245
74198832661
74198832662
74379778137
75322692934
79635487369
79635487370
74265498725
74265498726
74379778138
75339420950
74265483433
74265483434
74181596309
74181596310
74266548373
74266548374
74652424298
75726166122
74177423509
74177423510
75273169065
75273169066
74199427161
74199427162
75273361961
75273361962
74198395045
74198395046
75772766761
79634766470
74181683285
74181683286
75726235817
74198910610
74198910609
74182645929
74182645930
74181842245
74181842246
75272575273
75272575274
74182175050
74181907845
74181907846
74379864234
75453606058
75273628197
75273628198
75322447958
74198374485
74198837545
74198837546
75340737061
75340737062
75339442713
75339442714
74199960209
75322513497
75322513498
75772750362
80016992410
75323512933
75323512934
75323578533
75323578534
74265487525
74265487526
74378815578
75339240550
74265483353
74265483354
75339229353
75339229354
74265487449
74265487450
75319384229
75319384230
79635306665
74178537641
74178537642
74198389909
74198389910
74652489898
74648295590
75339564450
74648213674
75721955498
75339225177
75339225178
74182731945
74182731946
75339229349
75339229350
74199509161
74199509162
75273250985
75273250986
74198894161
74198894162
74648295594
75722037418
75340749349
75340749350
75322447957
74265740961
74265740962
74177401941
74177401942
74652424294
75339482786
74400749657
75322770834
74181596246
79635819146
74199423145
74379778134
75272312086
75839859226
80033769626
74378732634
75272115286
74378733658
75339224150
74266085025
74266085026
74378815577
75322512534
74379782233
75453524057
74379782234
75453524058
74177489002
75273628185
75273628186
74648217770
75721959594
74199423146
75340532130
74177488041
74177488042
74199423065
74199423066
79635487045
79635487046
75340359849
75340359850
74648213590
75339482450
75340355749
75340355750
74178451541
75273164969
75273164970
74400753753
75474495577
74400749658
74648213594
75721955418
74648217690
75721959514
75319388329
75319388330
75323582633
74178451542
79631112341
79631112342
75776944666
80021186714
74648299690
75722041514
74265740625
74265740626
74181843269
75272116309
75272116310
75339225173
75339225174
75504052506
79634192470
74669271210
75743013034
79635327145
79635327146
75772487962
74267134625
74267134626
