1397291832660
367598791049
367629048234
371135752865
371081128554
366508271953
366508288325
366525045125
366525045129
366508381841
366555306390
366555306405
366555306406
366508382801
367628216901
367628233316
367628266137
366572235402
365430413732
365434608036
365434657188
365451385252
372159064646
372163258950
365518559841
366558751332
367632472649
367632472650
367632489033
367632489034
366558730889
366558730890
366558747273
367632472713
367632472714
365434603926
365434604182
366508316321
366558669381
366558730821
367629277833
367629281929
367629314725
367629314729
366559472265
367650167442
370879666729
370879654441
370879670825
367650183826
370011441817
370011441833
440916404900
371961768485
366504077906
365501782676
365501786772
366504077922
366508272210
366508272226
366559451721
366559451722
366559468105
366559468106
370879916712
371961916066
367598807689
367633279622
366559799976
369797802664
366572046874
370866267809
370870458002
366593219210
367666944646
367666948742
366572247686
366572247690
366576441990
366576441994
366576446086
366593219206
367628216936
367633197732
367633197716
367633214116
367629003412
367629019796
367629003428
367629019812
367629003416
367629019800
367629003432
365430216296
365430220392
365434612388
365501770401
365519350434
365451451044
365451451048
365451455140
365451455144
365452499620
365452499624
365452503720
365434673572
365501770340
365501720993
365501786769
366554540392
366559517096
369797519784
369810102936
369814297240
366508317025
366525106709
366525123093
366559533480
369797523880
371089615506
440681392801
366558734932
367632411209
367632476745
367632476756
367633443477
369813526946
367633443417
367633443481
370879601240
370011445922
370883766690
370888026529
366823971432
367632475816
367632492200
367897713256
366554540426
366555310746
366508288326
366555310486
366554536330
366555310742
366558747224
369809332584
367629003338
367629249114
365430150808
365434590866
365434591634
365434653270
365434394216
365434652310
365434653078
365434653334
371957721737
367645977221
365430134370
365430150754
370888231562
367633214090
367628297896
440844855912
369813522842
366559713929
366559730313
371953527461
365451384484
365501778341
366554490472
366558684776
366823942757
367629068964
369810119320
370011445912
370015644305
367633263268
369796729238
369796729242
371953396250
367599835722
366558669144
366572046889
366572046886
366576241190
366558685528
369796728473
369796687505
369796728489
371081189992
365434414689
365434410594
365434414690
365434603173
365434603177
371081177704
372154919528
370871249506
372205251236
366593083930
370879916708
371080997524
370883775018
371080976937
371080976938
370878880344
370883791402
371080993321
371080993322
370879666776
370883856937
367650216609
365434394274
365434656418
365434657186
365434669718
369814514338
369810057889
369810107041
369810123425
367633214104
369810320033
369810369185
369810377385
369796737697
369797540513
365451192929
365451192930
366525065554
367628278154
365501770338
365501778346
366508272005
366554552709
366575503898
370870458918
370878880356
370879801957
367649245722
370878880297
370879802021
370870458978
370884037258
440882719394
367650167433
367650171529
365434677924
365502573220
365501786788
365519547041
389401963176
455982353062
365519350433
365518564001
365519604393
365435644568
365451389346
365451446698
366575520294
370878880282
366559767189
366559767193
371961965201
372159048330
372163242630
372163242634
371962026657
369814313636
369814313640
369814317732
369814317736
367633525416
369814313384
369814301345
367628282520
367628282536
371123169942
371123169958
367632493194
367633279626
367633509034
371085322849
366525061538
371139906182
366508320353
366525048465
366508320417
366525048481
367598790289
366525064849
367598790305
371139943074
367629265508
367632460197
366593083926
370879654564
367632476836
369813527186
367628282264
367628298648
367628282280
367628298664
369814296993
369814301089
369814296994
369814301090
366823971496
367649262218
367666039338
367897713320
371081128613
371081128614
440681130314
440844757674
365430220385
365430409641
365430408873
365430409897
370871245474
440681388614
370871249489
367628200613
367628200614
367628200550
367628200554
367628200618
367628266085
367628266089
367628266149
367628266086
370883774858
370883791398
370887969318
370887985702
370883832210
371081124454
371081124442
371081124458
371953412776
387258673826
369813522838
369813523094
367649262150
370883996257
371953396249
371953527449
367666039318
371952626201
371953412633
371953527465
370883070537
371081128597
370883840650
371081128598
370883070601
371081128601
371081128538
371081128602
367650220705
371957721761
372159048353
372196907670
366554490536
366558685800
367628233320
366558734730
366508382745
366558730822
367632411044
369796749714
369797515686
369797515942
367632427428
369796753810
369797515690
369797515946
367633275480
369814293094
366558718294
366558718310
366508267914
366525045130
366508272010
366525049226
367629081236
370011433377
366508272265
366554552714
367629085318
366554491274
367628265834
367628265898
366575503913
366571325993
366571260489
366575503897
366571325977
366554540682
366508321322
366559472202
366559701610
371953527466
366559467940
367598787141
367628233093
367628216710
367628233094
366559517268
366559730340
367629261476
367632427401
367632411018
365430135457
367628282260
369809332628
369814293145
365430150756
365434345057
365434394209
365434410593
365434590817
365434603109
365434603157
366508288389
366558730630
366558685573
366559500905
366508288393
366558734726
366558685574
366559500906
366554540436
367629064792
366559517272
367633259096
366558734740
369810102884
369796749716
366572235398
366823959177
366509320838
366576429702
366823975561
365501786536
366525106710
367629064777
367628278345
367629249173
367598787142
367629081161
367628294729
367629249189
369814292885
367628999306
370870463074
370870463138
370878884456
370878884520
372192668312
372192668328
372192684696
372192684712
366558718374
366558718314
366558718378
366558718566
366558718630
366558718570
366558718634
367628232344
366525049481
367628265130
367629265560
367629281944
367629265576
367629281960
372163259014
366508288330
372163259018
366575454858
367897696936
366828149416
367632476584
367633443418
366558751316
366558751076
367632493189
367633504937
365434660513
367629249125
367629249126
367629249130
367629249190
367629249194
367629249129
367629249193
367629314726
371081190056
439775292072
440844839592
440849033866
371085318802
371089513106
366575520325
366575520389
365430216353
365430475173
365430474405
365430475429
365430220449
365430475177
365430474409
369797540520
440912226984
370883996322
371961768609
369797540504
369814317720
372163353249
366559783592
366525065633
367632476550
367632427398
367633242730
367598807433
367632492934
367633242794
367632476580
369813526930
371953658532
369810098838
369810098842
367650048549
366508385953
366525064865
366559472212
367632410246
367632426629
367632426630
366558733988
366558729896
366558746280
371081194136
439607405202
366554540425
367633279400
369814317480
365434590868
367629068884
367633259141
367633197701
367633263237
367629085268
367633259142
367633197702
367633263238
367629261464
367633259145
370015636134
370015636138
439590726306
439607405218
366525123205
367632472646
367633259078
367628298570
365435644580
365452421793
439607462442
440681130634
366559517336
367633259160
367629085332
369810123412
370015640210
367629085348
370011450008
365434668710
369810123416
370015644306
369814559400
367628294552
367632488856
366559472276
369796737444
369809320353
369809336737
366554491288
367628233112
366558685592
367632427416
366576241222
366525123098
367628282505
367629068937
366504077713
366508272017
370887985737
371072834194
371089558150
371089611410
370887985801
439607462537
439607405201
440681147013
366504073862
366508268166
366504073866
366508268170
366508317222
366525045382
366508317226
366525045386
365434590884
365434608225
365434657377
365434673761
366576446097
372196911765
366558747205
366558751301
366508317329
366525065553
366509431441
367645977161
366509365905
367629064612
365430151768
365434414676
371089611425
372196907685
369796729241
369796729497
367650167366
367650171462
365435656856
365501782440
369809332897
369810377381
365434661544
365502552737
365502552738
365502556833
365434657444
367628266154
367628294760
367650171473
369810053793
369810053794
369810057890
366559783588
366559795880
365435652758
366508317345
366559451560
367628999080
367629261446
370879863400
370879867556
370879863464
370879929000
372159048338
372163242642
372159048354
372163242658
366558751320
369809332840
369796749928
369813527138
367632493144
369814317665
369813531233
369814506150
367628294744
369796736676
369809319585
369809327785
366576429650
370870462113
370870458018
370878879400
366576446034
371072739910
370871413318
369809332834
371123198632
387246090920
366508321321
440882735753
440916384426
453797112488
453801306792
439607401058
440681130570
369810319976
369813523050
367632460458
370883070282
371080993192
371081124522
367628294808
365430418084
365434661540
365451389604
365501721249
365501786785
366554552984
366558747288
370870463073
370870463137
370878884452
370878884516
370887264838
370887264902
371953396265
371953543833
371952626264
366554552965
367645067801
370871245338
370879654437
370879797913
367645067817
370871249434
370879654438
370879797914
367628216906
366509365906
367645973066
367897684566
366509431442
367645977162
366559717988
366559730280
366593223330
367666965154
440849279638
366559718052
367633459876
366555326884
366559521188
371123120808
372196862632
366558747209
366558685769
366558751305
371072772770
372205263528
372213684898
371089549986
371148364456
372205329064
372222106280
371080993384
371080993448
371957770849
439607663237
439775304329
439775304330
370887985734
371080997476
372159097441
366508317089
366559451556
367628282437
369814292906
366559468184
366559468200
367650171537
367650187921
366505122438
366505126498
366509320786
366509320802
366571260442
366576441926
366576441930
366828153492
367901895316
366558730904
366558730920
366558747304
366576429714
370871397010
370878880360
371123133065
367650171538
370888186502
371089513094
371123169957
370884029026
370884053642
366508288329
370870459026
371080981033
370887264806
371952626202
365451389348
365501786529
365502564777
365502565033
365451389352
365501786530
365502564778
365502565034
366558746964
367628278090
371961911942
371961911946
365430146650
365430147674
366509320866
371961768593
370866267810
370883992138
370867219018
370883996234
370871396962
370888186442
370871413322
370888190538
365518555750
365451450024
365518554790
365518555558
365518555814
372163291794
440865958537
439607405190
365430146458
365430146474
365430146666
365430216289
365430216290
365430409893
365430409894
365434653274
365434669653
440916417192
370883766946
370883832482
371957574306
366525049225
366525060705
366555306394
366555306409
366555306410
366554540421
366554540422
366554556805
366554556806
366555306649
366558730634
366559505001
366508288390
370011450024
370015644322
370867251810
370867251874
440849214122
365451388578
365451446890
367628294793
372159048290
366593206930
366593223314
365434586794
366508271201
366508287561
366554519210
366525048453
366525048457
366554519194
366554519209
367650220690
370883996294
372196846234
369814555289
365430155864
365434350162
365434399314
365434415698
365434414680
365434612306
365434661458
365434677842
369797515685
369797515689
369797532309
369797532313
369797532310
369797532314
369797515941
369797515945
365519346273
365519538853
440916404904
365434661480
365501770344
365501786520
365434661476
366504077714
365501782424
371953396266
371953543834
366576446049
367650187873
366559455817
365434406502
365434407526
369814309525
369813527202
369814571686
371089513121
366558685604
369796737426
369796688274
370888022418
439607400802
366554539684
367629019736
367897684585
366558747274
365518555562
365435701925
365435701929
365435701926
365434410641
365434410642
365434414737
365434414738
365434652325
365434652326
365434673809
440844855976
365430154904
365434349202
365434398312
365434595730
365434612114
365434653082
365434653098
366508272033
370870458921
370878880294
366555310490
366555310506
366554556810
366555310762
366554535576
366572235361
366558729880
366576429665
366554535592
367628277416
367632471720
365434656404
365434656408
369810123176
369810049449
369809336673
369810049702
365434594962
365434611346
365434652314
365434652330
366508271265
366508287625
367629068873
367629085257
367633197672
369809328742
367649983050
367650048586
370871507618
367666825754
370870458785
365430155928
365434350226
365434399336
365434415762
365434595752
365434612370
365434661522
365434677906
366508272289
367633455753
367633459849
367633509013
367633509017
367633472137
367633476233
367633509029
367633509033
367628298890
366554523290
366554523289
366554523305
366554523306
366554520234
365502569124
365502569128
369809336994
369810377386
370879666600
372163238537
370888022433
371081124517
371081124505
371081124521
371081124502
371081124518
371081124506
366505126497
366572235397
367666965137
366525065618
367632472458
367633246825
366525065634
367632427402
366554536552
367632460122
367628278376
366572046985
366572112425
366576290345
366576306729
370867050914
370867055145
370871245353
370871249449
367649262154
371123133080
367666039322
371952626217
371953412649
371953543849
370883070538
367897684582
367666944594
367666960978
371123169941
370884094610
371123169945
370883070602
439590890122
439607663242
439607667338
371957836450
439808993930
439842646698
366508271969
366558751140
369810106984
369796753816
367628266153
369814293098
367632492964
369813531026
369814293162
366508382758
366504094342
366508386854
366559451785
366559517321
366559455881
366559521417
366508272266
366525049482
366558751400
369796754088
371072768674
371072834210
365430483368
365435660952
372196878952
366554524309
366554524310
366554524325
366554524326
366508321302
366508321306
367628266133
367628266134
366592297514
371089377834
366558714198
366558714214
367632411224
367632411240
367632427608
367632427624
366554457765
366508271174
369797523874
366558685577
366508288394
366558685578
366559505002
372213688994
370015885986
367633443497
366559701589
366559701593
366559701653
366559701657
366559701605
366559701609
366559701669
366559701673
371085183529
367650171526
365435710120
365502573224
365452438184
365519547042
365519604394
369796749988
369813527201
440865991330
369796737682
366559521418
370871446178
370871511714
370888247946
370888288930
372205251240
440861764234
440865958534
367645989474
369796745830
439590722194
439607462438
371957721738
367629265572
371139906186
371953609368
365430147686
365430147689
365430147690
365451384424
366509316741
366576425605
366823971461
366509320837
366576429701
366823975557
365501712806
365430212006
370888186438
369814313576
367632493204
369814317713
369813531281
369814555305
370888190534
365434661457
365435636377
366504077705
366554474886
366554536326
366508272009
366554491270
370011445928
371953412634
367645993570
371953658536
372196878986
371085318793
371089513097
370884053641
439607401094
439590722090
369814309289
367633476244
369814309481
369814309529
369814309545
439607401098
367649982998
367649983014
367632410276
369796728486
369796729254
369796729510
367632411284
369796749969
369797532325
367645973090
369796737633
366593202822
366593206918
366576425610
366576429706
366593202826
366593206922
367628294504
367632488808
366558746984
369796737384
369809320290
369809336674
367632472484
369810098598
366509320849
366509320865
366572247685
366572247689
366576441989
366576441993
366572235409
366572235425
366576429713
366576429729
367629085336
370011450020
369810123428
370015890081
367629085352
369810123432
365434673768
365501782632
365430479464
365434677908
365434677860
365451455076
365518563937
366525048418
366558685796
366559517288
367901960868
366509316742
366559455828
366559455844
366558681496
366558685829
366505122442
366509316746
367897684570
367897684586
367897684646
367897684650
366525048482
365434591652
371085322885
366572251793
367645977233
367645993617
370870458722
370883832402
370871183954
370871249490
370879601256
370888247941
370879666792
372163238534
365452429925
365435701913
365435701914
365435701930
365451192914
365451455058
365451450961
366554490501
367629249109
367629249110
367628294534
367633504917
367633504918
371064482472
371081259688
366559521444
369797536408
365430413985
365430413986
365430418081
365430418082
365434661537
365434661538
366559517352
365434673825
365434673826
367633213848
369810320017
367628298856
369814301282
369809336936
369814317666
367632493160
369813531234
369814506154
365434603178
366508271202
366508287562
366559713925
366559713926
366559730309
366559730310
366559718021
366559718022
366559734405
365430409898
365430155880
365434350178
365434399330
365434415714
365434594984
365434612322
365434661474
365434677858
366508288586
371139947169
372205267620
440882719378
367633263256
367633279640
366593202833
370879601064
369796733348
367650220641
371089574533
370866989730
370867055266
367628216970
367628282506
367628298889
366554475145
366554475146
366554491529
366554491530
366554540681
366554551976
367629261450
365434590872
365434603878
370866989666
370867055202
370883791434
370883856970
370888026770
366504077957
366508321317
366508271954
366555310485
366554536329
366555310741
365435640465
365435644561
367629052582
365435640466
366828202661
366828202662
370888284834
366558669160
366558685544
369796728470
369796728474
366572251745
370871245349
367645973153
367650216594
372159044170
371957717578
372192651926
367650282130
372159048266
371957721674
372192651930
365434348962
365434398114
365434406314
365434406490
365434406506
365434406554
365502564773
365502564774
366558747048
369796737448
369810057634
369810115178
365430154920
365434349218
365434398370
365434414754
365434595746
365434612130
365434661282
365434669482
366508272034
366554540440
366559718036
367629265556
367633459860
369809332644
366823959188
366576442017
365434673832
365501782696
365519542946
366525188649
366572046982
366508271266
366559468196
367628294538
367628233098
367628298634
367629052518
367629052522
367629052586
369797536417
367629081222
439590627721
439607404937
369809332641
372196846230
365430155944
365434350242
365434399394
365434415778
365434596002
365434612386
365434677922
366508272290
366508288650
366554540677
366554540678
366554557061
366554557062
366558734985
366558734986
366575520278
365435656872
367649262122
367666965130
372159097506
440865942154
370887969414
439590721954
371080981156
440681126282
439607400866
439590627718
439607400842
440681130378
367633476264
372192733864
366576503433
369814293142
366558664360
366558669386
366558730826
366558734922
366559701590
366559701594
366559701654
366559701658
366576540322
366558751110
371135752866
370878880293
439607667346
371089377866
371953412712
371089377930
366559521428
367629068948
367633263252
369797536404
369810119316
369814313620
371072739973
367628216916
367628233300
367633214085
366508386913
367632488868
369796745882
369796745898
369809332904
366828169862
366828198570
370888186505
370888190601
370870462114
372192668264
371123120744
366571260550
367645067798
366571325990
367645067814
372196862568
365434345058
365434603110
365434604134
365434603174
365434603942
365434604198
387246082710
366576441938
366576441954
366558665097
366559504981
366508272018
366558681481
366558730633
366559504997
366572112409
367645854233
367629249174
369810102930
369810360982
367632472740
369809332882
366508321426
365434595745
365434669657
367628298836
367632493140
366525123206
367633259082
367633443478
440912194218
370879797861
370879797865
365502573217
365501770402
365502556834
365502573218
367629068708
372163353250
365430412952
365434611348
365434607256
365451384472
365434607976
365501720209
365501716114
365501761190
369813522854
369796745642
371085183530
369796745626
369796745638
369796745622
366555343512
367629331108
366554539688
367629265512
366559717992
367633459816
366558733992
369810315880
369796748968
369813523046
369809328538
365451381337
365451450964
365451450968
365434673812
365434673816
365434677912
366525044322
366525060706
367598786122
367598790218
367628200294
367628200298
367628200358
367632427412
367598791238
365434590818
365434594914
367633504922
370879851172
371953592996
369814317730
367628217000
369796733602
369797520034
369797536418
367628233384
369796737698
369797524130
369797540514
365434406570
365434407514
365434407578
365434407530
365434407594
370870463122
371961915986
366559537812
366559537828
366559455892
366559455908
366559472292
366554490532
366525045381
366558684836
367628232356
367632426660
367628233064
369796729194
369810311846
369810311850
367632492952
366559455818
366559713880
366828214932
366828214948
366828231332
367897762468
371123182244
371123198628
365451450980
365451450984
365451455080
367633214089
367632427657
367633459864
369814510241
369814559393
369814571685
367633476248
369814514337
369814563489
369814571689
366575454790
367650220625
366576487049
367650228873
366575454854
367666948689
366593223249
367666965073
371123165862
365434612385
367666825770
367901940390
365451385490
365451389586
367901940394
367650228874
371085417122
370879802009
370879802025
366559533705
366559537801
366559734409
366559767205
366559767209
366559468169
365430413729
365430413730
371123137128
387246033514
440865958538
367628282472
369814297186
369810320040
369814301346
367650048581
370883856933
370888034853
370888051237
367650048645
371957574169
371961764377
371961768473
366558747206
366558751302
366559533732
367633275556
371123137161
366555339416
367629064808
367629081176
367629081192
367633259112
367629068888
371961764498
370888034950
440681130566
371961764242
366576306713
370888034886
371961764434
372163238538
366525123210
367633259146
367633509014
367598791330
367632489098
367633275530
367633509030
366509369953
366509370017
366526098065
366526098081
367645989509
367650183813
365434608024
365501765992
365501716882
365501782418
366508271186
366554524053
366554523285
366559521364
367632472709
367632411269
367632476805
367633263188
367633459845
367633504921
370879589028
369809320609
369809336993
366554491304
366558685860
367628233380
366572251794
366576446098
366572251810
366576446114
371072739974
371068545674
371072739978
367629327016
366554540692
366558734996
367628282516
367632476820
369810119268
369814297233
369814313617
366576478817
387246090913
387246099113
369810315928
369814309478
366559455814
366559521350
372196940456
367628233364
369797523873
369796737681
369797532073
365434410578
365434586790
365434587558
365434587814
365434414674
366576425606
366823971465
367633279636
367633279652
369809316193
369809332577
367650167434
367650171530
370015640209
367633275466
367633443494
367628282441
367629249113
365434607265
365434669670
365434669674
365434608289
366554474122
366554490506
366554524249
366554524265
366554524250
366554524266
366558714538
367628216969
367650187922
370888190598
371089517190
371123169961
369809328489
366504072838
366504076898
369809328745
369809328490
366526098053
366509337161
366575454794
366558664330
366558668426
366558684809
366558684810
366558718550
366558718554
366558718569
366558669449
366558669450
369814317729
370883832225
371957574049
370871183778
371081177764
371081190040
372154919588
370871249314
439590726050
440681130386
440849017434
369796753064
365430212201
365430212202
365430212197
365430212198
365434660520
365501778330
366576306758
367650245257
370879605336
370883996305
371072834209
371089615505
372154870425
367901960872
372196928168
387262876326
367901977256
372196944552
387262876330
366558734680
366558734696
366558751064
366558751080
369809316449
366504076962
366508287622
366504093322
369809320545
369809316450
369797532069
371085322834
371085421202
372159158946
371080980904
372192651866
371952626072
372192651882
372192651942
366555327128
365501766049
365501782420
365502565013
365434661284
365501770145
365502565017
366525048402
367628216932
366558669412
366525064786
367628265878
369810098602
370867317410
366593202770
370884094626
439607663238
439590890118
370879605352
371123182232
371139943073
369796754068
366554474152
367628215976
366558668456
367632410280
369796733538
370870462802
370870462866
371085183622
371953396376
439607667361
440882735714
371957574185
371961768489
369809336984
369814555290
369810107032
370011441578
367633263242
367633509018
365518563746
365519342250
369796754081
369796754082
366559504982
366559504986
369796733601
369796733604
370871184018
371953527462
365434603946
365434604202
366576442018
365451384481
365451445925
371961932422
371148352164
439607527978
440681147018
440681147014
387246107304
440882731658
440916388518
369810311781
369810311829
369810311845
366558668392
366576429638
366572235338
366576429642
366576425546
366593202762
366593206858
367632460389
366558669194
440849279658
367629081172
367632411014
367628216714
367628233097
366559730324
367650171489
367632475812
369809328553
367666944645
365501761894
367666948754
371123165861
371123165865
366508386897
366558730852
367628278153
367629052565
369797515674
370883840553
369814309285
367628278360
369810102881
439586433674
439590627974
370867055010
370883832226
370867055265
439586433418
439590627722
439590627978
367598807625
371961916038
371957721698
367650286226
372159064650
371957738058
366558734756
371953527450
366558665354
366558681738
366572247713
366571325978
370866268710
369797532326
369797532329
369797532330
366554540648
369796688289
367628298840
367632472728
366559455896
369809316513
367645977249
370883992201
371123165846
365434398289
365434394194
365434398290
365430216292
365434414696
365430151764
365430220388
365451191906
369810377382
369810123426
366525044369
366559451718
366575520330
366559455848
366559472232
366559455832
366559472216
366576474786
370879601320
370879589032
371085183626
366593202850
370879666856
370887985798
439607462534
439775292068
440849050185
371080997540
440681130594
439775308452
440849050186
366576290342
367650032166
370871245473
371961911878
371961911882
366508321169
366525045345
366525045137
367598786949
366525061521
367598791009
366508321121
366525049233
365451446874
365435656852
365435660948
365452434068
365452434072
365435706020
365435710116
365435706024
365451381401
365451381417
367633197706
367633259081
367633263177
367633197642
367633263178
367633259176
366576290346
370871245354
371081128550
367650032170
370888022570
439590722210
366559779480
367629327000
367633521304
366559521432
369797536420
369810365092
365434677928
365501786792
367645993633
367632489064
366504076897
366508287557
366525044357
365430408805
365430408809
365430408806
365430408810
366559713896
367632460373
367632460374
367632460390
366525123142
367598791250
367633275465
367633443493
367628282456
369809332836
372154935976
365434607272
366525044294
366525044298
365451381094
365451381350
365451187810
365451380390
365451381158
365451381414
365501766242
367628294537
366572251809
370866268578
370867219081
370883996297
367645788806
367628265114
367628265129
367645854246
367650048550
370879797849
367628278440
369809316514
369809315490
369809328790
369810053522
367629019556
369810098586
367629052570
372196846249
367598791050
367629052330
365501778325
440849230474
366508317090
366508382626
366525065570
366508321170
366525049170
366525049186
366508317026
371957574186
367629277848
371957836449
439775537833
439607667337
439775537834
439590726186
439607405194
367632411028
369809336929
372154853990
367650048649
370871249569
439590726305
440844839528
371081194148
439775308440
440844855960
440849050249
439607405154
440681146954
366824020648
365434590882
365434590881
370879605416
367628233290
371123186328
371123186344
365430221416
365434415768
365434415720
366559533641
366559533642
367629003333
367633246822
367633476260
367629281940
367629281956
365435660964
370015898277
370015898278
370015898281
370015898282
366576306826
370883856938
370888034858
372154870362
367650048650
371961764394
372154870426
370871249570
371081194088
371081194152
388315622049
439775554216
439775570600
366559713944
367632411273
367632476809
370879851108
366508321441
371961932426
371952626344
367666944657
371085318817
387246041762
367629003352
366558668436
366572046873
366576241174
366554474132
367897696920
366828149400
367901891224
367901891240
366554490520
366558684824
369796733540
369796737636
369796733544
369796737640
369809332833
369809336930
367633263012
366559533716
369810106788
369797523876
369814301092
367628233128
369810320036
372196879000
365451381093
369809336680
366558680710
367628282532
367628298916
369796749730
367629003176
369810053544
369810119314
367629019560
369810107026
369810057640
369810123410
366554474904
366554474920
366558669460
366558685844
366558669476
367650048582
371957574166
371961764389
372154854041
367650048646
370870463013
369796737634
365435722408
367633525412
365430150744
365434345042
371953609384
367897766568
387258686120
370871184033
370887961249
365434603930
365434604186
365434608280
365451385496
372196907689
370883857033
371961764449
367628265829
367628265833
370871397025
370883996321
365434677848
365451389538
365451455074
365451455064
365452429978
365452429930
365452429994
366526093961
367633263208
367628298900
369814301329
369809336980
371085322898
371089517202
371085322914
371089517218
372159064710
367633439385
367629048490
367633439386
367629048486
367650286241
367632472664
367666965153
365501781672
365430154914
365430417826
365430417058
365430475370
365430220450
365430475178
369814301348
371953396262
367633214086
367897762472
366525061777
366525061793
367901956776
369809328806
366559472036
369809320338
369796737432
369809336722
367633213860
369810098794
369810098858
370883070345
367629343400
367633537704
365451188897
365451451041
367628233353
367632488837
367632488838
367633242725
366526093905
366559517092
366559533476
367599835717
367666944581
366559517348
367666944593
369809316257
369810115221
366559713930
370871179682
370887956898
370871245394
371080981092
370871249445
370878880152
371081124457
366593206946
370879605400
370879670872
370879670936
371961916049
371961916065
365501712810
365434604181
365434604185
365430213209
365430213225
365451188833
365434411620
369810115237
369810115238
369810115242
369810115241
365435636373
366559701670
366559701674
365451385192
365501761897
371953593000
370879654312
370883992225
370888186513
370888186529
365430150804
365430154900
365434590865
365434594961
365434677841
365435636393
365434612305
365435636329
365434415697
370888219298
371085421218
372209494690
367897713286
367897746086
367897680489
367897680549
367897680550
367897684581
367897717382
367897746090
367633275300
367897680490
370879666852
369810360985
369810361001
365434673810
365434411604
365434415700
365434411608
365434415704
365430217316
365430221412
365430217320
369814301336
367633275304
369814301096
370011441834
370887264646
372192651881
366558734744
369796749732
369810315924
366504077905
366508272209
366504077921
366508272225
366508382741
367897746085
366525061701
365451385442
365451450978
365451455060
365452429926
365452429974
365452429990
366525045153
367629015430
440916339338
440916355722
371085322850
366558669445
371089517154
370879666788
371085183526
371089377830
370879863460
370879928996
366508317282
367628999305
366559451800
367629261449
366508317346
366559451816
366828165736
367901907560
369813522086
369813523110
366824024728
366828219032
367897766552
367901960856
366824024744
366828219048
366559537733
366559533637
366559697573
366559697577
366525065797
366824004261
369810106980
366526093970
367650167430
372196911781
367629261416
366559472040
369809320594
365501712022
365501712790
365434660504
365501712026
365501712794
367598787205
367628294789
367629081221
367629310629
367598787209
367628294790
367629310630
371961768594
371961965154
440882731654
371961965217
371962030753
372196879012
387246082730
365451385426
365430479460
365434673764
366558730580
366558730596
366558746980
367628216649
367628216650
367628216996
367632411300
365451385448
365434656424
365501778326
365501765282
365501778582
371135711882
371139947154
371148352168
372209453706
372213688978
372222093992
371953412696
369809332884
367628282185
366525061713
366508382865
366508386961
366508321361
371081177768
365519346274
365519350370
365430475369
371089513098
369814571690
371080993432
366508317281
366508382817
366525106713
366525123097
366575503893
367629003397
366575503909
367629068933
366509365857
366509370001
365501781668
365518554789
366576446090
366828169866
367632472424
369810049446
369809332578
367598791265
369810049450
369810049706
440681146950
366575520390
370883070502
371953527386
366592297510
371953527402
366508288581
366508288585
366525061705
366525065801
366828169896
370011703973
370888051242
370879666725
369797515669
366559451782
366559517318
366559455878
366559521414
366559763094
370879666726
387246082713
387246082729
371957770850
369796733586
365501769378
365501777578
369814313634
366572247714
367629314714
367629314730
372196878981
372196878982
367632493220
439808989858
440882731682
370866268562
366554523993
367633246821
367633246885
371085322897
372163287713
366593223313
371089517201
370888190609
366554536596
366554536612
371961932421
366558665094
371089377926
372159064714
365434669478
371139947170
371148368552
388315622050
439842663080
439842679464
365434653350
365434604117
365434604133
365434604197
365434604118
365434669654
367629019732
367632456278
366559472228
367629019748
367632456294
366559467924
367628294533
365430154840
365434345041
366554519978
372213648010
365501778598
366508272274
365434653093
365434653349
365434652329
365451384468
365501761189
365501761957
365501762213
367628278184
369814292901
369814313618
369814317714
369814555301
370887969322
370887985706
372192684681
372192717481
366555327140
367645989513
367901891206
369814313624
366526110306
367599839818
367632427688
366558685864
369796688546
369814563496
365518559650
367628281512
365519342246
440681388678
370879851112
370879851176
367897717386
367897750186
366504076937
366508271237
366508271241
366508381857
366525060753
366559533672
369809336728
371068545673
370871183914
371064351338
372192717466
367666961058
371961916042
372192717482
365430150820
365434345121
365434394273
365434410657
365434656417
440849246858
366504094281
366508386841
365434603877
365434395218
365434346066
365434411602
365434657362
365434608210
365434673746
366823971476
366828165780
365451381145
365451381397
365451381398
365451381402
365451381142
365451381146
365451381141
365501778329
440916355721
365435656866
365435656850
365435652709
365435652710
365435652774
365435652757
365435718310
365435706018
367629310634
367629281926
366525065866
366558751370
371080997528
365434612308
365451380374
365451380326
365451381334
365451187809
365451380389
365451381157
365451381413
365451191905
365451380393
365451381161
365501777573
370888022689
371961764513
372192651945
371961768530
440849214106
366559472020
369796737428
369809320337
369809336721
369796736680
366593206945
367666948769
366505126562
366526110342
366505126546
366509320850
366509337222
366558714213
366558714469
366508271249
366559468166
366558681512
366508272273
366559468165
366559533736
369810107048
369797524136
367632493193
366525064850
367598790290
367629277834
367598790306
366508321318
366525049478
387246037666
369809328793
367629068900
367633275525
367633279621
367633263204
367633476229
367633504933
365434410596
365451380325
365451381349
366558730648
369810053537
369810115173
366558747032
365501777574
370888051270
371085380233
371068644001
371085421217
366576306714
370871249446
370878880408
371081128553
366576306730
366823942758
366823942761
366823942821
366823942822
366575454746
366575454762
367632456026
367632456041
367632456042
367632456282
367632456297
367632456298
371089574538
371081194132
372154870421
371961764390
371957574182
366555339432
372213648006
372213688993
369810365089
440849296040
451687385766
365434607208
365434611304
365501712021
372222093976
365434677844
369813531041
367629064856
369810102948
370011429537
366558664326
366558684805
366558668422
366558684806
366558664325
366558680709
366525188629
365434410580
365434608209
365434657361
365434673745
367598807621
366525188645
367632459434
371123120774
371123165850
372196862616
366526114401
367599839881
367628278436
366504076961
366558714454
366508287621
366558714217
366558714473
366558730584
365435636389
365435636390
372196911786
367628216680
369814309286
369814309290
369796729190
365451385256
365501782434
366554536340
366558730644
366572046981
367632472468
366559455636
367645854229
366572112421
367645854245
366576241178
366576241194
367649983002
367649983018
366593219233
365430147673
365430147737
365430147738
365451191970
365451445930
365451446954
365434591633
365434608017
365434653077
365434612113
365434653081
365434653097
365434595729
365434657368
367645854249
367650048553
369809320546
367628232360
369796736674
367649245721
370879797925
367649262105
370878884389
370879670821
370879797929
366526110353
367599839841
371085322889
365434608273
365434657425
365434595748
365434612369
365434661521
365434677905
365434673748
365451385489
367645788810
367645854250
440681146762
371961768470
366559521192
369797536168
367629068874
367628282196
367629003337
366558734981
366558665112
366558730885
366558665128
366558730886
366558669446
388319812258
388328221352
388328233640
369814297249
369809332900
366508317266
366508382802
366525123094
366558734676
367628216905
366823959173
366592297493
367666039317
366592297509
367666039333
365451380373
367897713285
367897717381
440844823146
367633242710
367633242714
370879933096
372192750248
365430150760
367632476520
369810311833
369810311785
369796737442
371081190052
365501786516
365501765988
365434608020
365501782417
365434612116
365501720977
365501786513
365434607249
365434653285
366575520394
370883070506
371953543770
366576487045
367633259156
366559517080
366593219153
367666960977
365430408869
367633214026
366558669208
366558669224
366558685608
369796733585
367628986986
367628282438
367628298821
366525123109
367598791241
367629052501
367629052505
367628216984
366504094090
366558747018
367629265546
365502569112
365434608033
365434669669
365434349217
365434612129
365434611361
365434669673
365501716897
367650167378
366576306726
367649262214
370879601316
371953412760
372196907686
372196911769
372196911770
372196911785
366525045090
367628986982
367598786890
367628294474
367628298569
367628987046
366576306709
367598791305
367628298886
370888288929
367632427368
369796729498
366576544418
440861764233
369810106785
369810057633
369810114985
369810106786
369810114986
366576487046
366576540306
366593219154
366593219170
370883992146
370883992162
370888186450
366593206929
370879605412
370879670948
367628282200
369809332580
369810119265
367628986966
367628986981
367628986965
366558730660
366558747044
366508382746
369814579880
371961965218
367598807622
367598807626
365434591905
365434657441
372159048274
366554552970
365434607972
365501716113
365451385188
365501762149
370867055250
370883832466
367599839905
367666961033
367650220642
367632472744
369809332898
389401979560
458121456296
369814297250
366575520298
370879605290
366554556820
367628298644
366558751124
367632492948
369814292889
369810102888
369814292905
370887969162
366559779496
367629048230
366575520277
367629249178
367629277829
367629281925
367629310633
367629277830
367650171466
370883992226
371085318818
372192668298
366558751060
367628278346
367628282442
366554536585
372209494689
440849246857
366554552969
366554536586
366554557065
366504073605
365501713062
366558714470
366525060745
440866056865
440882735777
371089574537
439792315041
440865991329
367666948753
366559521384
370871249554
439590726290
367632492888
369810311830
366554556809
367628282249
367628282250
367628298633
369810320018
366559517284
366559533668
367629064804
367632472454
366508317073
367628281508
367628293800
367632488104
367645788746
366576290330
367650032154
366559517258
366559521354
366559537738
367628298852
367633279562
366555310501
366555310757
366559451786
367629003334
367629048485
367897696932
369797540264
367897713316
367645788742
367629281930
366554540632
366554557032
366525045318
371961768486
372154870441
366554552980
366554552996
366559455640
366559472024
366559455656
367633455754
366508386853
369796729494
367628216724
369796733329
369810106977
366558747013
366559500965
365434653289
369797532074
367628294473
366504076938
366508271242
366508317074
366508382610
367628986970
367598791266
369796732578
369797519777
369796737441
369809336932
369814313570
366525060754
367628232329
366554474900
366558669204
369796684177
366554536280
365502548645
365501716881
365434653094
365434653354
370866268770
370867219078
369810119272
369810123364
372196879016
387246099110
367632476564
369814292902
367629314713
370011703978
369814297252
369814297256
369814301352
370011703974
370011445921
367628265882
366525045330
366558734692
367628282212
370879797930
366559717976
366828149352
366828153444
369809331880
371085318790
371085322886
370879802022
372159044234
371089513122
370888051269
366576241286
370883840550
367633459800
371961768529
365502565029
367649983046
370871249553
367649983110
370888026769
369814293161
369813526929
369813531025
371123133066
371123137162
371123169962
366554523994
370878884393
370878884394
370879801961
370879801962
370879802026
371961961121
372192684682
372192717477
372192717478
365434657448
366558665353
366559718025
366555339402
366555343498
366554557066
366555572906
365434673762
366559468170
366559730314
366525061770
366559533706
366559767206
365451385240
365502548646
371089615522
439808993954
440866056866
367628216966
367628233349
367628233350
367629265541
367629265542
367666944609
366559517332
369810106792
369796737684
366571260554
367645973154
367645989538
370866268714
365434677857
365435652777
367598791301
370879601194
370879588906
367650167458
370879666730
370879654442
370879670826
372213684882
365434607250
365434586789
365434586793
365434587818
366554474148
367628215972
366558668452
372163242633
371961916037
367666961041
367650171553
367645788745
370883791238
366525061765
370888186501
367628298825
369796729193
366504077706
366558751369
367645977250
370883828262
370888022566
366558681737
371080997417
371081128617
366525061766
367666948690
366559697498
366559697562
366558734918
366558669382
365451446885
365451446886
365451446889
370015640225
370015644321
367633279656
369796737688
367633263272
365434660516
365501769377
365501778585
365451388580
365501777577
365501778345
369814575780
371953527398
367649262217
371089517153
370879654488
371953396312
367649262153
371953396261
372163242657
372163259017
371089517138
367650282145
366526093957
371080997414
371080993318
371080997418
367645788698
366572046890
367645788714
370887957030
370871179818
370887957034
440849050250
365501782674
372205263512
439775308456
372205316772
365435636378
387246082726
370888026514
370888022434
370888026662
371081128618
371961961106
440681388618
440844855945
440844855946
370866268514
370883070346
370883766689
366554540456
366558734760
367632476568
367649245718
370878880281
370879666713
370879666714
367649262102
370878884377
366575503910
370870458906
366558730916
366525061473
372192733860
372196928164
371123137192
371123182248
371123120792
371123137176
370879670952
370879867496
372192733848
372196928152
369796729258
366558735012
365434669738
365434410658
365434669734
365434586774
365434587542
365434587561
365434587541
365434587557
365434668714
365434394193
367629003146
367629019530
366525044361
366554519913
366554519974
367629052314
366554536581
366554536582
367628278089
366525045385
366525049426
370888186506
370888190602
370888022690
439607401122
440845085354
371961961122
440681388682
366823959178
367645993554
440681392738
369809336977
366558685770
366828153432
366828153448
366828169832
367901895256
367901895272
367901911656
366554552728
366554552744
367628298826
366558751306
367628294730
367632427594
366558734948
367632411210
367632476746
366554490505
365434612328
367629052569
366526110289
367650171461
367629080996
367633214120
370883832418
370883791242
439607401093
439607405189
365519538854
366593219209
366576446089
366593223305
366554535588
366559455592
366576425609
366572235401
366576429705
366593223306
371081128549
366571260458
366823971466
367629003348
367629003364
367632456277
367632456293
369797540516
366559521448
366559537816
366559537832
365434657364
365451381333
365434591656
365434608274
365434657426
366508271946
366554490502
365434608034
367632489048
366571260486
366575503894
366525061714
367629019721
367628233289
371089517189
370878880168
371072739977
371089517193
371089517194
367650171474
367650187858
369809328809
370878880104
371089513093
371957770913
366504094282
366508386842
367628282216
369810123361
367628298600
369810106978
369810123362
369810315922
370888051274
370888051338
371961768546
371961768610
367632455333
366558685765
366558685766
366559455588
367632455334
366504077642
366554474118
366504072841
369810102952
369810107044
366555310505
366554552966
366555310489
365434410577
365434587813
367633459880
440882735778
439792315042
369809316194
369796733288
366558747240
366558730856
369809336676
367645788694
367645788710
366558684820
369796729449
366525061522
367598786953
366558734917
366559467928
367628298885
366559521380
367632489093
367632427653
366554474890
370883791497
365435710104
365430478500
365430478504
369814309477
369814309482
369796753828
369797536424
369814559396
369814563492
366508385954
366525064866
367632460137
367649262106
370888026785
366555326888
366559779492
367629327012
367633521316
369810365080
369814559384
365434410584
365434612376
365501770146
365501720994
369796683426
369796687522
369796745834
369796754024
366558668440
366572247650
366558718298
366508287626
369796687521
369796745833
367629081226
367629019786
367629085322
367629015689
367632489124
367629081225
367629019785
367629085321
367629015690
365430417064
369813523114
367901895268
369813523098
372196878996
372196924072
366504077666
366554474889
370878884200
370878884264
372192684692
367629064778
367629081162
365435701909
371953396328
365434390102
365434390121
365434390118
365434390122
365434390106
365434390101
367628294568
369809320354
369810115226
367632488872
369809336738
366558751336
366558734936
366508317206
366508317210
366525045322
367633504934
367645993618
365434603881
365434603882
370887985546
439607404946
440849017449
365519346338
365434349153
365434349154
365518559906
365519604390
370888034890
370888284818
371962026642
370888034954
440681392714
366576503434
367632492937
365430216356
365435640420
365435640468
370867219082
365451446869
365434410660
365451385249
371961965202
369796736673
369796745881
367632426648
369809316242
369796733336
369809332626
369796733352
369809316258
369796745641
369796744873
366525061474
370879797850
366558751384
367628298904
372154919592
370871184034
366558747284
369810057636
367632489108
369810123409
365434586726
365434586730
372154985112
371123120778
366572235426
370866268834
370870459042
369814301332
369810115177
369814317716
366558747220
367628216713
367629019529
367629052521
370888186514
370888186530
440681130402
440849017450
370879863448
366576306762
366558680744
366558747210
365430221480
365435644584
371072772769
371072838305
371089615521
367650228870
366576474706
372154935960
372154985128
440849279653
440849279654
372205329060
387246090916
387246086824
387258682022
387258682026
367628294548
367897713300
369810119080
370879797866
367897684565
366525065889
367629281896
366554539672
366554556072
367632476504
367632492904
369810311834
440681130642
440849279657
453801290405
453801290406
367666965138
366559734424
369809336996
369796754084
369813531297
369814309526
369814309542
369814309530
369814309546
453801290410
367629003402
367629064842
367629068938
366525064841
365435644562
365434657192
365434661288
365451385236
365434612120
370870463058
370883996242
365430413988
365430413992
370878884440
370883996258
367901895332
372196862628
365451384488
365434608232
365501716130
366558681482
366558734729
366559504998
370870458770
371080981029
371080981030
366558730900
366558747300
367650167441
370866268833
371148364452
387258673825
387258669730
367666944674
372192746152
367897762456
367897766564
367897778856
367632476760
369813527137
366525045394
366525045409
366554491300
367628233108
367628216740
367628233124
366525044306
367628200277
367628200278
366525065569
367628282246
367628233286
367628298822
366559533701
365434399313
365434350161
365434611364
365434611368
366554524058
366504072842
366508287558
366555322792
367629064616
367633258920
366555339176
367629081000
371961961058
370888247942
439607663250
440865942150
440865958546
371089611426
439808993938
440882735762
372196846170
365501762214
365451380377
365451380378
371953543786
370887264810
365430151778
365430155874
365430412961
365430417057
365430412962
365430151777
365430155873
365430150552
365434348945
365434344850
365451450962
365451455057
367629085284
371123186340
365518559905
367632489112
365518564002
370870458706
370878880088
366576478882
372196862602
367628298629
367628298630
366576446022
366576446026
367633214056
365430212262
365430212266
365430146646
365430146662
365430146665
366558751113
366559505061
366559505062
370015890082
366526093894
366593202758
366526093898
372192746148
387246090904
367628298580
367628298596
367628298584
366508317010
366525045074
366525065890
366508267145
366558714453
367632427658
367633476234
367632493126
367633279558
367633439402
366525065825
367632489030
367632427590
439607527977
366575503914
366571325994
366571260490
369814510242
369814559394
369814563490
372222110376
440916421288
370888247945
439607667345
372163287650
372163287714
372196907674
371085322913
372196862598
371957738121
366525049490
366508288649
366525061769
366525065865
366558685830
366558747270
366558751366
366554536600
366554536616
367645973062
367650167370
370870462817
370878884196
370870462881
370878884260
370887264582
366572046921
366576290329
440916388522
365434608296
365451385512
440916388517
370870459041
370878880420
365434604121
440912210600
367650220706
371957721762
372196911766
371072838306
365434604137
439590988450
439607401097
439607405193
367632476742
366592297494
369810049445
367628278120
366554474088
366559468102
366559472198
366559533638
366559537734
366559697510
366559697514
366559697574
366559697578
372163291745
372163291809
365430217377
365430217378
387246099114
367629081256
367633275560
371139943058
365434411665
365434411666
439607462538
440681130658
366525049506
366559730344
367629277864
367633472138
367598786950
369814293141
369809336724
365502565030
366828153512
367901895336
367901891205
367901907589
367901907590
367901940389
367901911685
366504077894
366508272198
366504077898
366508272202
366554523301
366554523286
366554523302
365434349201
365434398308
365501770088
366554552710
366525044358
366554524069
366555306666
366555310758
366824004266
366526098057
366593206921
366593202825
365430221410
365430155922
370871413382
370871413386
367632488792
367632472645
367632411205
367632476741
366525065809
367632411206
366508386857
366558734982
366504094278
366508288582
367633279572
367633459846
365430155876
365430151784
365434603158
367599835785
367666944649
366526093985
366526110369
365435652762
367629019782
367666948745
366823959140
366558733976
366558664344
366558680728
366558684840
367632426664
367632427668
369796754065
370888051333
366526093958
366824008357
366526098054
366824008361
370870458922
370879801958
370015881893
370015881894
369810049429
369810049701
370015881898
366525065826
367633443434
367632493130
367633443498
371080997480
367632427654
366525064785
366525064801
367632489029
366559537748
366559537764
366572235410
366554557080
367632493208
366554553000
367628294824
367632489128
366504077970
366554540712
366558735016
367632476840
370888284833
366824004250
366824004249
366559533702
366559472262
366559537798
365434652309
366824004265
366576446025
365501762150
365501762153
365501762154
365434394212
365434653333
365502827173
365502827174
367650171525
367666948741
367649262213
366576446085
367650183817
367666961029
367650187909
367633213844
365434661460
369797798568
365434661464
370888026530
439607404962
366559783576
369797798564
369810381476
365434657185
365435644564
365451385250
366559521176
365434603941
365434603945
365451389345
371961764514
440681126538
367901895320
366555327144
366555343528
370871442066
371080981096
370887969418
371080981160
371961764450
366559763110
366559763114
366526110345
366828198566
366526114441
365434414692
366558747017
366559713940
366559713956
367629277844
366508317225
366555310502
367632488841
365434604201
365434594913
365434603161
369810369192
367645993569
367650187857
367633197656
369809316498
369809320593
369809336978
365451381353
365451381354
367645989537
365502565018
365430146649
365430147669
365430138209
367628266150
367598786182
367628265893
367628265125
367628265126
367598791329
367632489094
367633275526
367632493190
367633504938
372192729768
366526114465
439586695818
367628298920
366508321362
367628282452
367632493224
366554557096
369814292890
366508386898
366504077730
366558665098
366504094346
366559455882
366559718026
366508386858
367598787145
365434608292
370879588772
370883856934
371957574170
369810098793
369810098841
369810098857
365430408874
367645854230
369796729450
369796683410
369796729446
369796687506
366555605672
367629347496
367633521320
366559718056
366559734440
366559730328
367629331112
366508321442
367629261480
372196878985
371953592936
372196862601
372222093988
440849279642
372163242629
366593219217
370879605156
371089513105
367629019544
370879605348
372159064709
372163242641
365434348961
365434406489
367628282182
367628233030
367598790985
366555343272
366559779476
366559795876
366555326872
367632411032
367632411048
367632427432
369796749729
369796753825
440681409161
366559697557
366559451796
366525106725
367628278150
366559451812
366559468180
366559533652
366525061514
369809328810
365434410600
370871183762
370888022610
367897700952
367650286242
367666948770
369797794469
369797794473
370883766882
371957574242
439775308425
369810107028
366508386721
366571260553
365430483560
367901907608
365434677864
365501786776
365502573208
367901907624
366559763097
366559763113
366559763098
366823959204
370870462882
370011449768
370015635882
366576442001
370011433378
366828149396
366828149412
366828165796
370011445672
367629064868
366559763093
366559763109
365434673752
365434608212
365434608018
365434608276
365434612372
366559734406
366559472280
369796737704
367632411274
367633459850
367666825766
370879666840
370888051241
365430417832
366504073610
367645854234
370883832358
365501711974
365501712038
365501766305
366558751380
367632427684
367632476772
366558669396
366558685780
367628266069
367628266073
369810102945
369810119329
367633197720
369810315937
366525123113
365430134177
365430151761
366525060770
370879654500
369809327782
369809327786
367633197480
369809319586
369796733592
365430150568
366508320402
367628232330
366576446033
369796732584
366508381858
367628215946
365434657442
370015906472
370011708068
370011708072
366505126537
370011712168
370015902372
370015902376
366505122441
366559471976
440916400808
371953396388
365434611352
365430412948
365430417048
365434607252
370011445924
370015885985
367598791074
366575520393
370883070505
366525188646
366525123209
366508386977
365434411624
365434411672
366592297498
367650048554
370883828266
370883832362
370888026666
366508272006
366576425618
366576442002
366576425634
367650183842
369814506149
365434604122
367632493156
367628282468
367632476776
366558730836
366558747236
365451446873
366555323032
366555323048
366559533720
366558680713
366558717605
366558717606
367628233048
366558680714
365434345105
365434345106
366508321186
367629015433
367629052325
367633246806
366525049250
367629052329
367629052517
367629052581
370870458786
370879797862
370883791494
367628265897
367628266138
370879797926
370015635878
367650032165
369809328534
367645973126
367645977222
367897750165
367897750169
371952626328
367650183750
367650183754
366508382818
366525106714
366525049505
367633279588
366559500886
366593219234
366504077962
366555323018
366555327114
366555343524
365434668709
365434668713
367629019816
369810102946
369810107042
365451381338
365430146714
365434411601
365430150801
365430150802
365430146713
367598791073
367632492933
367633242790
365435660946
365435636309
365435636325
365452413605
365451188818
365452413606
365435644578
372154853978
372154854042
365434611345
365434652313
366554474121
366559521353
366559537737
365501782673
366576446113
365501786514
365502548650
365451389588
365502565014
365434653353
369813531298
369796733284
370888186466
365501778597
365518563938
365501786786
365451380394
365451381418
370887961126
370883766822
367645772314
367629003401
388319812242
440845101736
440845118120
388328221348
440849312424
366509365921
367645973129
367897696902
366509431457
367645977225
367897700998
367629015434
367629052326
369810360998
369810361002
367650167457
365434603162
365434603114
365434603113
367650171554
369809328537
367650220626
371085380230
372159097490
367650048538
366508288646
366558685833
366525065862
367629068712
369814555302
369814555306
367598786885
367628216646
367645788697
367632410968
367645788713
367633476230
366558718313
367666961057
370011441818
367666944673
366558747269
365501720226
366823971480
366575520326
367666039334
365430154916
365430150824
367649245734
367897713304
366828165784
366828165800
372196846185
365501762218
366576474722
366593202834
366559500970
367628298566
367633242726
367629048421
367629048422
366559505066
365451389601
365434411684
365434415780
366525061537
367633263173
366559767190
366559767194
370011441577
367633275540
367629343396
367633537700
367645977234
369796754066
370883992198
365434394210
367650282146
369814293157
369814293158
370015636118
367629249177
366525123110
367633275496
365430217314
365430134433
365430151825
365430154664
369796744874
369814313572
366576425570
367650167394
367650183778
369796745897
369796729514
367628216980
369796729257
369796729513
366558669156
367628199589
367629085258
367628199529
366593202849
366555310745
366555310761
366559500901
365451385441
365451389537
369797519778
365501782436
365501786532
365501720210
365501761893
367666825749
365434406486
365434407513
365434596001
365435644577
365434591649
365434591650
365430151844
366525045138
387246103208
366526098066
371089377862
366526098082
367645989510
367645989514
367650183814
367650183818
366505122378
366509320774
366505126474
366509320778
365430155924
365434350225
365434399332
365434415761
367632426644
369796728490
367650187937
365451389592
366554540452
369796733345
369796733346
369796753826
366559734420
370888288914
439607667298
440681392778
367628278424
439590984354
366559537768
369796754072
371961916050
372196911782
371139947153
367628265894
367598791314
367633275529
367628265814
440844790410
367666960993
366593202785
367650171490
366509337158
366828149385
366828149386
365519538858
369813531282
366508267910
366525106729
365501711978
365501712042
367650286225
366593223329
366576478865
366593206866
366593223250
367666965074
365430151762
365434607268
372163259013
372159064713
365434410644
365434414740
365434410648
365434414744
367598791249
367632493125
366508321425
367598807690
365434607204
365501711973
365501712037
367599839817
365451384420
366526098017
366505122437
366509320801
366508267142
366508267146
367897717400
366828169880
367901911704
366824020632
366828214936
367901956760
366824024740
366828219044
366823959208
367897701032
372205267624
372205333160
372205267560
366555306665
366525049414
366525049418
372163238470
367628200297
367628200282
367628200534
367628200553
367628200538
365501778534
365501713066
365430134178
365430150562
365430213286
365430213206
365430213222
365434604138
440849050216
370878884504
371961916002
370888190562
371961932362
372196846246
372196846186
440882731657
365434410664
365434414760
365451388577
365451384482
365434414756
365451184726
365435640408
365451183718
365502572968
365518555749
366525188633
366525123141
370888219234
371085380234
369810369186
366525044385
366559467880
366559697561
366559697494
369813526945
369814309541
369809332642
367632460138
369809332648
369809336740
369809336744
369813531042
366559533656
369796749720
369796753812
370879670696
367632472710
367632411270
367632476806
365430154856
367650171465
365435636310
365435636374
365435636326
366526110305
367628216902
365434398306
371961916041
365451183722
367633246810
367633246826
365451445926
365451446870
365451446950
369814563480
367632476554
366508386722
369797794470
367599839889
366554540696
366558735000
367632476824
366554475160
366558669464
367632411288
366554491544
367628233368
369796749986
366525044386
366559468136
367628265830
369796745894
367632411304
370871413381
370883857030
370888190597
367629019722
367633279561
367632493129
366828153508
366828169876
366828169892
371081177752
371123120804
371123137172
371080981144
365451192913
365430221400
366525188630
366525065810
370871507617
371957717642
370888288913
367628986985
367632456102
367632456106
365434653269
367650048533
366576290325
366576290341
367628216664
366576290326
367650032150
367650032149
366576306710
367650048534
365434657172
365430413736
365434608040
365501766050
367629015464
366559467944
367633279592
369814301330
366558751396
369810123368
369814317672
367666965090
370888223378
440681126534
439607401106
440681130630
370888190610
367628278168
440882719370
371957738122
367645989522
366554474136
367628216920
366558669400
369796684449
369796749985
366576540305
367650216593
365501716129
365501766241
365501778533
367645977185
366576544401
366593206881
366593223265
367650282129
366509320841
366823975558
366559517254
366559697558
367666944610
440849033832
387246090914
439607667362
371962030754
440882735754
366823975592
367897717416
367901911720
370888223394
367632426633
367632460393
367632460378
367632460394
366508320418
367632410250
367632426634
367629019526
367629048426
367629048425
367629048489
367629052502
367628987050
366555306650
366525049222
366554491273
369810119266
366593083925
370878880298
366575520293
367629310617
367633263174
366554524313
366525048454
366554524073
366554524329
366554524314
366525048458
366554524074
370879588902
365430217304
367633279557
366828214952
366824037032
366828231336
365451385506
365451451042
366508386978
366525188650
366559713960
367632476810
371089549922
365435640488
370883996298
371123169946
365452438120
365518555754
366525065861
366558751365
366558713514
366558714282
366558734725
366558681478
366559500902
366525061513
366558751109
365430474406
365430134434
365430150818
366823942746
366558669416
369810311782
369810311786
366558730600
366525064842
366558717610
369796744870
367633279576
370879601190
365434395240
365435701910
366525106726
366508382866
366508382761
366572112422
366504077985
371080981080
366558718293
366554519205
366554519914
366554519977
366558718309
366508267141
366508271942
366525045062
365434398305
365434603929
370866268698
370870463002
366505126538
365434590888
365435640418
365434346082
365434608226
370866268713
370888190626
366509370002
367897701001
366509431458
367645977226
366576306822
370883992210
370888034857
370888034854
371080993317
371080980900
370867055009
370883791241
439590627717
439607400841
366555339401
366555343497
367628278086
367598786889
370879802010
369810102696
370011441574
370011429282
370011441814
367666948681
367632488852
369810102882
366558714277
366558714533
366525060741
366558713509
366558713510
366558714278
366558714534
367628232340
367628294488
367650245254
367666961042
365430408858
369810315940
369810315944
367629081188
366558665093
366558669189
366558730629
366559537752
370888190561
369814317668
366558681477
365501782680
367901907604
370015636122
367901907620
367901891236
366525045066
366525049162
366504072837
370883857034
367599839882
367629064872
366559701606
366525061706
371953543850
366525065802
366824008345
370879670810
370879785642
371953543769
366554520170
366559517317
366559521413
366559537797
372154919576
367901911716
367645788809
370888026513
370883828130
367650032169
369809320610
366508386962
366525064802
367628265110
366508316322
369796684193
369796684194
369796688290
369796749970
366509435553
366526114449
367650187938
366558685834
366559734410
366559767210
367598791306
366559472266
367632472680
366576474770
370878884184
370871245218
370871245458
440681126278
371080981034
366593206882
366572112410
366508271970
365430220386
365430409637
365430409638
365430409642
365430408870
365434669658
365430475365
365430475366
365430475433
365430475430
366526093921
365501712805
365501713061
365434398369
365434414753
370879589016
365430412968
366572251746
370871397009
370871413385
365434612072
365434661272
367649245737
370870458917
370878880100
370871245217
369810098585
370870458962
365519350369
365518559842
366576478866
366576544402
370888026706
440681130578
369796749976
370888051334
372159097442
440882719366
366558685848
369796688545
367632427672
372163242570
365435660962
365435660961
365435718313
371089513058
367666960994
365435710114
440849275546
440849275562
365435718314
365435710113
367650048585
366559517257
366559472197
366559517253
366559521349
367629052566
366559472261
366559451781
369809320289
367645973138
366504077665
366525060689
366554474885
367632456358
367632456362
365501778602
439775308426
370871183777
371080993368
370883832417
371957574241
371123137157
370883791498
366558734952
369810102690
369810115222
367632456101
367632456357
369810115225
369810102689
370879867544
366525049234
367629277860
369796753809
369796749713
366525061458
367628233033
370011433634
365430154849
366558685588
369796688273
369796737425
369809332632
366504073606
366508317221
366508272261
366525049477
366508272262
365434414673
367628216728
367632472724
366525061729
367629019718
369810098601
367650183825
367650183841
367628282501
367628282502
367629310618
371089517217
370888190625
366559521368
369796749972
369809332888
366558669193
366508271250
366558718565
366504076946
366558664329
366558718549
371080993380
371080993444
439808989830
370878880164
365430138274
365430155857
365430155858
365434346065
366525049221
367598790986
367628278180
369810098582
370879670822
370888022569
366525045346
367598787146
371123165849
371123165866
366555323017
366576478881
366576544417
365501761962
371952626280
387246041761
366823975576
372205267608
366555327113
366576441929
366593206917
367633476200
369809328746
365430147670
365430146645
367629081252
367633259172
366508271238
366508386838
366525065798
372163258954
366593223266
367632460453
365430409621
365430408853
365502827177
371961915974
369810311849
367650216610
367650216546
366508320354
367629261400
366593219169
365434608228
366576503429
366576540321
367650245253
366576425617
366576425633
365502827178
367628278406
372155001512
370871183970
370887961186
366576241226
371953592932
371085318794
365501778538
365434344866
365434406505
365434407510
365434407529
365501770337
365501778537
365430154852
366558730825
366508382757
366504077969
366824037028
367649262118
370878884378
366823971492
370879801945
370879801946
369814555286
369814297234
439590726185
369814555285
369809335976
367633242729
365451381097
367633242789
365434608216
365451380329
367598786954
367629052310
366576474769
366558746968
370883992202
366525045410
367598787210
367628294794
367645993634
367645067818
370871397002
367649245738
370866268513
370883070281
372163357345
453801286314
369814292886
367628282276
369796749924
365434607266
366559451752
367645977186
366572235346
366572235362
371085318754
369814293093
440681147017
366558714474
366558714458
366555322788
365430417825
387246082714
367598786886
367628216744
371961911945
367645067802
370878884248
439808993953
440882735761
371961932358
371089574534
372163242578
372196846245
366559451544
366571325989
367628216965
366575520282
366575520281
366575520297
387258665642
365501717153
365501782689
365451385508
367598806666
366505142922
366509337226
366526110346
366526114442
366509337162
366509320842
366526093962
366526098058
369810365090
369810360986
369809328794
367598786186
370011441830
367897680554
366526114450
367599839906
370871442081
370888219297
366575520329
371085183625
366525123145
366508321377
367598790282
366593202786
365434657378
371957574050
439775275434
439607404938
371123133062
371123137158
370884094625
365434415764
365434415716
367633443433
365451389585
365451455073
367632427593
365430412904
365430417000
365451388520
440844823145
366558750376
366558730664
366508382882
366525061794
367628233354
371089558154
369796737700
369796733608
366525061778
369810315938
371080997288
387246041745
367901911700
366558751128
366823975572
370887264650
367599835781
367632459430
366554519206
366504073609
371081255592
366555572905
367628987045
366508382625
367628233285
367632489097
366824020644
370879605160
367901956772
372196924068
372196940452
365434672808
365435656808
366823959144
365501720225
370879670888
370871245350
439607663241
439607400838
370871249313
439590726049
367629064841
369810119330
366559734436
369796753832
366558669220
369796684178
369796733330
366504094089
369810320034
366525065617
367632427397
369810119336
369810119332
367628265818
365501782692
370883832481
370867055201
365434653290
365434653273
370866989473
365501785768
365451454120
365518554794
365518555818
365430151848
365430155940
365434395233
365434395234
370887264842
365430150753
365430408857
365430408854
365430154850
369810049430
367650032153
365434410408
367629310614
367628294564
372192684678
371953396136
372192717462
372196907690
372192713386
366526110290
367599835718
366572046922
366823975588
367897717412
372192684708
371123137188
365452417698
365434411688
365430154913
365451450977
365430150817
365434594980
366554556824
365434391126
365434391142
365434391130
365434391146
365434391210
365434391145
371961932425
371089549985
367650187849
367897746074
365434661473
365434399329
365435706017
367628282186
366508316306
366508381842
366525060690
370871179618
365434657176
365501761958
366554552724
371961764378
370883840554
369810098790
367629019540
439607404961
371081243300
439590722089
366554474916
366554536296
370866268577
369797515670
370883832357
370883832361
370888026661
370888022565
370888026665
365430417828
439775275685
372159097505
367633214100
366576306761
371953396324
366576306825
365434612132
371961764374
371957574181
366504093321
366558714202
366558714218
366504094341
366504094345
366508288645
370867317409
365434653337
371089513042
370879605286
370870463017
367632410984
365434661281
365434669721
365434656420
365501778586
365502569108
370888190546
366508382762
366559517322
366572112426
370867055146
365434594968
365434349138
365430150740
365434349137
365435636313
365435636314
365430155860
371123202728
367633541800
369810385576
439586433417
372192651941
370871249505
372163287634
372163287698
440849050200
366576487050
370888022674
370867051050
370887957154
370871245410
370888022626
366508382881
367629003398
366525060769
370879851160
367598786118
366508316258
366525044370
367598790242
366508316242
371123133096
370871396998
370871446162
366508271178
366554457766
366554457706
366554458538
367628278410
366525048394
366554457770
366554458794
366554524009
366554524010
366504077958
367628278409
367650167429
367650187850
367666948746
367645993610
367650187910
367645993609
367650187913
367666965129
367650187845
366558746276
366576306757
369810098854
370888051238
371961768474
370879601048
370879654308
371961768469
366554536356
365430417060
365434612324
365434661524
365451389540
365501778601
370879670884
369810107025
366558685784
367628233304
369814575784
367633525400
370015640226
367598787206
372159163041
366576478802
366554491284
369797515673
372159163042
389401963172
367897717385
367897696906
367897713289
367897713290
367632460454
369797520036
369797520040
369797524132
366508321185
367629052506
369809328486
366525065873
367629265545
367628266074
367628266090
372163242566
369796745625
370878880424
366525065874
366508386914
367633197705
439607400850
440681130338
371961961042
440844790409
370888231558
439607405217
372154854053
371089545826
440865958533
439808989842
440845085353
369797524129
367629081240
367633275544
370888026721
370879867560
366525123114
365451381162
387258686116
387258690216
387262876325
372222106276
387258682025
367633197641
367633214025
366823959192
365434587562
365434586778
365434586777
365434594978
365434611362
365434660514
365434669722
365451389544
370870462818
367598791302
370011450017
370011703977
370011450018
370887985802
370887961250
370888026786
371080997544
366572046986
369796745878
365434612321
365435640484
365451389602
365451385505
365451455137
365451455138
369814297185
365434591906
365501786770
365452438180
365435660968
365435660904
365435656868
366554524057
365435644514
365430412964
365451388568
365501786728
370887985738
370887961234
370888026722
365430217380
365452417697
366559537802
371081239208
372154870422
371064416936
371064416872
371081243304
372154935912
366593219218
367666944658
365435652713
365435652714
365434350177
365452429929
365451380330
365451381098
366525188634
367633263241
367629314710
370011429538
366525106730
440882735698
370871183910
371064351337
366824008341
366576429666
440866056850
366572030490
369810057618
370878884390
365451389288
365501761898
366554552740
366508321378
366554540708
365434350241
366509365922
365452421794
367645973130
365519604389
365452434081
365452434082
365452438177
365452438178
365430216104
365434415784
365451184742
367633263016
371085322890
367901911689
366526114466
367650187914
366509370018
367901891210
366509435554
366823971462
366824004262
366554551972
366824004246
366823959174
366823942762
366823942826
372154870378
366555572890
388319816353
367628294820
365451388584
367633213864
370870463014
370870463018
366525045126
366508382742
366509316745
367632427352
366554524070
366526097994
365430474410
365430138530
366526110354
367599839842
367666948706
367897750185
367598791242
367666944586
367649262121
370887985797
366525061730
367632492938
367633246886
367633246890
365435644520
366824008362
366824008346
365435652778
365430217313
367901973160
371961764393
372154854054
439775275690
371080997413
370883856969
371957574305
371072772705
372154919524
365430482600
365434676904
367897778852
371953412520
367901973156
370879654552
370879654504
365430130282
365430130346
365430130278
365430130006
365430130022
371072772706
372163291746
372163357346
371089545890
372163291810
367633263192
366525045154
366525065610
366558751114
366525060746
369797532070
440849033802
372163238474
371961915978
439775275686
366593083942
367666825750
372154853994
365435640424
365435636330
365434586725
365434586773
365430146410
365502568868
365434657428
365434657432
365501721250
365501782628
371953396392
371089513034
371123104422
367650187874
371089517130
371123104426
366504077986
370888223393
366554557092
367629085288
370887957090
366554490516
371952626088
366558751144
367632492968
387246041746
365434677672
365452438168
365519342186
365434672804
367598791010
366555339172
366508267909
366525049249
367598791057
367628233034
366525061510
366508382609
366555322776
366509365841
367633258916
366558747014
366558747028
366526093969
366504094277
365434346145
365434346146
365434661528
365434395217
365430217300
366525049489
367598791313
366559455912
366554536344
366554536360
367633197736
370879654568
366509365858
366526093986
370871446177
367650187846
367666944650
366509316682
367650183762
371131525800
371131591336
370883996306
372205251176
370871446114
370888223330
365501766306
365501716898
365430418088
366504077729
365451385492
366555327124
369810320020
366554556836
367629068904
367650216530
367629085272
369810114981
366526093906
366526093922
370888022625
367897701012
367632488842
369814313569
365434346081
366559472296
365435640404
365435644504
365451184725
365451184730
365502835368
365430479272
365430479268
365430479524
367629277800
369797520033
366559718040
366508321122
367633246805
365452495525
366525123146
367629019781
367629265496
366828153496
371148352152
370871249450
370871397026
367632460202
365430220452
367598807685
367629314709
367633443482
367598791058
367598807434
369814293146
372154854057
367632459429
366559455877
367632460198
365435644516
372196846250
372163242594
371953543785
367901911690
370887961130
370866989610
370883766826
365430147754
365430146730
367628982954
367598791237
366525045089
367599835721
367666944585
366508386837
367629068934
365435636394
367629085317
366559697513
366576446021
367897746089
366526098001
366526114385
365430146409
365430134113
365430134114
365430213289
365430213290
365430213285
365430212261
365430212265
365430216354
365430475174
365435652761
366554524330
365451188834
366555572889
366572247698
366824008342
370083007146
370083007141
370083007142
367598807686
366828149382
367633279625
365434346129
451687385770
366554556840
367628200549
366558718629
367628266070
369813522090
366559734376
366823975528
371953609320
371953674920
387246103204
370871183969
453801323176
455982353066
369809337000
440681392802
369814293097
366525065609
366559500966
367628200362
367632472408
369810115174
366572251785
366593219205
366508267078
365430154648
365434348946
365434389930
365501761194
365434653338
365434653286
367628199530
367628199590
367628199594
366505142921
366509337225
365519608484
365519608488
365518555813
365519612584
365519346337
371148348072
367649983114
367650245258
371953412650
371952626218
365434657380
365434657384
367645977170
366558685540
367633197476
366576306725
371064351402
372154870442
371064351401
372154870358
365435656865
365435640481
365434411681
366828165769
365501720978
365451389336
367650048537
440844823210
372154985124
372192651946
367628298660
366576241290
366555589288
369810381480
366828165766
370879601304
367666948682
366504076874
366554457690
366554457705
365430409622
365434414504
365451184746
365502568872
367632472472
370883791433
366559472201
366504077961
366558669385
367629003368
367629019752
367629085096
365451446697
365452495526
365451187873
365451191969
365451187874
365434345122
365430216360
365430220456
366525061457
366525061509
365451445929
365451446953
366508317009
366508267913
367629015448
366559537576
366525045393
365434603925
365501778342
367666948705
367666965089
369810057617
366525048466
370011445908
370887960994
440849017514
371961768354
365434411617
365434415713
365434411618
365434411682
365451192993
365430151780
365434411668
365452495529
365434395236
365430151828
365434415777
365434395297
365434399393
365430139553
365430135458
366525049441
366525061702
366525049442
371089513030
366508317330
365435640417
365435652773
367897746070
367901911686
367901895302
367901907593
367901907594
367897701002
372154854058
367629019525
369809328554
367650220689
367629064838
365501782433
365434669477
365434669481
365451389608
365501782690
369809328550
367629052585
369813527185
365434612312
371072739914
371123104362
371123104358
371068644002
366558669480
369796684450
439590984338
370888051273
371961768545
370888051337
366554491560
366576429730
439607663266
440865958562
371962026658
370866268769
366828165770
365430151832
365434612136
365430413716
365430413720
365430417816
367628200293
365451446949
439590988449
366554536536
366554552936
367628278104
366554552680
366505126545
366505126561
365435656849
365519342182
366504072778
366508267082
366504072774
366504076945
371080997464
365434594977
365430479528
365430483624
366554557076
366554475176
365434669733
366558730840
366572247697
367628294804
366526098002
366526098018
367897696905
365502569121
365502569122
365434395298
365434669717
365452429993
365452429977
365452429973
365452429989
365452495530
367633242709
367897701016
367633521300
367897717396
367897701028
369810049434
365452434088
365519542945
365452434084
372205316776
366576478818
366576306821
367632472488
367901944485
367901944486
367666961030
366576503430
367632455338
367628199514
366559455652
366559500885
366526110370
366526114402
370871179874
370866989474
370871442018
366572030506
367645772330
370866989410
366572251730
366576446050
367897700968
439808989834
370871507602
371957770914
370884029090
370888223329
365430221409
365430155921
367666944582
367897684645
366576241221
366576241285
367649983109
367897782952
366558714197
366554552713
371081255588
367897750170
366593202821
366558729892
367629003172
366576474785
370879588776
367599835782
367897750182
367599835786
367897750181
365430154660
366526114386
367633214040
440681130657
366576474721
369814313633
372205316760
387246086818
371081243288
387246037650
372192668324
366593083946
369796749992
369810053538
369810114982
365430138210
370866989409
365451188817
365430154600
365430212009
440681126218
367897696872
367897700964
367901891176
370888034953
367897750166
369797794474
370879916696
365434390186
370871183714
371081177700
439607527974
365434608290
365434677921
366824008358
366558718373
366559468120
369810365096
366554524054
366509337157
367628999050
365451446694
369810369188
369810369176
365451183786
365430220200
365451183530
365788039850
365430130026
365501712789
369814297000
387246033578
370887264906
372192684648
370878883496
371952625320
370887264586
365434673576
365434587546
365430146457
365435706008
365452434024
372196924056
366558669190
366554491269
367628298565
367897680474
367666961034
365430221476
365451450020
366509337221
366526110341
366828198565
366828165765
366828169861
365501778581
365430213221
365430213226
365430150504
365430154657
365430154658
365451389522
366558734921
365434673828
439792310946
365502831268
365501766244
365501765281
365430483620
370871179938
370871442082
366828153478
369796749736
365430409626
365430409625
365430151826
365430154897
365430154898
365519342181
365451450788
365518559649
365430151842
365430479522
365501766248
440681392786
366558685524
365434346130
440681409162
365434612392
365430483617
369810320024
365434669737
365430130090
366572251786
365451192994
367629068968
365430134369
370887969158
370871179666
370887956882
366554458533
365451385444
365431528100
365435722404
365431528104
367599856265
367897717352
365435644513
366509316678
367633259077
366593083941
367666825765
365430483618
365431524010
365430221474
365430139554
365430155938
387246033562
365430475434
372154849898
365435718309
365430138465
365430138466
367629068952
371961768490
366509320785
365451385425
365434594964
365430217384
365435706004
366555589272
370011433633
366525044362
366509369954
370871446113
371961965153
370871511713
365435640472
365452434020
365518563745
365451450792
367633275462
365435656804
365518555557
366823975562
366576425554
367598806665
366509365842
366554458534
365435640482
365451188898
366828235432
365501717154
365430221473
365430479521
365431524005
365434398113
365434406553
365434407577
366828202666
388328237736
457047714472
365430138273
365502831272
365434406485
366576425542
365430155937
367628200533
371089517126
365430151841
365430150548
365434391125
365430138529
366558669140
371961764258
367629331096
371953396132
388319816354
457039293090
365435726504
365431532200
366828149381
372163353234
367599839890
366824041128
365430212010
365430213210
365430150564
365452413610
367599856266
367901944490
439775271594
366559500890
367901891209
365434407509
372154849962
369813522858
365430213205
365451446693
365435660945
371131525736
366525060742
365431524009
370887985542
365430412900
365431524006
366828169865
366828153482
730860260010
365451454888
370871245202
367628200357
365451184810
366824020628
440681126214
366505122374
366823959128
365430130010
365430146406
453797128872
439590721938
367901895306
388311394920
388311394984
365430131370
370871179602
365788039846
367901956756
365519342245
365430216100
365788039845
388311460520
