1466015503700
1809952888488
2655722777000
2656879421864
1758145898900
2930688566888
2634318977364
1809685256532
2909196884308
2587024074152
2926645519976
1827066440276
2857858591316
1483469056596
2582980684372
1758346963540
1552188533332
2862233523864
1483195372888
2582707000664
2857584907608
1551914849624
2651426477400
2926304384344
2587001967960
2635605629284
1557620237656
1763778667864
2863290295640
1832498144600
2932009772376
1553273820504
2652785448280
1828151727448
2927663355224
2651713088168
2914849826408
2913693181544
1809617163876
1466088134052
1471657974424
1487759054488
2587270682264
1487775884644
1762636961432
2862148589208
1556478531224
2655990159000
1831356438168
2930868065944
1763715683688
2655788836244
1810973218132
1539051181720
2638562809496
1813929088664
2913440716440
1758161704296
1831378179480
2651443602836
1832228919912
2582997740196
1552205589156
2651717216932
1758364019364
2857875647140
1827083496100
2926595123876
1826876642712
1470311589220
1742239848084
2841751475860
1466100443812
2565612071588
2840489978532
1534819920548
2634331548324
1471657190824
1746614724952
2846126352728
1815334201688
2914845829464
2656074048920
1810977364312
2910488992088
2639616648596
1741989516648
2639616435860
2634604520852
1814982715028
2914494342804
1815066810984
1484625701464
2584137329240
1759503608408
2859015236184
1553345178200
2652856805976
1828223085144
2927734712920
1814264453736
1470668053144
2570179680920
1745545960088
2845057587864
1539387529880
2638899157656
1814265436824
2913777064600
1759236417192
2858748044968
1809898379880
1553077986984
2652589614760
1827955893928
2927467521704
1758141719892
1483195372900
2582707000676
2857584907620
1551914849636
2651426477412
2926304384356
1483263812948
2930599351652
2931689958056
2910484802216
1467430364500
2566941992276
1742308271444
2841819899220
1811027748180
2910539375956
1763714619992
2582779701844
1483263797608
1815339177300
2862165173864
2652589697432
1484357543252
1759235450196
1831087740328
2858663978600
1466372019860
2565883647636
1535091496596
2634603124372
1557351979412
2656863607188
2840761554580
1467107337556
2566618965332
1831160404580
2930672032356
2931963815576
1483263812952
2582775440728
1758141719896
2857653347672
1551983289688
2651494917464
1826861196632
2926372824408
2587070408024
2570984008276
1809966602584
2909478230360
2862153897320
1826877969832
1745478920536
1814198397272
2913710025048
1746262201956
2638626514580
1813992793748
2913504421524
2639637359000
1539319621028
2909196884312
2635594312088
1483469056600
2582980684376
1758346963544
2857858591320
1552188533336
2651700161112
1827066440280
2926578068056
1814248658344
1809903424936
1832435213672
2588432508308
2569893489320
1827933676904
1466304980308
2565816608084
1741182887252
2840694515028
1535024457044
2634536084820
1809902363988
2909413991764
1556549622164
2656061249940
2910219250004
1467110238548
1741988145492
1483200898388
2582712526164
1758078805332
2857590433108
1551920375124
2651432002900
1826798282068
2926309909844
1553345112488
1487507118484
2587018746260
1827866827416
1813928895848
2926661248680
1758364019368
2857875647144
1552205589160
1470314949268
2569826577044
1745192856212
2844704483988
2651717216936
1827083496104
2926595123880
2584134194840
1759500474008
1553342043800
2652853671576
1828219950744
2927731578520
1540121848232
2635593045656
1810959324824
2910470952600
1815070792344
1827888846248
1814247594648
2930667791716
1487558780260
2587070408036
1556278256996
1811027745432
2914834294440
2913708910248
2927663667560
1471385331352
2930617199192
2570896959128
1746263238296
2845774866072
1540104808088
2639616435864
1540170863972
2639682491748
1815048770916
2914560398692
2926371559784
1487843714468
2927730797144
2584133151336
1556215125608
1815003637400
1466083943784
2565595571560
1740961850728
2840473478504
1534803420520
2634315048296
1809681327464
2909192955240
1483263812968
2858928465560
2913492162920
1534753155428
2857938544280
2914778458712
1827128318632
1539386463848
1466372019864
2840761554584
1535091496600
1488632502680
2588144130456
1763510409624
2863022037400
1557351979416
2656863607192
1832229886360
2931741514136
1487781078680
2587292706456
1762658985624
2862170613400
2656012183192
1831378462360
2930890090136
1470395410072
2569907037848
1745273317016
2844784944792
1539114886808
2638626514584
1813992793752
2913504421528
1814248921768
2931758048664
1809903688360
1832435477096
1484604937812
1759482844756
2584116565588
2858994472532
1828202321492
2927713949268
1553324414548
2652836042324
1557619381844
2657131009620
2926589617560
1828152765032
1557304863332
1832182770276
2931694398052
1483279526312
1746530887016
1745540965736
2863306286760
1758343092888
1487830145432
2587341773208
1762708052376
2862219680152
1556549622168
2656061249944
1831427529112
2930939156888
1810686645652
2913710220696
1814981601896
1484604937816
2584116565592
1759482844760
2858994472536
1553324414552
2652836042328
1828202321496
2927713949272
2588411532888
1813929159272
1552267187816
1551920375128
2651432002904
1826798282072
2926309909848
1483200898392
2587018746264
1488581142884
1762385025432
2861896653208
1556226595224
2655738223000
1831104502168
2930616129944
1470578989412
2570090617188
2844968524132
1539298466148
2638810093924
1814176373092
1484621457764
1759415522984
1470314949272
2569826577048
1745192856216
2844704483992
2638546053784
2913423960728
1832450942376
1483481962088
1551999785572
2651511413348
1758158215780
2857669843556
1809949746836
2909461374612
1826877692516
2926389320292
1483280308836
2582791936612
1488837055848
1553006746004
2652518373780
1540394477972
1762720914088
2651494913688
1471451387240
2570963015016
1746329294184
2845840921960
1540170863976
2639682491752
1815048770920
2841567996564
1741178706516
1758157448852
2857669076628
2862954731092
1551999018644
2651510646420
2926388553364
1535892941204
2914581304740
1815333935512
1466099476824
2565611104600
1740977383768
2910538257828
1813913363880
2639699220120
1827884606820
1557301466472
1746548726440
1745256618664
1552268498280
2657131009636
1484604937828
2584116565604
1759482844772
2858994472548
1553324414564
2652836042340
1828202321508
2927713949284
2910534080100
1483464071572
2932014209448
2931691182504
1487847134568
1471724280404
2571235908180
1746602187348
2846113815124
2914833291860
2587358762344
1758410205800
2930888825256
1809952647828
2931758312088
2927731497384
1557356238504
2846042446436
1471401253460
2570912881236
1746279160404
2845790788180
1540120730196
2639632357972
1814998637140
2914510264916
1467425068648
2566936696424
1742302975592
2841814603368
1536144545384
2635656173160
1811022452328
2910534080104
1484604937832
2584116565608
1746614512232
1745457867368
1762642007380
1826792756628
2926304384404
2926578144596
1483469133140
2582980760916
1552188609876
2587275728212
2862153635156
1488585386600
1484270230120
2583781857896
1759148137064
1488900760932
2858659764840
1827867613800
2927379241576
1484554343780
1828206570068
1484269463192
2583781090968
1540192888164
2639704515940
1759147370136
2858658997912
1552988939928
2652500567704
1827866846872
2927378474648
2657063904872
1540377451172
2639889078948
1746535881380
2846047509156
1815255358116
2914766985892
1740893410712
2840405038488
2582980760920
2638815335768
2587275728216
1762642007384
2862153635160
1556483577176
2655995204952
1831361484120
2930873111896
1470578989416
2570090617192
1745456896360
2844968524136
1539298466152
2638810093928
1814176373096
2913688000872
1759436432808
1758425671080
2638894224744
1832451205800
1814181882216
1831159098024
1539035207268
1762372721236
2861884349012
1556214291028
2655725918804
1831092197972
2930603825748
2845057570212
2638547166824
1746598716840
1741230270104
2840741897880
1535071839896
2634583467672
1809949746840
2909461374616
2582791936616
1758158215784
1745546274216
2583798897048
1759419656532
2858931284308
1828139133268
2927650761044
1553261226324
2652772854100
1471656847700
2846126352740
2914845829476
1742257887588
2841769515364
1536099457380
2635611085156
1810977364324
2910488992100
1467379980644
2566891608420
1814986910376
1467178461848
2582791169688
1758157448856
2857669076632
1551999018648
2651510646424
1826876925592
2926388553368
2566690089624
1742056368792
1828223085156
1553345178212
2652856805988
2927734712932
1759503608420
2859015236196
1557284607384
1488586451364
1762368330388
1484626945364
2584138573140
2859016480084
1759504852308
2927735956820
2657067821400
1742239787352
2841751415128
1484541749592
2584053377368
1759419656536
2858931284312
1553261226328
2652772854104
1828139133272
1758341978520
2857853606296
1552183548312
2651695176088
1827061455256
2926573083032
1553072495188
1827950402132
2927462029908
1484353018452
2583864646228
1483263813012
2651426477476
1826792756644
2926304384420
2582775440788
1551983289748
2651494917524
1483469133156
2582980760932
1557641389400
2657153017176
1758347040100
2857858667876
1552188609892
2651700237668
1827066516836
1484626945368
2584138573144
1759504852312
2840758753636
1741247125860
1488582252200
2588093879976
2638832118116
1814198397284
2913710025060
2862971786920
1557301728936
2656813356712
1832179635880
1831172658776
2930684286552
1746552853844
1758162757992
2926326471060
1831160408472
1483469056612
2582980684388
2651700161124
2926578068068
1467173149272
2566684777048
1742051056216
2841562683992
1535892626008
2635404253784
1810770532952
2910282160728
1466083943832
2565595571608
1740961850776
2840473478552
1466289263976
1488920667732
2588432295508
1557640144468
2657151772244
2565800891752
1741167170920
1488900760936
2588412388712
1763778667880
2863290295656
1557620237672
2657131865448
2932009772392
1556483577256
2657067886232
1759432250728
2858943878504
1553273820520
2652785448296
2927663355240
1745210419560
1746351318376
1540192888168
2639704515944
1815070795112
1815321667992
1758425934504
1471657974440
1487759054504
2587270682280
1762636961448
2862148589224
1556478531240
2655990159016
1831356438184
2571169602216
1811038955928
2858931284324
1828139133284
2927650761060
1484541749604
2584053377380
1553261226340
2652772854116
2863226251620
2639905777304
2569843332776
2844721239720
1539051181736
2638562809512
1813929088680
2913440716456
1487494814296
2638895289684
2845053719892
1552188859988
2930873362004
1487764350548
2587275978324
2570096109140
1745462388308
1553006486888
1552183289192
1758364002708
2857875630484
1828219950756
2927731578532
1467361941156
2566873568932
2910470952612
2635593045668
1759504852324
2859016480100
1828224329060
2927735956836
1484626945380
2584138573156
1553346422116
2652858049892
1557641389412
2657153017188
1467441568340
2566953196116
1536161045076
1483532228180
2583043855956
2863240161876
1483484863080
1827065653908
1828202391976
1540460537192
1539303892328
2914494342820
1759236233812
1809886897752
2909398525528
2840679048792
1831361734232
1762642257496
2862153885272
1483469383256
2582981011032
1758347290200
1470668053160
2570179680936
1745545960104
2845057587880
1539387529896
2638899157672
2652786501288
1814265436840
2913777064616
2656879090276
1742051056228
2841562684004
1810770532964
1483263813028
2582775440804
1758141719972
2857653347748
1551983289764
2651494917540
1487558780324
2587070408100
1762436687268
2861948315044
2566958703976
1813925751444
1811044459880
2910556087656
1484626945384
1815250053544
1814197610920
1467430364516
2566941992292
1742308271460
2841819899236
1811027748196
2657081710952
1535808789144
1535007889060
2657148840536
2634603210408
1741249926820
2840761554596
1810704721252
1535091496612
1557351979428
2656863607204
1467107337572
2566618965348
1741985244516
2863022037412
1832229886372
1831093245544
1832249890408
1758413036116
2570112641384
2570090867284
1745457146452
2844968774228
1539298716244
2638810344020
1814176623188
1745478920552
1535875914404
2635387542180
1810753821348
2910265449124
1815272330584
2914783958360
2861948054100
1831155903060
2930667530836
2635605629288
1483469056616
2582980684392
1758346963560
2857858591336
1552188533352
1827066440296
1746350205336
2926578068072
1552993065640
1552201128616
1551982303912
1540121532776
1815254505064
1832518051416
2932029679192
1763798574680
2863310202456
2634516114008
1809886897764
2909398525540
1762642257508
2862153885284
2652836042388
1828202321556
2927713949332
1484604937876
1539029965480
1556496406952
1810707622244
2655788836248
1758078805348
1551920375140
2926309909860
1557351983720
1556549626472
1763732466088
1763513641384
1762721704360
1552183552616
1814261568856
2913773196632
1813912332964
2913423960740
1467425068696
2566936696472
1742302975640
2841814603416
2635656173208
1811022452376
2910534080152
1484604937880
1758364002712
2857875630488
1552205572504
2651717200280
1827083479448
2926595107224
1471451403924
2570963031700
1746329310868
1540170880660
2639682508436
1467361941160
1535092561300
1540377438824
2841751475880
2635593045672
2566953196120
1536161045080
2635672672856
1811038952024
2910550579800
2638629935720
1488850627160
2588362254936
2655995127384
1831361406552
2930873034328
1762641929816
1763728534104
2863240161880
2634604520856
1746351532456
1471385331368
2570896959144
1746263238312
2845774866088
1540104808104
2639616435880
1814982715048
1484358326872
1759236233816
1553077803608
2652589431384
1827955710552
2927467338328
2570091603624
1466099476836
2565611104612
1740977383780
2840489011556
1534818953572
2634330581348
1809696860516
2909208488292
2635404514644
2566941992296
1742308271464
2841819899240
1811027748200
2910539375976
1484554593876
2584066221652
2639636309332
2914514216276
1832233031320
1831441094296
1552188597672
2840489257316
1759235450216
1553077020008
2652588647784
1827954926952
2927466554728
1488632502696
2588144130472
1763510409640
2863022037416
1557351979432
2656863607208
1832229886376
2931741514152
1762658985640
1746351532436
2656012183208
1831378462376
2930890090152
1552254605912
2651766233688
2926644140632
1470579239512
2570090867288
1745457146456
2844968774232
1539298716248
2638810344024
1814176623192
1539319621032
2569907037864
2844784944808
1556227909976
2638626514600
1534807664040
1487558519384
2587070147160
1557619381924
2932008916644
1484604937892
2858994472612
1553324414628
2652836042404
2910534080164
1832497288868
1827133810088
1471673637544
1487494802024
2655805331880
2840694515048
1535024457064
2634536084840
1809902364008
2656862382744
2909413991784
1487830145448
2587341773224
1762708052392
2862219680168
1556549622184
2656061249960
2914846922088
2914565576040
1467425068712
2566936696488
1742302975656
2841814603432
1536144545448
2927378474660
2635656173224
1811022452392
1483262486100
2582774113876
2926326475348
1758095370836
2857606998612
1831109814868
2587024058964
1762390338132
2910220342632
2841499773288
1483200898408
1827066516884
2926578144660
1552188609940
1831361484180
1487764100500
2587275728276
2930873111956
1762642007444
2587018746280
1556226595240
2655738223016
1540125792916
2639956171176
2639633144232
2635590097320
1745192856232
2844704484008
1539034426024
2913423960744
2635657226904
1556479322472
2840427129432
1534757071448
2909146606168
1483217463896
1466289264024
2565800891800
2909398275480
1483469133208
2582980760984
1809949746852
2634583467684
2565863990948
1741230270116
1488833635752
1827954910824
1742252693144
1484290418088
2857669076644
1826876925604
1539098388840
1556231908008
2909208488296
1557356238488
1815339440728
2858931284372
1828139133332
2927650761108
1763714623892
2931945728404
1813991810664
1828151977560
2927663605336
1759432500824
1553274070616
1810959525480
1809948763752
1540393167528
1483464071588
2582975699364
1484626945428
1811044459924
2910556087700
1467361880472
2566873508248
1741233171108
1809952647844
2930936011368
2926392793704
2588349409944
1832179619220
2931691246996
1488582235540
2588093863316
1814998637156
2914510264932
2846042183016
2844989740392
1763794327208
1762390338148
1483217463908
2582729091684
2857606998628
1551936940644
2651448568420
1826814847588
1831109814884
1483469133220
2582980760996
1758347040164
2857858667940
2651700237732
1827066516900
2926578144676
2587275728292
2845862962836
2914565839464
2913440455272
1466037605720
2565549233496
1740915512664
2840427140440
1534757082456
2634268710232
2909146617176
2910220606056
2909397408360
1484269463208
2583781090984
1759147370152
2858658997928
1552988939944
2652500567720
1827866846888
2927378474664
2926371497560
1488581142888
2657067882900
1467173149336
2566684777112
2841562684056
1535892626072
2635404253848
1810770533016
2910282160792
1484353018520
2583864646296
1466289264040
2565800891816
2861902157412
2634520368552
2909398275496
1467362157908
2566873785684
1742240064852
1746535864724
1487759037844
2587270665620
1762636944788
1556478514580
2862148572564
1831356421524
2655990142356
2846047492500
1471657957780
1759487040088
1762640946792
1553273874840
1758431176296
1745528137364
2845039765140
1488585136532
2588096764308
1557304613268
2656816241044
2931694147988
2655725918820
1831092197988
2930603825764
1470584482388
2926376998312
1471742060904
1488833899176
2930604661416
1535071839912
2634583467688
1557556193700
1484541749668
1759419656612
1759165176232
2858676804008
1553006746024
2652518373800
1827884652968
2927396280744
2914581304744
1467178461864
1483279541928
2582791169704
1758157448872
2840679048852
1535008990868
2634520618644
1556483827348
2926578394772
1483469383316
2914763056792
1832250680680
1831427482984
1483213285976
2582724913752
1758091192920
1551932762712
2651444390488
1826810669656
1466351396180
2565863023956
1741229303124
2840740930900
2932030924196
1484626945444
2584138573220
1759504852388
2859016480164
1553346422180
2652858049956
2927735956900
1470668036500
2570179664276
1745545943444
2657069210020
1557620435368
1466289514136
2565801141912
2840679048856
1535008990872
2634520618648
2909398525592
2582981011096
1553275201960
1483464071592
2582975699368
1758341978536
2857853606312
1552183548328
1827061455272
2926573083048
1551983094184
1815255295336
1832513857192
2909482080600
1557367462564
2656879090340
1759230925476
2858742553252
2652584123044
1827950402212
1810770533028
1746602187368
2846113815144
1540443757160
2639955384936
1815321664104
2914833291880
1467447076264
2566958704040
2909464275624
1487575275112
1762453182056
2861964809832
1556294751848
1831172658792
1539114117544
1540104038824
1488582235544
2588093863320
1763460142488
2862971770264
1832179619224
2931691247000
1471401253480
1746279160424
2845790788200
1814177684120
2846064481636
1540394423652
2639906051428
1815272330596
2914783958372
1827149616552
2652768921956
1467173149352
2566684777128
1742051056296
1535892626088
2635404253864
1810770533032
2930688563560
1471473428120
2570985055896
1746351335064
2845862962840
1540192904856
2639704532632
2587002296724
1815070811800
1832249616984
2914582439576
1813976278696
1831092972120
1557640144484
2657151772260
1763798574692
2863310202468
2932029679204
2583042611604
1828206570072
1551987545704
2914849823080
2858743932568
2930951740072
1471657957784
1487759037848
2587270665624
1762636944792
2655990142360
2930868049304
2909191641448
1540191852136
1539316553320
2846047491496
1470650230424
2845039765144
1539369707160
2638881334936
2909398525604
1762642257572
1831361734308
2930873362084
1483469383332
2582981011108
1552188860068
1470584481444
2570175812964
1745542092132
2845053719908
1487494814312
1828136048980
1553258142036
2652769769812
2927647676756
1759416572244
2858928200020
1484538665300
2584050293076
2863223167316
1832431016276
1763727287656
2841748547224
2914581568168
2926377014952
2914581321384
2862219695784
1467441568356
2566953196132
1536161045092
1470382839140
2569894466916
1745260746084
2841831103076
2910550579812
1827129611876
1832515167640
1557570103908
2657081731684
1556483499620
2655995127396
2862153557604
1763728534116
2863240161892
1831361406564
2930873034340
1832448010852
1831427746408
1832250944104
1487763253672
1466289514152
1828134955624
2565801141928
2840679048872
1535008990888
2634520618664
1467430381204
2566942008980
1742308288148
1536149857940
2635661485716
1811027764884
2910539392660
1488833632600
2588345260376
1557553109336
2657064737112
1484538665304
2584050293080
1810956179800
1746346354024
2565863023960
1741229303128
1470668036504
2570179664280
1745545943448
1539387513240
2638899141016
1814265420184
2913777047960
1759499347624
1741985261204
2841496888980
1535826830996
2635338458772
1810704737940
2910216365716
1815255558760
1814244797032
2858663975272
1483535129188
2583046756964
1552254605924
2651766233700
1758413036132
2857924663908
1827132512868
1556500538772
2656012166548
1831378445716
2930890073492
1745457146468
2844968774244
1814176623204
2913688250980
1746614441556
2914845546068
1831109764520
2927382652264
1471674946920
2571186574696
1746552853864
1467156421012
2566668048788
1742034327956
2841545955732
1535875897748
2635387525524
1810753804692
2910265432468
1535024473748
2634536101524
1741182903956
1828223362472
2844784236904
1488920667752
2588432295528
2863310202472
2858927151784
2910487730584
1815271024040
1540174993048
1759416572260
2858928200036
1484538665316
2584050293092
2657064737124
2931942644068
2846047754920
2845057833640
1483552168340
2583063796116
1758430075284
2857941703060
1552271645076
2651783272852
2858949432724
1762657985944
1763727551080
1540456293992
1762435443304
2862219630164
2656061199956
1831427479124
2930939106900
1745542092136
2845053719912
2638895289704
1556295035284
2930684570004
1831172942228
1483217463956
2582729091732
1551936940692
2651448568468
2861901965972
1831109814932
2930621442708
1487512431252
2587024059028
1831108700824
1470314932628
2569826560404
1745192839572
2844704467348
2638546037140
2913423944084
2859012085144
1553342027160
2652853654936
1828219934104
2569894466920
1539102315880
1813980222824
1488850627176
1487764022888
2587275650664
1556483499624
2655995127400
1831361406568
1745273334376
2914510330516
2914834291112
1484358326888
2583869954664
1759236233832
2858747861608
1553077803624
2652589431400
1827955710568
1832498125156
1483217463960
2582729091736
1758095370904
2651448568472
1813925751448
2910489057704
2932030925160
1826865392212
1556282251864
2841562944868
2862148311448
1553072822872
1763711755688
2857938540952
1815002569060
1815069698644
2914514528616
1831110027944
2583046756968
1758413036136
2857924663912
1540443511384
1552254605928
1540120484440
2651766233704
1556500538776
1813909248596
1831378445720
1484542089624
1759419996568
1827150342824
1539366807144
1487558519400
2587070147176
1762436426344
2861948054120
1556277996136
2655789623912
2930667530856
1745205437864
1488565479832
2588077107608
2862955014552
2656796584344
2931674491288
2588412564840
1814260525736
1813979179688
2840427140452
2927467260516
1826880857492
1556214355352
1553057027480
2862149638568
1826814847652
2926326475428
1487512431268
2587024059044
1762390338212
1483262486116
1831360620136
1832183817832
1484269446548
2583781074324
1759147353492
2858658981268
1552988923284
2652500551060
1827866830228
2927378458004
1758430075288
2857941703064
1552271645080
2651783272856
1827149552024
2566936483176
1552254920296
1487575558552
2587087186328
1762453465496
1556295035288
2655806663064
1831172942232
2930684570008
2845841988008
2840427129512
1534757071528
2634268699304
1759486846292
2858998474068
1553328416084
1828206323028
2652840043860
2927717950804
1557623383380
1470314932632
2569826560408
1471451403944
1746329310888
2863038622056
1759165196884
1828151994776
1826859887000
2635660174680
2566940697944
1557623383384
2657135011160
1484608939352
1759486846296
2858998474072
2634319227492
2926388536724
1809685506660
1826876908948
2656883353240
2652773176744
1826810669668
2846043236712
2652840306328
1763795380904
1810770793832
2910282421608
1484554593896
1471405204840
2570916832616
1746283111784
2845794739560
1540124681576
2639636309352
1815002588520
2914514216296
2840489257320
1810687699352
1763513555284
2863025183060
1832233032020
2639686883668
1759218587988
2656074110308
1742038718804
2638877206168
1556281468264
1746278984360
1470311864920
2569823492696
2844701399640
1539031341656
2638542969432
1551998756200
1741246016168
1540439255636
1815317162580
2914828790356
2635391916376
2583852308824
1759218587992
2858730215768
2652571785560
1827938064728
2927449692504
1810758195544
1758362768980
2857874396756
1742240848468
2566874569300
2927378393512
1540109280616
1556211197608
1470394443112
2569906070888
1539113919848
2638625547624
1813991826792
2913503454568
2655739356756
2861897786964
2840405366356
1534735308372
2634246936148
1809613215316
2909124843092
1740966110612
1484608939364
1759486846308
1828206323044
2927717950820
1488903906660
1763781813604
1484269446552
2583781074328
1759147353496
1552988923288
2652500551064
1827866830232
2927378458008
1540125792920
2927735970216
2930934978984
1540372457128
1746535864740
2846047492516
1815255341476
2914766969252
1539382535848
1535092824728
1557624613464
2913759241892
2638626855336
2571168798036
1557304613284
2656816241060
2862974671268
1832182520228
2931694148004
2913776347732
1467429070184
2566940697960
2930603809108
2846114617748
2582993544856
2584117422488
1540108216920
2858995329432
2652836899224
1539316279896
2927714806168
1746280294808
1828207629912
2927719257688
2927647676820
2858928200084
1828136049044
1553258142100
2657064737172
2863223167380
1832431016340
1483279525272
1759218588004
2858730215780
2927449692516
1484340681060
2583852308836
1557355125092
2656866752868
1488635648356
2588147276132
2926322297448
1467090572948
2569822381720
2584049522020
1556299028904
1467358796184
2566870423960
1742236703128
2841748330904
1536078272920
2635589900696
2910467807640
2927462028696
1467160811880
1742038718824
2841550346600
1535880288616
1810758195560
2910269823336
2862220732840
2859011303848
1540457129368
2588093863336
2862971770280
1832179619240
1540192905832
2931691247016
1539369708136
1471719778904
2571231406680
1746597685848
2846109313624
1540439255640
2639950883416
1815317162584
2914828790360
1827082245720
1471473428136
2570985055912
2845862962856
1540192904872
2639704532648
1815070811816
2914582439592
1466015831640
2565527459416
1740893738584
2840405366360
1534735308376
2634246936152
1809613215320
2657067882904
2657151982248
1536081634664
2635593262440
1810959541608
2910471169384
1831423284888
1471657957800
1487759037864
1762636944808
2862148572584
2655990142376
2930868049320
2571169585576
1827078051480
2635321402964
2570161858216
2845039765160
2638881334952
1814247614120
2913759241896
1763463043496
2862974671272
1557304613288
2656816241064
1832182520232
2931694148008
1484538665380
2584050293156
1759416572324
2858928200100
1553258142116
1488833632676
2588345260452
1540125009320
2930667853160
2569838877352
2910539392676
2566870423976
1742236703144
2655721444948
1831087724116
1553077786964
2652589414740
1741229303144
1535070872936
1809948779880
1553009890644
2652521518420
1827887797588
2656816485716
2862974915924
1832182764884
1484290413908
1483465205332
2582976833108
1832183571880
2652786497960
2652567673256
2931941791400
1740915762772
2587074648724
1556282497684
2655794125460
1762440927892
2910202533224
1551914849880
2651426477656
1758073280088
2857584907864
2587001968216
1762368247384
2655721444952
2565595568740
1484290413912
2583802041688
1759168320856
2858679948632
1553009890648
2652521518424
1827887797592
1540457392792
2634603207080
2657134995816
2927651101092
1828139473316
1535007615640
2652768921960
2914845546084
2634536101540
1466304997028
2565816624804
1809902380708
2909414008484
1487558502740
2930667514196
1483480671656
2639972886888
2914766984804
1552004328104
1815318210152
1827871041876
2656799730004
1483552168356
1536165587624
2651494917716
1487490340452
2587001968228
1762368247396
2861879875172
1556209817188
2931762240104
1759168320868
2858679948644
1471388756312
2570900384088
1484273658200
2652504762712
1827871041880
1488568625496
2845840922004
1540170864020
2639682491796
1815048770964
2914560398740
1759500457384
2859012085160
2657081715032
1832447994200
1811027764904
2910539392680
1814261503380
2858998474132
1483263813208
2651494917720
1828206323092
2930667791960
1553077786968
2652589414744
2927467321688
1742252452440
2651696309848
2841764080216
1536094022232
1810971929176
1467110544744
2566622172520
1810704737960
1484337600868
1534757332568
2634268960344
1466037855832
1762440927896
1556282497688
2655794125464
1831160404632
2566940698008
1811026453912
2910538081688
2927734658472
1762658969000
2862170596776
2656012166568
1831378445736
2930890073512
1759419996584
2651766217048
1827132496216
2926644123992
1471736534632
1746614441576
2914845546088
1467156421032
2566668048808
1535021324964
1759218588052
2858730215828
2927449692564
2656866752916
1488585386644
1488565479848
2588077107624
2656796584360
2588164920936
1484273658212
2583785285988
2858663192932
1552993134948
1827871041892
2927382669668
1488568625508
2588080253284
2570175486632
2930884830568
1471653980840
1556278257252
2857653347940
2651494917732
1826861196900
1470578989460
2570090617236
1745456896404
2844968524180
2656817277352
2566605416808
1741971695976
1535813265768
2635324893544
1484273658216
2583785285992
2655994079656
2926661179816
2651784309160
2927394923860
2583797540180
1488580879700
2588092507476
1487830095464
1762708002408
2862219630184
1556549572200
2656061199976
1831427479144
2926389320340
1758158215828
2857669843604
1484608939428
2584120567204
1759486846372
2858998474148
2927717950884
1488903906724
2588415534500
1466083944040
2565595571816
2565598762596
2844704467368
2845857913448
1746329294232
2845840922008
1815048770968
2635320355240
2583797540184
1759163819352
2858675447128
1553005389144
1827883296088
2927394923864
1488580879704
2588092507480
2910550645400
1467429070248
2566940698024
1742306977192
2841818604968
1811026453928
2910538081704
1484608939432
1742056352164
2841567979940
1810775828900
2910287456676
1483213269332
2582724897108
1762720900760
1487847134616
2587358762392
1762725041560
2862236669336
1831444518296
1484340681124
2583852308900
1759218588068
2858730215844
2652571785636
2927734921896
2845039760808
1470311864936
2569823492712
1745189771880
2844701399656
1539031341672
2638542969448
1813909248616
2913420876392
2863226316136
2913771821736
1488585386648
2588097014424
2862974921368
1484270230168
2583781857944
1759148137112
2858659764888
1488900760980
2914828790372
2652501334680
1553273820564
2652785448340
1742240848484
2841752476260
1810960325220
2910471952996
2927663355284
2931958377064
1811044210004
2932030674260
1759504602452
1828224079188
2927735706964
2652857800020
2863223445156
2861897786980
2858675447140
2656811984228
2588092507492
2845053445480
2914784023956
1470578989464
1745456896408
2844968524184
1814176373144
1759148091048
1484269446568
2914577443432
2583781074344
2858658981288
1552988923304
2652500551080
1827866830248
2913420798568
2927378458024
1815339177304
2914850805080
2588433290584
1484626695512
2584138323288
1759504602456
1553346172248
2652857800024
1557641139544
2566953265576
1467106043240
2566617671016
1741983950184
2841495577960
1810703426920
2910215054696
1484285912424
2583797540200
1762640943464
1483280308888
1551999785624
2651511413400
2926389320344
1759483615592
1746614725012
1470667336292
2570178964068
2638898440804
1467379980692
2566891608468
1742257887636
2635611085204
2910488992148
2587006228072
1832435230356
2931942581672
2584137329300
2652856806036
1540377384532
2639889012308
2846047442516
2914766919252
1815255291476
1746535814740
1484605794728
2584117422504
1759483701672
2858995329448
1745260009832
1484610246248
2584121874024
1759488153192
2652841350760
1483279525288
1758157432232
2651510629800
1826876908968
2926388536744
1742056352168
2913436263848
2583798847080
2858676754024
1553006696040
2652518323816
2927396230760
2930951677352
2910216414632
2857920522580
1483530987860
2583042615636
1827128371540
1487825955156
2862215489876
1536145397400
2656074110312
1831087724180
2655995205204
1483469133396
2582980761172
1552188610132
1762642007636
2651447530856
1535830021524
2652521518484
1827887797652
2927399425428
1759168320916
1741988451732
1810707928468
2910219556244
1745478920596
2863226579560
2862236658280
1553346172260
2652857800036
1759504602468
2859016230244
1828224079204
1488921662820
2588433290596
1557641139556
2657152767332
1470647146068
2570158773844
2845036680788
1539366622804
2858943867496
2583042615640
1552250464600
1487825955160
2587337582936
2857584907928
1551914849944
2651426477720
2926304384664
1470310471320
2909398275672
1483469133400
2582980761176
1758347040344
2857858668120
2587275728472
1762642007640
2862153635416
1553273820568
2652785448344
1483484862056
2635341649304
2910219556248
1745478067608
1471473411480
2845862946200
1540192888216
2639704515992
1815070795160
2914582422936
1470383089256
2844772623976
1539102565992
2858663961940
2638614193768
2587019880040
2655739356776
1831105635944
2930617263720
1813907942040
1763714624084
1832434100820
2845794985300
2857875629480
2914830166376
2931695199848
2571248445848
2859016480340
2652858050132
2566873508440
2841751415384
2635611085208
1487494797672
2927382669716
1763446532500
2655725987432
1759503608472
2927734712984
1483530987876
2583042615652
1758408894820
2857920522596
2651762092388
1827128371556
2926639999332
1487825955172
2587337582948
2655789885076
1487490340516
1762368247460
2861879875236
1556209817252
2844973766244
1483469133412
2655721445028
2914851055192
1484626945624
2584138573400
2859016480344
1553346422360
2652858050136
2927735957080
2583802041764
1759168320932
2858679948708
2652521518500
1827887797668
2927399425444
1467093789080
2566605416856
1536094022244
2635605650020
1810971929188
2910483556964
2651430671768
1759499344296
1466037855844
1740915762788
1762720914072
1466083944088
2840761887064
1740961851032
1534803420824
1809681327768
2909192955544
1483263813272
1466289264232
2565800892008
2840678798952
1535008740968
2570112641432
1745478920600
2844990548376
2638832118168
1467110544808
2566622172584
2840477407640
1534807349656
2634318977432
2857858591384
1552188533400
2651700161176
2926578068120
2583046740324
2857924647268
1814193399464
2566873508452
1742239787620
1487558502756
1556282435240
1483486176872
2863294409384
1552201115288
1484626945636
2584138573412
1759504852580
2859016480356
2652858050148
2927735957092
1557641389668
1467156371028
2566873508456
1742239787624
2858663192996
1552993135012
1827871041956
1488568625572
2588080253348
1553059980904
1827937887848
1762436687524
1552267171172
1467447076456
2566958704232
1742324983400
1536166553192
2635678180968
1811044460136
1557636159828
2657147787604
1556549555540
2656061183316
2844788091560
2566605416872
2841483323816
2910202800552
2583785286056
2588092832360
1484285912468
1759163819412
2583797540244
2858675447188
1553005389204
1488580879764
2588092507540
2584133147240
2930684635560
2927713938068
1488850610536
1763728517480
1557570087272
2657081715048
1832447994216
2931959621992
2927735712168
1740961851048
2634315048616
1467430364568
2566941992344
1811027748248
2910539376024
1484358310248
2583869938024
2635605650024
1810971929192
2910483556968
2582976833128
2857854740072
1552184682088
2651696309864
1827062589032
2926574216808
2840409320036
1467106043288
2566617671064
1741983950232
2841495578008
1810703426968
2910215054744
2583797540248
2914564549032
2634268960360
2639968688792
1762440927912
2861952555688
2655794125480
2656078239140
1831444518308
2930956146084
2651762104916
2930889890132
2861951510936
2931741529704
2857668798872
2652522518868
1827888798036
1484291414356
1759169321300
1467111545172
1741989452116
2926573098600
2927396296296
1470311848276
2569823476052
1745189755220
2844701382996
1539031325012
2638542952788
1813909231956
2913420859732
2931694398116
1746267363732
1487558502760
1762436409704
2861948037480
2930667514216
1535896869224
2845779323288
2651515624104
2571181139544
1540388988504
2639900616280
1484291414360
1759169321304
2858680949080
1553010891096
1827888798040
2927400425816
1488586381656
2910219250072
2566954309268
1487578420580
1535875847768
1810753754712
2910265382488
2656862639508
1759504602516
1553346172308
1828224079252
2583797540260
1759163819428
2858675447204
2652517016996
2927394923940
2651498048104
2931946067368
1557636159832
1832514066776
1467430315604
2844700071512
2566958454168
2841836361112
1536166303128
1811044210072
2910555837848
1471451387304
1488565196436
2588076824212
2862954731156
1467106043304
2566617671080
1741983950248
2841495578024
1810703426984
2910215054760
2840695581096
1740981835352
2930957265300
1483213269348
2582724897124
1758091176292
1553010891108
1827888798052
2927400425828
1832183765348
1488586381668
2652517276056
2583798830420
2846113815188
2652836881832
2570901166676
2927379437208
2862170413400
1831378262360
2930889890136
2565868198484
2566623172968
1539303909012
2841501079912
2857920522644
1762703862164
2862215489940
1487825955220
2587337582996
1831423338900
1813909231960
2840741713512
1758347040404
1827066517140
1762642007700
2862153635476
1556483577492
2655995205268
2587275728532
1488585386664
1484270230184
2583781857960
1759148137128
2858659764904
2652501334696
2927379241640
2914828773716
2635677930916
1484626695588
2584138323364
1759504602532
2859016230308
2652857800100
2927735707044
1552204322132
2841752459604
1467362924884
2566874552660
2914582422948
2582712325524
2587007281768
1466351118744
1809948502424
2652521208148
1466289264280
2840678799000
2930688764264
1470578989480
2570090617256
2844968524200
1539298466216
2638810093992
1814176373160
1553329400472
1536166303144
1811044210088
1484626695592
2584138323368
2571168541288
2570178620008
2582774114712
1539382532520
2582791936680
2857669843624
1551999785640
2651511413416
2926389320360
1759419656852
2841751415444
2588348344980
1557556193940
2657067821716
1540456294820
1466352163156
1741230070100
2931691002456
1488565196440
1557284673176
1832162580120
1553345178276
2652856806052
2927734712996
2859015236260
1828223085220
2926388353364
1483279341908
1828224329364
2927735957140
1488921912980
2566873508504
2841751415448
2582979700136
2859012347544
2844969576852
1826810653032
2913441769064
1556545431972
2656057059748
1758408894884
1827128371620
2926639999396
2927396214104
2571235908248
1540443757208
1815321664152
1758347040420
2862153635492
1556483577508
2655995205284
2846060009112
1741247125924
2913710025124
2639884806824
2587086902936
2861964809880
2655806379672
1471401253528
1746279160472
2845790788248
1540120730264
2639632358040
1814998637208
2914510264984
2913756157540
2565599500708
2634318977444
2930617509272
1552188533412
2651700161188
2926578068132
1466289264296
2565800892072
1826861177448
2634520368808
1488900761000
2932009772456
2639636617828
1815002896996
1746283420260
2845795048036
1809633880740
2909145508516
1746597669208
1540439239000
1815317145944
1466036497060
2565548124836
1740914404004
2840426031780
1483484845400
1552204322136
2583042614948
2570968475284
2845846382228
1540176324244
2639687952020
2914565858964
1746350205348
2845861833124
1810686973588
1467089589908
1535809066644
2913491916184
1488636520792
1470377862488
1745255769432
2844767397208
2638608967000
2652521208152
1762386142552
2861897770328
1466021025112
2565532652888
2570897238632
1809618408792
2927445255848
1552187484836
2926577019556
1742239787684
1810959264420
1745461013156
2927650761380
2587274603172
2655994079908
1831360359076
1487831406948
1466372299412
2652584454744
1827950733912
1483266745944
1758144652888
2857656280664
2583864978008
1826810848600
2926322476376
2845053719956
1539383661972
1814261568916
1470664185236
1745542092180
1487842941540
2587354569316
1762720848484
2862232476260
1470646295140
2655994402196
1487763297684
1762641204628
2587274925460
2909196883540
2844789478996
1484340487508
1759218394452
2656079275684
2930957182628
1746619950756
1466373334692
1467447076516
2566873508520
2655994079912
2635592985256
1484541749928
2910470892200
1483468008104
2638814210728
1557556193960
2569894466964
1539369690536
1557570103956
1763728534164
1831361406612
1763446462868
2931677567380
2584134113620
2914846595412
1557636929876
1763795360084
2863306987860
1466368874836
2840758409556
2909477886292
1809966258516
1470663842132
1809949546840
1470595754580
2570107382356
1470667319640
1746615839336
2652856806056
1553345178280
1759503608488
1828223085224
2638562567828
2913440474772
2569889273192
2582790969688
1758157248856
2857668876632
1551998818648
2651510446424
2656079275688
1487848171176
2930957182632
1553346422440
2652858050216
1758431110824
1827150587560
1471742043816
2571253671592
2931740531032
2582795429544
2857673336488
1535881357992
1810759264936
2566673509032
1742039788200
2863306987864
1557636929880
2840758409560
1536149841316
2638894946648
1470663842136
1466368874840
1759500392792
1553341962584
2652853590360
1832161815124
1814243748436
2913755376212
1483195722324
1540372474452
1832228923988
1745255836244
2840472496724
1483196705368
1551916182104
2651427809880
2635387808344
2845841205848
1540171147864
2582975785560
2926304733784
1484269464152
2858658998872
2927378475608
2651695262296
2926574200148
2582976816468
1759235450276
1557287840168
2909141640532
1827132512916
1831155177876
1556277270932
2655788898708
2930666805652
1762435701140
2861947328916
1809948781156
2862953966180
2656795535972
2587002317412
2861880224356
1827933956708
1831155182180
2930666809956
1483262831204
2913710025128
2582979959208
1758346238376
2857857866152
1552187808168
1540372474472
1759147371112
2858658998888
2652500568680
2927378475624
1746598013544
2656795535976
2638877469288
1483464157800
2587019011736
2588344490600
1557552339560
2657063967336
2931941874280
1487491721640
1556211198376
1831089105320
1488649016728
1762457441896
1831176918632
2588160644504
1557368493464
1487579534952
2587091162728
1759433348436
2858944976212
2570917141096
2845795048040
1535091829396
2846110422372
1540440364388
1832166775380
1535071922600
2634583550376
1759152334168
1809902364068
2909413991844
2927651809700
1471456847512
1746334754456
2845846382232
1467089589912
1535809066648
2588164904292
2930621651348
1466037803412
2565549431188
1832183765396
2931695393172
2587024267668
2926577101140
1535831021972
1467111545236
2566623173012
1556479367764
2566870424148
1471653763668
2571165391444
1540373240404
2639884868180
2857854458452
1483464923732
2844783891796
1745272264020
2861880940180
1745272595800
1467156371044
2566667998820
1742034277988
1466368874852
1535088351588
2634599979364
2909477886308
1814261225828
2913772853604
1763795360100
1487842941544
2587354569320
1762720848488
2862232476264
1556562418280
2656074046056
1809948781204
1763442338452
2862953966228
1466037803416
1534757280152
1487512639896
2587024267672
2930621651352
2570918140312
1540125989272
1487763297688
2587274925464
1826876906152
2926388533928
1810955414168
2845841205912
1759482915480
1758342830680
1759218394456
1827937871192
1745478129300
1467441568408
2566953196184
1827129611928
1483532228248
2583043856024
1811038952088
2910550579864
1557570103960
2655995127448
1831361406616
1488568555928
2588080183704
1763446462872
2862958090648
2656799660440
1488917453160
1557636929896
2932026464616
1470663842152
2845053376872
2913772853608
1762721618280
2639682775716
1809680345764
2862953966244
1557283908260
2566936767140
2582975785636
1762654856552
1466099668632
2565611296408
2909208680088
1471451671208
2570963298984
1540171147944
2639682775720
1815049054888
2913755376296
1484269464232
1759147371176
2844720998040
2638562567832
2858995504532
1553325446548
2927714981268
1810704718504
2910216346280
2910554839652
2926660900244
2931963898468
1488837764500
1828218837604
1488586369684
2588097997460
1539320407636
2638832035412
1540192822868
2639704450644
1815070729812
1553010615892
2909482083924
1557305583188
1484341746276
1553061223012
1759219653220
2858731280996
1827939129956
1811027748264
2927450757732
1758091368036
1483213461092
1467178378840
1535897855576
1810775762520
2638832035416
1539320407640
1815070729816
1759169046104
2858680673880
1763464013400
1483465188696
2582976816472
2857854723416
2926574200152
1831374002584
1467111614100
2566623241876
1741989521044
2841501148820
2635342718612
1810708997780
2910220625556
1741985244584
2914582357604
1466373072484
1741250979428
1809970456164
2862975641188
2845057574500
2910489044376
1831159113044
2587069421976
2583782074712
2858659981656
2652501551448
2569911232104
1810775762536
1470600930920
2570112558696
2638832035432
2913709942376
2638630708840
2570984973928
2845862880872
1488569395556
2926304666964
2588081023332
2656011983204
1551937149348
1487512639908
2930621651364
2861902174628
2910220556708
2841501079972
2651448777124
1556232116644
2655743744420
1814243404388
1762704909716
2858998405524
2651696028260
2857854458468
2862149425764
1556479367780
1466285054564
1535004531300
2844701383012
2857870120340
1471652981140
2582992213396
1746530888084
1815250364820
2914761992596
1539031325028
2638542952804
1827150599588
1471720887656
2846110422376
1815318271336
2588143888788
1831160162916
2930671790692
1556282255972
2565816608168
2651447466596
1826813745764
2926325373540
2840694515112
2634536084904
1484542798248
1466037605780
2565549233556
1535007893140
2582795430564
1832501470824
2931745723988
2863026247252
1826815056296
2565549431208
1740915710376
2634268907944
1809635187112
1762390546856
2861902174632
1742241175912
1826859869844
2926371497620
1551981962900
2582976551528
2587271518824
1556479367784
1540373240424
1535829715368
1810707622312
1814260180628
2910198273444
2566667998824
1742034277992
2841545905768
1535875847784
2635387475560
1810753754728
2910265382504
1467178378900
2844990465684
2913709942420
1539320407700
2638832035476
1484358248084
2565817591444
1540192822932
1557372692120
2570112558744
2844990465688
1471473346200
2845862880920
2914783684248
1540192822936
1763794310548
1470663059860
1535897855652
2635409483428
1742056285860
2841567913636
1810775762596
2638832035492
2845862880932
1540192822948
2639704450724
1831177202068
2930688829844
1487579818388
2587091446164
2639901858388
1539320407720
1814198314664
2638630708904
1471473346216
1540192822952
2639704450728
1811043211880
1536165304936
1484605969816
2635676932712
1553325446552
1828203353496
1483536488040
1552255964776
2910554839656
2588366514792
2657085991528
2863244421736
2931963898472
1809685506708
2840746153364
1740911498644
2840423126420
2570980846184
1466103928424
1740981835368
2583853374056
2858731281000
2927450757736
2840493463144
1809701312104
1553274070680
1759432500888
2927663605400
1758091368040
2857602995816
1828151977624
2857656231252
1758144603476
2910220625560
1467111614104
2566623241880
2841501148824
1535831090840
2635342718616
1484558853732
2584070481508
1759436760676
1746602187428
1470601205412
1745479112356
2844985238868
1758158296484
2841484043604
2930889890152
1828152846676
1763728337236
2909410863444
1809899235668
2565813479764
1741179758932
2913705830740
2844986354004
1745474726228
1759433369940
2639632358052
1814998637220
2845790788260
1831424386456
1484608870808
1759486777752
2858998405528
1471652981144
2909398194792
2844768229784
2582997800612
2846130329176
2639971898968
2588143888792
1557351737752
2656863365528
2931741272472
2655793883752
1740915512728
2840427140504
2926325373544
1471719762276
2571231390052
1828152846680
2927664474456
2931959441752
2565813479768
2634532956504
1758362752356
1741163242920
1488636712536
1811026454100
2910538081876
1811023555172
2639955142228
2588148148580
1557355997540
2656867625316
2566937799268
2635657276004
1534740501860
1809618408804
1759214134676
1484336227732
1553055704468
2652567332244
1827933611412
2927445239188
1483266745956
2582778373732
2857656280676
1762721622680
1487494814372
1470663059864
2570174687640
1745540966808
2638894164376
2913772071320
2639955142232
1466306222488
1483535197784
2840695757208
1484608939608
2584120567384
1553328416344
1466033673812
2845778008468
1540188902808
2656011113812
1556299295128
2571182381656
2914779765336
2587091446168
2930688829848
1535020471704
1746330610328
2565863790948
1535071639908
2634583267684
2584121813336
2910269823572
2587073534548
2635391916628
2651498043988
2863025183316
1466351396244
2565863024020
2634582500756
1483279341924
2927445318036
1535020264036
2634531891812
1809898170980
2638546818388
1832514836884
2588429080980
1466368874900
1470663842196
2845053376916
2932026464660
2652853590420
1484610229608
2846110672468
2639952242260
1746615490916
2635337389396
2635605825108
1742252627540
1552003261844
2651514889620
1467374720596
2566886348372
1810972104276
2910483732052
2588362058084
2638827923812
2840691386724
1809899235684
2909410863460
1745474726244
1815267944804
1484555463012
2582708333156
1758074612324
2857586240100
1551916182116
2651427809892
2926305716836
1535075837272
2582778567256
1758144846424
1539101514328
1740964977240
1534806547032
2634318174808
1810758195800
1471455779416
2570967407192
2638832309928
1814198589096
1488917453208
2863306987928
1831441095064
2570175469976
1467178395240
2862148639320
1809684456868
2909196084644
1742056302184
2841567929960
1535897871976
1556496165224
2584067090792
1759433369960
2858944997736
2651712825704
2931959441768
2914510265000
1553274939752
1534739519124
2844768180824
1539098122840
2638609750616
1811026454116
1471724037732
1814247679588
1470650295908
1553328416356
1557552322900
2657063950676
1488832846164
1551916246376
2651427874152
2863222380884
1557368493476
1758341736852
1483463829908
2582975457684
1552183306644
1487827277208
1746601945684
1815317145960
2846113573460
2570107381332
1745473660500
1552187758164
1758346188372
2638826858068
1483468281428
1810960308584
2565548108180
2840426015124
1809633864084
1815054231204
2909145491860
1467089589924
2566601217700
1535809066660
2635320694436
1810686973604
2910198601380
2862219699816
2930939176552
1539369772648
1811023555176
1540443514472
1746278918740
2845790546516
2655722776148
2913507841624
1741988144532
2587018810708
2583864978024
1540456339108
2639967966884
2910550583720
2657084660308
1470664185252
2570175813028
2657064753512
2582976551572
2863223167636
1832431016596
2655994402212
1467358796436
1471653763732
1815251147412
1483464923796
1758342830740
2857854458516
1762641204644
1551986416228
1534806547044
1810758195812
1540175256164
1813979421284
1826864323172
1553009908072
1759218394468
1467441568420
1742319475364
2638613943716
2913491850660
2634599979428
2909477886372
2570175469988
1539383318948
2638894946724
2930873034404
1466368874916
1762641929892
1488850627236
2588362255012
2638898424168
2845056854376
2638631049556
1466352163176
1741230070120
1745545226600
2913486924440
2913759307428
1484274374292
1813996022116
1466099668644
2565611296420
1741983930728
1539035454036
2638547081812
1467177657688
2582976551576
2862149425816
2655990995608
1831357274776
1471653763736
2571165391512
2846043298456
2639884868248
1809629948260
2909460407704
2639686883944
2845845314152
2857668876648
1534752889428
1809630796372
1466033412692
2565545040468
1488917453224
2588429081000
1763795360168
2932026464680
2926657755560
1746599044696
1470663842216
2638894946728
2651514889624
2582795412888
1467374720600
2910270876056
1553006504344
1483196705384
2582708333160
2857586240104
1551916182120
1467374528868
2656007723428
2930885630372
2652522583640
2656058103188
2582976489044
2909141640548
1466032629092
2565544256868
2655788898724
1831155177892
2930666805668
1534752105828
1484270446948
1470579239588
1557552322904
2657063950680
1488832846168
1763531200148
1483463829912
1552183306648
2651694934424
1827061213592
2845861833128
1827065665112
1466036480408
2565548108184
1740914387352
2840426015128
1809633864088
1758345996644
2862149425828
2930868902564
1466285054628
1810956180132
1815251147428
1535004531364
1827133543768
2926645171544
2587003299416
1484558522964
2584070150740
2846059029844
2652773127508
1467156354388
2566667982164
2635387458900
2910265365844
2858747013460
1557371922772
2638629939540
2909212879188
2913773196712
1471472576852
2845862111572
2656796517716
1553076955476
1763799816852
1487830095508
1762708002452
2588077040980
1762641204648
1831360681384
2930872309160
1483464923816
2582976551592
1758342830760
2857854458536
1552184400552
1827062307496
1487759891112
1762637798056
1483216672340
2635341649492
2914514523732
1746283419220
1741972465236
1810691941972
1552251705000
1827129611944
1483468004008
2582979631784
1763728534184
2931677567400
1539119421784
1470399945048
2588164073816
1557371922776
2656883550552
2927467338408
1471384480148
2569843091112
2844720998056
2652790744420
2582779615832
1810708731544
1466033412696
1809885533848
2909397161624
2565545040472
2840422947416
1487491650964
1809630796376
1827128644948
1483531261268
1487511639640
1762389546584
1741988451928
1535830021720
2657085974868
2845795047000
1556231116376
2588366498132
2587274683732
2565598698152
2841562944932
2635404514724
2910282421668
2840493446484
1466103911764
1483531986516
1552251463252
2651763091028
1535826630996
2841764063592
1536094005608
2656007723432
1831374002600
1466104637012
2634335741524
2926644140712
1487557794216
1762435701160
2861947328936
2930666805672
1758413036200
1827132512936
2913688251048
1745189771924
2844701399700
1759433348440
2582992213412
1552200062372
2846042515876
1815250364836
1540372457892
2639884085668
1552268285528
2570900384340
2639619861076
1758077823572
2926308928084
1759151565396
2909392968020
1809881340244
1466283956564
2565795584340
2840673491284
1535003433300
1534757082532
2588362058132
2657081534868
1539316296084
2638827923860
1470596819348
1484555463060
2584067090836
1487763302036
2927466490212
1488652446052
1539118311780
1826813729108
2926325356884
1827083495016
2845773813080
2582727973204
2638545836388
2857605880148
1551935822164
2651447449940
1483262486180
1551981962916
2926371497636
2638608689512
2914778506584
1746547402072
1758157498964
2857606207076
2930620651108
1487494883928
1831092267608
1814193346148
2913704973924
1488635468116
2858944997784
2588362058136
1763728337304
2863239965080
2657081534872
2588433537688
1484357478760
2858747013480
2909212879208
2656883550568
1488565413208
2588077040984
2635610822036
2635660174996
2862219699860
1762708072084
1814260443556
1470663059876
1745540966820
1466288154024
2565799781800
1466306222500
1741184129444
2634537327012
2639700273832
2587023267432
2930620651112
2652521518696
2910203569752
2639636616808
1471405512296
1813929154152
1556549838228
2863293371796
1832501220756
2932012848532
2634531842728
1540390230628
1815268137572
1759488153236
2858999781012
1553325446568
1828207629972
1553329723028
1758413104792
2857924732568
2926644209304
2587341792920
2656061269656
1470650295960
1746601944728
1540443514520
1815321421464
2588349392296
2657085974872
1763732777304
2863244405080
1759165126292
1827884603028
1553006696084
1553274070696
1759432500904
2634335016280
2909212923224
1466103911768
2931962848600
1762439813780
2910269823636
1763513555604
2931744660116
2570967407252
1467111614120
2566623241896
1827887737432
2566605417060
2841483324004
2570900384356
2926308928100
2840409582180
1828203111764
1470311864984
1763509376612
1763728337316
1832447814052
2638827923876
2909410863524
2913705830820
1535897855316
2635409483092
1471469476196
1471719778964
1813976029796
2651498044056
2587073534616
1556281383576
2655793011352
2841752476308
2930670918296
2910471953044
1815250364840
2582992213416
2857589451368
1551919393384
2840409582184
2840673491288
1535003433304
2634515061080
2913503454632
1813991826856
2931741272488
2565549233576
1534735308436
2634246936212
2909124843156
2914779572648
2582993349032
1484555463080
2584067090856
1759433370024
1809629685332
2588362058152
1763728337320
1535825520212
1810703427156
2582727973208
1758094252376
2857605880152
2651447449944
2588148340328
2656867817064
2931745724008
2926644209316
1467429070500
2566940698276
1536148547236
2571235665572
1540443514532
1831160425128
1742240064932
1810959541668
2910471169444
1483553285460
2583064913236
2566623242920
1484336227748
2583847855524
2930616149592
1810703427160
2910215054936
1741983950424
2841495578200
1471401010776
2657130736040
2913776347796
1758413104808
2587341792936
1556549641896
2656061269672
2571235665576
2846113572520
2634537327016
1557623313816
1832501220760
2857674103444
2930688829864
2570095777384
2844973684328
2638815254120
1535892609444
2635404237220
2930620339816
1466087070372
1740964977316
2634318174884
1483213286056
2651444390568
1832451152468
1471657891172
2571169518948
2926322297512
1810977348248
2857937577304
1831092246888
1484287219352
2583798847128
1746599044708
1488585069924
2910270876068
1535881341348
1759164934564
2858676562340
1553006504356
1827884411300
2927396039076
2582778567336
2857656474280
2587073534632
2655793011368
2930670918312
1758074595668
2857586223444
1483196688724
2858681013860
1827888862820
2927400490596
1758074332824
2857585960600
1467446826580
2571253421652
2846131328596
1470601188760
2845790545508
2926321182308
2587019864404
2845775141272
2635594046104
1758140388708
2656883272344
2846131328600
2914850805336
2656079025752
1740893738648
2840405366424
1534735308440
1466015831704
1810686909096
2910198536872
2932030678424
1759436510612
2926321182312
1745473660516
2930616149608
1535825520232
2635337148008
1810703427176
2910215054952
1758346188388
2857857816164
1483468281444
2582979909220
1483216623192
1466016884052
1746334737812
1815054214548
1467089573268
1741967480212
2635320677780
1810686956948
1483553285464
2858725762472
2583852131988
1815002654104
1484353333592
1762720831844
1831440308580
1487842924900
1556562401636
1758162475672
1552004045464
1741184145060
1815338461588
2914850089364
1742303828372
2857589365096
1470398835092
1539118311828
1487758796180
1741229025876
1809948502612
2909460130388
2570157714004
2913777378644
2863226312100
2926305760676
1471670823268
1484358310292
1466099651988
2565611279764
2840489186708
2926376999524
1534819128724
2634330756500
2858747845012
1827955693972
1826814056084
1762389546644
2841500079764
2910219556500
1827062589076
2582976833172
1534752889444
2909142424164
1742252452500
1466033412708
2565545040484
1535825761624
2635337389400
1811044210276
2910555838052
1471721137768
2566886348392
2582795412904
2651514889640
1556298181016
2588164073880
2656883550616
2931761457560
2569910462872
2582795364760
1484287027624
2857673271704
1540192053656
1759164934568
2927396039080
1488899697240
1467424860760
1466087156056
1557367793256
1832245700200
1551916165464
1484291479144
1759169386088
2652522583656
1827888862824
1483216672408
1551936149144
2651447776920
2570111838884
2927646566744
2587359549032
2656079025768
1831445304936
1534739519128
2634251146904
1471736534692
2570096060820
2846126069412
1556277979540
1488832846184
1557552322920
2582975457704
2857853364648
2651694934440
2926572841384
2931762304676
1810754005336
2910265633112
1539118028196
1815069678164
1534752872020
1483196438936
1745473660520
1814193137256
2638559483476
1466036480424
2588093621656
1557301470616
2656813098392
1810686956952
2587003299432
2655722776168
2861881206376
2914510023272
2861884418708
1540108233364
1471388756628
2909129058964
1828156172884
2638832036180
2858680674644
1758095305044
2656817211732
2931695118676
2863041980836
2931761457572
1470398835108
2569910462884
2844788369828
2582992546196
1832519293604
2910265365860
1466305964376
2565817592152
1810775763288
2656884320600
1540192823640
2639704451416
2931674424676
1763443320164
2930956212820
1762720831848
1552187565672
1535830021796
2845795047076
1540124989092
1762372790936
2861884418712
1831092267672
2635324893848
2566606186084
1741972465252
2841484093028
1535814035044
1810691941988
1814265424228
1552205310308
1745478838628
1540192823652
1540460554648
1815338461592
2914850089368
2930620328616
1763732449640
1552205310312
2588164843880
1809702021480
1557557242216
1759235385768
2845862111656
1832447994264
1552003213736
2587337583208
2565862746728
1832497080936
1745524200868
1762640894292
2862152522068
2844705318312
2582728300200
1488585381544
1483465205400
2651696309912
1470331770536
1471405512360
2840762934932
1746283419304
1540124989096
1466285336216
2914784012644
1483217725080
2582729352856
1551937201816
1809701295460
2909212923236
1742039767396
2858676558180
1827884407140
2927396034916
1484287023460
2583798651236
1553006500196
1810956461460
2841748612500
1536078554516
1826876925332
1483284506212
2857674040932
2926393517668
1741233150360
1535074720152
2914845546152
2588428031656
2863305938600
2657147508392
2932025415336
2844990466452
2845862881684
1815070730644
2651498834324
2652572576148
1471725005204
2571236632980
1742257613204
2841769240980
2635610810772
2910216365460
2914582358424
1759169046936
2932030663064
1535025441176
2927450483096
1557557242264
1763715672472
2635409484184
1745544911272
1553274852692
2639704528552
2926308928164
1488568625828
2862958160548
2858663193252
2652504763044
1740897954468
2840409582244
1763530070616
1487508248152
1762386155096
2655739352664
1467379706276
2566891334052
2910488717732
2565616265636
2566690007460
1828140181924
2566874556836
1815255280036
1557355915684
1745210403236
1809966540180
2909478167956
1487562762596
1762440669540
1467379706280
2634335742376
2655793801640
1540125714856
2840745830824
2587342760360
1483468268948
1540103689556
2927651875224
1540187576660
2583785286312
1488568625832
2588080253608
2931677637288
2651510696548
1488581989716
2588093617492
1763459896660
2845791655252
1815066876244
1471469492564
1483212170900
2582723798676
1758090077844
2926321182356
1487507138196
1762385045140
1557300356756
1763458786964
2656811984532
2910265365864
2571253668520
1540461517480
2639973145256
1535809771092
1467090294356
2570161854120
2913759237800
2931674424680
2638625461908
1827150653780
2927383438952
2926662281556
1484354394456
1483280652632
2845859027288
1557371659624
2656883287400
1758090077848
2857601705624
2862970414744
1745193953960
1466032301720
2565543929496
2840421836440
1470327269016
2569838896792
1556478268756
2655989896532
2930867803476
2857920796008
1758161708452
1540388967780
1467374541396
1759432317524
2861900846420
1831108695380
1758140672404
2857652300180
1826860149140
1483262765460
2930620323156
1466082896276
2565594524052
1740960803220
1556277270180
2655788897956
1556294035028
2655805662804
1809701295464
2909212923240
2587024267860
1484291414612
2583803042388
1467111545428
2566623173204
2841501080148
2634268908116
1809635187284
2909146815060
1810704537960
2583798651240
2652768938600
2927646845544
2566869592680
2841747499624
1536077441640
1467359077784
1488586102100
2588097729876
1810707606164
1831089117864
2930600745640
1470311865000
2569823492776
2638542969512
2656012162468
1484291414616
1831110023768
2930621651544
1488586381912
2588098009688
1763464288856
1832183765592
1556232186456
1488565475748
2588077103524
2931674487204
1556277975380
2930935966120
1483552954004
1552272430740
1553346172564
2584138323604
1483280652644
2582792280420
1759232301412
2863038896484
2583797540516
2652517017252
2927394924196
1831104521892
2565543929508
1758090077860
2565880784280
1539046745764
1483195700900
2565548104040
1487507122772
1762385029716
2652571523752
1758095366804
1483279592040
1758157498984
1826876975720
1814998444632
1741971675476
1466020026708
2565531654484
1810691152212
1467093768532
1483552954008
1540108212564
2909129038164
1483280652648
2857670187368
2931758373224
2840762951012
1813993134440
2845859027304
2910283536744
1484627008148
2910269642328
1467106043560
2931689891496
1540388903592
2913436280488
1557304796760
2862974854744
1741968201304
1467173464420
2841562999140
1810770848100
2656884663704
2862236740260
2930956216996
1539098367572
2638609995348
1745256797780
2651494897236
2857653327444
1758409956004
2857921583780
1534739503448
1471388735832
1540108212568
1813912377688
1762440931992
1488920942244
1466104699556
1815255291540
2914766919316
1831110023780
1483217672804
2858680949348
2930621651556
1487512640100
2587024267876
2913687934296
1556232116836
2655743744612
2656817486436
2588362234200
2863240141144
2638630704532
1539119076756
2587270419800
2655989896536
1552254653844
2651766281620
2565595551320
1740961830488
2634315028056
1466355307924
2840744842644
2909464319380
2635388769880
2841547200088
1488921668184
1832519051864
2571253426776
1540461275736
1553273887320
2841764076120
1467374541400
2566886169176
1742252448344
1746280294824
2910483552856
2931673355608
1741985257128
1810704733864
1759165126312
2652518323880
2927396230824
1746330544728
1540172114520
2639683742296
1488632506968
2582729300584
2588098009704
2931695393384
2858994264724
1488899697300
1810708929128
2910533872276
2566936488596
1746597735060
1742306956696
1811026433432
2570161903000
1540443493784
1466355307928
2927717930392
2863293420952
1466016819556
2845857965396
1540187907412
2655721530792
2910287391316
2638832036436
2634604178004
2582779357780
1466104638036
2652841011796
1536166303396
1470600931928
2588164844120
1551936875096
2651448502872
2587359537752
1831445293656
2930956921432
1484542798424
2651498834520
1470580218452
2570091846228
2651762092696
1831423339160
2930934966936
1466351119000
2909460130456
1831176918676
2930688546452
2913508677268
1488899648168
2588411275944
1763777555112
1832497031848
1536082418344
2635594046120
1810960325288
2584054438568
2858932345512
1553262287528
2652773915304
1828140194472
2862237444708
2927651809892
2652773902948
2582779357796
1536099183204
2930600744276
1759148414292
2858660042068
1534736373076
1540457403732
2639969031508
1471737926996
1470314994020
1466020026724
2862237444712
1826865113704
2910488717928
1742257613416
2841769241192
1536099183208
2930600744280
1540457403736
1746615833944
1471737927000
2927664731480
1470580299096
1483280651608
1467375850840
2657081791832
1832513803860
1831088838228
2930600466004
2910551627416
1467378734500
2566890362276
1809966536020
2909478163796
2927734904404
2930889827668
2656011920724
1556500292948
2587292443988
1815050016356
2914846938468
2846127461732
1763510490468
2913689310564
2857670186340
2931741594980
1488582251876
1763514607012
1539299775848
2926389663080
2846043575656
2914763052392
1488582251880
1483199895912
2840409561448
2655793096020
2931689875796
1540120471892
1487491654996
1762369561940
1539031262548
1740910187860
1809629664596
2909141292372
2634263385428
1810703406420
2910215034196
2858659702436
1467173464424
2566685092200
1810770848104
2914782897752
1467107404372
2926308644244
1809949563560
2566940677540
1811026433444
2565595551336
1535877142120
1810755049064
2910538061220
2570964260456
2845842167400
1540172109416
1740961830504
2913706011304
1466083726740
2565595354516
2926589679272
1539316476584
2863227311768
2914766919320
1762637993304
2863024919896
2862149621080
1809702083240
1539320408724
1471473347220
1758095305364
1488921651860
1557557242516
1536082406036
1467425921444
2566937549220
1810703406424
1553325267364
2914510001496
2569838875992
2863311186584
1557641128600
2932030663320
2914582358680
2845862881944
1553262275224
2584121535128
2930687759972
1811026433448
1809952691624
1467429049768
2638881379752
1827132560808
1488903886248
1832501269928
2932012897704
2909464319400
1742056348068
2582791148964
2857669055908
1551998997924
1534819128740
1556230792612
2930620327332
1809882719908
1466285336228
1535004812964
2657152756388
2634537069220
1540192823972
2639704451748
1556567386788
2932030663332
1488921651876
2927664731540
1535826892180
2913706087828
2587003360660
2857875384680
1810973234580
2652786824596
1466033396052
2587006183764
2634537069224
1809903348392
1759420705448
2652773903016
2927651809960
1484542798504
1484555720088
2862166480280
1471670818200
2588093879704
2565880845720
2651780191640
2587337583272
1742302767784
2582712592980
2840410630740
1466016819560
1740894726504
1809618479700
2909130107476
1536078550436
1746615834020
2566887478692
2635606955428
1467111593304
2566623221080
1746278984340
2913689310632
1809631057320
1831441438120
1466369217960
2909478229416
1759148414376
1466352440744
2909461452200
1831089116584
1483464857940
2582976485716
1552004328084
1763442010452
1466015525204
2565527152980
1467089267028
2566600894804
1741967173972
2845773769044
1813997049496
2858742601300
1488585382552
2588097010328
1746351314324
1815070791060
1763530070628
2840490255700
2909209732436
2638626792788
2844785222996
1810686650712
2569822120280
1539029969240
1813907876184
2926304405848
1471384234328
2845773769048
1483549021528
2566667998868
1742034278036
2841545905812
1535875847828
2635387475604
1810753754772
2910265382548
1827933623956
2931745711528
2926657755732
2930952723028
2587355339348
2588429081172
2635320677800
1814260456088
2913772083864
1745189692760
1539031262552
1813909169496
2569907316056
2909141292392
1467106022760
1742052369752
1470327248232
2914578441560
2930616128872
2566617650536
2565527217752
2862953698916
2587341706644
2845039744404
2583060372056
2857938279000
2635673721432
1811040000600
1746615491160
2862974871144
1810753803604
2863310481832
2932029958568
1815338461608
2840746153620
1467425921448
1471675017876
1815272401556
1763732794004
2569910250068
1470378715496
2565615556244
2909212939924
2926388532648
2857673332372
1551998997928
1484554414760
2927663426216
2584066042536
1483465205416
2582976833192
2857854740136
2926574216872
2927463405976
1466100783512
2857652278696
1534735001956
2909124536676
1535808743780
2910198278500
2857584929124
2927466486104
1467359077796
2566870705572
1826798348888
1487847122324
1466087922340
2841747482964
1557624412580
2862955013716
2931674490452
1466016900692
2565528528468
1740894807636
2634248005204
2566602270292
2635661154648
2930940156248
2583047805272
2857941441128
2930934901396
1557305858708
2840744778152
1535814314324
1810771846500
2910283474276
2909209732452
1553073808740
2844700027240
2638541597032
2858743866724
2914493245800
2857584929128
2582707022184
2570096060840
2909394064740
2910538016104
1470378633640
2569890261416
2844768168360
2638609738152
1827146127972
2859012020836
1466016900696
2565528528472
1740894807640
2840406435416
2930952723044
2914494621272
2588163791464
1832249547368
1557371640424
1763446449492
2583803042456
1488586381976
1535893939560
1759232238952
1466369156516
2652572641636
1557356172644
2652853590632
2927731497576
2651511757220
1483280652708
1552000129444
2587087247780
2655806724516
1488568542552
2841479829092
1831427462552
1534739503508
2909129038228
2910202780052
1539034470804
1827951778216
1487575620008
1832246745512
1470663071316
2655806724520
1741234215268
2840745843044
1811027433828
2910539061604
1742307957092
2910198343000
1745524200872
1762636698980
1487758792036
1556478268772
2655989896548
1745256797844
2845842167444
1740961830548
1552000128596
1552003274392
1742035654232
1535877224024
1470378972760
2914561726040
1741246010968
1746614720088
2587022939492
2909477115480
1763794589272
2840422934948
1809630783908
2926658034276
2638882380136
2846114552168
1483536177512
2914834028904
1832183765668
2931695393444
2858747073940
1466037803684
2931942921828
2840427386468
1742236984744
1746552923732
1534803400344
2634315028120
1740961912424
1534803482216
2857871513192
2634248005224
2909125912168
1551916246632
1470311868008
2569823495784
2913706027624
1471674996328
1811027764632
2910539392408
1552994183512
1466019964260
2857589368164
2927382586724
1759151482212
1827888798376
2913441782440
2587024267944
1762390547112
2861902174888
2652567655768
2634250818916
2909465569876
2910539311700
2909145504408
1487558498660
2655789603172
2926593856916
1483484845460
1552204322196
2651715949972
1827082229140
2909413987732
2858658719332
2588415710804
1763781989972
1745206273428
1813925750164
1470328366484
1552188610200
1552255904344
2651767532120
2634587662936
1809953942104
2913424005540
2914761942632
1826797279652
1466285332120
1466084005528
1466368104036
2845842249368
2914561726104
1741246010980
2655806723736
1742319752804
2841831380580
2931674409304
1484270163560
2927379175016
1467090294376
2926661949780
1535809771112
2565595551396
1466285332132
1535004808868
1470664185508
1466033673892
1540457404068
1759433627300
2844700091816
2846127462056
2914846938792
2926590989992
2652786824872
2927664731816
2857921567124
1827129416084
1466020026792
2583043660180
2932025693800
2926656984680
1742319752808
1484621715048
1556546677156
2657068881572
1471657907876
2863227311780
2930616128916
2931689870740
1740910187924
1809629664660
2565817668948
2634537145684
2566891410772
2638832112980
2914783761748
1556478268776
2858727069352
2846131333736
1815339182696
2914850810472
1811027744152
2652785515112
1551932746152
1826810653096
1762654595668
1466032280984
2565543908760
2566617650584
1540120466840
2569838876056
2931963630936
1466306041176
1741183948120
2634537145688
2566891410776
2638832112984
1810976368280
2635338438040
2910466714264
1809953942116
1553061210724
2844772624996
2913492101732
1470383090276
2569894718052
1826865375844
2638614194788
2634599012692
2930940406372
2930888824148
2588147275416
1763513554584
2634331821476
2910539328164
2587338643108
1740897867172
2840409494948
2588344490660
2931941874340
1831423269460
2930934897236
1758362691924
2583801719124
2655742421332
2930620328276
2656816163156
2931694070100
1741233431892
2844973963624
2565816543572
1741183935828
1809970718100
2926662215060
2565884962196
2565868184980
1827888784788
2587007477140
1487495849364
2841501066644
2927400412564
1746262398564
2845774026340
1763442267748
2656795465316
2931673372260
1484625974616
1536165582168
1759503881560
2930957182360
1483217659288
1758095566232
1828207551896
2910539310488
2587007477144
2588081218968
1832166974872
1556298951336
2656058059432
1539098106216
1813976013160
2913487640936
1759420701080
2845859030360
2914578507096
2931758376280
1470663841432
1466015525268
1740893432212
2844772623780
1740898919844
1466021012900
1813997249956
1831445554596
2930957182372
1466373334436
1741167355300
2857874319704
1552204261720
1746547595928
1488849558168
1759168010648
2931962505560
1827146405220
1470328366488
1483549021540
2635594294696
1831445554600
1831160341928
1759169308072
2655743731112
1466021012904
2565532640680
2857925961128
1466037790120
2565549417896
2565800023396
2634519500132
1483468264804
2566669297240
2657148556692
2932026463636
1763795359124
1534820264616
2634331892392
2909209799336
1815271332452
2914782960228
1746278963540
2926593813156
1827951715732
1810703406500
2910215034276
2927463343508
2587355620756
1831441376660
2927668663652
2930953004436
2652853872020
2588097811812
1832183567716
1815003698532
2569844200804
1551936951652
1488586184036
1471741846952
2846131381672
2914850858408
1471469148820
2570980776596
2914578160276
1534819916436
2634331544212
2909209451156
1745474708824
2638827906392
1759436446040
1466099652180
2863311247764
1466033416804
2638559488612
1553009890964
2652521518740
1759168321172
1551932762724
2863227311784
2932025677140
2652585436568
1814193067432
1471669425576
2571181053352
1483212150184
1466032281000
2862165087656
2863244154216
1556495029672
2656006657448
1488586184040
1484559652200
2858658912600
1466015771044
2931758029464
2652853590680
2932026464920
1466289186468
2910538065236
2845040809364
1487831143828
2587342771604
2862220678548
2844717918824
2931691006568
1759164934760
1827884411496
2584067091048
1745209354596
1551935826276
1556230793572
2587291395732
2565532723812
1551999800744
2588098061908
2583063865000
2909481379496
2566669359764
2584121813672
1536149793448
1745260747156
1763514358164
1832233834900
2652841290408
1745188656740
1484337601172
1759215508116
2845846116756
1746334488980
1826865125780
1556231857576
2926308840872
1466019960232
2565531588008
1740897867176
2566869391960
2634251064744
1809617343912
2841747298904
2657063967400
1487825885784
2930934897240
2652500240804
2930599373220
1488564103588
2913419553112
2845773748900
2932009768356
2635590182548
2566870705812
1534736377492
2634248005268
2931942925972
1483217660504
2582729288280
1551937137240
2651448765016
2914784011864
2657085974104
2657130731860
2588411255124
2863289162068
2926660920680
1557372753316
2565799848340
1810771846564
2910283474340
1827951715748
1471669511844
1828157299108
1467426167380
2862219945624
2587338582676
2909128729940
1556546431636
2639632098900
2914510005844
1466368875172
1742236984984
1487760172696
1556479649432
2909394347672
1826864125524
2651497846356
1809684256340
2570916899412
2844972901780
2931945989524
2863226512788
2582711461268
2927731778984
1828220151208
2930684569000
2932026746280
2910551909800
1811040282024
2930953004456
1488568292692
2588079920468
2638546905512
1828135278232
2932030723428
2914850854244
2840405124712
1534735066728
2913759221156
2587341706660
1556294752936
1471469148840
1540188625576
2927463062184
2863038552744
1534819916456
1535893658280
2910487685540
1827867826536
2840677934488
1745461274008
1814180750744
1552187745688
1759147288996
1810686896548
2635408430692
2840493463204
1534823405220
1484341746340
1759420782952
2914577389204
2913772082836
2570162902424
2638894175892
2639973231192
1763514358180
2857925712292
1487562709412
2863294421412
2927663409560
2652517000536
2566617654616
1810703410520
2569893468776
1470381841000
1745259747944
2927394907480
2583043597668
2583059409316
1488850363988
2927379523236
2931942925988
1540373522084
1745478916516
1832162862756
2588098061928
2862975968872
2651510642328
1762452412056
1483195389284
1763794589336
2930957182548
2932030924372
1831110010452
2656867804756
1483553203796
1811027696228
2910539324004
1467430312548
2930890073688
1539119343192
2926326670936
1471389722200
1832183752280
2913504765540
1540440364456
1762453530212
1759437825684
1746262386068
1536078554792
1470580303528
2931942925992
1466016900776
1483196769960
2845846365796
1471674934884
2566606382692
1471389722212
2588081219172
2841501066852
2910270875236
2914577110420
1815053949540
1813997250152
2583064831592
2587359798888
2927719179880
1467093706148
1534739441060
2635593246116
2846046643620
2910535178840
1815054031192
1488837831256
2651430692184
1828203439444
2910539311764
1828207553172
1553061210772
2569894718100
2566689040808
1466372303448
2913710286164
1470383090328
1745260997272
2840477657752
1488569673044
1746267710804
2931678684500
1814987187540
1487562959512
1471389803860
1762707985832
2927667554728
1484558543272
1534736356756
2913693161108
1483195636324
1745272542884
2638625740452
2910282421924
1763731413672
1828202059368
1831378445972
1826815043220
2931963898536
1488854887080
2588366514856
1763732794024
2863244421800
1487511328404
1484269382056
1759147289000
1470315980440
2857590417048
1762373756568
1540193085080
1815070992024
2651711756888
1466300783192
2858731281064
2652572850856
2566941988260
2863226246548
2570111507112
1758431110820
2857942738596
1552272680612
1759504852644
2859016480420
1470383089316
1470668384660
2927663405396
1745546291604
1758343091540
2584138573480
2638899406504
1813997250216
2566623159976
1540125976232
2858680936104
1759504852648
2930688747176
1540193085096
1831177135444
2913708906068
2844989429332
1745477801556
1762657670740
1483212494164
2582724121940
2655810922148
2930688829092
1467178395300
1742056302244
1483279279464
2859015449188
2652857018980
2587358767716
2857673271908
1536165522020
1471741012580
1832450893208
1484274706792
2655721707092
2587002230356
1745188640340
2909398194856
1742257956504
1536099526296
2914493490584
2845052672600
2931942905172
1536095245668
1809614263636
2909125891412
1466016879956
1745474726552
2927396039320
2652786567832
2927664474776
2927466490472
1556298181224
2931761457768
1810774993512
2656078244456
1763798788712
1466372303464
2931962505620
1488853494164
1763446515044
1557288084836
1488568608100
2862220929704
1762440866472
2655794064040
2930940406440
1763514608296
1745458190696
2844701381976
1466016879960
2840406414680
2909125891416
2862975982244
1832183831204
2931695458980
1488586447524
1746284485284
1540126055076
1742038521176
2841550148952
1815070730648
1810703754856
1741983996312
1810703473048
1813925702248
1539365774692
2913705813348
1470596801892
1745474708836
2857875445156
1759437559204
1483212478036
1758141437284
1467424794004
1534803137892
2634314765668
2571169518996
1471674685012
1488921651544
1471741782360
2846131317080
2932030663000
2863239965348
1470668384664
1745546291608
2913777396120
2909394326872
1758095381928
1556231919016
1831109825960
1466037605800
1539052049832
1483217474984
2583048055448
1809612887448
1536149579092
2582779422036
2652841076052
2657136043348
2932013950292
2570967406248
1759148397924
1762654595752
2862166223528
2571182189224
2927664474792
1466015832740
1483195701924
1534735309476
1466284268196
1535003744932
2931673422500
2635609773396
2566890296660
2841768203604
1484558538068
1759436445012
2858948072788
1762704905620
2639967638868
2931745514840
2931963893332
2657085986388
1556282251876
1487491716456
1483267807844
2909464324760
1488565458280
1483465184616
2582976812392
2844700011092
2583781071528
1813908183720
2931673422504
2862953945768
2927646890664
1487763052888
1759218345556
1488635405908
1763513312852
1484341553576
2566673312168
2841551219112
2635392788904
2656867625384
2570968279464
2639687756200
1487508235688
2587019863464
1470328366504
1488850425428
1484555458132
1745206273448
2569839994280
1540394477208
2588159945384
2566623238824
1535829779880
2566954243492
2841832150436
2635673720228
2910551627172
1810707686824
2910219314600
2927445514580
2858994473300
2845035829588
1746597943636
1471720036692
2932014143076
1815322646116
2587343017572
2638882625124
1488850425432
2634532951640
2914834012500
2652786562648
2588344489636
1832430245540
2931941873316
1471652992676
2846042527396
1540372469412
2858747779412
1535897852244
2926639928916
2913755027028
1831423268436
1539050919252
2587022939476
2566621844820
2930888758612
1763462960468
2931694064980
2582976767572
1535004747348
1470646294872
2570157922648
1746597943640
1540439513432
2569894712936
1742240830872
2910216104296
1741984999784
1535826569576
2652518066536
1827884345704
2927646561960
1557283821928
2635338197352
1467107092840
2931689876052
2565543914068
1534735062616
2566617655892
2656867607908
1746262136212
2845773763988
2931673109908
1471384229268
1540372141460
1466015520148
2857853359508
2638810027412
2566869325204
1467089261972
1831108695384
2930620323160
2931694064984
2931962500440
1467110217048
2566621844824
2565548103000
2582774110888
1466082613928
2565594241704
1740960520872
1556230871640
2584050293140
2932030741156
2910215039576
1832178248280
1831104506456
1809629669976
1487490356632
2587001984408
1488564098456
2655989896600
2926589946260
2635588801944
1539369757352
1832501275304
2857924717224
2651497851560
1815267924308
1810972957012
1745474705748
2927664453972
2844717898068
1534752872788
2584050509464
2927667549528
2862149642856
1539299715688
1470580238952
2582976768616
1762637732180
2857602034072
2931958655384
2857870469528
2914784011944
1483199588692
1488568297812
2840677689684
2857857558868
2584116287844
1553324136804
2862166202712
1488899905892
1762435635556
1741179738456
2931959421272
2657081514328
2566870640996
2656866510424
1759486826068
2587073336916
2656061249108
1815052965460
1467426167396
2565545039464
1809630795368
2652786562664
1741179754088
2634532951656
1556496160360
2909410858600
2638608962916
2913486869860
2932030940500
2588096681316
2657084593508
2840409254232
1810959280472
2655994095960
2932029893268
1810687960468
2910199588244
1484270445972
1759148352916
1467090576788
1535810053524
1814260439448
2913772067224
2909477099928
2656884316756
1466104633940
2639704447572
2570161903192
1540192819796
2638881379928
2931941873320
2587287186020
2931958311524
2931689876068
1552200067684
1483480590948
2582992218724
1466300721764
1831423268440
1466015520164
2566600889764
2565795583396
1536077174180
1811044476248
2656010851688
2656816158056
1763731395944
2657084593512
2926325355880
1809633858920
2909145486696
1470601259672
1745479166616
2638832364184
2913710271128
2930890140312
1762659035800
2656012233368
1741184199320
2927731561812
1745206552228
1487562774104
1470382904920
2844772439640
1745260811864
1471652996776
2931678402964
2565884697176
1746597664084
2639950861652
2840410630824
2931762567572
2582796474772
1470668380564
1467359012180
1536078488916
1810703411816
1466032286312
1741161862568
1466015520168
2565527147944
2634246624680
1810686645672
1556478580372
2634515060136
2635674069672
2930951759272
2930600680036
2587003296356
1831089052260
1466016832100
1740894739044
1483263548056
1467157420696
1466373413272
2857674381720
1759214131624
2857672993448
2639682508196
2910215383464
2931690219944
1557287774564
2652786764116
2914561710760
2639703729816
2914581636760
1815267924328
2657151702376
2845773748904
1745545221460
1552994182740
2582778369636
2657134990948
1740899001940
1809618478676
2909130106452
2651430999400
2840695843496
1466306308776
2565817936552
2639906121380
1827866764708
1484269381028
1759147287972
2844785272148
1745192593768
2914497440104
2840409254248
2634250824040
1483468024168
1552187500904
2656062319016
1828136266088
1539050920340
1813928827284
1815267153236
1539366626900
1741967419032
2635320616600
1551915116184
1484269381272
2587341772392
2846047774296
1826798347864
2571181122968
1745192592744
2638545790312
2840409253224
1466037852820
1758095628948
2913689294228
1466373350760
1466100783444
2858660043092
1483196766548
2857586301268
2931674487124
2932031002964
1466016897364
2862149704020
2857854736724
2582795365032
1540192053928
2931762567512
1488649361752
2914846939480
1540461599064
2857674381656
1470398835368
1466285332824
1466016897368
1466104977828
1466373413284
2634604517796
2566690347428
1552272759140
1488649361764
1552000129380
1759421045092
2656012245348
2931942922596
1828157299044
1487491716504
2863038896488
2932031002984
1466016897384
2862955010408
1467089512100
1746618721620
1763798590804
1832518067540
2932029695316
2857673074004
2652572833432
1832178308500
2931689936276
2566617716116
1745205499236
1746279241060
2634532164964
1535020537188
1470316062312
2656867607956
2638899485092
1539119421860
2845775141284
1466016897444
1758141782436
1759416850852
1831160146328
2930671774104
2587074390424
2861952297368
1470382893464
2634604517800
2638899485096
1466306304424
1759148415400
1467177411928
2857673074008
1467445847384
2566958441812
1831445636500
2930957264276
2909477164372
2926577341780
1483468330324
2840757687640
1741984257364
2652789953876
1828156233044
2570111571284
2910533866840
1551982024024
1810703471960
2910215099736
2571181380964
1534752085348
1831108760932
2930620388708
2841551459688
1552187807076
1556482774372
1535007937896
2931695441256
1539051246952
1540124988776
1832182764904
1831423333736
2845862942056
1832518244692
2932029872468
2635674068308
1809965295016
2909476922792
1466367911336
1741245818280
2841500865940
1828218885524
2587341772180
2656061248916
1832183551384
2930939155860
1827933672852
1759214196116
2863243351448
1831109023128
1470596011428
2566668047780
1553274131880
1741985306024
1810704782760
1809633924520
2565862741412
2584116352424
1467430360488
2587090327140
1745545172580
1535897081444
1556566611556
2862236669540
1831444518500
2639905843608
1466016880040
1487508171096
1831176067416
2930956130648
1466283940516
2651493865880
2569889487256
1741989238356
1758095365716
2639682491988
1763728315992
2927379240536
1466032608856
1740910515800
1466082678360
1763728316008
2931674207844
2927379240552
2861901960808
1759437543016
1759148349800
2656796514664
2566621844888
1814176618132
1483480913556
1466301044372
2565812672148
2583042610840
1483262547608
2634263713444
2846131639972
2862166202020
1762657982116
2639703483752
2569910463144
1556298181288
2655809809064
1540444546472
1466356360616
2582790968740
1484555442580
2584067070356
1534752872852
1810704521620
1466033396116
1488581990052
2565545039524
1467107153572
1535092893080
1470377859492
2932029872488
2914850003304
1742323931496
1811043408232
1540191771304
2914581306024
2930688763284
2930888758692
1815071008148
1810776040852
2927467537812
2927735973268
2657153033620
2927466489236
1471473343124
2846113552024
1745256605272
1810703411880
2927735757204
1809614281316
1811027761768
2932014226024
1466016897640
1484554327636
1487764366996
2638608684712
1539097056936
2845057914196
2587359876436
1470668379476
2840405367124
1535003744600
2909482408296
2909125630312
1470595683928
2652785432152
1810972186004
1552188876440
2570096125592
1814181881496
1470316045652
2844789201300
1741251303828
2638899468696
1470580021652
1466373396900
2862953945508
2857586284964
1759433349540
1466104961444
2932026808980
1471469492884
1552268565140
1483549088404
2857938623124
1466369219220
2909478230676
1831378512552
1466021091992
2582724122008
2932030659240
2565863991636
2583853361496
2931762489688
2863311526564
1741251320484
1466088200868
2909125909156
2566623238820
1466373413540
2932014226084
2863294749348
2931959700136
1552255982248
2932014226088
2635405551972
2634587662696
2909478214232
1809966586456
1466369202788
1809966586468
2588432292456
2657152821928
2932030728872
2844718160532
1539048102548
1831445617300
2930957245076
2932026792596
1827951762068
2927463389844
1466032281188
2910219295400
2932026792616
1487495931556
1557289150116
1488569673380
2927663339112
1552200062568
1470595683944
2927735970404
2926578411176
2846114802068
1466373412184
1483553204632
1466100705688
1551931970984
1487776868772
1831177120164
1540193085860
2909128725860
2926577030500
1814180500836
2634314048852
1763798768020
1745206207892
1483196504424
2909478230692
1466369219236
2639971919272
1466372105640
2863041783208
2932029695400
2909130085716
1466021074260
2634252178772
1483469378900
2909460391268
1815266874724
2909478230696
2588415513940
2655788619096
2932029614756
1487494616484
2566936483172
2858994259300
2565862741348
1810703471976
2910215099752
1471669491048
1759503800744
1487825950100
2565531391380
2565594305940
1466082678164
1466015569300
2932012897688
2932029674904
2587018810776
1828157041320
1759437564584
1741179939416
2909411043928
2926590913112
1815339428440
2909130085736
1466021074280
2926578390376
1810959588008
1487848252840
2565863991912
2566937733736
1467110479444
1488920603304
1832517986984
2927663339160
2638898374248
2913776281192
2565548108372
1832498326184
2931761175204
1540191771300
2652785432232
2927663339176
1815266809512
1556495029928
2914581370452
2846113551960
1535004547492
1827954580136
2927466207912
1471472294568
1763714885268
1828139394708
1831441442388
2910488996456
2857941768872
1534735000936
2840490322600
1745273662120
2656867556008
2582975501992
1828207303336
1470311852696
1466016885400
2857854724760
2861884401304
1535894005140
2588429342036
2927664719188
1466016884068
2565528511844
2634533201252
2930951742888
2634247984724
1534818936404
2931757049432
2569890326100
2861969073764
1466352166504
2914833295000
2857937561240
2926656969384
1539052034452
2927668648340
2638830987940
2569890539880
1740894787176
1466304916136
1746263517864
2931962500696
1471670822228
2587020141908
1483200965288
1466021096104
1466372363940
2857941767844
2587019078244
1811026438756
1745474972312
1809631061348
2566600959400
2858658735528
1540191770280
2927663688360
2635594376532
2931673094564
2638541576616
2566958783140
2932031003304
1762720634260
1488916469140
2932025480596
1827950450068
2932030658900
1811044194644
1810704803220
2931677309588
2582707070360
1466015573400
1831424402856
1535829760360
2927664454312
1741163174500
1745193703844
2587003296424
1551999801700
2652785497492
1745474644312
2638898375336
2587341773416
2932029674836
1483468335764
2565862757796
1488920601944
1535092894376
2657085990244
1466016635560
1552271693144
2862216751720
1535004485284
1828152039016
2657151703720
1488920599208
2566957390504
1828156233364
2570095060632
2931959703144
2652786828904
1466015505064
2638609818964
2926578412200
1814181882536
1534736050536
2931942926680
1540373522776
2862220946024
2587343039080
1488568605016
1759437825620
1534819932840
1466284283300
1832182519204
2639904990808
2931962766936
1810704475476
2930599351636
2638610082472
1811027765928
2910539393704
1466015573332
1745189776040
2932031006036
2909477168792
2932029889192
2932029957800
1831445637800
2857854392660
2930936294056
2845857961620
1466082612564
2930934895956
2932012832084
2587341706580
1466015569236
2932029609300
2932031007400
2587343104680
1466016901800
