1391636578624
1391636644416
2491148272192
1666514551360
2766026179136
1408816513600
2508328141376
1683694420544
2783206048320
1391703753280
2491215381056
1408816513408
2766093222208
1408883556672
2508395184448
1683761463616
2783273091392
1391636644160
2491148271936
1666514551104
1683761463872
2783273091648
1391636578944
2491148206720
2766026113664
1408816448128
2508328075904
2783205982848
1391703687808
2491215315584
1666581594752
2766093222528
1408883556992
2508395184768
1683761463936
2783273091712
1408816448064
2508328075840
1683694355008
2783205982784
1391703687744
2491215315520
1666581594688
2766093222464
2508395184704
2491215380864
2766093287808
1408883622272
2508395250048
1683761529216
2783273156992
1683761529472
2783273157248
2491148206400
2766026113344
1408816447808
2508328075584
2783205982528
1391636578880
2491148206656
1666514485824
2766026113600
1391703753344
2491215381120
2766093288064
1408883622528
1391703753024
2491215380800
2766093287744
1408883622208
2508395249984
2783273156928
