292393387328
309573322368
584451229312
292661888640
567539795584
309841757824
584719664768
292460562048
567338468992
309640431232
584518338176
309640366720
584518273664
292728932992
309640366656
584518273600
292728932928
567606839872
309908802112
567539796288
584786709056
292728997504
567606904448
309908866688
584786773632
584719599168
292460496448
567338403392
309640365632
584518272576
292728931904
567606838848
292393387584
567271294528
309573256768
309908801920
584786708864
567271294272
584451163456
309573256512
292661822784
567539729728
309841691968
584719598912
292460496192
567338403136
309640365376
292393454144
567271361088
309573323328
584451230272
292661889600
567539796544
309841758784
584719665728
567539795264
309841757504
584719664448
292460561728
567338468672
309640430912
584518337856
292728997184
567606904128
309908866368
309908866432
584786773376
292728998272
567606905216
309908867456
584786774400
292393387648
567271294592
309573256832
584451163776
292661823104
567539730048
309841692288
584719599232
567338404160
309841758528
584719665472
292460562752
567338469696
309640431936
584518338880
292728998208
567606905152
309908867392
292393452864
567271359808
309573322048
584451228992
292661888320
292393454208
567271361152
309573323392
584451230336
292661889664
567539796608
309841758848
584719665792
292460563072
292460496512
567338403456
309640365696
584518272640
292728931968
567606838912
309908801152
584786708096
292393453184
567271360128
309640431168
584518338112
292728997440
567606904384
309908866624
584786773568
292393388672
567271295616
309573257856
584451164800
292661824128
567539731072
309841693312
584719600256
292460497536
567338404480
292393452928
567271359872
309573322112
584451229056
292460497216
584518273344
292728932672
567606839616
309908801856
584786708800
309640366400
584786774336
292393453888
567271360832
309573323072
292393388416
567271295360
309573257600
584451164544
292661888576
567539795520
309841757760
584719664704
292460561984
567338468928
292661888384
567539795328
309841757568
584719664512
292460561792
567338468736
309640430976
584518337920
292728997248
567606904192
292661889408
567539796352
309841758592
584719665536
292393388608
567271295552
309573257792
584451164736
292661824064
567539731008
309841693248
584719600192
292460497472
567338404416
292460562816
567338469760
292393387392
567271294336
309573256576
584451163520
292661822848
567539729792
309841692032
584719598976
292460496256
567338403200
309640366464
584518273408
292728932736
567606839680
309640432000
584518338944
292393453952
567271360896
309573323136
584451230080
584451163712
292661823040
567539729984
309841692224
309908801088
584786708032
292393453120
567271360064
309573322304
584451229248
292661823872
567539730816
309841693056
584719600000
292460497280
567338404224
292460563008
567338469952
309640432192
584518339136
292728998464
567606905408
309908867648
584786774592
584786773312
584518272320
292728931648
567606838592
309908800832
584786707776
567606839936
309908802176
584786709120
567338470016
309640432256
584518339200
292728998528
567606905472
309908867712
584786774656
584451230016
292661889344
292393388352
567271295296
309573257536
584451164480
292661823808
567539730752
309841692992
584719599936
309640365440
584518272384
292728931712
567606838656
309908800896
584786707840
