350886 18393749
350886 345737
350886 18393706
350886 349864
350886 350553
350886 350884
350886 350885
350886 346757
350886 367206
350886 107375210
350886 612010
350886 354964
350886 107320726
350886 617110
350886 432793
295530 94542490
295530 279145
295530 279210
295530 295254
295530 295274
295530 295465
295530 295466
295530 295498
295530 295514
295530 557658
295530 295529
295530 358197929
295530 295594
295530 295530
89479850 89478486
89479850 89828009
89479850 89822869
89479850 295509
89479850 295594
89479850 18115221
89479850 107321962
89479850 178694826
89479850 89561769
89479850 628330
89479850 365972
89479850 89221781
89221482 89478486
89221482 94542490
89221482 89828009
89221482 279145
89221482 380282534
89221482 349524
89221482 431764
89221482 89746053
89221482 89221781
89746070 89822869
89746070 279126
89746070 19442266
89746070 350552
89746070 431766
89746070 107321962
89746070 354666
89746070 19442341
89746070 89478794
89746070 107588182
89746070 89483626
89746070 89822874
18389609 18393749
18389609 285185
18389609 285186
18389609 18115178
18389609 563737
18389609 563750
18389609 18393706
18389609 18115221
18389609 1599077
18389609 1599130
18389609 107321962
18389609 624006
18389609 625034
18389609 367206
18389609 18389353
18389609 18389609
18393686 18393430
18393686 1333925
18393686 301605
18393686 18389606
18393686 19442341
18393686 18393513
18393686 2665130
18393686 295466
18393686 624202
18393686 18111061
18393686 365974
18393686 295445
18393686 18393686
18393686 89822874
295574 279126
295574 95069862
295574 295273
295574 295318
295574 295446
295574 295510
295574 557674
295574 295558
295574 89483626
295574 295578
295574 295574
278789 280065
278789 280066
278789 279045
278789 278789
278789 279050
278789 278805
278789 283925
278789 278809
278789 284954
278790 280065
278790 281090
278790 280066
278790 281089
278790 284965
278790 279046
278790 278790
278790 278825
278790 283946
278790 278806
278790 278809
278790 278810
278794 289065
278794 281089
278794 281090
278794 279045
278794 278826
278794 278794
278794 279050
278794 284954
278794 278810
278805 284161
278805 284162
278805 295238
278805 1353126
278805 279082
278805 278869
278805 18110805
278805 278870
278805 278805
278805 278809
278805 279061
278806 284161
278806 284162
278806 279081
278806 18110890
278806 278889
278806 295242
278806 278870
278806 278806
278806 279062
278806 1353049
278806 278810
295578 279130
295578 89557673
295578 295257
295578 295322
295578 295450
295578 295514
295578 557673
295578 295562
295578 295558
295578 359246506
295578 295594
295578 557738
295578 295578
278809 285185
278809 285186
278809 295237
278809 1598821
278809 295302
278809 18389353
278809 278825
278809 278809
278809 279066
278809 278870
278809 279065
278809 278874
547097 289065
547097 279045
547097 279050
547097 283925
547097 547366
547097 362057
547097 551210
547097 547353
547097 18114965
547097 546070
547097 547097
284954 289065
284954 283925
284954 285221
284954 18389350
284954 362889
284954 551210
284954 285210
284954 546070
284954 284954
278810 285185
278810 285186
278810 18389353
278810 278890
278810 295241
278810 278826
278810 295306
278810 278810
278810 1598874
278810 279066
278810 279065
278810 278874
278890 278825
278890 278826
278890 278874
278890 278889
278890 295273
278890 278954
278890 107375210
278890 295338
278890 279146
278890 278890
278890 279126
278890 89822874
278890 295258
284965 546089
284965 283946
284965 361861
284965 18389350
284965 285221
284965 284965
284965 285210
547110 279046
547110 546089
547110 283946
547110 547366
547110 547110
547110 362057
547110 18114922
547110 547353
289065 346757
289065 289321
289065 289065
289065 19442005
289065 289302
278825 289281
278825 289282
278825 295238
278825 1353049
278825 278889
278825 278825
278825 279081
278825 279062
278825 19442010
278826 289281
278826 289282
278826 19442085
278826 1353126
278826 278954
278826 295242
278826 278826
278826 279082
278826 279061
551210 279050
551210 551445
551210 428681
551210 551466
551210 551210
551210 18114902
89483626 95069862
89483626 89483925
89483626 19442085
89483626 611668
89483626 89216341
89483626 354965
89483626 107325866
295237 280065
295237 1332565
295237 546305
295237 546306
295237 18114922
295237 295237
295237 295238
295237 295493
295237 295562
295237 295253
295237 295257
295238 280065
295238 280066
295238 547329
295238 547330
295238 18114902
295238 295302
295238 295238
295238 295494
295238 1611113
295238 295498
295238 295254
295238 295258
608584 1332906
608584 1333925
608584 616810
608584 345412
608584 346440
608584 608900
608584 608584
608584 625032
608584 608585
608584 608586
608584 612697
295241 281089
295241 1332650
295241 546305
295241 546306
295241 18114965
295241 295558
295241 295273
295241 295242
295241 295241
295241 295497
295241 295257
608586 18393749
608586 300586
608586 608901
608586 616809
608586 345414
608586 608585
608586 346442
608586 608586
608586 625034
608586 612696
346442 289302
346442 18393493
346442 350553
346442 354664
346442 607558
346442 346440
346442 346441
346442 346757
346442 346442
346442 362890
608585 546326
608585 18115241
608585 608902
608585 616808
608585 345413
608585 346441
608585 608585
608585 625033
608585 612698
346440 1332650
346440 1333669
346440 350554
346440 607556
346440 346756
346440 354665
346440 346440
346440 362888
346440 346441
346441 18114985
346441 350552
346441 354666
346441 607557
346441 346758
346441 346441
346441 362889
346441 546070
295242 281089
295242 281090
295242 547329
295242 547330
295242 18114985
295242 295494
295242 295306
295242 1611113
295242 295274
295242 295242
295242 295498
295242 295258
278869 94802586
278869 357914981
278869 279210
278869 295254
278869 278870
278869 279125
278869 278869
278870 278889
278870 279146
278870 295258
278870 89822874
278870 295253
278870 107320726
278870 295318
278870 278874
278870 279126
278870 278870
295254 278889
295254 284161
295254 284162
295254 295253
295254 357915050
295254 557402
295254 295318
295254 89818774
295254 295510
295254 295258
295254 295254
557398 546305
557398 546306
557398 547329
557398 295253
557398 557417
557398 557674
557398 295273
557398 89478810
557398 557402
557398 107326037
557398 557397
557398 557654
557398 557398
557398 295258
295257 278874
295257 285185
295257 295253
295257 89478794
295257 295273
295257 557417
295257 295258
295257 295513
295257 358258330
295257 557397
295257 295257
350552 616808
350552 349526
350552 350884
350552 345413
350552 89478794
350552 354666
350552 611668
350552 367000
350552 350553
350552 350554
612697 629145
612697 357935721
612697 616810
612697 1599893
612697 349525
612697 611670
612697 607556
612697 612696
612697 613030
612697 354665
612697 612698
18393430 1333669
18393430 285221
18393430 18389350
18393430 19442085
18393430 18393769
18393430 2664874
18393430 366185
18393430 279082
18393430 362058
18393430 18110805
18393430 89483925
18393430 279061
18393430 18393430
557397 546305
557397 557738
557397 359245226
557397 89216341
557397 557653
557397 557397
18114902 546089
18114902 18110805
18114902 345413
18114902 613029
18114902 18389350
18114902 18115241
18114902 428681
18114902 1611113
18114902 107370070
18114902 18115158
18114902 18114902
18114902 19442010
295258 285185
295258 285186
295258 295274
295258 557418
295258 295322
295258 107320922
295258 107632218
295258 295258
295258 295514
278874 376068710
278874 107320906
278874 278874
278874 295322
278874 279130
557402 547329
557402 547330
557402 357935721
557402 557418
557402 295274
557402 557658
557402 107628118
557402 557402
19442010 89822869
19442010 551466
19442010 345738
19442010 19442341
19442010 18393513
19442010 354965
19442010 19442266
19442010 1353049
19442010 19442010
350554 1599077
350554 616810
350554 349525
350554 350553
350554 345412
350554 350885
350554 376068777
350554 354665
350554 611670
350554 367002
357914981 94802586
357914981 357915050
357914981 349866
357914981 358192810
357914981 2665045
18393706 18393450
18393706 18111066
18393706 295450
18393706 690826
18393706 300565
18393706 300586
18393706 18393493
18393706 607558
18393706 1612390
18393706 107375210
18393706 19442346
18393706 18393706
18389350 629349
18389350 1599850
18389350 18114985
18389350 295494
18389350 295498
18389350 18393513
18389350 1599893
18389350 107326037
18389350 361861
18389350 362889
18389350 18389606
18389350 18389350
354664 371112
354664 350553
354664 354665
354664 89565866
354664 354666
354664 89822868
354664 354964
354664 612696
616809 18110885
616809 94807717
616809 616808
616809 633257
616809 616810
616809 617110
616809 612696
616809 350553
295273 289281
295273 89483925
295273 89565866
295273 295274
295273 295529
295273 295273
557417 546306
557417 551425
557417 89565864
557417 557673
557417 557418
557417 557417
557417 357919381
557417 295322
295274 289281
295274 289282
295274 278889
295274 278954
295274 359311014
295274 295338
295274 295274
295274 89818774
295274 295510
354665 359311014
354665 1333669
354665 371113
354665 354666
354665 354966
1612134 18393450
1612134 279065
1612134 279066
1612134 1598821
1612134 1598874
1612134 1611113
1612134 18393493
1612134 362056
1612134 367205
1612134 1612390
1612134 1354153
1612134 1612134
1612134 1354070
1612134 358258330
616808 89822869
616808 89565864
616808 616810
616808 633256
616808 617108
616808 612698
278889 358263466
278889 279145
278889 278889
278889 89221781
18393450 345414
18393450 18389353
18393450 428682
18393450 284202
18393450 19442090
18393450 18393450
18393450 18110810
18393450 107320922
18393450 18393749
18393450 284181
18393450 432793
18393450 279066
357919082 1332565
357919082 2663770
357919082 557673
357919082 357919381
357919082 612009
357919082 617109
357919082 359246506
357919082 95068837
357919082 358181526
18114922 1332565
18114922 18110885
18114922 633257
18114922 295306
18114922 89561769
18114922 18389353
18114922 362057
18114922 19442090
18114922 18115178
18114922 18114922
18114922 18115221
18114922 2663770
18110805 551445
18110805 1353126
18110805 349865
18110805 18111146
18110805 345738
18110805 89560726
18110805 18111061
18110805 18110805
612696 349524
612696 611669
612696 607558
612696 613028
612696 89746053
612696 89478810
612696 629144
612696 612698
295302 280066
295302 18114965
295302 551425
295302 551426
295302 2663845
295302 295302
295302 295558
295302 295497
295302 295318
295302 295322
350553 18393493
350553 349524
350553 345414
350553 611669
350553 107320922
350553 367001
625032 629145
625032 690824
625032 361860
625032 624200
625032 362888
625032 625034
625032 633258
625032 1353382
625032 1354409
625032 625032
625032 625033
625033 690825
625033 361861
625033 625034
625033 362889
625033 629146
625033 633256
625033 18389606
625033 285210
625033 624202
625033 625033
295306 281090
295306 551425
295306 551426
295306 2663770
295306 295493
295306 295338
295306 295306
295306 295562
295306 295322
625034 690826
625034 563750
625034 361862
625034 624201
625034 633257
625034 362890
625034 625034
625034 629144
362890 547366
362890 371112
362890 428682
362890 624006
362890 362057
362890 362888
362890 362889
362890 18389353
362890 362890
362890 367001
612698 18115158
612698 349526
612698 611668
612698 354666
612698 607557
612698 613029
612698 107588182
612698 629146
1333594 1333850
1333594 279062
1333594 359311014
1333594 1332565
1333594 345412
1333594 1333925
1333594 18393513
1333594 1599850
1333594 431765
1333594 1353049
1333594 1333594
18110810 18111066
18110810 283925
18110810 18111141
18110810 94807717
18110810 295497
18110810 1354153
18110810 345737
18110810 18114965
18110810 693909
18110810 18110810
362888 371113
362888 428680
362888 624004
362888 362056
362888 1353126
362888 1354153
362888 362888
362888 362889
362888 367002
362889 371114
362889 428681
362889 624005
362889 362058
362889 362889
362889 367000
1599893 357935721
1599893 1333669
1599893 1598874
1599893 295494
1599893 1611113
1599893 2664789
1599893 346756
1599893 1600106
1599893 1600149
1599893 1599893
18114965 628117
18114965 1332650
18114965 2663845
18114965 89561769
18114965 18115178
18114965 18389353
18114965 362057
18114965 19442005
18114965 18115221
18114965 18114965
18393493 18393749
18393493 289302
18393493 279065
18393493 18110885
18393493 289321
18393493 427654
18393493 19442005
18393493 18389353
18393493 18393493
18393493 107320922
295318 178689686
295318 284162
295318 89483925
295318 557418
295318 295529
295318 295322
295318 295318
629144 628117
629144 629145
629144 629348
629144 371112
629144 694936
629144 89818774
629144 624006
629144 365972
629144 89561769
629144 633257
629144 629146
367001 628117
367001 371112
367001 107371113
367001 432793
367001 361862
367001 365972
367001 367000
367001 367206
367001 18389353
367001 633257
367001 367002
367000 628116
367000 89557673
367000 371114
367000 432792
367000 361861
367000 365974
367000 367204
367000 633256
367000 89822874
367000 367002
629146 628116
629146 629145
629146 629349
629146 371114
629146 107632218
629146 694938
629146 624005
629146 365974
629146 18389606
629146 633256
295322 94545573
295322 285186
295322 295338
295322 557482
295322 295322
295322 358258330
295322 295513
629145 359294629
629145 624004
629145 629350
629145 1611113
629145 633258
629145 371113
629145 365973
629145 628118
629145 694937
367002 371113
367002 376068710
367002 432794
367002 361860
367002 365973
367002 628118
367002 367205
367002 1612390
367002 633258
89557673 94545573
89557673 95068837
89557673 628328
89557673 107367017
89557673 359246506
89557673 89478794
89557673 89216682
89557673 107326037
89557673 358181526
89557673 295513
89557673 89822874
18110885 18111066
18110885 283946
18110885 18111141
18110885 295493
18110885 346757
18110885 94807717
18110885 18110885
18110885 1354070
19442085 546345
19442085 18114985
19442085 19442266
19442085 19442341
19442085 1353126
19442085 346758
19442085 19442085
19442085 354965
1333669 1333850
1333669 279061
1333669 359311014
1333669 1332650
1333669 1333925
1333669 1353126
1333669 1333669
371112 94802586
371112 95069862
371112 366184
371112 371113
371112 371114
371112 436904
18114985 546089
18114985 18110890
18114985 613029
18114985 427653
18114985 107325866
18114985 1611113
18114985 18115241
18114985 18114985
18114985 18115158
18114985 546070
557482 551426
557482 557418
557482 89303721
557482 359245226
557482 557738
557482 557482
557482 557653
278954 94802586
278954 378972841
278954 279210
278954 278954
278954 279125
633256 94803610
633256 699048
633256 628328
633256 95068837
633256 633257
633256 633258
18393513 94803610
18393513 279062
18393513 279081
18393513 18110890
18393513 2664789
18393513 366185
18393513 362058
18393513 18393769
18393513 18393513
18393513 285210
19442090 283946
19442090 295562
19442090 345737
19442090 699049
19442090 19442346
19442090 19442090
19442090 19442261
19442090 1354070
19442090 89478810
295338 94803610
295338 89828009
295338 289282
295338 557418
295338 295594
295338 295338
295338 295509
18110890 546326
18110890 346758
18110890 349865
18110890 178694826
18110890 18111146
18110890 18110890
18110890 18111061
18110890 1353049
107325866 557674
107325866 612008
107325866 613029
107325866 89478794
107325866 178694826
107325866 89561769
107325866 107326037
107325866 107588182
633257 699049
633257 628330
633257 89561769
633257 633258
357915050 358263466
357915050 357935721
357915050 2664874
357915050 2664789
357915050 349525
357915050 1600149
357915050 358197929
357915050 613030
357915050 436905
357915050 89818774
432792 94804650
432792 94545573
432792 699048
432792 693908
432792 427653
432792 428681
432792 350884
432792 431766
432792 436906
432792 432793
432792 432794
432793 693909
432793 427654
432793 699049
432793 428682
432793 107320922
432793 431764
432793 436904
432793 432794
432794 699050
432794 693910
432794 427652
432794 1599130
432794 428680
432794 350885
432794 376068777
432794 431765
432794 436905
94542490 107588165
94542490 94807717
94542490 349864
94542490 358197929
94542490 178432682
94542490 89818774
94542490 107320726
94542490 694936
89303721 94545573
89303721 693908
89303721 359245226
89303721 89216682
89303721 89560726
1599850 357935721
1599850 1598821
1599850 345736
1599850 295498
1599850 1611113
1599850 2664874
1599850 1600106
1599850 1599850
1599850 1600149
1599850 694937
551425 285185
551425 547329
551425 551425
551425 2664101
551425 296456
551425 557418
551425 557609
551425 18115221
551425 557590
281090 289282
281090 281090
281090 285186
281090 295429
281090 296456
281090 289321
281090 297480
281090 295434
281090 285210
547329 289281
547329 284161
547329 546305
547329 296452
547329 547329
547329 296456
547329 1611369
547329 557594
547329 18115158
547329 557593
285185 289281
285185 280065
285185 281089
285185 284161
285185 546305
285185 1599077
285185 285185
285185 295449
285185 295450
295429 279045
295429 279046
295429 280065
295429 546326
295429 547353
295429 295493
295429 295494
295429 557574
295429 557573
295429 295429
295429 295445
295429 295449
557574 295430
557574 563750
557574 296456
557574 562729
557574 557609
557574 295434
557574 557574
557574 295433
557574 557590
557574 557593
557574 557594
285186 289282
285186 280066
285186 284162
285186 546306
285186 551426
285186 285186
285186 295450
285186 1599130
285186 295449
547330 289282
547330 284162
547330 546306
547330 551426
547330 547330
547330 297480
547330 18115241
547330 557418
547330 1611369
547330 296456
547330 557593
547330 557594
289282 19442341
289282 1353382
289282 289282
289282 295466
289282 295445
295434 279046
295434 279050
295434 280065
295434 547353
295434 551466
295434 295498
295434 295562
295434 295466
295434 557578
295434 295434
295434 295450
551426 551426
551426 297480
551426 557418
551426 18115178
551426 557610
551426 557589
551426 2664026
557578 295430
557578 296452
557578 297480
557578 567850
557578 557610
557578 557578
557578 563737
557578 557594
279046 279046
279046 546089
279046 279081
279046 295433
279046 295430
279046 279062
279046 279065
279046 279066
297480 280066
297480 557573
297480 297480
297480 305705
297480 301594
295433 279050
295433 280066
295433 281089
295433 551445
295433 547366
295433 557573
295433 295497
295433 295498
295433 295465
295433 295433
295433 295449
279050 279082
279050 279050
279050 279066
295445 279061
295445 279062
295445 284161
295445 1333925
295445 557593
295445 295509
295445 295510
295445 295449
295445 295445
289302 281089
289302 285221
289302 547366
289302 19442346
289302 607881
289302 300586
289302 283946
289302 300565
289302 289302
279062 295498
279062 279145
279062 279126
279062 295446
279062 279062
279062 279066
557590 18111066
557590 546306
557590 295493
557590 1354409
557590 557673
557590 295497
557590 557594
557590 557654
557590 557590
557590 295450
547353 284181
547353 546326
547353 361862
547353 563750
547353 18389353
547353 624201
547353 551466
547353 289321
547353 563737
547353 18115221
547353 547353
295449 18393749
295449 279065
295449 279066
295449 557589
295449 1612390
295449 295465
295449 557609
295449 295449
295449 295513
295449 295514
285210 280065
285210 284181
285210 546326
285210 289321
285210 551466
285210 301594
285210 301605
285210 362058
285210 18389606
285210 285210
557593 557573
557593 557589
557593 18389606
557593 295494
557593 557609
557593 295498
557593 295465
557593 1600149
557593 557654
557593 557593
557593 557658
279061 279045
279061 295494
279061 279125
279061 295446
279061 279126
279061 279065
279061 279061
279065 279045
279065 295493
279065 295558
279065 279081
279065 279065
279065 279126
279065 279130
279065 295450
279066 295497
279066 279146
279066 279082
279066 295562
279066 295450
279066 279066
279066 279130
295450 295430
295450 295446
295450 1612390
295450 295466
295450 557610
295450 295450
295450 295514
557594 295446
557594 295494
557594 18389606
557594 1600106
557594 557674
557594 557610
557594 295466
557594 295498
557594 557658
557594 557594
563737 547366
563737 557573
563737 562710
563737 300565
563737 624006
563737 567850
563737 305705
563737 563737
89561769 628117
89561769 95069862
89561769 94807717
89561769 557654
89561769 557674
89561769 107370070
89561769 107371113
89561769 89478810
89561769 89818774
285221 280066
285221 281089
285221 551445
285221 284202
285221 546345
285221 301594
285221 301605
285221 624005
285221 362058
285221 18389606
285221 285221
563750 547366
563750 562729
563750 300586
563750 563750
547366 551445
547366 284202
547366 546345
547366 295430
547366 547366
547366 18389353
547366 18115178
547366 624201
301605 296456
301605 562729
301605 300586
301605 301605
301605 624202
289321 283946
289321 608901
289321 427654
289321 305705
289321 300586
289321 289321
289321 19442261
557609 546306
557609 295558
557609 1354409
557609 557674
557609 295562
557609 557673
557609 557609
557609 19442261
295466 279081
295466 279082
295466 284161
295466 2665130
295466 295594
295466 295466
557610 546305
557610 295558
557610 19442346
557610 557674
557610 557738
557610 295562
557610 557610
557610 1354326
279081 295494
279081 279145
279081 279146
279081 295465
279081 279081
279081 2664789
305705 18393749
305705 284202
305705 301594
305705 689798
305705 305705
551466 546089
551466 345738
551466 690825
551466 562729
551466 567850
551466 551466
551466 18115158
279082 295465
279082 2664874
279082 279210
279082 295498
279082 279146
279082 279082
295465 289281
295465 284162
295465 18393769
295465 295529
295465 295465
295465 2665045
567850 546345
567850 19442266
567850 301594
567850 607882
567850 567850
18393749 18111141
18393749 1612390
18393749 689798
18393749 300586
18393749 19442261
18393749 107320726
18393749 18393749
295493 557589
295493 295493
295493 295494
295493 295509
295493 1354070
295493 295513
107588165 359294629
107588165 557658
107588165 107628118
107588165 107320922
107588165 613028
107588165 89746053
295494 295430
295494 295494
295494 295558
295494 295510
295494 295514
295497 557589
295497 295529
295497 1354153
295497 295498
295497 295497
295497 295513
295498 295562
295498 295498
295498 295514
2665045 2664874
2665045 2664026
2665045 2664789
2665045 689796
2665045 349866
2665045 18393769
2665045 1600149
2665045 2665045
2665045 1353305
107588182 94804650
107588182 18115158
107588182 295514
107588182 18115241
107588182 107370070
107588182 350884
107588182 107371113
107588182 107632218
107588182 107320906
107588182 694938
19442261 89478486
19442261 19442005
19442261 608901
19442261 612010
19442261 1354409
19442261 18115221
19442261 19442261
279126 279125
279126 279145
279126 107321962
279126 295509
279126 295514
279126 279130
279126 279126
295510 279125
295510 279145
295510 295446
295510 295509
295510 89746053
295510 358197929
295510 557658
295510 295514
295510 295510
295509 89822869
295509 295253
295509 295513
295509 557654
295509 295509
107326037 94803610
107326037 629349
107326037 94807717
107326037 89483925
107326037 557418
107326037 107370070
107326037 107632218
107326037 89478810
107326037 628328
18111066 89828009
18111066 1354409
18111066 607881
18111066 18115221
18111066 617110
18111066 284181
18111066 18111066
295513 279130
295513 557653
295513 295529
295513 557673
295513 295513
295513 295514
295513 358181526
557654 557418
557654 557589
557654 557653
557654 557673
557654 295529
557654 107370070
557654 295514
557654 557658
557654 557654
1354326 1332821
1354326 18111141
1354326 557589
1354326 2664026
1354326 19442346
1354326 624004
1354326 628118
1354326 358258330
1354326 1612390
1354326 1353305
1354326 1354070
1354326 1354153
1354326 1354326
19442266 289281
19442266 18115158
19442266 18393769
19442266 354666
19442266 607882
19442266 1353305
19442266 19442266
295514 279146
295514 107371113
295514 557674
295514 295514
279130 107367017
279130 279146
279130 376068777
279130 279130
616810 2664101
616810 633258
616810 617109
616810 358181526
629348 613028
629348 629349
629348 629350
629348 366184
629348 107371113
629348 628330
629348 624201
629348 107628118
367205 350885
367205 362056
367205 628329
367205 366186
367205 367204
367205 367206
367205 358258330
629350 629349
629350 613030
629350 624200
629350 628329
629350 366186
629350 358197929
629350 1611369
18389606 18115158
18389606 18115241
18389606 18393769
18389606 1600106
18389606 1600149
18389606 107632218
18389606 624005
18389606 18389606
629349 613029
629349 628328
629349 366185
629349 624202
357935721 359294629
357935721 359311014
357935721 694937
357935721 107628118
367206 107321962
367206 362057
367206 366184
367206 628330
367206 367204
1612390 1611369
1612390 1599077
1612390 1599130
1612390 376068710
1612390 624200
1612390 1354409
1612390 1612390
367204 107367017
367204 350884
367204 107632218
367204 362058
367204 628328
367204 366185
557673 95068837
557673 557674
557673 557673
295529 279146
295529 95069862
295529 295529
295529 89560726
279145 380282534
279145 279146
279145 279145
107321962 94804650
107321962 279146
107321962 95069862
107321962 107371113
107321962 107320726
107321962 366184
107321962 107375210
107321962 89818774
107375210 89828009
107375210 107320922
107375210 354964
107375210 89746053
107375210 89565866
107375210 89822874
279146 94804650
279146 279210
279146 295594
279146 279146
557674 557418
557674 557658
557674 557738
557674 295594
557674 557674
608900 608901
608900 608902
608900 1599130
608900 1600149
608900 689796
608900 345736
608900 346756
608900 608900
608900 613030
608900 624200
608900 617109
89746053 358197929
89746053 354964
89746053 89478810
89746053 89818774
89746053 89822868
608901 284202
608901 18111141
608901 345737
608901 613028
608901 608901
608901 346757
608901 689798
608901 624201
608901 608902
608901 617110
346757 283946
346757 427654
346757 19442005
346757 607881
346757 354964
346757 346756
346757 346757
346757 362057
346757 346758
295558 295430
295558 295558
295558 1354153
295558 19442005
608902 18111146
608902 345738
608902 562710
608902 562729
608902 19442341
608902 346758
608902 689797
608902 613029
608902 608902
608902 624202
608902 617108
295562 295594
295562 295562
295562 1354070
690826 427654
690826 690824
690826 690825
690826 607881
690826 300586
690826 699049
690826 428682
690826 690826
690826 694936
346758 546326
346758 546345
346758 427653
346758 350884
346758 354965
346758 607882
346758 346756
346758 346758
346758 362058
690824 699050
690824 427652
690824 2664101
690824 607880
690824 428680
690824 2665130
690824 690824
690824 690825
690824 694937
690825 699048
690825 18115158
690825 427653
690825 428681
690825 607882
690825 690825
690825 694938
428682 284202
428682 345737
428682 428680
428682 428681
428682 689798
428682 436904
428682 428682
428681 345738
428681 428680
428681 689797
428681 436906
428681 428681
428680 2664874
428680 2663845
428680 689796
428680 345736
428680 436905
428680 428680
617108 94545573
617108 693908
617108 107370070
617108 350884
617108 613029
617108 628328
617108 617109
617108 617110
89483925 178689686
89483925 628116
89483925 89216682
89483925 89565866
89483925 366185
89483925 89560726
89483925 89822874
617109 358258325
617109 693910
617109 2663770
617109 2663845
617109 350885
617109 613030
617109 628329
617109 617110
357919381 89565864
357919381 628329
357919381 1354070
357919381 358258330
18115221 1332906
18115221 546306
18115221 2664101
18115221 628330
18115221 624201
18115221 18115221
89221781 358263466
89221781 89818774
89221781 365972
354966 1333850
354966 358263466
354966 1333925
354966 350885
354966 431765
354966 354964
354966 354965
354966 346756
354966 613030
354966 378972841
354966 366186
358181526 358258325
358181526 693910
358181526 1598821
358181526 2664026
358181526 2664101
358181526 350885
358181526 376068777
358181526 358258330
354964 431764
354964 613028
354964 366184
354964 354965
354965 89822869
354965 350884
354965 431766
354965 354666
354965 613029
354965 366185
1600149 1333925
1600149 1611369
1600149 1599130
1600149 613030
1600149 1600149
617110 178689686
617110 89828009
617110 693909
617110 18111141
617110 613028
617110 628330
694936 693909
694936 94807717
694936 699049
694936 689798
694936 431764
694936 613028
694936 436904
694936 694937
694936 694938
94802586 95069862
94802586 378972841
94802586 178432682
94802586 89822868
94802586 89818774
694937 699050
694937 693910
694937 689796
694937 431765
694937 613030
694937 436905
694937 694938
694938 699048
694938 693908
694938 18115241
694938 689797
694938 431766
694938 613029
694938 436906
613028 607881
613028 349864
613028 612010
613028 107320922
613028 613030
613028 613029
613029 107370070
613029 612008
613029 607882
613029 349865
613029 613030
18111141 178689686
18111141 284202
18111141 18111141
18111141 18115178
18111141 557589
1333925 358263466
1333925 1332906
1333925 1353382
1333925 1333925
613030 359311014
613030 607880
613030 1600106
613030 612009
613030 349866
95068837 94803610
95068837 89565864
19442341 562729
19442341 18115241
19442341 431766
19442341 1353382
19442341 19442341
699048 612008
699048 178694826
699048 89565864
699048 699049
699048 699050
350884 345738
350884 350885
350884 612008
350884 349865
350884 107320906
350885 1598821
350885 1598874
350885 346756
350885 345736
350885 612009
350885 359246506
350885 349866
436904 178689686
436904 178432682
436904 349864
436904 436905
436904 436906
376068777 1599077
376068777 1599130
376068777 107367017
376068777 376068710
376068777 359246506
18111146 94804650
18111146 284162
18111146 18115241
18111146 436906
18111146 18393769
18111146 18111146
18111146 562710
18111146 1353305
18115241 551445
18115241 546326
18115241 1611369
18115241 689797
18115241 18115241
295594 295253
295594 178694826
295594 295594
557738 89216682
557738 447130282
557738 557738
295253 89478486
295253 94803610
295253 284161
295253 295253
89565864 89822869
89565864 94545573
89565864 89478794
89565864 178694826
378972841 1333850
378972841 359311014
378972841 358192810
89565866 95069862
89565866 612010
89565866 19442346
89565866 89478810
89565866 89822868
557418 94807717
557418 557418
18393769 1333850
18393769 371114
18393769 295446
18393769 301594
18393769 624202
18393769 18393769
18393769 89822874
358197929 359294629
358197929 359311014
358197929 371113
358197929 1611369
358197929 380282534
358197929 358192810
358197929 1353126
358197929 365973
358197929 1353049
18389353 1598821
18389353 1598874
18389353 107371113
18389353 361862
18389353 18389353
89828009 94803610
89828009 94807717
89828009 431764
1354409 1332906
1354409 2664101
1354409 633258
1354409 358258330
1354409 1353382
1354409 1354070
1354409 1354153
1354409 1354409
358263466 380282534
358263466 359311014
358263466 2665130
358263466 349866
19442005 1354153
19442005 19442346
19442005 611669
19442005 19442005
19442005 89478810
2664789 2663770
2664789 427652
2664789 2665130
2664789 349525
2664789 2664789
2664789 1353049
1354070 1332565
1354070 2663770
1354070 361860
1354070 628329
1354070 1353049
1354070 1354070
349525 349524
349525 345412
349525 349866
349525 365973
349525 349526
349864 345737
349864 349524
349864 366184
349864 349866
349864 349865
349864 107320726
279045 279045
279045 295430
279045 546070
281089 289281
281089 281089
281089 296452
281089 295430
281089 296456
94804650 94545573
94804650 436906
94804650 178694826
94804650 18111061
94804650 89560726
94804650 349526
94804650 89822874
283925 345737
283925 284202
283925 284181
283925 283925
546070 546326
546070 546345
546070 546070
546089 345413
546089 427653
546089 546089
546089 546345
546089 551445
546089 546326
283946 345737
283946 283946
283946 284202
283946 284181
354666 371114
607556 1333850
607556 1332821
607556 607880
607556 611670
607556 345412
607556 607557
607556 624004
607556 607556
607556 607558
607557 546345
607557 18115158
607557 611668
607557 624005
607557 607558
607557 345413
607557 607557
607557 607882
607558 300565
607558 607881
607558 611669
607558 345414
607558 607558
607558 624006
345412 1332565
345412 361860
345412 345413
345412 345412
345412 345736
345412 345414
345413 345738
345413 349526
345413 361861
345413 345414
345413 345413
345414 284181
345414 345737
345414 349524
345414 345414
345414 361862
349524 89478486
349524 365972
349524 349526
611669 628117
611669 611668
611669 612010
611669 611670
611669 89478810
89216341 611668
89216341 359245226
89216341 89216682
89216341 89478794
89478486 612010
89478486 107320726
89478486 94803610
89478486 89478810
611670 1332821
611670 611668
611670 612009
611670 359246506
611670 628118
611668 628116
611668 612008
1332565 1332906
1332565 1598821
1332565 612009
1332565 1332821
1332565 1332565
289281 289281
289281 295446
289281 1353305
349526 18111061
349526 349865
349526 365974
1353049 1611113
1353049 361860
1353049 365973
1353049 1353382
1353049 1353305
1353049 1353049
2663770 1598874
2663770 427652
2663770 2664101
2663770 2664026
2663770 2663770
1598821 2663845
1598821 345736
1598821 1599077
1598821 1598821
1598821 1599130
1611113 359294629
1611113 362056
1611113 1611369
1611113 1353126
1611113 1611113
361860 427652
361860 361860
361860 624004
361860 361861
361860 362056
361860 361862
361860 365973
361861 427653
361861 624005
361861 361861
361861 362058
361861 361862
361861 365974
361862 427654
361862 361862
361862 624006
361862 362057
361862 365972
624004 689796
624004 624004
624004 624005
624004 624200
624004 624006
624004 1353305
624004 628118
624005 628116
624005 689797
624005 624005
624005 624202
624005 624006
624006 628117
624006 689798
624006 624006
624006 624201
628116 628328
628116 89216682
628116 628117
628116 628118
628116 693908
628117 628330
628117 628118
628117 693909
365974 431766
365974 365972
365974 365973
365974 366185
365974 89822874
107320726 178689686
107320726 89822874
107320726 107320922
628118 693910
628118 628329
628118 358258330
365972 431764
365972 366184
365972 365973
1598874 1332650
1598874 346756
1598874 1599077
1598874 359246506
1598874 1598874
1598874 1599130
1354153 1332650
1354153 2663845
1354153 359245226
1354153 628329
1354153 1353126
1354153 1354153
365973 431765
365973 366186
371113 1353126
371113 366186
371113 371114
371113 436905
89822868 279125
89822868 358192810
633258 699050
633258 628329
633258 358258330
371114 366185
371114 436906
371114 89822874
2664874 2663845
2664874 1353126
2664874 436905
2664874 2665130
2664874 2664874
431766 427653
431766 431764
431766 431765
2663845 358258325
2663845 2664101
2663845 2663845
2663845 2664026
1353126 1353382
1353126 1353126
1353126 1353305
1332650 1332906
1332650 612009
1332650 447130282
1332650 1332650
1332650 1332821
359245226 358258325
359245226 447130282
359245226 628329
359245226 358258330
551445 689797
551445 345738
551445 562729
551445 562710
551445 551445
279125 358192810
279125 279125
178432682 178689686
178432682 279210
178432682 358192810
284161 280065
284161 284161
284161 1353382
284161 18111061
546306 1332906
546306 546306
546306 296456
280065 280065
280065 296452
280065 296456
280065 284181
284162 280066
284162 284162
284162 295446
284162 1353305
546305 546305
546305 296452
546305 18115178
546305 1332821
546305 557589
280066 280066
280066 284202
280066 296456
280066 295430
296452 557573
296452 296452
296452 300565
296452 301594
296456 296456
296456 300586
358192810 279210
358192810 366186
358192810 1353305
284181 607881
284181 300586
284181 300565
284181 284181
546326 562729
546326 562710
546326 546326
300565 300565
300565 301594
562710 557573
562710 562710
562710 301594
562729 546345
562729 18111061
562729 607882
562729 562729
300586 284202
300586 300586
284202 284202
557573 557573
557573 557589
546345 295430
546345 546345
546345 18115158
295430 295430
295430 295446
624200 1611369
624200 607880
624200 362056
624200 628329
624200 624200
624200 624202
624200 624201
624201 18115178
624201 607881
624201 362057
624201 628330
624201 624201
624201 624202
362058 345738
362058 362056
362058 362057
362058 624202
362058 366185
362058 362058
362057 345737
362057 362056
362057 366184
362057 362057
624202 301594
624202 607882
624202 628328
624202 624202
107320906 94545573
107320906 107367017
107320906 376068710
107320906 89478794
362056 345736
362056 346756
362056 366186
362056 362056
1332821 1333850
1332821 1599077
1332821 359246506
1332821 18115178
1332821 1332821
107370070 89822869
107370070 94545573
107370070 89560726
107628118 107371113
107628118 89818774
1353305 1333850
1353305 1611369
1353305 366186
1353305 1353305
107320922 94807717
107320922 107371113
107320922 107632218
107320922 89478810
107632218 107367017
107632218 89822874
2664026 693910
2664026 18115178
2664026 689796
2664026 1599130
2664026 2664026
1599077 2664101
1599077 607880
1599077 1600106
1599077 1599077
366184 89818774
366184 366186
366184 366185
366185 94803610
366185 349865
366185 366186
628330 95069862
628330 18115178
628330 612010
628330 628328
628330 628329
628328 612008
628328 628329
628329 612009
366186 380282534
366186 349866
366186 1353382
1611369 18115158
1611369 1600106
1611369 1353382
1611369 1611369
557589 557653
557589 557589
18111061 1353382
18111061 607882
18111061 18115158
18111061 18111061
295446 1333850
295446 295446
689796 693910
689796 427652
689796 689796
689796 689797
689796 689798
689797 693908
689797 427653
689797 689797
689797 689798
427652 346756
427652 427652
427652 427653
427652 427654
427652 431765
427653 427653
427653 427654
427654 427654
427654 689798
427654 431764
689798 693909
689798 689798
607880 346756
607880 612009
607880 1600106
607880 345736
607880 607880
607880 607882
607880 607881
607881 345737
607881 19442346
607881 612010
607881 607881
607881 607882
345737 345737
345737 345736
345737 345738
607882 345738
607882 612008
607882 607882
89478794 612008
89478794 358258330
345738 345736
345738 349865
345738 345738
345736 349866
345736 345736
693908 89560726
693908 693909
693908 693910
693909 94807717
693909 693910
358258325 89216682
358258325 557653
89560726 95069862
89560726 349865
1333850 1600106
1333850 1333850
431764 431765
89822869 94803610
178689686 94807717
178689686 95069862
89818774 359311014
431765 359311014
1599130 1332906
1599130 1599130
89478810 699049
94803610 178694826
94803610 89822874
358258330 94545573
358258330 376068710
358258330 359246506
359294629 557658
359311014 1600106
2664101 2664101
2664101 2665130
95069862 18115178
1353382 380282534
1353382 2665130
1353382 1353382
349865 349866
349865 178694826
349865 436906
1332906 699050
1332906 359246506
1332906 1332906
349866 2665130
349866 436905
612008 612010
612008 612009
612010 699049
612010 612009
612010 19442346
612009 699050
612009 447130282
89216682 557653
89216682 447130282
436905 436906
346756 346756
447130282 359246506
18115158 18115158
301594 301594
18115178 19442346
18115178 18115178
1600106 2665130
1600106 1600106
279210 279210
19442346 19442346
2665130 2665130
359246506 699050
557653 557653
557658 557658
699049 699050
