39177 38674
39177 76
39177 39012
39177 39122
39177 37668
39177 39067
39177 38171
37522 37449
37522 74898
37522 74
37522 146
37522 75940
37522 42275
37522 38052
37522 37668
37522 38089
37522 42132
37522 42201
37522 39067
37522 75419
37522 37595
38674 42132
38674 148
38674 43289
38674 76059
38674 38171
38674 75419
38674 43171
38674 75044
38674 38052
38674 37668
38674 38089
38674 76
38674 75474
38674 83
38674 42708
38674 42201
38674 38491
38674 38628
74898 75940
74898 75044
74898 37970
74898 146
74898 74971
74898 75419
146 73
146 82
146 75940
146 292
146 148
146 147
146 146
146 219
146 75419
42132 82
42132 43171
42132 148
42132 75940
42132 39122
42132 42275
42132 76059
42132 75044
42132 37970
42132 42201
147 76
147 82
147 83
147 100
147 42275
147 155
147 75474
147 39122
147 148
147 147
147 74971
147 156
148 74
148 82
148 84
148 91
148 164
148 228
148 75044
148 148
148 76059
148 156
43289 84
43289 92
43289 43171
43289 39122
43289 46882
43289 47330
43289 42275
43289 38052
43289 38628
43289 39067
43289 38171
76059 46812
76059 43171
76059 156
76059 75940
76059 39122
76059 220
76059 46882
76059 112420
76059 47330
76059 112868
76059 42275
76059 75044
76059 38171
76059 42708
76059 39067
155 76
155 83
155 91
155 100
155 46882
155 155
155 219
155 156
155 75419
155 79578
155 39067
155 220
38171 46812
38171 76
38171 83
38171 220
38171 74971
38171 112420
38171 47330
38171 37668
38171 38089
38171 38052
38171 79578
38171 37970
38171 42708
38171 42201
38171 38628
156 83
156 84
156 92
156 43171
156 47330
156 164
156 228
156 42708
156 220
156 156
39067 46812
39067 74
39067 92
39067 39012
39067 39122
39067 46882
39067 75419
39067 112868
39067 38089
39067 38052
39067 79578
39067 42201
39067 38628
39067 42708
75419 43171
75419 75940
75419 46882
75419 112420
75419 75474
75419 79578
75419 38491
75419 112347
51489 100
51489 39012
51489 43171
51489 46882
51489 47330
51489 42275
51489 37668
46882 46812
46882 84259
46882 92
46882 164
46882 75940
46882 38052
46882 37668
46882 42275
46882 42708
46882 42201
46882 79578
46882 37595
46882 38628
43171 84259
43171 82
43171 100
43171 39012
43171 38052
43171 112420
43171 75474
43171 37970
43171 42708
43171 42201
43171 47330
43171 38628
37668 37449
37668 76
37668 149796
37668 292
37668 112420
37668 42275
37668 37595
37668 75044
75940 84259
75940 39012
75940 149796
75940 164
75940 38052
75940 112868
75940 39122
149796 39012
149796 112868
149796 112420
149796 292
149796 75044
292 73
292 100
292 164
292 219
292 228
292 112420
292 75044
292 292
112420 46812
112420 84259
112420 220
112420 75044
112420 38628
112420 38491
112420 112347
42275 84259
42275 84
42275 39122
42275 228
42275 74971
42275 112868
42275 38052
42275 75474
42275 42708
42275 42201
42275 38628
75044 84259
75044 74971
75044 47330
75044 38052
75044 37970
38052 84259
38052 74
38052 84
38052 164
38052 39122
38052 47330
38052 38089
38052 37970
164 84259
164 75
164 82
164 84
164 100
164 164
164 228
164 220
73 37449
73 39012
73 74
73 75
73 76
73 73
73 219
73 37970
73 38491
37449 39012
37449 37970
37449 38491
37449 37595
74 228
74 38089
74 75
74 76
74 74
74 82
74 83
74 84
74 91
76 75
76 100
76 76
76 84
76 92
75 38628
75 38089
75 75
75 82
75 39122
75 83
75 220
75 91
75 92
75 37595
38089 39122
38089 37595
38089 38628
38089 37970
38089 38491
37970 82
37970 39012
37970 74971
37970 42201
37970 38491
39122 84
39122 39012
39122 75474
39122 42708
39122 42201
39122 74971
39122 37595
39122 38628
82 83
82 84
82 82
82 42201
82 220
84 83
84 100
84 84
84 92
42708 83
42708 47330
42708 42201
75474 74971
83 83
83 42201
83 91
83 92
42201 46812
42201 91
42201 47330
42201 37595
42201 38491
79578 74971
79578 47330
38491 46812
38491 91
38491 39012
38491 47330
38491 38628
38491 112347
220 46812
220 91
220 92
220 219
220 228
220 220
37595 46812
37595 219
37595 74971
37595 112868
37595 38628
37595 112347
219 91
219 112868
219 74971
219 219
219 112347
74971 47330
74971 112868
74971 112347
46812 47330
46812 112868
46812 91
91 47330
91 228
91 91
91 92
112347 112868
47330 84259
47330 100
47330 39012
47330 38628
92 100
92 38628
92 228
92 92
39012 100
39012 112868
100 100
100 228
112868 84259
112868 228
112868 38628
38628 84259
38628 228
228 84259
228 228
