1.333333333333333259e+00
1.555555555555555580e+00
2.175675675675675880e+00
1.266666666666666607e+00
2.663273428008881005e+00
2.527994995308101345e+00
3.010251659719005879e+00
2.549111807732497237e+00
1.581818181818181790e+00
4.169115852933138022e+00
2.842643979303415502e+00
3.416417256326004015e+00
3.181116171572292650e+00
4.160690686599862964e+00
3.276599613592453775e+00
3.509646859506675654e+00
1.813186813186813184e+00
3.145246038365304475e+00
3.343678472410414493e+00
3.851497814742812054e+00
3.496825790892325259e+00
3.517248075142811903e+00
2.755922038980509914e+00
2.786672801165554603e+00
2.836675145892563421e+00
2.836675145892563421e+00
2.898892245720040339e+00
2.608069522036002397e+00
2.462937062937062827e+00
2.214356929212363045e+00
4.784037142857142655e+00
4.724139807131601643e+00
3.712409301282657559e+00
5.008954017116868940e+00
5.177880813492063083e+00
4.890799325396825381e+00
4.418839476296643198e+00
5.515199107142857216e+00
4.779421468253968186e+00
5.888892341269841069e+00
5.327327698412697821e+00
5.521963055555554334e+00
4.703884092200659062e+00
4.889651507936508601e+00
5.286888849206349050e+00
4.418404992394179054e+00
5.330474404761905483e+00
5.504315654761905208e+00
5.334797123015873055e+00
4.995229920634921328e+00
4.683821893599375841e+00
4.684915774067238914e+00
4.750587967432890579e+00
5.084257658628086318e+00
3.378579322685051345e+00
4.116592149712163362e+00
3.935097325974452165e+00
4.960759734348896721e+00
4.431789184382298963e+00
5.324920277777776434e+00
4.095201362531426525e+00
4.586940670763609340e+00
4.903692242063492301e+00
4.119541044857204959e+00
4.698672681781131288e+00
3.360875578808106390e+00
4.108960459646231023e+00
4.163784263174736822e+00
4.080845104240706789e+00
4.988633730158730017e+00
4.029522625004648972e+00
4.743080323004646104e+00
4.959323151405847341e+00
4.380592676372242700e+00
4.163784263174736822e+00
4.684915774067238914e+00
4.524835241169848921e+00
4.079103280140954801e+00
3.874514079119073973e+00
1.866666666666666696e+00
4.146680818232527876e+00
4.294276928401221660e+00
4.278607368605157113e+00
3.664989612767926452e+00
3.657334922184891646e+00
2.902729528535980208e+00
4.457298306107284169e+00
2.819802397946626460e+00
3.605094451846585724e+00
3.128547840772924804e+00
4.150448931885031278e+00
3.393522530329289300e+00
3.393522530329289300e+00
3.402108830728676203e+00
4.070533694081309939e+00
4.150448931885031278e+00
3.518346102237804640e+00
3.736289532027760263e+00
2.859381708887934526e+00
2.910017939760173533e+00
3.390157004830917753e+00
3.411694433359936163e+00
3.705447643055961748e+00
