89456980
18114889
18114953
18389348
18389409
18377029
18377093
18393428
18393492
18377030
18377094
36219418
18114837
18114841
18389269
18389270
18114838
18114842
18389273
18389274
18393621
18393625
19442197
19442198
18393641
19442213
19442214
18110758
18388249
18388250
18110746
18110762
18388265
18388266
18110757
18114949
18110741
18110742
18114885
18114886
18389329
18115093
18115097
18389525
18389526
18115094
18115098
18389529
18389530
18131225
18393413
18393417
18131241
18393477
18389546
18393481
18131478
18110998
18111014
18388505
18388506
18111002
18111018
18388521
18388522
25565722
25565738
19442001
19442017
19442218
18393370
18393386
18393418
18389286
18389290
18393482
36219434
18114954
18114950
18115113
18389541
18389542
18393673
18114900
18114964
18131284
18131288
18114904
18114968
25569834
18111013
18115205
18115206
18115209
18115210
19442002
19442018
18393366
19441942
18115146
18376986
18377002
18115156
18115220
18115160
18115224
18131544
18131560
18114857
18389285
18131242
18131221
18131222
18110802
18115141
18115145
18114920
18110818
18114890
18109718
18388245
18388246
18393414
18389330
18389346
18131226
18389345
18131477
18131481
18131482
19441946
18377237
18377238
18393622
18388501
18389585
18389586
18389604
18393432
18393496
18389608
18377285
18393669
18393733
19442257
18393688
18393752
18393684
18389601
18389665
18393748
18393369
18393385
18393704
18109974
18109978
18111073
18111074
18114858
18115114
18389545
18109994
18111137
18389289
18389352
18389410
18393478
18131497
18376982
18377242
18115142
18131304
18114984
18131368
18115176
18115240
18131624
18377034
18377098
18393448
18393512
18393674
18393737
18393738
19442082
18393626
18393642
25831978
19442274
19442338
19442202
18393670
18110801
18110817
18111138
18377349
18377350
18110882
18109722
19442273
19442337
19441190
18389666
18110881
18377290
19441941
19441957
19441958
18131498
18377258
19440933
19440934
19440917
19440918
19440922
19440938
19442081
19441174
19441178
18377354
18393365
19441194
18389602
18393768
18111058
18377286
19441962
18111057
36219414
18393734
19442258
19441189
19441173
18109973
18388502
18110997
18376981
18109738
36219413
18131540
