357912916
714772836
429482664
697918120
698978728
376000852
644436308
711283364
379228520
647663976
446337384
714772840
644436312
711545176
375739048
644174504
442847912
711283368
362455636
630891092
429564500
697999956
363504212
631939668
699048532
380281428
358261332
362177124
630612580
363483560
631919016
699027880
358261336
626696792
425370200
693805656
643474008
710582872
362455640
630891096
362455652
630891108
429564516
697999972
647668324
363504228
631939684
430613092
699048548
375038292
643473748
442147156
710582612
626696808
425370216
693805672
643474024
442147432
710582888
362455656
362177128
630612584
429285992
697721448
363172260
631607716
430281124
698716580
715821720
380015256
648450712
447124120
715559576
374776488
643211944
710320808
363172264
631607720
430281128
698716584
359293336
426402200
379937108
648372564
430281112
711348840
359309972
627745428
426418836
694854292
644522644
711631508
358261400
626696856
425370264
693805720
442147480
710582936
362455704
630891160
376000872
644436328
443109736
711545192
694854308
358261416
626696872
446276184
425370280
693805736
358982040
627417496
426090904
694526360
714707540
380015268
648450724
631857816
698966680
380015272
648450728
447124136
358977876
627413332
426086740
694522196
363172180
631607636
710250836
693473620
374706516
643141972
357929304
626364760
425038168
693473624
643141976
710250840
358977880
627413336
359293352
627728808
426402216
694837672
379937124
648372580
447045988
715481444
357929316
626364772
425038180
693473636
374706532
643141988
441815396
714445156
358977892
627413348
363225688
631661144
430334552
698770008
374706536
643141992
441815400
710250856
362123624
630559080
429232488
697667944
647336296
359289448
627724904
426398312
694833768
379937128
648372584
447045992
715481448
446276200
714711656
378888596
647324052
426090920
694526376
442061220
710496676
711348584
363422376
631857832
430531240
698966696
714445204
430281108
698716564
710250900
643142040
441815448
710250904
362123672
630559128
429232536
697667992
378900888
647336344
380277096
648712552
447385960
715821416
425038484
693473940
711299492
626364836
693473700
643142052
357929384
626364840
425038248
693473704
374706600
643142056
441815464
710250920
362123688
630559144
442933924
711369380
363225704
631661160
430334568
698770024
715481768
379228568
647664024
446337432
714772888
644522328
711631192
644260520
711369384
693785252
447324756
715760212
647320164
445993572
380215892
378888616
647324072
445997480
430612904
357929636
626365092
380215896
378884712
647320168
714772900
376000916
379228584
647664040
446337448
714772904
643129944
429286056
697721512
711348564
359240104
375804248
380215912
648651368
447324776
715760232
379937172
648372628
447046036
643469912
442143320
710578776
376000932
644436388
711545252
379949652
648385108
447058516
715493972
647336532
446009940
714445396
362123860
630559316
429232724
429236568
442864216
711299672
715493976
357929560
362123864
630559320
429232728
697668184
378901080
647336536
379933268
379937176
648372632
447046040
715481496
376000936
644436392
711545256
358978148
426087012
357929572
425038436
425038440
693473896
374706792
643142248
710251112
362123880
429232744
379167384
380277140
648712596
447386004
715821460
697983336
358978200
627413656
694522520
380277144
447386008
715821464
643469924
362127716
630563172
363225748
631661204
430334612
358978196
627413652
375755412
644190868
442864276
694833828
362123928
630559384
429232792
697668248
378901144
647336600
378970712
647406168
648372644
447046052
715481508
714515032
446010020
714445476
425038500
693473956
643142308
710251172
442864292
711299748
631661208
357929640
626365096
425038504
693473960
643142312
710251176
362123944
630559400
379933284
648368740
648372648
715481512
358978212
627413668
426087076
379933288
648368744
715477608
380277156
648712612
447386020
715821476
358978216
627413672
426087080
694522536
380277160
447386024
442851924
363225764
430334628
375820628
644256084
374772052
643207508
441880916
442929492
711364948
710316372
357994836
626430292
357994840
626430296
425103704
693539160
441880920
710316376
359043416
627478872
443195796
711631252
430596440
699031896
363225768
430346596
698782052
447123812
715559268
711364964
357994852
626430308
425103716
693539172
357994856
626430312
693539176
441880936
710316392
362189160
376083028
644518484
443191892
711627348
430285140
698720596
426348900
376083032
644518488
647320228
447324820
694784360
631673236
430346644
698782100
648450452
447123860
715559316
357994900
626430356
375743076
644178532
442851940
711287396
425103768
693539224
374772120
643207576
441880984
710316440
362189208
630624664
631923044
363487588
430596452
699031908
378884776
715559332
362189220
630624676
429298084
697733540
363237796
631673252
357994920
626430376
425103784
693539240
374772136
643207592
441881000
710316456
362189224
630624680
644178536
711631268
363487592
631923048
699031912
441803412
710238868
380019284
447128148
376083044
644518500
443191908
376086952
644522408
711631272
362439064
630874520
429547928
697983384
379146596
380215972
648651428
715760292
697979480
630563220
442913176
711348632
379146600
380215976
648651432
715760296
697668180
379933332
447042196
443191956
697983396
379933336
447042200
380019304
648454760
715563624
362435172
630870628
429544036
697979492
630874536
697983400
375804324
442913188
375034532
630870632
429544040
697979496
362127780
426348968
442913192
362123876
697672104
429298260
697733716
374772308
643207764
447304020
715739476
379933348
648368804
647402072
697733720
714510936
374956388
643391844
442065252
710500708
643207780
710316644
357995108
693789272
715739480
380195160
648630616
379933352
648368808
447042216
715477672
443191960
693477972
627675544
694784408
379232596
647668052
446341460
714776916
363487636
363237716
631673172
430346580
698782036
447123796
715559252
363237720
631673176
430346584
698782040
362451300
630886756
429560164
697995620
379228516
446337380
631673188
626364776
446075284
714510740
425038232
715755940
363434404
631869860
430543268
698978724
380211620
648647076
447320484
357917012
626352468
363487640
441881252
710316708
357995172
626430628
425104036
693539492
380195172
447304036
357995176
425104040
441881256
710316712
441803108
630546788
376083092
644518548
699028056
426348964
694784420
627413588
694522452
644190804
442864212
626627172
357929576
363172436
631607892
698716756
430285208
698720664
379146644
647582100
446255508
714690964
425042532
363238036
631673492
430346900
698782356
447124116
715559572
363500180
631935636
644190884
447124132
715559588
711549268
375743140
644178596
631923108
379146648
647582104
446255512
627478884
694587748
644178600
442852008
711287464
648384932
378888612
647324068
363159972
631595428
430268836
698704292
379937188
631923112
630546856
627478888
426152296
363483752
631919208
699028072
430285220
380019352
447128216
379146660
446255524
714690980
697979544
430281320
379146664
446255528
711549288
694526548
380281172
648716628
715825492
715563684
627417688
374952532
643387988
442061396
710496852
626430372
648454824
447128232
715563688
374952536
643387992
362123940
429232804
358965844
627401300
429232808
378888788
379232660
647668116
446341524
714776980
379228756
647664212
446337620
714773076
359043476
627478932
426152340
694587796
714773080
647664216
380195236
715739556
627478936
630821224
698704548
379937444
715481764
378888868
378888872
647324328
380195240
698716820
379998564
698716824
379228772
446337636
714773092
647664228
446341544
376001108
359043492
627478948
363483812
631919268
699028132
698769748
376001112
711545432
699028136
362176868
630612324
429285732
697721188
711352660
630612328
375038548
643474004
442147412
710582868
693739876
359293588
426402452
711549348
430281384
359293592
697721236
715493796
693457236
626348372
627417748
430269080
357912920
626348376
693457240
378950056
442917224
357912932
626348388
425021796
693457252
648372840
715493800
380281256
376087124
714773144
698770004
358961496
627396952
426070360
694505816
698770068
357998936
626434392
693543256
375808408
644243864
442917272
711352728
715481748
358961512
357998932
626434388
693543252
710320472
627482968
358261080
626696536
693805400
358261092
626696548
425369956
693805412
442147172
710582628
711303572
648372888
362193316
357998948
626434404
429548136
375808424
357999204
626434708
357999268
357912996
626348452
693457316
380277416
447386280
362385816
715743592
359244200
358961560
627397016
426070424
694505880
363487848
430596712
358961576
647389544
714498408
359240276
362386020
630821476
362386024
697672356
380195412
359047576
627483032
648630884
715743656
358256996
626692452
358257000
626692456
698720920
363487912
362107236
714494552
447304360
430264664
694784424
375755160
644190616
442864024
425365860
693801316
376066468
644501924
376066472
711610792
643195496
710304360
363155816
380195492
648630948
715739812
710578840
429302116
380195496
363500196
430609060
447386276
358179172
626614628
358179176
626614632
693457492
363241816
631677272
430350680
363434596
430543460
363155860
380281508
648716964
715825828
380281512
648716968
715825832
363155876
715543192
363155880
631857828
698966692
715743908
627397208
694506072
358961764
357913252
626348708
358175076
626610532
425283940
693719396
710566504
358961832
714428756
697651544
714428760
363155800
631591256
630542740
710234532
693457320
715743912
694853976
714429012
697651796
697651800
714429016
362107556
359223720
697737816
715739816
363156116
363156132
363417944
363156136
710234456
710496856
363503960
363242152
697672276
714449492
710234452
710320468
711369048
697737560
447046296
447046292
363418276
363418280
363504292
363504296
