89216340
94525784
161634648
111303000
178411864
174156200
94479976
107047572
174156436
178350740
89287016
156395880
106064232
173168212
173102760
173107864
93416088
160524952
177302168
94464664
161650280
178427496
107063960
105993572
173102436
90285732
157394596
107062948
174171812
161572456
111240808
177378708
90346900
157455764
107124116
174232980
94541204
178427284
89298324
93497768
110274984
177383848
173107880
160524968
110193320
177302184
89298328
156407192
106075544
173184408
93492632
90266196
157375060
107043412
160601496
161634980
111303332
90285736
106075556
173184420
89238100
156346964
106015316
173124180
160541268
110209620
110209624
94480984
111258200
90286680
157395544
107063896
111258212
110209640
90286696
178367080
107063912
90335572
157444436
94529876
161638740
178415956
161638744
157375076
110258532
161589912
111258264
178415976
90330708
107107924
174216788
178411092
90330712
107107928
89232984
156341848
173119064
161589924
174172840
178367144
94525028
94525032
89216596
178350676
89236900
156345764
90335652
111323476
178432340
157460820
89303380
178411176
94546264
90286420
178432360
174233176
107042148
173103780
157455972
161650276
89302692
110208600
177296996
93414740
156394836
106063188
89220440
178349400
160523608
174238116
89298580
106014116
156329384
110191960
89220452
156329560
93414804
110192024
110208340
160540056
89303720
94463636
110257560
178432680
