357651796
362976872
631412328
430085736
698521192
375560600
643996056
445814164
647140756
714249620
362976660
631412116
379753876
648189332
446862740
446850728
357733784
626169240
424842648
693278104
374511000
642946456
441619864
710055320
361928088
630363544
361851492
630286948
428960356
697395812
445748644
714184100
694330964
374511012
642946468
441619876
710055332
445814180
714249636
711103908
357733800
626169256
424842664
693278120
374511016
642946472
429037208
697472664
361851496
630286952
428960360
697395816
647075240
445748648
714184104
424777048
361850196
630285652
379689624
648125080
446798488
715233944
442606952
711042408
711104932
362961256
631396712
631350696
361912724
630348180
375560616
643996072
442669480
711104936
374445652
642881108
441554516
429025896
379692648
361912728
630348184
429021592
429037224
697472680
358700696
627136152
425809560
694245016
714237524
358786664
627222120
425895528
694330984
379689640
648125096
715233960
357738132
626173588
424846996
693282452
362900052
631335508
698444372
378693208
647128664
429024596
697394536
441538900
709974356
379688344
374449576
642885032
441558440
709993896
425879908
630348200
429021608
697457064
358771048
627206504
425879912
694315368
358700712
627136168
425809576
694245032
378705492
357733972
626169428
424842836
693278292
379754084
648189540
445802088
714237544
711026340
362976920
631412376
430085784
698521240
374430052
642865508
441538916
709974372
626173608
424847016
693282472
362900072
631335528
430008936
698444392
446797224
715232680
375499432
643934888
442608296
711043752
698521236
446862996
715298452
357734036
626169492
424842900
693278356
424842904
693278360
441620120
710055576
445736276
714171732
357655892
626091348
424764756
693200212
714238376
430007640
698443096
430085796
698521252
357734056
626169512
424842920
693278376
441620136
710055592
693200228
374433124
441541988
709977444
361850212
630285668
428959076
362898788
631334244
375498136
643933592
442607000
693200232
374433128
441541992
709977448
361850216
630285672
428959080
430070168
698505624
442603096
711038552
694266456
647062932
445736340
714171796
358704532
627139988
425813396
694248852
375481748
643917204
442590612
374433176
642868632
441542040
709977496
361850264
630285720
428959128
697394584
378627480
647062936
362898792
631334248
430007656
698443112
357655972
626091428
424764836
693200292
374433188
642868644
361850276
630285732
424764840
693200296
374433192
642868648
441542056
709977512
361850280
630285736
428959144
697394600
358786712
627222168
425895576
694331032
442603108
630285716
428959124
697394580
711038564
375498152
643933608
378706280
647141736
445815144
714250600
643914072
362961320
631396776
430070184
698505640
375494248
643929704
442603112
711038568
379741796
648177252
358786724
627222180
425895588
694331044
379741800
648177256
446850664
715286120
358767188
627202644
425876052
694311508
358771096
425879960
694315416
375478628
643914084
358786728
627222184
425895592
694331048
428959140
697394596
358767192
378693272
647128728
445802136
361846372
630281828
697390692
714189400
441538964
709974420
362900120
631335576
430008984
698444440
428955240
697390696
710060392
642881192
441554600
425879976
694315432
374433364
642868820
441542228
709977684
374433368
642868824
362900132
631335588
425813604
694249060
442590820
711026276
445753960
361850472
630285928
358717780
627153236
362900136
378640728
647076184
358717796
627153252
375495012
446863720
715299176
693213544
441555304
709990760
445752664
714188120
428972392
631330388
362898840
631334296
424765076
693200532
441542292
709977748
441542296
709977752
428959384
697394840
378627736
647063192
375564628
644000084
442673492
711108948
626091684
424765092
693200548
441542308
709977764
428959396
430003800
698444456
445815192
714250648
441542312
709977768
697407892
445749652
714185108
362912148
631347604
374446488
642881944
441555352
709990808
424827556
630299032
428972440
642934100
715233700
428972452
697407908
445749668
425874792
694310248
379693652
648129108
697476696
362898852
631334308
445752680
714188136
379741848
648177304
446850712
715286168
379693656
648129112
362898856
631334312
430007720
698443176
714237272
697460056
442603172
711038628
430003816
698439272
445815208
714250664
361915748
630351204
429024612
697460068
445801828
375564648
644000104
442673512
361846420
428955284
697390740
375494312
643929768
425813588
361932392
630367848
379741864
697460116
378693012
647128468
445801876
425878932
357721496
626156952
424830360
693265816
446802536
715237992
710056536
357721508
626156964
357721512
626156968
642934184
378645140
647080596
358767256
627202712
627156584
442587560
711023016
379692376
648127832
374516132
642951588
441624996
710060452
441555540
709990996
361863764
630299220
694262356
441555544
709991000
374512228
642947684
441621092
710056548
425826916
694262372
362980948
631416404
430089812
424778344
693213800
374446696
714189476
358767272
627202728
698439256
425874836
694310292
445754024
714189480
441619800
710055256
379754916
648190372
425826964
694262420
375495316
643930772
442604180
711039636
378643860
374446744
441555608
441555620
379754920
648190376
446863784
715299240
714188184
428972712
697408168
362895000
631330456
430003864
698439320
362964564
631400020
446850648
429024868
697460324
627205732
378643876
647079332
445752740
714188196
425874856
694310312
378624340
441620824
710056280
378706264
647141720
643995992
446802580
715238036
378643880
647079336
362977636
631413092
698521956
446863716
715299172
357669268
626104724
647059800
357721768
626157224
442669668
711105124
430086548
698522004
357734808
626170264
424843672
693279128
378706340
647141796
362976596
631412052
648123736
446802600
715238056
429036948
697472404
428971428
693213608
441542996
446797396
715232852
709989972
374511188
642946644
429025704
697461160
429037204
697472660
362976916
631412372
357668520
626103976
361911636
630347092
429020500
697455956
379692452
374434152
642869608
441543016
709978472
714254680
445819224
362981028
631416484
446781796
715217252
430020948
698456404
424778088
446781800
357669272
626104728
424778136
378706580
647142036
357735064
626170520
361929368
630364824
446864036
357656932
626092388
378710376
647145832
375559572
643995028
375482728
643918184
442591592
711027048
446867796
358771304
627206760
429020564
697456020
643995048
361863508
446867812
715303268
446867816
715303272
446797480
715232936
445819284
714254740
642864468
441537876
374429012
709973332
626156948
445819300
714254756
357717588
626153044
428960408
441537892
709973348
697461352
446802344
374516328
642951784
425879972
357722536
626157992
697407896
715299480
375498132
643933588
428972456
697407912
710059684
375564904
644000360
424777044
693212500
446864020
715299476
446864024
374516392
642951848
446801508
715299492
446864040
715299496
446785896
715221352
644000424
424777108
693212564
378623316
647058772
647146132
428976552
697412008
446868136
715303592
357717416
428971412
697406868
429020756
697456212
357652836
626088292
357652824
626088280
425829976
694265432
626087252
357656936
626092392
