90544741
90544742
90544746
107386521
107387545
107648665
107649689
90547622
90809766
90547626
90809770
90547817
110794393
110795429
90809958
90810022
90598058
89757338
89758362
107370137
107370153
107371173
107371177
89758105
89758106
90609302
90609306
90609318
90543718
90547814
90609322
107375258
107375274
107637402
107637418
107321957
107321958
107321962
90609321
90610345
90610346
90593957
90598053
90860197
90871450
107637397
107637401
90872474
90872486
90872490
90597029
90859173
90597033
90859174
90871461
90872485
90871462
111584934
90860182
90860186
90860198
90860202
90543782
90547878
90547881
107632281
107633317
107632282
107633318
90548822
90548838
90596970
90810982
107320918
107320922
107320938
107321942
107321946
89561770
107386537
107387561
107648681
107649705
107632277
107633301
107370134
107371158
107375254
107632278
107633302
107649701
107648666
107649702
89758373
89762457
89758374
89762458
90872489
110532250
110794394
110533286
110795430
107375257
107371174
90543702
110532249
110532265
110794409
110533273
110795417
110533285
107326101
89479573
89478550
89479574
90548901
90811045
90810021
90548905
90811046
107370138
107370154
90597018
90875558
90875562
90876586
90859162
90598042
111580837
111584933
111847077
89500313
89762453
90592918
90597014
90597017
90859158
107633306
107633322
90547801
90543706
90547802
90597993
107387557
90543526
90544550
90543530
90544554
110532246
110532266
110795418
110795434
110799530
89495193
89496217
89496229
89757354
89758378
89762474
107649690
107649706
89494953
89494954
107371157
107371161
107371162
107326041
90871466
107320730
110794389
89479846
89483929
89483945
89483930
89483946
89746070
89483925
90547861
89496213
89496233
89758357
89758361
89758377
89496214
89496230
107320982
107320986
90610342
110794390
110533289
89762217
90544726
90547798
111580822
111580838
89500309
89500310
89500314
90544789
90544805
90544790
90544806
90548885
90548886
90593958
90598057
90593962
90548825
90548826
90548841
90548842
90875561
89500329
110795433
90811029
90543717
90547813
90548837
107637417
90547877
90547862
89483689
89479594
89479590
89483690
94807718
89762454
89762473
89758358
89757353
89757337
90810006
90811030
90810010
90810026
90811034
90811050
90548889
90547882
89479525
89479526
89478486
89478490
90548890
107320746
107321766
107321770
107325865
107325866
107320726
107326105
107326106
107588245
107588246
107322021
107322006
107326102
107322022
107326121
107588250
107588182
89483673
89757097
89757098
107391657
89758121
89758122
90543765
90543510
90543514
89483674
107320917
107321941
107326037
107322010
107321002
107322026
107322005
89561765
107386522
107386538
107648682
107387558
107387562
107387546
107386518
107648662
89483669
89479589
111585961
111847078
111584937
111584938
111847082
111580826
111580842
111581862
111581861
107320981
107370070
107370074
107370090
89823913
89561753
89494933
89494937
89745834
107371110
107633254
89561754
89496218
89500074
89495961
89495977
89500073
89495962
89495978
90809962
90544730
90597994
90810986
89495210
89496234
89495194
90547621
89495209
90592922
90592938
90597034
90593946
90859178
89494938
90543525
90544549
89757289
107648661
89483670
90598038
90598054
90598041
90544794
107371098
94803606
94803622
89560746
89822873
89823909
89823914
89828010
89822889
89823897
89478554
89479578
90614441
90871449
90871465
90872473
90876585
90613418
90610330
90614442
89478810
89479834
89478826
89479850
89746074
89746090
89757274
89758310
89496166
89496170
89495130
89496154
89758298
89757290
89500330
94807717
107391658
90547865
111581850
111581866
107321765
178689690
178690714
178689686
178690725
178690726
89758309
89758297
89495145
89496169
89758313
89495146
90543766
90543722
90547818
90547866
90543786
90543770
90547797
90596965
90596969
90548821
90596966
90810981
107371114
107370089
107371113
107375209
90597030
107375273
107632297
107633321
107633305
107371178
107632298
89745814
89745818
90597013
90598037
107637398
90609317
90610341
90613413
90613417
90875557
90613414
89500265
89762409
107653801
89758314
90593941
90544810
90548906
90548902
90859157
90543781
90547625
90548649
90809765
90548650
107326057
107588186
107326058
107326042
107326038
107588202
95069862
90810005
107375253
89762218
89495973
89757081
89758117
110537385
110799529
110533290
110533274
90592917
90593942
90592934
89762410
90609301
90871445
90609305
90809957
89495125
89757269
89495129
89757273
107370073
107371109
89479514
89479530
107370069
107632214
107632218
89757082
89757077
89757078
89560729
89495126
89478806
89495189
89757333
89560730
110794410
89561769
90543701
90544725
107588181
94803621
94804645
94804646
111585962
111848106
89822874
89822890
89828009
89560725
89560726
107653802
107326122
94807721
94808745
94807722
94808746
90610329
89758118
89823898
89478549
89478570
89496153
89496165
89494934
89479830
89483926
89479845
89495190
89757334
90871446
95069866
89561766
89823910
89822870
107632234
107370133
94803610
94803626
94804634
94804650
95070890
178689706
89757270
90544538
90592933
107633258
178690730
89495974
110537386
89560745
107321754
89479829
89745813
89483625
89746069
90860181
89565865
94803605
107386517
89478805
107588266
107320725
111580821
178689685
107375210
89822869
178694825
89500266
110532245
90810794
107637354
178694826
90543509
89478506
89565866
89483626
95069861
107588010
89745770
178956970
89478485
