357913941
446011750
714447206
357913945
626349401
375023957
643459413
362191450
630626906
643475046
714447210
442062489
710497945
375023962
643459418
442062490
710497946
447387226
715822682
430266794
698702250
375039594
643475050
714697301
429495701
697931157
441869721
441869722
710305178
694789462
357913958
626349414
693742230
630626918
426072661
694508117
429495706
697931162
447371606
715807062
375023973
643459429
378889878
647325334
694789466
442062502
710497958
630626922
694851989
715807065
429218410
447371610
715807066
378889882
643459434
442062506
447387242
715822698
441869733
694851994
710305190
644246166
446261862
714697318
644246170
446261866
714697322
429495722
694508134
378889894
426072682
694508138
426416550
694852006
374778197
643213653
374778198
643213654
710322518
378972502
647407958
378889898
710322521
711633577
425301589
693737045
647407977
710257066
648386986
693737050
425108821
693544277
644246186
442870101
363436714
425108825
693544281
631872170
358001045
647408022
358001049
644240981
446011802
374778277
647408037
362195369
425285974
693721430
626349465
375024021
693544297
447387286
715822742
630626970
643475110
447387290
715822746
441817686
447371674
362113382
715822762
363488853
697739862
715744614
359225685
627661141
694770005
363419989
631855446
363419993
643454298
446256730
375018853
359225770
694770090
631940762
362113434
694770261
627464533
631679642
425286230
631679658
363238757
374711718
358966630
631596390
362108505
358966869
631596697
715500138
363504986
648649386
710321830
715823786
363505317
715827882
