272712016
272777632
541213088
276971936
545407392
272728480
541163936
276922784
545358240
272794016
541229472
541229648
276988496
545423952
272777808
541213264
276972112
545407568
272728656
541164112
276922960
272712288
541147744
276906592
545342048
272777824
541213280
276972128
545407584
272728672
541164128
541229712
276988560
545424016
272794256
541164176
276923024
545358480
272712336
541147792
276906640
541229392
276988240
545423696
541147472
545341776
272712352
541147808
276906656
545342112
272777888
541213344
276972192
545407648
272728736
541164192
545342096
272777872
541213328
276972176
545407632
272728720
541163872
276922720
545358176
272728416
276988256
545423712
276923040
545358496
272794272
541229728
276988576
545424032
276906320
272777552
541213008
276971856
545407312
272728400
541163856
276922704
545358160
272793936
545407328
272793952
541229408
272712032
541147488
276906336
545341792
272777568
541213024
276971872
276988320
545423776
272712080
541147536
276906384
545341840
272777616
541213072
276971920
545407376
272728464
541163920
272712096
541147552
276906400
545358416
272794192
272712272
541147728
276906576
545342032
545341856
276922768
545358224
272794000
541229456
276988304
545423760
276922976
545358432
272794208
541229664
276988512
545423968
