72433936
144851488
72516112
139624976
76710416
143819280
73564688
140673552
77758992
144867856
143737360
73482768
72516128
139624992
76710432
73564704
72434208
139543072
76628512
143737376
73482784
140591648
72434192
139543056
76628496
73498896
140591632
76644880
143753744
73499152
140608016
76694032
143802896
76694048
73498912
140607776
77693216
143802912
73548320
140657184
76644624
72515872
76710176
77758752
144867616
77742352
76628240
73482512
72433952
76628256
73482528
140673568
76693776
77758736
77693200
77676816
76693792
73548064
144867872
140608032
