340869392
688789
688790
688793
688794
349569
349570
350593
606617
606618
606633
606634
344426
344473
344474
344489
344490
350594
354689
354690
344409
606873
623001
623002
623017
623018
623257
606553
606554
354945
354946
606569
606570
633473
612993
612994
361049
361050
361065
361066
350849
350850
606889
344410
344425
360857
360858
360873
360874
344469
361114
344729
344730
344745
344746
361113
606549
606550
606613
606614
611713
611714
612737
623209
623210
633474
606874
629377
606890
623258
623273
623274
617089
606870
623189
623190
623193
623194
623253
623254
622997
622998
628353
628354
629378
344470
426649
426650
366209
366210
360854
361045
361046
349825
367234
612738
344725
349826
367233
361109
344726
361110
360853
344406
426646
611969
611970
606869
616833
616834
361129
361130
371329
371330
688809
426645
688810
617090
426665
426666
