340869200
607889
607890
607905
607906
624209
624210
624225
624226
624273
624274
624034
625057
624017
624018
624033
624289
624290
625250
607649
607650
608673
608674
625249
361889
361890
345426
345489
345441
345442
345490
345505
346513
346514
362065
362066
362081
362082
345745
345746
361873
361874
346769
346770
362129
362145
362146
362130
689826
607569
607570
607585
607586
607633
607634
625297
625298
346529
346530
362913
362914
345761
345762
346785
346786
363105
363106
345506
346465
346466
363169
363170
625314
608609
608610
608657
608658
625313
608913
427681
427682
428705
428706
363153
363154
690849
690850
608914
608929
608930
625058
689825
427665
427666
689809
689810
