339824976
407015840
675451296
344101280
612536736
411210144
679645600
344035920
612471376
411144784
679580240
339907152
608342608
407016016
675451472
344101456
612536912
339829408
608264864
406938272
675373728
344023712
411132576
679568032
339894944
339841632
608277088
406950496
675385952
344035936
612471392
411144800
679580256
339907168
612541008
679649872
675390032
344040016
612475472
679584336
339845712
608281168
679629408
339845728
679629136
411128144
679563600
339890512
608325968
612520272
675434832
675451552
344101536
679645856
339829072
608264528
406937936
344023376
411132240
339845456
608280912
339845472
344088928
411197792
675438944
675451536
344101520
608276880
675385744
344035728
612471184
679580048
608326032
407003472
411197776
675369376
407003488
339845792
608281248
675390112
344040096
612475552
679584416
339911328
675435088
679629392
406950480
675439248
344089232
679633552
675369632
679563936
339829136
344023440
344023456
675455648
344105632
679649952
339845536
344039840
675369296
344019280
