72356176
72356432
139465296
76550736
143659600
72360608
139469472
76554912
143663776
73409184
140518048
77603488
144712352
73405008
140513872
77599312
144708176
72360528
139469392
76554832
73409104
140517968
139465312
76550752
143659616
140513888
77599328
144708192
139469408
76554896
73409168
140518032
77603472
76550800
143659664
143659680
77599392
144708256
76554640
143663504
73408912
140517776
77603216
144712080
76554848
140517984
139465040
140513616
76550480
143659344
143663520
73408928
140517792
144712096
73404752
77599056
144707920
72360272
139469136
76554576
73408848
143663440
140517712
140517728
139469152
76554592
143663456
139465056
77599376
76550496
143659360
140513632
77599072
144707936
76550544
143659408
77599120
144707984
143659424
144708000
