546376
547396
547400
283972
283976
284996
284228
301456
301472
305540
305544
301712
301728
305796
305800
563600
563616
285000
284232
285252
285256
546116
546120
547140
547144
546372
289096
562500
562504
563524
563528
562756
300356
300360
301380
301384
300612
300616
301636
301640
562760
563780
563784
284036
284040
285060
285264
285280
289348
289352
546180
546184
547204
285008
285024
289092
300420
300424
301444
301448
300676
300680
301700
301704
562564
562568
301392
301408
305476
305480
301648
301664
305732
305736
563536
563552
567620
567624
563792
563808
567876
567880
567684
567688
563856
563872
567940
567944
547208
546436
546440
547460
547464
285064
284292
284296
285316
285320
547152
547168
551236
551240
547408
547424
551492
551496
289156
289160
285328
285344
289412
289416
563588
563592
562820
562824
563844
563848
547216
547232
551300
551304
547472
547488
551556
551560
285072
285088
