1671844
1671848
1681024
1682048
1737380
1737384
1380772
1380776
1381025
1381026
1418768
1419792
1446564
1446568
1446504
1450577
1450578
1450641
1663521
1663522
1679905
1679906
2712097
2712098
2728481
2728482
1712737
1712738
1675842
1679937
1679938
1380705
1380706
1380769
1380770
1402384
1403408
1446500
1384852
1385108
1402496
1403520
1450644
1450648
1384801
1384802
1384865
1384866
1664528
1665552
1671585
1712785
1712786
2713216
2714240
2761361
1671586
1385057
1385058
1385121
1385122
1671825
1671826
1671841
1671842
1729154
1384804
1384808
1385060
1385064
1402400
1403424
1450596
1450600
1384868
1384872
1646945
1646946
1647009
1417745
1446497
1446498
1446561
1446562
1680960
1681984
1675841
1720993
1720994
1712724
1712728
1646996
1647000
1647249
1647250
1676832
1677856
1712788
1712792
2729504
2730528
1663618
1671780
1671784
1664640
1659409
1659410
1671764
1671768
1660544
1661568
1726080
1727104
1664384
1665408
1401377
1401378
1417761
1417762
1675905
1675906
1680001
1680002
1450593
1450594
1665664
1681952
1712804
2761362
1446484
1446488
1380756
1380760
1381009
1446552
1381010
1402432
1403456
1446548
1384785
1384786
1384849
1384850
1659265
1659266
1663361
1663362
1385041
1385042
1730176
1731200
1384856
1385112
1384788
1384792
1385044
1385048
1398304
1399328
1659425
1659426
1675809
1675810
2708001
2708002
2712193
2712194
1712721
1712722
1647012
1647016
1647265
1647266
1680928
1676928
1677952
1737364
1737368
1671588
1671592
1417746
1401361
1401362
1401410
1663554
1401409
1659457
1659458
1663553
1737362
1450657
1450658
1737361
1737377
1737378
1385124
1385128
1418784
1419808
1450660
1450664
1663505
1663506
1671828
1671832
1712808
1712802
2761377
2761378
1712801
1647010
1664544
1665568
1712740
1712744
1380754
1399312
1380689
1398288
1380690
1380753
1385105
1385106
1671761
1671762
1671777
1671778
1446481
1446482
1446545
1446546
1664576
1665600
1720929
1720930
1397265
1397266
1725057
1725058
1450642
1397281
1397282
1401473
1401474
1659521
1659522
1663617
1729153
1450580
1450584
1646929
1646930
1646993
1646994
1660448
1661472
