357650768
694260320
714183072
642863504
441536912
709972368
631411024
430084432
698519888
357720736
626156192
424829600
693265056
374497952
642933408
441606816
710042272
361915040
630350496
442605984
711041440
430006608
698442064
446783824
715219280
358769056
627204512
425877920
694313376
375546272
643981728
442655136
711090592
429040208
697475664
358785616
627221072
425894480
694329936
375562832
643998288
442671696
711107152
358765152
627200608
425874016
694309472
375542368
643977824
442651232
711037520
711020880
643912016
442585424
428953936
378622288
441536848
709972304
362975904
631411360
430084768
698520224
446861984
715297440
358703440
627138896
425812304
694247760
375480656
643916112
442589520
711024976
362897744
631333200
357671264
626106720
424780128
693215584
374448480
642883936
441557344
709992800
445735264
379740512
362898080
631333536
357650784
626086240
424759648
693195104
441536864
709972320
642929296
441602704
697393552
358719888
627155344
425828752
694264208
375497104
643932560
442605968
711041424
446849424
361849248
630284704
429040288
697475744
362975584
631411040
430084448
698519904
446861664
362963536
631398992
430072400
698507856
379740752
648176208
446849616
715285072
424845968
626172560
693281424
361931408
630366864
429040272
697475728
425894544
362897760
631333216
430006624
698442080
446783840
715219296
442602080
711037536
357716304
694330000
711107216
442671760
357737120
626172576
424845984
693281440
441623200
710058656
361931424
630366880
697475680
358719904
379757136
648192592
714252880
446866000
715301456
697410128
442585488
711020944
626086288
424759696
693195152
374428048
379670928
648106384
446779792
361927056
630362512
429035920
697471376
358769296
627204752
425878160
694313616
375546512
378626704
647062160
445735568
714171024
357655200
626090656
424764064
693199520
441541280
709976736
361849504
358716000
378626448
445735312
647061904
714170768
627151456
425824864
694329680
375562576
643998032
442671440
711106896
642863520
441536928
709972384
428954192
697389648
378622544
361845328
378638672
647074128
430018896
698454352
362963552
631399008
430072416
698507872
379740768
648176224
446849632
715285088
358715744
627151200
425824608
694260064
362910048
631345504
430018912
698454368
428970336
357667168
631349840
430023248
698458704
379691600
648127056
715235920
642928992
441602400
710037856
445817504
714252960
425894560
694330016
375480992
643916448
697471392
445813152
714248608
361915024
630350480
429023888
697459344
627134864
694243728
627220832
425894240
694329696
442671456
711106912
445817440
714252896
375480928
643916384
626102672
424776080
693211536
374444432
642879888
441553296
709988752
361861520
630296976
631345552
428954208
697389664
378622560
647058016
445731424
714166880
361914704
630350160
357667232
626102688
424776096
693211552
374444448
642879904
441553312
709988768
357736848
626172304
424845712
693281168
374514064
642949520
441622928
710058384
362914400
631349856
430023264
698458720
446800480
715235936
357732944
626168400
424841808
693277264
374510160
710054480
626102624
424776032
374444384
642879840
425874064
694309520
429023904
378692256
647127712
445731216
375542096
627200336
711086416
643977552
715215440
630350176
429023584
697459040
378691936
445800800
647127392
714236256
428974416
697409872
445751632
647078224
714187088
361865552
362975632
631411088
430084496
698519952
379752848
648188304
446861712
715297168
379675024
648110480
446783888
715219344
362893904
631329360
711037584
358716048
627151504
425824912
694260368
375493264
643928720
357651088
626086544
424759952
693195408
441537168
709972624
361845392
630280848
361865888
630301344
428974752
697410208
378643104
647078560
445751968
714187424
358764896
627200352
630280864
378622624
378708560
647144016
445817424
361931344
630366800
631345824
445751648
714187104
362975648
631411104
430084512
698519968
379752864
648188320
446861728
715285136
631345744
430019152
698454608
358715984
627151440
425824848
694260304
375493200
643928656
442602064
362897824
631333280
698442144
379675040
648110496
446783904
715219360
441602448
710037904
357667424
626102880
424776288
693211744
374444640
642880096
441553504
709988960
361861728
630297184
362893920
631329376
430002784
698438240
379671136
648106592
446780000
715215456
358764880
428954256
697389712
378622608
647058064
445731472
714166928
442667600
711103056
375492960
643928416
442601824
711037280
362963616
631399072
430072480
698507936
379740832
648176288
446849696
715285152
361845072
630280528
647057744
379687584
648123040
357667216
425812576
694248032
626151824
424825232
693260688
362959248
446845328
378691984
647127440
445800848
714236304
362975568
361910864
630346320
429019728
697455184
378688080
647123536
445796944
714232400
630301008
361927008
429035872
710054240
627216736
643993952
441619088
357733008
626168464
424841872
710054544
693277328
357655184
626090640
424764048
693199504
362979920
357732768
626168224
424841632
693277088
374509984
642945440
441618848
710054304
445797008
711102880
441619104
710054560
446780048
715215504
375546464
643981920
441618784
362893648
631329104
430002512
698437968
446779728
715215184
424763744
693199200
441540960
709976416
375542176
643977632
379736656
648172112
446845520
694309456
715280976
361865632
630301088
378642848
647078304
445751712
714187168
361931088
362893984
631329440
430002848
698438304
446780064
362963344
362959440
430068304
698503760
442667664
358781584
627217040
425890448
694325904
375558800
643994256
715231824
441557600
709993056
362975888
631411344
430084752
698520208
446861968
378638736
445747600
714183056
357716368
357650848
626086304
424759712
693195168
374428064
357733024
378622368
697393504
647061856
714170720
357654880
626090336
358703456
627138912
425812320
375480672
711103120
357651104
626086560
424759968
693195424
441537184
709972640
715301200
358703520
362980000
631415456
430088864
698524320
446866080
715301536
425829008
694264464
430088544
698524000
446865760
715301216
357671328
626106784
424780192
627155360
445813344
715219600
375497120
643932576
357671520
626106976
424780384
693215840
626086224
424759632
693195088
429019552
428970384
697405840
693215648
374448544
642884000
441557408
709992864
425828768
694264224
715297424
