339820864
612516160
411189568
679625024
344031616
612467072
411140480
679575936
675447424
339837504
608272960
406946368
675381824
411140672
679576128
608338496
344097344
406929728
675365184
411124032
679559488
339886400
608321856
406995264
339902848
608338304
407011712
675447168
411206016
679641472
339821184
608256640
406930048
675365504
411124352
679559808
339886720
675431040
411189888
679625344
344097408
411206272
679641728
608256320
339886656
608322112
406995520
675430976
411189824
679625280
339820928
608256384
406929792
675365248
411124096
679559552
339903104
608338560
339837312
608272768
