72700240
5595540
5595544
5595556
5595560
5677729
5677730
6922849
5595812
5595816
5874344
5612132
5612136
5874280
5612196
5612200
5876384
5595809
5595810
5612193
5612194
5857697
5857698
5874273
5874274
5874276
5935780
5935784
5611937
5613216
5614240
5611938
5857681
5857682
5858704
5859728
5871264
5872288
5875360
5870180
5870184
5858960
5859984
6972066
5874340
6972065
5677732
5677736
6972050
5857937
5857938
5871200
5872224
5874324
5874328
5935764
5935768
5870177
5870178
5874081
5874082
5870161
5870162
6922657
6922658
6922913
5874084
5874088
5935777
5935778
5592480
5593504
5870242
5874338
5874337
5939873
5939874
6923872
5595537
5595538
5595553
5595554
5591393
5591394
5595489
5595490
5592416
5595492
6922914
5869986
5596576
5597600
5591457
5591458
5591378
5593440
5595793
5595794
5595796
5595800
5611940
5611944
5875344
5876368
6924896
5859744
5596816
5869985
5596832
5597856
5936800
5937824
6922850
6972049
5939880
6923936
6924960
6973088
6974112
6988452
6988456
5871008
5872032
5939876
5874321
5874322
5857953
5857954
5870241
5858720
5858976
5860000
6988449
6988450
5595496
5597840
5935761
5935762
5591713
5591714
5592736
5612129
5612130
11182753
11182754
5593760
5857633
5857634
