18153818
18153834
18154074
18154090
19486210
19490306
19530326
19530342
19506690
19530406
19464538
19464790
19464794
19464550
19464554
19464806
19464810
18416218
18416022
18416026
19464549
19464613
19464614
22414854
22414858
22676998
22677002
22415882
18415962
18416282
18415978
18416042
18416234
18416298
18438657
18442753
19530330
19490305
19491329
19491330
18437633
19530346
18437634
18438658
19486209
19506689
36263425
36264449
18481754
18481770
18455042
18459138
18481818
18481834
19464533
23725578
23726602
18175489
18176513
19464534
19487234
19507714
19530410
18415977
18153814
18153817
18153813
18455041
22678026
18219606
18219610
18176514
18180610
18219626
18175490
19464537
19464553
18415958
18416214
23725574
18454018
18481750
18481814
18153898
18154154
18180609
18196993
18196994
19464618
19464874
19464870
25299546
25299562
19464617
19507713
18219690
18415961
18415957
25299626
36307562
18442754
18154070
36268546
36284930
36307626
19487233
18416041
36263426
36264450
36268545
18416278
18416021
18416025
36307542
36307546
18459137
36284929
18454017
18153833
18153897
