19534362
19534378
36308518
36308522
18221605
18221609
18483845
18483849
18417190
18417194
18449033
18160161
18164233
18448969
18160162
18164234
18434689
18451073
18500225
18514569
19538577
19538593
18434690
18451074
18483749
18483753
19473042
19473058
18449926
18450950
18482822
18482826
18155029
18155033
18154774
18154778
18155034
18416966
18416970
18417222
18417226
18155030
18220565
18220569
18482757
19472922
19472938
19532326
19532330
18482761
18421253
18422277
19489346
19505682
19534482
19534498
19466790
19466794
18155814
18155818
18418054
18418058
18449930
18450954
18221606
18221610
18483846
18221589
18221593
18154773
18154777
18482825
18450049
18417221
18417225
18156057
18159109
18160133
18432581
18432645
18416934
18416938
18432582
18432646
19536418
19538474
36309542
36309546
18159110
18160134
18433601
18449985
18498117
18498181
19534417
19534433
18433602
18449986
18416918
18416922
18417174
18417178
19465750
18482709
18433542
18434566
18422305
18426377
18448970
18449034
18422306
18426378
19472918
19472934
19489410
19505698
18500226
18514570
19538578
19538594
19470882
19474978
19485218
19489314
19538514
19538530
19465754
19534358
19534374
18220566
18220570
18482758
18482762
18421254
18422278
19468822
19468838
18482710
18482714
18156070
18156074
18418310
18418314
18154790
18154794
18159113
18160137
18432585
18432649
18417958
18417962
18418214
18418218
18159114
18160138
18433546
18434570
18482713
19468882
19468898
18483850
19485202
19489298
18498118
18498182
19534418
19534434
19469842
19473938
18155045
18155049
18417285
18417289
18154789
18154793
18156053
18155798
18155802
18156054
18422290
18426374
18160145
18164229
18448965
18449029
18220581
18482729
19472978
19472994
18482821
18422289
18156058
18221590
18221594
18426373
18448966
18449030
18499201
18433665
18514565
18498121
18498185
19534481
19534497
18433666
19531286
19531290
18483734
18483738
19465766
19465770
18417030
18417034
18155046
18155050
18417286
18417290
19535394
19538470
18160146
18164230
18220582
18220586
18418198
18418202
18421257
18422281
18483733
18483737
18432586
18432650
19468946
19468962
18421258
18422282
18434626
18451010
18498122
18498186
19469858
19473954
19532310
19532314
18483750
18483754
18499202
18514566
18482726
18482730
19531302
19531306
18450050
18483781
18483785
36308502
36308506
18220585
18417189
18417193
18418246
18418250
18483782
18483786
19468826
19468842
18482725
18156073
18418309
18418313
18155813
18155817
18156069
