340808004
19468948
19468964
19473044
19473060
19472792
19472808
19473048
19473064
18483880
18176544
18180616
18221668
18221672
18180736
18197000
18221732
18221736
18454024
18438784
18455168
18504320
18514584
18442880
19490368
19506704
19490432
19506720
19491392
19507728
19534488
19534504
19538584
19538600
36268672
36284936
36309668
18417256
18155880
18155096
18154852
18154840
18154856
18155092
18432408
18432600
18432664
18432344
18438528
18448792
18432340
19468632
19468648
19466916
19466920
18417252
18418276
18418280
18418084
18418088
18418340
18418344
19468888
19468904
19506696
19472984
19473000
18483812
18483816
18155108
18155112
18155876
18416996
18417000
18432404
18432596
18432660
18175492
18176516
18175496
18176520
18176528
18180612
18220644
18220648
19487264
19491360
19538520
19538536
19487248
19491344
18437696
18454080
18437760
18454144
18154916
18154920
18155940
18155944
18454020
18455044
18155172
18155176
18482852
18482856
18483876
19507720
19532452
19532456
19491456
19507744
18417060
18417064
18417044
18417048
18455048
18483860
18483864
19468692
19468708
18432360
18432424
18442624
18448808
19468696
19468712
18455056
18459140
18455072
18459144
18438672
18442756
18438688
18442760
19538580
19538596
18180672
18196996
18438720
18455104
18442816
18459200
18156116
18156120
18156132
18156136
18448984
18449048
18448980
18449044
18498136
18498200
18503296
18514580
19465640
19465892
19465896
18449000
18449064
18156196
18156200
18417300
18417304
18418324
18418328
18432616
18432680
25303625
25303626
25303689
25303690
18498152
18498216
18220708
18417316
18417320
18221652
18221656
19468952
19468968
36309672
18459264
25307785
25307786
19506692
18220712
18508416
18514600
36268608
36284932
19465636
19507716
