5329172
5394712
9589016
6443288
10637592
5345560
6394132
9539864
6394136
10588440
5411096
6464020
10658324
5333524
9527828
6382100
10576404
10654228
5345812
6394388
5329432
6398244
10592548
9523736
5329444
9523748
6378020
10572324
5394980
9589284
6443556
10637860
5345828
5329448
6443304
10637608
9523752
6394148
10588452
5411108
9605412
6459684
10653988
5411112
9605416
6459688
10653992
5329192
9523496
6377768
10572072
5415448
9609752
6464024
10658328
9589032
6464040
5415204
6463780
10658084
5333268
9593108
10641684
5415188
9609492
10658068
5398804
9527576
6381848
10576152
5398824
9593128
10641704
5349672
9543976
6443540
5411352
9605656
10654232
5349652
9543956
6398228
10592532
10641688
5349656
9543960
9605400
10653976
10592536
5329176
10576164
5398820
9593124
10641700
6398248
10592552
9543972
6394152
5415208
6463784
9527592
10576168
9605672
10654248
9544212
10592788
9609748
5399060
9593364
10641940
9527832
6382104
10576408
9544216
10592792
10658340
5333540
9527844
10576420
5399076
10641956
10592808
9527848
6382120
10576424
5415464
9589012
5394708
9523476
6377748
6443284
9523732
6378004
9589268
9589272
10637848
10658344
10592804
10572328
10637864
6377764
6443300
5345572
5415192
