18442630
19550889
18504325
18504326
18508421
18508422
18515609
18515610
18515625
18515626
19550890
18500181
18500182
36263465
36263466
36264609
36264610
19535449
19474025
19474026
19474089
19474090
19535450
19535513
19535514
19535465
19535466
18442778
18459161
18459162
19473753
19473754
19473817
19473818
19540569
19540570
19540633
19540634
18434453
18434454
18434469
18434470
19489446
19489449
19489450
18225753
18225754
18225817
18159257
18225818
18225769
18225770
18225833
18225834
18515605
19539605
19539606
18487897
18487898
18487961
18487962
18487913
18487914
18487977
18487978
18491993
18491994
22694538
23730730
25569946
25569962
19556001
19556002
19557025
19557026
19571365
19554922
19554981
18500185
18500186
18500201
18500197
18500198
18500202
18421337
19486233
19486234
19490377
19490378
19536469
19536470
19536533
18421338
19536473
19490401
19490402
19491425
19491426
18437765
18437766
18438801
18438802
18454149
18454150
19469653
19469654
19469717
19469718
36317785
36317786
36317849
36317850
18438533
18438534
18442629
18450022
18450009
18450010
18450025
18450026
18176610
18176549
18422101
18422102
18422165
19552865
19552866
19487074
18434645
18434646
18434661
18434662
18434709
18434710
18434725
18434726
19470677
19470678
19470741
19470742
18158937
19491365
19491366
19507749
19507750
18433625
18433626
18433642
18433641
22420006
22682150
25569881
25569897
36313685
36313686
36313749
36313750
18421081
18421082
18421145
18421146
18225766
18225829
18225830
18438693
18438694
18455077
18455078
18442777
18422374
18422437
18422438
19469978
19469913
18438725
18438726
18442821
19489173
19489174
19489177
19489178
19489189
19489190
19489193
19469657
19469658
19469721
19469722
19506785
19506786
19507809
19507810
18433685
18433686
18433701
18160217
18160218
18160281
18160282
18160233
18160234
18160297
18160298
18176537
18176538
18422105
18422106
18422169
18422170
18504329
18504330
18508425
18508426
18516633
18516634
18516649
18516650
19489445
19470681
19470682
19470745
19470746
19539541
19539542
18176533
18176534
18433446
36268569
36268570
36284953
36284954
19469926
19469989
19469990
18455173
18455174
18459269
18459270
18426202
18426265
18426266
36313689
36313690
19485290
18442822
18455114
18459209
18459210
19551842
22693450
23729690
25565846
25565862
18438537
18438538
18442633
18442634
19487253
19487254
19491397
19491398
18224745
18224746
18224809
18224810
18454085
18454086
18455121
18455122
19474777
19474778
19474841
19474842
18164329
18164330
18164393
18164394
19485034
19485029
19485030
19485033
18450837
18450838
18450853
18450854
18426473
18426474
18426537
18426538
22418970
22681114
25565782
25565798
19474789
19474790
19474853
19474854
18160277
18160278
18499225
18499226
18499241
18499242
18229845
18229846
18229909
18229910
18422361
18422362
18422425
18422426
19490385
19490386
19491409
19491410
18451097
18451098
18451113
18451114
19535529
19491233
19491234
19490209
19490210
19535530
18492053
19470762
18492054
36264469
36264470
36268613
36268614
19475049
19475050
19475113
19475114
18159973
18159974
18160037
18160038
18434649
18434665
18434666
18434650
22423082
22685226
25832022
25832038
18180649
18180650
18197033
18197034
18422117
18422118
18422181
18422182
18503305
18503306
18504353
18504354
19470937
19470938
19471001
19471002
18450069
18450070
18450085
18450086
18442793
18442794
18459177
18459178
19540565
19540566
19540629
19540630
19550885
19550886
18180681
18180682
36312726
19474021
19474022
19474085
19474086
19505829
19505830
19505833
19505834
36312681
36312682
36312745
18438681
18438682
18455065
18455066
36312746
18455177
18455178
18459273
18459274
18160229
18160230
19470693
19470694
19470757
19470758
18160293
18160294
22710922
23734826
25832090
25832106
19489381
19489382
19489385
19489386
19491369
19491370
19507753
19507754
19551905
19551906
19552929
19552930
22693514
23729706
25569942
25569958
19491401
19491402
36317781
36317782
36317845
36317846
19474009
19474010
19474073
19474074
19490341
19490342
19506725
19506726
19506850
19507873
19507874
18449813
18449814
18449829
18449830
36268585
36268586
36284969
36284970
19473765
19473766
19473829
19473830
19536489
19536490
19536553
19536554
18433366
18433381
18433365
18433382
36264473
36264474
36268617
36268618
18442886
18159194
18159258
19539561
19539562
19539625
19539626
22694534
23730726
25569945
25569961
19487269
19487270
19491461
19491462
18421401
19489129
19489130
19554985
19554982
19554986
18224729
18224730
18224793
18224794
22418986
22681130
25569878
25569894
36313705
36313706
36313769
36313770
18164378
19485014
19485017
19485018
36313753
18486873
18486874
18486937
18486938
36313754
18426457
19491473
19491474
18426458
18426521
18426522
22418966
22681110
25565781
25565797
18180677
18180678
36264485
36264486
36268677
36268678
18500249
18500250
18500265
18500266
18164057
18164058
18164121
18164122
18451033
18451034
18451049
18451050
18438678
18455061
18455062
18499221
18499222
18499237
18499238
19475033
19475034
19475097
19475098
19485285
19485286
19485289
18159957
18159958
18451093
18451094
18451109
18451110
18176553
18176554
18180745
18180746
18422166
19475045
19475046
19475109
19475110
19490325
19490326
19506709
19506710
18438697
18438698
18455081
18455082
19550821
19550822
19550825
19550826
18434406
18434389
18434390
18434405
19505765
19505766
19505769
19505770
36312665
36312666
36312729
36312730
18438793
18438794
18442889
18442890
22709898
23733802
25832086
25832102
18437509
18437510
19487273
19487274
19491465
19491466
18229865
18229866
18229929
18229930
18422373
18454153
18454154
18455201
18455202
18492009
18492010
18492073
18492074
18160021
18160022
19490345
19490346
19506729
19506730
19486049
19486050
19487073
19470949
19470950
19471013
19471014
19490465
19490466
19491489
19491490
22418982
22681126
25569877
25569893
19540585
19540586
19540649
19540650
18450089
18450090
18176550
18180741
18180742
19491353
19491354
36264489
36264490
36268681
36268682
19473749
19473750
19473813
19473814
19536474
19536537
19536538
18434394
18158997
18158998
18158933
18158934
18158938
18159001
18421078
18421141
18421142
18421077
18438545
18438546
19485013
19539557
19539558
19539621
19539622
19571366
19571369
19571370
19469669
19469670
19469733
19469734
18225765
19490329
19490330
19506713
19506714
18421333
18421334
18421397
18421398
36317801
36317802
36317865
36317866
19554917
19554918
19554921
18437513
18437514
18433638
18426197
18426198
18426261
18426262
18426201
19474773
19474774
18438729
18438730
18442825
18442826
18175509
18175510
18176593
18176594
19539545
19539546
19539609
19539610
19487257
19487258
18437653
18437654
18454037
18454038
18438677
18433433
18433434
18433449
18433450
18455185
18455186
19486305
19486306
19487329
18437701
18164053
18164054
18437702
18438737
18164117
18164118
19486229
19486230
19490373
19490374
19486245
19486246
19469673
19469738
18438738
19554965
19554966
19554969
19554970
25569957
18438789
18438790
18442885
22693446
23729686
25565845
25565861
18437657
18438561
18438562
18437658
18454041
18454042
18454089
18454090
18455137
18455138
19487330
19490449
19490450
36313701
36313702
36313765
36313766
19486249
19486250
19474837
19474838
18164377
19485093
19485094
19485097
19485098
22419994
22682138
25565786
25565802
18160213
18160214
18229849
18229850
18229913
18229914
18422357
19486289
19486290
19487313
19487314
18422358
19535461
19535462
19535525
19486113
19486114
19487137
19487138
19535526
18159002
18158953
18158954
18159017
18159018
18433429
18433430
18433445
18492057
36263445
36263446
36264529
36264530
18499161
18499162
19469737
18421097
18421098
18421161
18421162
19469674
18159977
18159978
18160041
18160042
22423078
22685222
25832021
25832037
19489194
18433369
18433370
18433385
18433386
19473769
19473770
18422121
18422122
18422185
18422186
19470933
19470934
19470997
19470998
18450005
18450006
18450021
18175514
18175513
18176609
18434457
18434458
18434473
18434474
18516629
18516630
18516645
18516646
19470698
19474005
19474006
19474069
19474070
18449817
18449818
18449833
18449834
18159961
18159962
18160025
18160026
18426217
18426218
19470697
19470761
19505578
18434393
18434409
18434410
19489125
19489126
19540581
19540582
19540645
19540646
18225813
18225814
19474793
19474794
19489365
19489366
19489369
19489370
18455113
18455110
18442773
18442774
18459157
18459158
18437705
18437706
18438753
18438754
19473833
19473834
22693510
23729702
25569941
19507737
19507738
19491349
19491350
19507733
19507734
18487973
18487974
18433621
18433622
18433637
18159189
18159190
18159253
18159254
18159193
19469909
19469910
19469973
19469974
18421402
19469977
18422421
18422422
19469914
19490437
19490438
22420010
22682154
25569882
25569898
18180633
18180634
18197017
18197018
19485269
19485270
19485273
19485274
19469925
19506849
19536485
19536486
19536549
19536550
36263449
36263450
36264545
36264546
18164309
18164310
18164373
18164374
18164313
18164314
18426453
18426454
18159209
18159210
18159273
18159274
19489429
19489430
19489433
19489434
18451029
18451030
19475029
19475030
18421353
18421354
18421417
18421418
18499157
18499158
18499173
18499174
18499177
18499178
19536534
18486869
18486870
18486933
18486934
18503301
18503302
18504337
18504338
18515606
18515621
18515622
19551841
18224725
18224726
18224789
18224790
19535445
19535446
19535509
19535510
18433690
18433705
18433706
19469930
19469993
18426517
18426518
18433689
18225749
18225750
18180629
18180630
18197013
18197014
18487893
18487894
18487957
18487958
18487909
18487910
18491989
18491990
19469994
18164073
18164074
18164137
18164138
18500245
18500246
18500261
18500262
18451045
18451046
18426281
18426282
19475093
19475094
18459206
18455109
18459205
18175529
18175530
18176673
18176674
22694474
23730714
25565850
25565866
18450857
18450858
18450841
18450842
18437673
18437674
18454057
18454058
19474857
19474858
19550805
19550806
19550809
19550810
18433702
18422377
18422441
19469929
19505749
19505750
19505753
19505754
18492058
36312661
36312662
36312725
19485349
19485350
19485353
19485354
18437769
18437770
18438817
18438818
22709894
23733798
25832085
25832101
19490441
19490442
18422378
18422442
19506769
19506770
19507793
19507794
19505574
19505577
19505573
36268565
36268566
36284949
36284950
18450073
18450074
18434730
18434713
18434714
18434729
22424106
22686250
25832026
25832042
19470953
19470954
19471017
19471018
19486369
19486370
19487393
19487394
18486889
18486890
18486953
18486954
