39459 39459
39459 2858
39459 41965
39459 39475
39459 2875
39463 48047
39463 39463
39463 2859
39463 39479
39463 2874
2858 39534
2858 2858
2858 2859
2858 2862
2859 39663
2859 2859
2859 2863
2862 39475
2862 2862
2862 2863
2862 58999
48047 61111
48047 48047
48047 48111
48047 40695
2863 113659
2863 39479
2863 2863
39475 59007
39475 39475
39475 2879
7860 40562
7860 58999
7860 7860
7860 7861
7860 7927
7861 39534
7861 40563
7861 7861
7861 7926
39479 114686
39479 39479
39479 2878
61111 41965
61111 61111
61111 48060
61111 65469
2874 48111
2874 2874
2874 2875
2874 2878
2875 48127
2875 2875
2875 2879
48060 48127
48060 65471
48060 39663
48060 48060
65469 522239
65469 113659
65469 65471
8125 8190
8125 48111
8125 40695
8125 8124
2878 2879
2878 2878
2878 114687
65471 114686
65471 59007
522239 2879
522239 3070
522239 8190
8124 8191
8124 114687
8124 40694
2879 2879
2939 48111
2939 39534
2939 2938
2939 2939
2939 3070
7927 39663
7927 7926
7927 40694
7927 7927
40695 7926
40695 40694
114687 3071
114687 114686
3071 2938
3071 3070
3071 58999
3071 3071
48127 8191
48127 2938
48127 48127
41965 39534
41965 41965
41965 40563
39534 39534
48111 48111
39663 39663
39663 2938
8191 8190
8191 40562
40562 40563
40562 59007
40563 8190
7926 113659
7926 7926
58999 59007
58999 58999
40694 114686
2938 2938
113659 113659
113659 3070
3070 3070
