41983 39533
41983 112639
41983 58935
41983 41983
59004 48048
59004 41964
59004 58943
59004 59391
6821 39523
6821 39532
6821 6821
6821 6823
6823 39533
6823 39655
6823 6823
48044 39655
48044 48108
48044 48044
48044 59126
48044 59324
7085 48108
7085 39655
7085 7085
7085 7150
7086 48108
7086 48115
7086 39532
7086 7086
7086 7087
7087 48115
7087 48124
7087 39533
7087 7087
48048 39532
48048 48048
48048 48115
48048 58935
58935 58943
58935 58935
114489 48108
114489 48115
114489 59324
114489 112638
112639 112638
112639 59324
59324 59391
48063 48124
48063 59126
48063 39533
48063 59391
48063 48063
58943 425919
425919 48124
425919 112638
39523 39523
39523 41964
39523 7150
39655 39655
48108 48108
41964 59126
41964 39532
41964 41964
39533 39533
7150 48124
7150 7150
39532 39532
48115 48115
59126 59126
59126 59391
48124 48124
