[ 0.14927083  0.32786352 -0.04536535 -0.16325188  0.02353927 -0.20571894
 -0.04253609 -0.1522877   0.10247688 -0.10482795 -0.02175995  0.10110845
  0.03954604  0.09589193 -0.05948219 -0.05001258  0.23064907  0.03358035
  0.06561286 -0.08296601  0.02816702 -0.06069427 -0.08015951 -0.05687111
 -0.05375496 -0.04346233  0.1474551   0.11997036  0.06185874  0.0659491
 -0.00366709 -0.06119154 -0.03362651  0.05464018 -0.14685375 -0.04449384
  0.06787178  0.09094071  0.00280823  0.05923561 -0.03260807 -0.146468
 -0.10319934  0.06293592  0.17600003 -0.06198793 -0.05723651  0.07269278
 -0.13702111  0.11300666 -0.00228821 -0.10924259  0.0469601  -0.00424698
  0.19237765  0.02437019 -0.21510572  0.0387031   0.03353807 -0.0894227
  0.09829748 -0.07829818  0.10701344 -0.03072088 -0.09802563  0.06192398
 -0.04912378 -0.06573992  0.0131343   0.11201304  0.09824337 -0.08699911
  0.03039466  0.12943982 -0.03563054  0.03953503 -0.05576175 -0.07182031
  0.05561096  0.15994787 -0.06756005  0.00918323  0.04891515 -0.00410638
  0.00956322  0.05369041]