5505 5441
5505 5505
5505 6529
5505 5506
5505 6786
5505 268645
5505 5761
5505 267669
5505 272726
5505 268698
5762 5441
5762 5506
5762 267946
5762 6786
5762 268965
5762 272726
5762 534890
5762 10881
5762 5762
6786 6530
6786 6785
6786 6786
6786 10882
6786 273065
6786 534954
6786 272790
6786 268954
6529 6530
6529 6529
6529 6785
6529 268709
6529 272790
5506 5442
5506 6785
5506 5506
5506 6530
5506 268709
5506 272745
5506 267690
5506 268634
5761 5442
5761 267925
5761 6785
5761 534869
5761 272745
5761 5761
5761 10882
5761 268954
10881 6785
10881 535189
10881 10881
10881 273065
6530 6530
6530 272809
6530 268698
6785 6785
6785 268965
6785 272809
6785 534933
6785 273046
10882 10882
10882 535210
10882 273046
6924714 273065
6924714 11184810
6924714 6923685
6924714 5677728
6924714 358258345
6924714 5859690
6924714 5936790
359246501 268645
359246501 268698
359246501 272809
359246501 376089257
359246501 273046
359246501 357935530
359246501 5858661
359246501 358258345
359246501 5859690
359246501 5936790
359246501 5937817
5935760 5857936
5935760 5937817
5935760 5936790
5935760 5677728
5857936 5591712
5857936 5859989
5857936 5858970
267669 267605
267669 5593765
267669 267690
267669 358181546
267669 272790
267669 267669
267669 267925
267669 268698
272790 268709
272790 272726
272790 534954
272790 272809
272790 358258345
272790 5859989
272790 272790
272790 273046
267925 267626
267925 376089257
267925 5593434
267925 273046
267925 267925
267925 268954
5936790 272726
5936790 272809
5936790 357915301
5936790 5859989
5936790 5678758
5936790 5937817
5937817 268698
5937817 268965
5937817 5679785
5937817 6923685
5937817 5858970
5937817 358181546
268698 268634
268698 268709
268698 272809
268698 534954
268698 268954
268698 268698
268954 268645
268954 268965
268954 376089257
268954 273065
268954 535210
268954 5858970
268954 268954
535189 268965
535189 534890
535189 534933
535189 273065
535189 5679785
535189 535189
535189 357914970
273046 268965
273046 272745
273046 5859690
273046 535210
273046 273065
273046 273046
5859989 272745
5859989 357935530
5859989 5593765
5859989 358258345
5859989 5859690
5859989 5858970
5858970 268709
5858970 376089257
5858970 5592746
5858970 358258345
5858970 5858661
5677728 5679785
5677728 11182752
5677728 5591712
5677728 6923685
5677728 5678758
5591712 5591376
5591712 5858661
5591712 5593765
5591712 5859690
5591712 5592746
11182752 11184810
11182752 11183781
272809 267690
272809 272745
272809 534933
272809 272809
272809 273065
5679785 534954
5679785 11183781
5679785 5678758
5679785 5592746
5679785 357935530
5679785 357914970
5593765 267626
5593765 363506346
5593765 5592746
5593765 5593434
5593765 5678758
5593765 358181546
357915301 272726
357915301 534890
357915301 534933
357915301 357914970
357915301 357935530
357915301 11183781
357915301 5592746
357915301 358258345
268965 267946
268965 268634
268965 268709
268965 268965
268965 358181546
5678758 267605
5678758 267690
5678758 357914970
5678758 376089257
5678758 11184810
376089257 267690
376089257 363506346
376089257 358181546
376089257 5593434
5592746 534933
5592746 363506346
5592746 5592405
5592746 535210
357935530 534869
357935530 272745
357935530 534954
357935530 363506346
357935530 5592405
6923685 268634
6923685 11183781
6923685 5858661
6923685 358258345
268709 267690
268709 268645
268709 268709
268709 358258345
268709 534933
358258345 268634
358258345 273065
358258345 358181546
267946 267605
267946 267690
267946 273065
267946 358181546
267946 11184810
267946 267946
267690 267626
267690 267690
273065 272726
273065 273065
534954 534890
534954 534933
534954 534954
534954 535210
358181546 357914970
358181546 11184810
534933 534869
534933 534933
5441 5441
5441 267605
5441 268634
5442 5442
5442 268645
5442 267626
5591376 5592405
5591376 5593434
535210 534869
535210 363506346
535210 535210
267605 357914970
267605 272726
267605 267605
267605 268634
272726 268645
272726 534890
272726 272745
272726 272726
534869 268645
534869 272745
534869 5592405
534869 534869
5592405 5858661
5592405 5593434
268634 268645
268634 272745
268634 534890
268634 268634
5593434 5859690
268645 267626
268645 5858661
268645 268645
5858661 5859690
272745 267626
272745 272745
534890 11183781
534890 534890
267626 363506346
267626 267626
11183781 11184810
