22369797 22415018
22369797 1333584
22369797 18110981
22369797 2663765
22369797 21059929
22369797 22368778
22369797 22637061
22369797 39147018
22369797 89479834
39148037 39192230
39148037 1331797
39148037 1333840
39148037 39147018
39148037 22637061
39148037 359245482
22637061 22677142
22637061 1333664
22637061 1333584
22637061 358259366
22637061 1352278
22637061 1353296
22637061 22636042
22637061 40479237
22637061 23700997
22637061 21064042
23700997 23725658
23700997 1332645
23700997 1333664
23700997 21080489
23700997 94807718
23700997 19442181
23700997 39147018
23700997 23699978
40479237 40502870
40479237 1333920
40479237 25324138
40479237 2663002
40479237 2665040
40479237 39147018
40479237 40478218
40479237 357919382
281098 279814
281098 280842
281098 289320
281098 551209
281098 296457
281098 297482
281098 281098
281098 547096
281098 285209
297482 280070
297482 547352
297482 558598
297482 305704
297482 551465
297482 559626
297482 297482
297482 301593
39147018 39193257
39147018 1598869
39147018 1333840
39147018 1333920
39147018 18393620
39147018 89561765
39147018 22636042
39147018 39412234
40478218 39193257
40478218 25320025
40478218 1598826
40478218 18393640
40478218 2665040
40478218 2665120
40478218 39412234
40478218 22636042
40478218 42117802
40478218 25340585
40478218 89561765
22636042 21080489
22636042 25324138
22636042 1353296
22636042 1353376
22636042 18393364
22636042 18393384
22636042 21059929
22636042 107371109
22636042 22368778
22636042 1612137
22636042 23699978
22636042 22678169
39412234 39455377
39412234 18393620
39412234 18393640
39412234 22368778
39412234 89561765
39412234 23699978
39412234 89818770
23699978 94542488
23699978 21079460
23699978 94807718
23699978 18393384
23699978 19442181
23699978 19442186
23699978 22416033
23699978 21146280
23699978 25340585
22368778 21079460
22368778 25320025
22368778 18110981
22368778 18110986
22368778 18393364
22368778 21058900
22368778 22416033
22368778 89221780
22368778 89479834
18110986 284200
18110986 18110725
18110986 18110730
18110986 25320025
18110986 1353376
18110986 18115201
18110986 18393640
18110986 562730
18110986 18110986
18110986 1354329
19442186 289320
19442186 18115138
19442186 19441925
19442186 562730
19442186 1353376
19442186 19441930
19442186 1354406
19442186 18393640
19442186 25340585
19442186 19442186
18393620 18110981
18393620 1333840
18393620 300564
18393620 300584
18393620 301593
18393620 18393364
18393620 18393384
18393620 19442181
18393620 18389600
18393620 1612393
18393620 2665040
18393620 18393620
546325 1332901
546325 546090
546325 18110725
546325 547352
546325 18115138
546325 296457
546325 562709
546325 562730
546325 285209
546325 546069
546325 1354150
546325 546325
289300 289064
289300 1333664
289300 547364
289300 281093
289300 19442181
289300 285222
289300 18393384
289300 300584
289300 283944
289300 1353296
289300 300564
289300 289300
284180 280070
284180 283924
284180 283944
284180 18110981
284180 300584
284180 1333584
284180 1353296
284180 18393364
284180 300564
284180 284180
284180 547352
284180 285209
563736 547352
563736 547364
563736 558598
563736 559626
563736 300564
563736 562709
563736 18389600
563736 1600096
563736 305704
563736 567849
563736 563736
285209 280070
285209 284953
285209 289320
285209 301593
285209 301606
285209 18393364
285209 1599125
285209 551465
285209 1612137
285209 18389600
285209 284966
285209 285209
547352 547096
547352 547108
547352 18389344
547352 1599840
547352 18115138
547352 1611360
547352 563748
547352 289320
547352 551465
547352 296457
547352 547352
551446 551209
551446 546090
551446 18115138
551446 547364
551446 285222
551446 18110730
551446 2664106
551446 296457
551446 562730
551446 562709
551446 551446
551446 1354073
300564 1333840
300564 296454
300564 300564
300564 301593
301593 296454
301593 562709
301593 285222
301593 305704
301593 1612393
301593 567849
301593 301593
562709 18110981
562709 558598
562709 1354406
562709 562709
563748 547364
563748 558598
563748 300584
563748 562730
563748 18389600
563748 563748
563748 1600144
547364 284200
547364 546346
547364 547096
547364 547108
547364 18389344
547364 18115201
547364 1611360
547364 547364
547364 296454
547364 296457
547364 1599888
285222 280070
285222 281093
285222 284200
285222 546346
285222 284953
285222 301606
285222 18393384
285222 1599082
285222 1612137
285222 18389600
285222 284966
285222 285222
301606 296457
301606 300584
301606 562730
301606 301606
301606 18393640
301606 1612393
300584 284200
300584 1333920
300584 289320
300584 296457
300584 18393640
300584 300584
300584 2665040
18393640 1333920
18393640 18393364
18393640 18393384
18393640 2665120
18393640 18389600
18393640 305704
18393640 1612393
18393640 18393640
562730 546346
562730 558598
562730 1354406
562730 551465
562730 562730
562730 1354329
289320 289064
289320 283944
289320 2664864
289320 1353376
289320 18393384
289320 305704
289320 289320
284200 280070
284200 283924
284200 283944
284200 1353376
284200 305704
284200 284200
284200 2664784
284200 18393364
305704 2665120
305704 305704
551465 551209
551465 546090
551465 18115201
551465 19441925
551465 2664021
551465 567849
551465 1354073
551465 551465
546346 1332826
546346 546090
546346 18115201
546346 1354150
546346 296454
546346 567849
546346 19441930
546346 546346
546346 546069
567849 559626
567849 19442181
567849 567849
567849 1354329
18115138 22415018
18115138 1332901
18115138 18110981
18115138 18114882
18115138 18114945
18115138 18389600
18115138 22416033
18115138 1611360
18115138 18115138
18115138 2664106
558598 296454
558598 558598
558598 296457
2665040 2663002
2665040 1353296
2665040 2664021
2665040 2664784
2665040 2664864
2665040 1600144
2665040 2665040
1353296 18110981
1353296 1333840
1353296 1611360
1353296 1352278
1353296 1353040
1353296 1353120
1353296 19442181
1353296 1353296
1353296 1354329
1333840 1331797
1333840 1332826
1333840 1333664
1333840 1333584
1333840 1600096
1333840 1333840
107628114 39455377
107628114 89818770
107628114 107371109
280070 279814
280070 547108
280070 296457
280070 546090
280070 280070
280070 296454
1331797 1331541
1331797 1331626
1331797 359245482
1331797 1352278
1331797 1331797
1331797 1332826
40502870 357919081
40502870 39193257
40502870 1600144
40502870 22677142
40502870 2662746
2664021 22415018
2664021 89479525
2664021 18115201
2664021 2663002
2664021 2663765
2664021 2663850
2664021 1599125
2664021 2664021
2664021 1354329
1352278 2663002
1352278 1610342
1352278 358259366
1352278 1352022
1352278 1352105
1352278 1600096
1352278 1599082
1352278 1352278
1352278 1354329
25320025 23725658
25320025 1332570
25320025 94807718
25320025 25324138
25320025 2664784
25320025 21059929
2663002 2662746
2663002 2665120
2663002 1352361
2663002 2664106
2663002 357919382
2663002 2663002
23725658 18115201
23725658 22416033
23725658 21060262
23725658 178690725
23725658 1332901
23725658 39193257
23725658 89828010
23725658 1599888
23725658 22677142
23725658 1332826
1332826 178690725
1332826 18115201
1332826 1332645
1332826 1599082
1332826 1332826
1332826 1354329
1332826 1332570
107321946 21080489
107321946 94807718
107321946 21059929
107321946 22416033
107321946 107371109
107321946 107321765
107321946 1354150
107321946 1612393
107321946 107637354
107321946 89818770
107321946 22678169
107321946 1354073
107321946 89479834
296457 281093
296457 296457
1354329 19442181
1354329 21060262
1354329 107321765
1354329 1612393
1354329 1354073
1354329 1354150
1354329 1354329
21079640 21079460
21079640 22416033
21079640 18114945
21079640 21060262
21079640 107637354
21079640 89221780
18389600 39455377
18389600 39193257
18389600 18115201
18389600 1599082
18389600 1599125
18389600 1600096
18389600 1600144
18389600 18389344
18389600 18389600
1600096 39192230
1600096 39193257
1600096 1611360
1600096 2665120
1600096 1599082
1600096 1599840
1600096 1599888
1600096 1600096
1611360 22677142
1611360 18115201
1611360 1610342
1611360 1611104
1611360 1353376
1611360 1611360
1611360 1612393
1611360 1600144
1611360 22678169
1352361 1331882
1352361 25324138
1352361 1610342
1352361 358259366
1352361 1352022
1352361 1352105
1352361 1353376
1352361 1599125
1352361 1600144
1352361 1354406
1352361 1352361
107371109 39455377
107371109 89561765
107371109 1612137
1610342 1610086
1610342 379230885
1610342 1610342
1610342 1612393
1610342 21064042
1612393 1599082
1612393 1599125
1612393 22678169
1612393 1612137
1612393 1354406
1612393 1612393
25324138 22677142
25324138 1353376
25324138 2664864
25324138 358259366
25324138 21064042
25324138 25340585
25324138 42117802
25324138 2664784
1599082 39193257
1599082 1598826
1599082 1598869
1599082 94807718
1599082 2664106
1599082 1599082
107637354 89828010
107637354 21060262
107637354 1354406
107637354 89221780
281093 279814
281093 280842
281093 281093
281093 296454
281093 546069
281093 547096
94807718 39193257
94807718 94542488
94807718 89828010
94807718 178690725
94807718 1332570
94807718 1332645
94807718 89561765
18115201 18114882
18115201 18114945
18115201 22416033
18115201 19442181
18115201 18115201
559626 296454
559626 559626
2664106 22415018
2664106 89828010
2664106 2663765
2664106 2665120
2664106 1354406
2664106 2663850
2664106 2664106
1600144 39193257
1600144 1333920
1600144 1599125
1600144 1599840
1600144 1599888
1600144 1600144
39455377 22416033
39455377 39193257
89818770 94542488
89818770 22416033
89818770 89561765
89818770 89221780
89221780 89221480
89221780 89479834
1599125 39193257
1599125 1332901
1599125 1598826
1599125 1598869
1599125 1599125
1599125 89479834
22677142 1599840
22677142 39192230
22677142 1352105
22677142 359245482
22677142 22415018
22677142 1599888
22677142 21064341
22677142 1352022
22677142 357919382
22677142 22678169
357919382 358259366
357919382 1352022
357919382 357919081
21064341 1610086
21064341 1611104
21064341 358259366
21064341 21060262
21064341 21064042
22678169 39193257
22678169 21060262
22678169 22416033
22678169 18389344
89479834 39193257
89479834 89828010
89479834 89479525
89479834 2663765
89479834 2663850
89479834 89561765
89479834 25340585
94542488 107321765
94542488 89221480
94542488 21059240
94542488 178432680
1333920 1331882
1333920 1332901
1333920 1333664
1333920 1333584
1333920 1353376
1333920 1333920
1353376 1353040
1353376 1353120
1353376 1353376
1353376 2665120
1353376 1354406
2665120 2664784
2665120 2664864
2665120 2665120
2665120 42117802
22416033 22415018
22416033 18389344
22416033 21059240
25340585 22415018
25340585 21080489
25340585 2663850
25340585 2664864
379230885 358259366
379230885 21064042
1354406 1332901
1354406 18110981
1354406 21060262
1354406 1354073
1354406 1354150
1354406 1354406
89561765 1598826
89561765 1598869
178432680 178690725
178432680 21146280
21146280 178690725
21146280 21080489
21146280 19441930
21146280 21059240
447130281 39192230
447130281 1331626
447130281 359245482
178690725 107321765
358259366 1610086
358259366 359245482
21060262 22415018
21060262 21080489
21060262 18114882
21060262 18114945
21060262 1611104
21060262 21059929
21060262 107321765
21060262 21059240
1332901 89828010
1332901 1331882
1332901 1332645
1332901 1332901
1332901 1332570
39192230 1331626
39192230 39193257
39192230 42117802
39192230 357919081
39192230 1331541
39193257 22415018
359245482 1331882
359245482 1352105
359245482 42117802
359245482 357919081
22415018 1599840
22415018 89479525
22415018 89828010
1331882 1331541
1331882 1331626
1331882 42117802
1331882 1331882
296454 296454
18110981 18110725
18110981 18110730
18110981 18110981
18110725 283924
18110725 18114882
18110725 18110725
18110725 1354150
18110725 1353040
18110725 21058900
18110725 18393364
18110725 21059929
19441925 21079460
19441925 283944
19441925 21080489
19441925 18114945
19441925 19441925
19441925 19442181
19441925 1353040
19441925 18393364
19441925 1354073
279814 284966
279814 283944
279814 279814
279814 283924
279814 284953
18110730 21079460
18110730 283944
18110730 1353120
18110730 18114945
18110730 18393384
18110730 18110730
18110730 21059929
18110730 1354073
19441930 289064
19441930 21080489
19441930 18114882
19441930 1353120
19441930 19442181
19441930 1354150
19441930 18393384
19441930 19441930
280842 289064
280842 280842
280842 284953
18393364 1333584
18393364 18389344
18393364 1612137
18393364 2664784
18393364 18393364
546069 1332645
546069 547096
546069 284953
546069 18114882
546069 546069
283924 1353040
283924 283924
283924 547096
283924 284953
547096 289064
547096 551209
547096 1611104
547096 18114882
547096 547096
284953 289064
284953 551209
284953 18389344
284953 1598869
284953 284953
547108 283944
547108 546090
547108 1611104
547108 18114945
547108 547108
284966 283944
284966 546090
284966 1598826
284966 18389344
284966 284966
18393384 1333664
18393384 2664864
18393384 18389344
18393384 1612137
18393384 18393384
551209 18114945
551209 551209
551209 2663765
546090 18114945
546090 18114882
546090 2663850
546090 546090
546090 1332570
289064 1353120
289064 289064
283944 1353120
283944 283944
283944 1353040
18114882 1332645
18114882 18389344
18114882 1611104
18114882 18114882
18114882 21059240
18114882 2663850
2664784 2662746
2664784 2663765
2664784 1353040
2664784 1599888
2664784 2664784
1333584 1331541
1333584 1332570
1333584 1599840
1333584 1353040
1333584 1333584
1353040 1611104
1353040 1352022
1353040 21059929
1353040 21064042
1353040 1353040
1353040 1354073
21058900 89479525
21058900 21059240
21058900 89221480
21058900 21059929
1331541 357919081
1331541 1352022
1331541 1331541
1331541 1332570
1352022 1598826
1352022 2662746
1352022 1610086
1352022 1599840
1352022 1354073
1352022 1352022
2663765 1598869
2663765 18114945
2663765 2662746
2663765 2663765
2663765 1354073
1354073 1332570
1354073 21059929
1354073 1612137
1354073 1354073
2662746 2664864
2662746 357919081
2662746 2663850
2662746 1352105
2662746 2662746
1332570 18114945
1332570 1598826
1332570 1332570
21059929 21079460
21059929 21064042
1599840 1598826
1599840 1611104
1599840 2664864
1599840 18389344
1599840 1599840
18389344 1598826
18389344 1598869
18389344 18114945
18389344 1599888
18389344 18389344
1611104 18114945
1611104 1610086
1611104 1353120
1611104 1611104
1611104 1612137
1611104 1599888
89479525 107321765
89479525 89221480
1610086 1610086
1610086 1612137
1610086 1352105
89221480 89828010
89221480 21079460
21064042 21080489
21064042 1353120
1598826 1612137
1598826 2663850
1598826 1598826
1612137 1598869
1612137 1354150
1612137 1612137
19442181 19442181
18114945 18114945
1599888 1333664
1599888 1598869
1599888 1352105
1599888 1599888
1598869 1332645
1598869 1352105
1598869 1598869
2664864 1353120
2664864 2663850
2664864 2664864
1333664 1331626
1333664 1332645
1333664 1353120
1333664 1333664
1353120 21080489
1353120 1352105
1353120 1353120
1353120 1354150
21079460 89828010
21079460 21080489
1332645 1331626
1332645 1354150
1332645 1332645
1354150 21080489
1354150 1352105
1354150 2663850
1354150 1354150
107321765 21059240
1352105 1331626
1352105 1352105
2663850 2663850
1331626 1331626
