23702021 21080490
23702021 18110880
23702021 2665050
23702021 2664016
23702021 22635013
23702021 39148042
23702021 23725654
23702021 23701002
23702021 89483926
39145989 39192226
39145989 18111056
39145989 89216340
39145989 22635013
39145989 89483625
39145989 39148042
40477189 18111136
40477189 25324136
40477189 19442256
40477189 22635013
40477189 39148042
40477189 40502866
40477189 89303720
40477189 40479242
40477189 89560725
22635013 22677138
22635013 18110800
22635013 18110880
22635013 18115092
22635013 89216680
22635013 21064040
22635013 22637066
22635013 22370821
22635013 89483926
18389510 22677138
18389510 1599072
18389510 18115092
18389510 18115112
18389510 18389254
18389510 18393729
18389510 18393666
18389510 285220
18389510 1600101
18389510 563749
18389510 18389510
18389510 1599120
18389510 22678165
18389510 1600154
18389510 285208
18389510 563738
22637066 21080490
22637066 18115092
22637066 18115112
22637066 25324136
22637066 1611366
22637066 1354144
22637066 21059930
22637066 22678165
22637066 107633254
22637066 22369802
22637066 39148042
22637066 23701002
22637066 40479242
22637066 1354064
22370821 22415014
22370821 94803626
22370821 1332816
22370821 18110800
22370821 1333845
22370821 21059930
22370821 22369802
22370821 39148042
39148042 39193253
39148042 18111056
39148042 18111136
39148042 39413258
39148042 1354320
39148042 1353302
39148042 107326038
40479242 39193253
40479242 25320026
40479242 1353385
40479242 19442256
40479242 19442336
40479242 39413258
40479242 42117800
40479242 25340586
40479242 107326038
40479242 1354400
281094 289301
281094 289322
281094 279818
281094 285220
281094 547109
281094 296453
281094 281094
281094 546088
281094 297481
281094 296458
281094 285208
280074 279813
280074 279818
280074 285220
280074 551208
280074 297481
280074 284201
280074 296458
280074 280074
280074 547098
23701002 21079461
23701002 2664096
23701002 1352102
23701002 2664016
23701002 1354144
23701002 22416041
23701002 358197865
23701002 21146281
23701002 39413258
23701002 25340586
22369802 21079461
22369802 1332896
22369802 1332816
22369802 25320026
22369802 1352025
22369802 21058901
22369802 22416041
22369802 358197865
22369802 39413258
22369802 1354064
558602 296453
558602 563749
558602 567848
558602 562728
558602 296458
558602 558602
558602 297481
558602 563738
39413258 39455385
39413258 1610089
39413258 1354400
39413258 1354320
39413258 359294613
18115092 551444
18115092 1332816
18115092 547365
18115092 18111056
18115092 18114856
18115092 1611366
18115092 2664016
18115092 19442256
18115092 546324
18115092 18114836
18115092 18115092
289301 18393410
289301 285220
289301 547365
289301 1353385
289301 289066
289301 300585
289301 283945
289301 19442256
289301 1333589
289301 300566
289301 289301
284182 280069
284182 283945
284182 18111136
284182 18393473
284182 1333674
284182 300585
284182 1353385
284182 300566
284182 284182
284182 285208
284182 283926
284182 547354
300566 1333930
300566 296453
300566 18393729
300566 300566
300566 301592
300566 563738
285208 289322
285208 280069
285208 284952
285208 284964
285208 1599072
285208 1612128
285208 301592
285208 301604
285208 18393410
285208 551464
285208 285208
285208 546324
301592 296453
301592 297481
301592 562708
301592 1612384
301592 18393666
301592 285220
301592 567848
301592 305706
301592 301592
563738 547354
563738 547365
563738 558597
563738 562708
563738 567848
563738 305706
563738 563738
563738 1600154
547354 289322
547354 547098
547354 547109
547354 1611366
547354 563749
547354 18115112
547354 18389254
547354 551464
547354 296458
547354 296453
547354 1599898
547354 546324
547354 547354
546324 546068
546324 546088
546324 1332816
546324 18110800
546324 296453
546324 562708
546324 562728
546324 1354064
546324 546324
551444 551208
551444 546088
551444 18110880
551444 1354144
551444 285220
551444 547365
551444 297481
551444 562728
551444 2664016
551444 562708
551444 551444
285220 546344
285220 284201
285220 284952
285220 284964
285220 1612128
285220 301604
285220 18393473
285220 1599120
285220 285220
563749 547365
563749 562728
563749 300585
563749 1600101
563749 563749
547365 546344
547365 284201
547365 547098
547365 547109
547365 1599845
547365 1611366
547365 18389254
547365 297481
547365 296458
547365 547365
301604 296458
301604 562728
301604 300585
301604 1612384
301604 18393729
301604 301604
18115112 1332896
18115112 546344
18115112 18111136
18115112 18114856
18115112 19442336
18115112 2664096
18115112 1611366
18115112 25324136
18115112 551464
18115112 18115112
18115112 18114836
284201 283945
284201 18393473
284201 2664869
284201 300585
284201 305706
284201 284201
284201 18111056
284201 283926
284201 1353302
289322 19442336
289322 18393410
289322 283945
289322 300585
289322 305706
289322 289322
289322 289066
289322 2664794
289322 1353302
300585 1333845
300585 296458
300585 18393729
300585 18393666
300585 2665125
300585 300585
305706 297481
305706 2665050
305706 18393666
305706 305706
551464 551208
551464 546088
551464 296458
551464 2664096
551464 562728
551464 19442080
551464 1354144
551464 567848
551464 551464
546344 1332896
546344 546068
546344 546088
546344 567848
546344 296458
546344 562728
546344 546344
546344 1354064
546344 19442000
562728 18111136
562728 1354400
562728 562728
562728 1354320
562728 19442256
567848 19442336
567848 1354400
567848 567848
1333930 94803626
1333930 1331802
1333930 1332896
1333930 1333589
1333930 1333674
1333930 18393729
1333930 1353385
1333930 25340586
1333930 1333930
1333930 1600154
18393666 39192226
18393666 39193253
18393666 18111056
18393666 1333845
18393666 2665050
18393666 1612384
18393666 18393410
18393666 18393473
18393666 19442336
18393666 18393666
280069 279813
280069 279818
280069 280069
280069 296453
280069 296458
280069 546068
280069 547098
558597 558597
558597 296453
558597 297481
558597 562708
296453 296453
18111056 18110800
18111056 18110880
18111056 1354320
18111056 18111056
18111056 562708
18111056 1353302
19442256 1353385
19442256 19442000
19442256 19442080
19442256 18393729
19442256 1354320
19442256 19442256
40502866 22677138
40502866 39193253
40502866 18393729
40502866 107370069
40502866 94545572
1332816 1331802
1332816 1332560
1332816 1332640
1332816 1599072
1332816 1354320
1332816 1332816
1332816 1333845
2664016 2665050
2664016 2662997
2664016 2663760
2664016 2663840
2664016 1599120
2664016 1354320
2664016 2664016
358192725 2662997
358192725 358192554
358192725 21059242
107370069 39193253
107370069 1353046
107370069 94545572
107370069 89560725
107370069 107326038
107326038 22677138
107326038 94803626
107326038 1611110
107326038 1353385
107326038 22678165
107326038 107633254
107326038 89557665
107326038 107325865
107326038 1353302
107326038 89483926
23725654 22677138
23725654 39193253
23725654 25320026
23725654 2664794
23725654 18393473
23725654 1599120
23725654 21060261
23725654 22416041
23725654 2664869
23725654 89483625
23725654 89560725
1353302 1333845
1353302 1611366
1353302 2665050
1353302 1352281
1353302 1353046
1353302 1353129
1353302 19442336
1353302 1354320
1353302 1353302
1333845 94803626
1333845 1331802
1333845 1333589
1333845 1333674
1333845 1600101
1333845 1333845
25320026 1332896
25320026 2665125
25320026 25324136
25320026 19442000
25320026 89483926
25320026 21059930
2665050 2664794
2665050 2664869
2665050 1600154
2665050 2662997
2665050 89483926
2665050 2665050
1352281 1331802
1352281 1610345
1352281 1352025
1352281 1352102
1352281 2662997
1352281 22416041
1352281 358192554
1352281 1599120
1352281 1354320
1352281 1352281
1352281 1600154
21079642 21079461
21079642 21060261
21079642 22416041
21079642 378972842
21079642 1598864
21079642 1331802
1331802 1331546
1331802 1332896
1331802 1352358
1331802 378972842
1331802 1331802
1599072 22415014
1599072 1598816
1599072 1598864
1599072 1612384
1599072 2664096
1599072 1599072
1599072 1600101
1599072 1352358
1599072 22416041
107367009 89557665
107367009 21064340
107367009 107633254
1612384 39455385
1612384 39193253
1612384 1610345
1612384 1611366
1612384 1612128
1612384 18393729
1612384 1354400
1612384 1612384
1612384 1599120
1612384 1354320
296458 296458
1600101 1611366
1600101 2665125
1600101 21059930
1600101 1599845
1600101 1599898
1600101 89823910
1600101 1352358
1600101 1600101
107633254 1611366
107633254 89823910
107633254 21064340
1611366 1610345
1611366 1611110
1611366 1353385
1611366 1611366
1611366 1600154
25324136 22677138
25324136 94803626
25324136 19442080
25324136 94545572
25324136 21064040
25324136 25340586
25324136 42117800
25324136 19442000
1610345 39455385
1610345 1610089
1610345 1352358
1610345 358197865
1610345 1610345
376072810 21079461
376072810 1331546
376072810 22416041
376072810 358197865
376072810 1352358
376072810 378972842
358197865 39455385
358197865 1352025
358197865 1352102
358197865 358192554
358197865 359294613
2663082 2664096
2663082 2665125
2663082 1352358
2663082 21059242
2663082 378972842
2663082 2662826
2663082 2663082
2663082 2662741
297481 297481
21059242 1598816
21059242 2662997
21059242 21058901
21059242 21060261
21059242 22416041
21059242 21146281
21059242 378972842
18393729 39193253
18393729 18111136
18393729 18393410
18393729 18393473
18393729 2665125
18393729 18393729
1599120 1332896
1599120 1598816
1599120 1598864
1599120 22416041
1599120 1599120
1599120 1600154
22677138 89557665
22677138 39192226
22677138 18393410
22677138 18393473
22677138 22415014
22677138 21064340
22677138 22678165
21064340 18389254
21064340 21060261
21064340 21064040
22678165 39193253
22678165 1611110
22678165 1612128
22678165 21060261
22678165 22416041
89483926 2665125
89483926 21060261
89483926 1599845
89483926 89216680
89483926 89560725
89483926 89483625
89483926 89823910
89560725 22415014
89560725 94803626
89560725 1333589
89560725 2664794
89560725 89303720
359294613 1610089
39455385 39193253
39455385 22416041
1600154 21080490
1600154 1599845
1600154 1599898
1600154 89823910
1600154 1600154
2664096 1354400
2664096 2664096
2664096 2663840
2664096 2665125
2664096 25340586
2664096 2663760
1354400 1332896
1354400 18111136
1354400 1353385
1354400 1354144
1354400 19442336
1354400 1352358
1354400 1354064
1354400 1354400
19442336 19442000
19442336 19442080
19442336 19442336
19442336 42117800
89557665 94545572
89557665 89216680
89557665 89823910
89557665 21064040
39192226 39193253
39192226 89216680
39192226 107325865
39192226 42117800
2665125 2664794
2665125 1353385
2665125 2665125
2665125 2664869
1352358 1352025
1352358 1352102
1352358 1353385
1352358 22416041
1352358 1352358
18111136 18110800
18111136 18110880
18111136 18111136
18111136 1353385
94545572 94803626
94545572 89303720
21060261 22415014
21060261 94803626
21060261 21080490
21060261 1598816
21060261 1598864
21060261 18389254
21060261 21059930
21060261 1599845
21060261 1599898
39193253 22415014
39193253 1353129
39193253 107325865
39193253 1353046
22415014 18393410
22415014 178694825
22415014 1333674
22415014 22416041
22415014 25340586
22415014 1333589
89303720 89216680
89303720 178694825
89303720 42117800
1353385 1353046
1353385 1353129
1353385 1353385
89823910 94803626
89823910 21080490
89823910 21059930
89823910 21064040
89216680 89216340
89216680 107325865
42117800 178694825
178694825 94803626
178694825 1333674
178694825 107325865
22416041 1612128
22416041 358192554
25340586 94803626
25340586 21080490
25340586 19442080
2662997 2662741
2662997 2662826
2662997 2662997
1354320 562708
1354320 1354144
1354320 1354064
1354320 1354320
378972842 358192554
279813 279813
279813 283926
279813 284952
18389254 284952
18389254 284964
18389254 1598816
18389254 1598864
18389254 18114856
18389254 18393473
18389254 18393410
18389254 1599845
18389254 18389254
18389254 1599898
18389254 18114836
279818 284964
279818 283945
279818 289066
279818 279818
279818 284952
18114836 546068
18114836 546088
18114836 1332560
18114836 547109
18114836 18110800
18114836 1611110
18114836 2663760
18114836 19442000
18114836 21064040
18114836 18114836
18114836 21059930
562708 562708
283926 547098
283926 284952
283926 18110880
283926 1353129
283926 283926
546068 1332560
546068 546068
546068 284952
546068 547098
284952 551208
284952 1598816
284952 289066
284952 284952
547098 551208
547098 1611110
547098 18114856
547098 289066
547098 547098
284964 546088
284964 283945
284964 284964
284964 1598864
547109 546088
547109 283945
547109 1611110
547109 547109
18114856 551208
18114856 546088
18114856 1332640
18114856 21080490
18114856 18110880
18114856 19442080
18114856 2663840
18114856 1611110
18114856 21064040
18114856 18114856
283945 1353129
283945 283945
283945 19442000
283945 18110800
283945 1353046
289066 19442080
289066 289066
289066 1353046
551208 2663840
551208 551208
546088 1332640
546088 546088
546088 2663760
18393410 18110800
18393410 1333589
18393410 2664794
18393410 1612128
18393410 18393410
18393410 19442080
18110800 1354064
18110800 18110800
18110800 1353046
19442000 1353129
19442000 18393473
19442000 1354064
19442000 19442000
1354064 1332560
1354064 1612128
1354064 1352025
1354064 2663760
1354064 1353046
1354064 1354064
1332560 1331546
1332560 1332896
1332560 1598816
1332560 21059930
1332560 1332560
1332560 21058901
1332560 1333589
89216340 89483625
1333589 1331546
1333589 1599845
1333589 1353046
1333589 1333589
1353046 2664794
1353046 1611110
1353046 1352025
1353046 19442080
1353046 1353046
2663760 21079461
2663760 21080490
2663760 1598864
2663760 2664794
2663760 2662741
2663760 2663760
2662741 2664794
2662741 358192554
2662741 21058901
2662741 2662741
2662741 1352025
21058901 358192554
21058901 21059930
2664794 1599898
2664794 2664794
21059930 21079461
21059930 1332640
21059930 21064040
1331546 21079461
1331546 1332640
1331546 1352102
1331546 1333674
1331546 1352025
1331546 1331546
1352025 1598864
1352025 1610089
1352025 1352025
1352025 1599898
1612128 1598816
1612128 1598864
1612128 1610089
1612128 1611110
1612128 18393473
1612128 1354144
1612128 1612128
1598816 2663840
1598816 1598816
1598816 1599845
1598816 1352102
1599845 1611110
1599845 1352102
1599845 2664869
1599845 1599845
1611110 1610089
1611110 1353129
1611110 1611110
1611110 1599898
21064040 21080490
89483625 2664869
89483625 107325865
1610089 1352102
1610089 1610089
18393473 18110880
18393473 1333674
18393473 2664869
18393473 18393473
1598864 1332640
1598864 1598864
1598864 1599898
1599898 94803626
1599898 1333674
1599898 1599898
19442080 1354144
19442080 19442080
18110880 1354144
18110880 18110880
18110880 1353129
1354144 1332640
1354144 1352102
1354144 2663840
1354144 1353129
1354144 1354144
1332640 21079461
1332640 1332896
1332640 1332640
1332640 1333674
2663840 21080490
2663840 2662826
2663840 2663840
2663840 2664869
2663840 21146281
2664869 2662826
2664869 1353129
2664869 2664869
21079461 21080490
1352102 1352102
1352102 2662826
1352102 1353129
107325865 1353129
1333674 1353129
1333674 1333674
21080490 21146281
1353129 1353129
2662826 21146281
2662826 358192554
2662826 2662826
358192554 21146281
1332896 1332896
