1783 695
1783 1751
1783 1783
1783 922
1783 2013
766 695
766 1789
766 767
766 766
766 8159
5907 760
5907 927
5911 1780
5911 761
5911 2046
5911 926
922 1780
922 922
922 923
922 926
923 760
923 767
923 923
923 927
926 2047
926 927
927 8159
692 760
692 692
692 694
693 767
693 693
693 695
694 1780
694 694
694 695
694 761
695 695
2047 2012
2047 2046
2047 767
1751 1751
1751 1780
1751 6007
1751 1789
2012 2013
2013 6007
2013 2046
8157 1789
8157 8159
8159 2046
1780 1780
760 760
760 761
761 1789
761 761
1789 1789
767 767
