2646 24714
2646 39573
2646 2644
2646 1638
2646 2729
2646 19050
2646 1365
2646 2645
2646 2710
2646 2646
2646 349530
1428 2708
1428 38489
1428 1364
1428 1384
1428 17797
1428 18053
1428 1429
1428 38230
1428 1430
1428 1688
1428 1428
18017 24966
18017 19017
18017 22182
18017 1354
18017 17754
18017 19029
18017 1609
18017 17994
18017 18002
18017 18081
18017 18017
18017 1636
18017 18066
18017 23188
26264 27306
26264 92329
26264 19048
26264 22104
26264 92586
26264 22180
26264 43688
26264 42388
26264 19028
26264 26006
26264 26265
26264 26266
19009 35418
19009 20585
19009 20586
19009 17985
19009 19074
19009 19073
19009 19012
19009 17730
19009 19009
19009 1352
19009 2645
17985 20566
17985 20570
17985 24710
17985 17729
17985 1348
17985 1352
17985 19033
17985 18050
17985 17986
17985 18049
17985 17985
17985 18000
17985 1625
19010 20586
19010 20650
19010 17729
19010 19073
19010 19010
19010 17986
19010 19074
19010 19016
19010 1608
19010 2666
19010 35414
19012 24710
19012 17729
19012 21890
19012 22146
19012 1637
19012 1412
19012 19080
19012 1416
19012 19016
19012 19076
19012 19012
19012 18000
19012 18006
17986 20570
17986 20586
17986 24714
17986 17730
17986 1352
17986 19034
17986 18016
17986 18049
17986 18050
17986 1638
17986 17986
17986 1608
19014 35418
19014 1633
19014 22180
19014 17733
19014 19014
19014 19078
19014 19048
19014 19081
19014 21929
19014 1674
19014 19017
19014 18002
19014 18005
19014 1624
17989 24966
17989 22105
17989 17733
17989 21844
17989 1364
17989 1413
17989 19034
17989 18053
17989 17989
17989 18058
17989 18002
19016 24714
19016 18022
19016 18016
19016 1632
19016 23170
19016 17730
19016 19076
19016 22146
19016 1672
19016 19080
19016 19016
19016 1626
19017 1636
19017 22180
19017 1414
19017 19078
19017 1417
19017 17738
19017 18026
19017 19081
19017 19017
19017 19028
19017 23189
19017 35414
1610 19048
1610 1350
1610 1608
1610 1609
1610 1633
1610 1674
1610 1610
1610 18006
1608 1348
1608 1632
1608 1672
1608 1609
1608 1608
1609 1349
1609 19029
1609 1634
1609 1673
1609 1609
17994 22105
17994 25226
17994 17738
17994 1384
17994 19033
17994 1634
17994 18053
17994 23144
17994 18058
17994 17994
18000 24714
18000 1365
18000 17754
18000 21889
18000 1412
18000 18080
18000 22145
18000 18064
18000 18000
18002 19050
18002 25226
18002 22182
18002 17750
18002 1349
18002 1354
18002 21928
18002 18081
18002 18066
18002 18002
18002 1624
2644 24966
2644 1636
2644 2728
2644 1364
2644 26005
2644 19028
2644 2645
2644 2708
2644 26266
2644 2644
20565 17729
20565 21890
20565 92580
20565 349797
20565 20650
20565 20566
20566 21889
20566 17730
20566 17729
20566 22146
20566 87718
20566 104806
20566 20585
20566 20586
20566 24726
20566 20570
87125 38273
87125 87458
87125 350825
87125 87210
87125 38228
87125 87386
2645 35418
2645 1637
2645 2730
2645 349802
2645 21845
2645 1366
2645 2709
2645 2645
19033 24966
19033 104854
19033 22105
19033 19097
19033 17754
19033 19029
19033 1634
19033 19098
19033 1673
19033 19033
19033 19034
19033 1625
38488 39529
38488 87713
38488 38564
38488 18053
38488 87462
38488 23144
38488 18058
38488 21844
38488 38229
38488 42648
38488 38489
38488 38490
18006 35418
18006 104853
18006 18022
18006 19048
18006 18086
18006 17733
18006 1353
18006 38565
18006 18005
18006 1637
18006 18070
18006 18006
19034 104854
19034 19050
19034 25226
19034 19097
19034 26265
19034 17750
19034 1413
19034 1418
19034 1638
19034 19098
19034 19034
18005 35414
18005 17729
18005 1385
18005 1633
18005 87461
18005 21929
18005 18090
18005 18069
18005 18005
1624 2664
1624 22181
1624 1364
1624 1700
1624 1636
1624 21930
1624 1688
1624 1624
1624 1625
1624 1626
35414 35482
35414 18022
35414 1417
35414 2666
35414 23189
35414 35478
35414 35414
35414 87386
35418 92581
35418 18026
35418 1674
35418 23189
35418 35478
35418 35482
35418 35418
18016 24710
18016 23169
18016 17750
18016 1386
18016 1632
18016 22145
18016 18080
18016 18016
18016 18064
87130 20585
87130 92326
87130 87382
87130 87713
87130 87722
87130 371370
87130 26004
87130 21844
87130 87130
20570 22145
20570 20570
20570 370342
20570 20586
20570 104850
20570 24730
1633 18086
1633 1353
1633 1417
1633 1632
1633 1633
1633 1634
1633 1697
1633 1682
1633 19092
1636 22181
1636 1384
1636 1700
1636 1637
1636 1638
1636 1636
1636 1688
1636 23190
1632 19073
1632 1352
1632 1416
1632 18049
1632 1632
1632 1634
1632 1696
1632 1680
1638 350890
1638 22181
1638 1386
1638 1625
1638 1637
1638 1702
1638 1638
1638 1689
1634 19114
1634 1354
1634 1418
1634 1634
1634 1698
1634 1681
1634 18066
39529 39528
39529 92585
39529 18058
39529 43689
39529 39530
39529 39574
39529 22105
39529 17754
2666 27305
2666 2664
2666 2665
2666 349802
2666 1385
2666 2730
2666 2666
2666 2709
2666 1626
19050 24714
19050 87462
19050 43689
19050 19114
19050 1354
19050 19050
19050 17754
19050 19093
1637 38489
1637 1385
1637 1626
1637 1637
1637 1701
1637 350873
1637 1690
18022 38565
18022 18086
18022 1350
18022 1353
18022 104810
18022 18026
18022 17738
18022 18022
18022 19028
18022 18070
18022 1626
39528 92840
39528 92581
39528 17802
39528 43688
39528 39530
39528 39572
39528 22104
39528 38490
20585 23170
20585 17730
20585 21890
20585 20585
20585 371370
20585 20586
18026 174506
18026 17730
18026 1366
18026 1414
18026 21929
18026 18090
18026 18026
18026 18069
20586 23169
20586 22146
20586 92586
20586 20650
20586 24746
20586 105114
23146 27306
23146 35482
23146 22104
23146 87718
23146 38490
23146 17738
23146 23144
23146 23145
23146 23189
349802 27305
349802 367258
349802 21845
349802 87713
349802 21890
349802 349797
349802 38566
349802 1701
349802 371370
349802 350873
22104 87458
22104 22180
22104 17733
22104 87718
22104 17738
22104 38228
22104 21846
22104 22105
22104 22106
38490 105110
38490 21846
38490 38489
38490 38565
38490 17797
38490 17802
38490 38228
38490 18070
38490 42650
38489 39530
38489 21845
38489 38566
38489 1448
38489 23145
38489 350873
38489 38230
38489 42649
22106 39530
22106 22105
22106 22181
22106 370342
22106 1384
22106 23145
22106 1689
22106 1364
22106 21845
22106 38230
22106 26266
22105 104854
22105 22182
22105 23144
22105 21844
22105 38229
22105 26265
1449 2730
1449 1366
1449 1385
1449 1448
1449 17793
1449 1701
1449 371370
1449 1450
1449 1449
1449 18069
1449 23190
1450 350890
1450 2729
1450 1365
1450 1386
1450 43690
1450 17814
1450 1448
1450 18080
1450 1702
1450 1450
19073 35482
19073 23169
19073 23170
19073 17794
19073 19076
19073 18049
19073 19073
19073 2709
19074 24746
19074 23170
19074 17793
19074 18050
19074 19074
19074 19080
19074 1672
19074 2730
19074 35478
23170 92326
23170 20650
23170 24746
23170 367258
23170 23169
23170 21890
23170 38530
23170 22146
22146 24730
22146 104854
22146 105110
22146 39554
22146 21890
22146 38274
22146 22145
22146 22146
22146 18050
22146 18049
23169 24726
23169 22145
23169 38274
23169 87461
23169 92842
19078 38312
19078 35482
19078 2698
19078 1697
19078 38565
19078 17797
19078 19112
19078 19081
19078 19078
19078 18066
19078 18069
19078 1688
24710 35458
24710 35457
24710 24710
24710 1416
24710 2665
24710 19029
24710 24726
24710 24730
1672 24714
1672 2696
1672 1352
1672 1412
1672 18050
1672 1696
1672 1673
1672 1674
1672 1672
19081 39572
19081 1697
19081 18081
19081 1700
19081 38565
19081 17802
19081 18090
19081 19081
19081 1682
19081 19092
19081 35478
1674 2698
1674 1353
1674 1414
1674 1673
1674 1697
1674 19112
1674 1674
1674 18070
2698 35482
2698 2696
2698 2697
2698 1417
2698 2698
2698 1682
1673 24966
1673 2697
1673 1354
1673 1413
1673 18081
1673 1698
1673 1673
1673 19093
19080 35458
19080 39554
19080 2696
19080 18080
19080 1696
19080 38530
19080 17794
19080 19076
19080 18086
19080 19080
19080 1690
25226 27304
25226 2664
25226 19048
25226 35461
25226 35466
25226 1418
25226 25226
25226 26265
2696 35458
2696 1416
2696 2697
2696 2696
2696 1680
2697 35461
2697 1418
2697 2697
2697 1681
2697 19097
24714 35457
24714 35458
24714 24746
24714 24714
24714 24730
1682 1414
1682 1680
1682 1681
1682 18090
1682 1682
18066 38314
18066 35466
18066 19114
18066 1413
18066 17814
18066 38564
18066 18053
18066 1688
18066 18081
18066 18066
23188 105114
23188 87713
23188 22182
23188 21928
23188 38564
23188 23144
23188 26004
23188 23189
23188 23190
23189 92581
23189 22180
23189 87386
23189 38565
23189 21929
23189 26006
23189 23190
35478 1697
35478 18086
35478 87718
35478 2730
35478 18069
35478 26006
35478 35478
18069 21846
18069 92586
18069 17793
18069 1697
18069 18070
18069 18069
42648 27304
42648 92326
42648 42389
42648 35461
42648 35466
42648 92585
42648 43689
42648 38564
42648 26004
42648 42649
42648 42650
42649 27305
42649 42390
42649 2708
42649 2728
42649 43690
42649 38566
42649 350873
42649 26005
42649 1626
42649 42650
26266 27305
26266 42390
26266 2664
26266 22181
26266 26265
26266 1702
26266 370342
26266 43690
26266 26005
26265 27304
26265 42389
26265 24966
26265 104854
26265 22182
26265 43689
26265 26004
24730 350890
24730 24726
24730 22145
24730 18050
24730 39553
24730 92329
24730 24746
24730 41130
42650 27306
42650 105110
42650 18086
42650 43688
42650 42388
42650 38565
42650 19112
42650 19092
42650 26006
18070 35482
18070 105110
18070 19076
18070 18086
18070 1417
18070 17797
18070 1701
18070 19112
18070 18070
23190 370090
23190 22181
23190 1430
23190 38566
23190 371370
23190 23145
23190 21930
23190 26005
35482 87718
35482 18090
35482 2709
35482 35482
105114 104854
105114 87713
105114 22182
105114 104806
105114 92586
105114 87722
105114 92842
105114 19098
1697 1414
1697 1417
1697 1696
1697 1697
1697 1698
18081 39574
18081 35461
18081 1418
18081 17818
18081 38564
18081 18058
18081 18081
18081 1700
18081 19093
22180 38312
22180 104850
22180 39572
22180 105110
22180 22180
22180 22181
22180 22182
22180 21929
38565 38312
38565 104853
38565 39572
38565 104810
38565 38564
38565 38565
38565 21929
38565 38566
370342 350890
370342 104850
370342 349862
370342 370342
370342 1702
370342 1689
87718 105110
87718 92581
87718 92586
87718 104806
87718 87458
87718 87386
87718 26006
18086 105110
18086 18086
18086 1414
18086 18090
18086 17802
18086 19092
18086 1690
92840 39553
92840 87458
92840 92581
92840 92840
92840 43688
92840 174506
92840 92329
92840 349530
350890 22181
350890 349862
350890 92329
350890 43690
350890 436650
350890 349530
350890 1429
350890 38230
87210 41130
87210 92329
87210 87461
87210 436650
87210 42388
174250 27304
174250 92326
174250 20650
174250 92580
174250 174502
174250 370090
19112 19048
19112 35466
19112 2728
19112 43688
19112 17802
19112 19028
19112 19112
18090 27306
18090 92586
18090 1430
18090 17794
18090 18090
2730 2728
2730 2729
2730 371370
2730 21930
2730 2730
2730 1690
371370 367258
371370 21930
371370 371370
20650 370090
24746 21889
24746 39554
24746 174506
24746 87722
87722 39574
87722 87382
87722 92585
87722 174506
87722 26004
87722 17814
349797 370090
349797 2709
349797 92580
349797 21930
1696 35457
1696 19076
1696 1412
1696 1416
1696 18080
1696 1698
1696 1696
18049 35457
18049 19097
18049 1412
18049 17793
18049 22145
18049 18050
18049 18049
18049 18064
18049 1689
18050 35458
18050 1416
18050 17794
18050 18080
18050 1702
18050 18050
18050 19098
43689 38314
43689 35466
43689 43688
43689 87462
43689 43690
18053 35461
18053 17797
18053 18053
18053 1681
18053 38229
18053 19098
1364 21845
1364 17733
1364 1448
1364 1365
1364 1366
1364 1364
1365 38313
1365 349530
1365 17754
1365 1429
1365 1366
1365 1365
1365 1625
17750 42389
17750 92585
17750 1349
17750 1386
17750 17818
17750 19029
17750 17814
17750 17750
35457 39553
35457 39554
35457 18080
35457 19076
35457 35457
35457 2729
35457 19093
23144 27304
23144 92580
23144 92842
23144 23145
35458 41130
35458 39554
35458 35458
35458 19114
35458 18064
35458 2710
23145 27305
23145 367258
23145 1384
23145 1385
350825 39573
350825 2665
350825 349862
350825 38273
350825 436650
39530 349862
39530 1448
39530 2729
39530 43690
39530 39573
18058 35466
18058 19097
18058 17802
18058 1448
18058 1698
18058 18058
19076 17793
19076 38530
19076 38274
19076 1701
19076 19076
19076 18064
19076 1680
17754 92585
17754 1354
17754 17818
17754 17814
17754 17754
35461 42389
35461 24966
35461 35461
35461 2708
35461 19092
35461 19097
92326 87713
92326 104806
92326 21928
92326 92585
92326 105105
92326 367258
38313 38312
38313 22181
38313 38566
38313 1386
38313 436650
38313 43690
38313 38314
38313 38230
38313 39573
38313 1688
38313 349530
18064 38273
18064 38274
18064 1429
18064 17818
18064 1680
18064 18064
1680 1412
1680 1680
1680 1681
35466 24966
35466 1698
35466 2728
35466 35466
35466 19098
1681 1413
1681 1681
1681 19098
42390 42389
42390 349862
42390 2708
42390 39573
42390 38230
42390 2710
42390 42388
1688 2728
1688 38566
1688 1700
1688 1688
1688 1689
1688 1690
27304 174502
27304 21928
27304 27305
27304 27306
1689 19097
1689 2729
1689 1429
1689 1625
1689 1702
1689 1689
1689 1690
1690 367258
1690 1430
1690 38566
1690 1626
1690 1701
1690 1690
19092 19048
19092 2708
19092 17797
19092 42388
19092 19028
19092 19092
92329 87458
92329 92586
92329 104850
92329 39572
92329 104853
22145 39553
22145 349862
22145 38273
22145 21889
22145 87458
2708 2664
2708 1700
2708 2710
2708 2709
2708 2708
2709 1701
2709 21930
2709 1430
2709 2710
2709 2709
19093 38314
19093 19097
19093 2729
19093 87382
19093 17814
19093 19029
19093 19093
38530 105105
38530 39554
38530 21890
38530 38274
38530 38530
38530 350873
43688 38312
43688 174506
43688 43690
17729 17794
17729 1348
17729 17793
17729 17729
17729 1385
17730 17793
17730 17730
17730 17794
17730 1352
17730 1366
2710 2665
2710 1702
2710 349862
2710 19114
2710 1429
2710 2710
1348 1412
1348 1349
1348 1350
1348 1348
1348 1416
17733 21846
17733 17797
17733 17733
17733 1353
17733 17802
17733 19028
1349 1413
1349 1350
1349 1349
1349 1418
1350 1350
1350 1414
1350 1417
1350 17738
1352 1412
1352 1352
1352 1354
1352 1353
1352 1416
1353 1414
1353 1353
1353 1354
1353 1417
1353 19028
1354 1413
1354 1354
1354 1418
17738 19048
17738 17797
17738 1384
17738 17802
17738 17738
27305 2664
27305 21930
27305 27306
19097 1698
19097 22182
19097 104806
19097 19097
19097 19098
19097 17818
38228 38312
38228 87386
38228 17797
38228 42388
38228 38229
38228 38230
38229 38314
38229 42389
38229 19029
38229 87462
38229 38230
18080 39553
18080 38274
18080 17814
18080 18080
19098 19114
19098 22182
19098 17814
19098 1698
19098 1702
19098 19098
38230 1429
21844 21845
21844 21846
21844 87382
21844 21928
21844 26004
21845 21930
21845 26005
21845 21846
87382 38314
87382 21889
87382 92581
87382 104806
87382 87462
1366 367258
1366 26005
1366 1430
1366 1366
1366 1626
21846 21929
21846 92586
21846 26006
87386 24726
87386 104810
87386 174502
87386 87461
39553 39553
39553 39554
39553 38274
39553 349530
349530 39573
349530 349862
349530 349530
1698 1413
1698 1418
1698 1698
39554 24726
39554 41130
39554 38274
39554 92585
39554 104810
27306 19048
27306 21929
27306 92586
104806 104854
104806 174502
104806 21928
104806 22182
1384 2664
1384 1386
1384 1385
1384 1448
1384 1384
1385 367258
1385 1386
1385 1385
1385 1430
104810 38312
104810 104853
104810 105110
104810 92585
104810 87458
104810 174506
1700 39573
1700 1448
1700 38566
1700 1701
1700 1702
1700 1700
1386 2665
1386 436650
1386 1386
1386 1429
1701 38566
1701 1626
1701 1702
1701 1701
43690 2728
1702 1625
1702 1702
38273 41130
38273 38274
21889 92581
21889 17793
21889 21890
21889 38274
21890 24726
21890 87713
21890 17794
21890 17793
17793 1412
17793 17793
17794 24726
17794 1416
17794 1430
17794 17794
1412 1413
1412 1414
1412 1412
1414 1413
1414 1414
1414 17802
38274 104853
38274 87462
1416 1417
1416 1418
1416 1416
1417 17797
1417 1418
1417 1417
17802 1448
17802 17802
17797 17797
1413 1413
1413 17814
24966 24966
24966 26004
24966 19028
1418 1418
1418 17818
104850 87458
104850 104850
104850 105110
26004 26005
26004 26006
1429 1430
1429 17818
1429 1429
42389 92585
42389 42388
42389 39574
104853 92581
104853 87462
104853 87461
104853 39572
104853 105110
26006 19028
26006 26005
26005 367258
1430 370090
1430 1430
104854 105105
104854 38564
104854 87462
104854 92585
104854 105110
104854 104854
42388 39572
42388 87461
17814 39574
17814 17814
17818 39574
17818 19114
17818 174502
17818 17818
2728 2664
2728 1448
2728 2729
2728 2728
92585 174502
92585 87462
87458 38312
87458 349862
2729 2665
2729 349862
2729 2729
92842 38314
92842 19114
92842 92580
92842 87461
92842 87462
92842 174502
92581 174506
174502 24726
174502 39574
87462 87713
87462 19029
1448 1448
87461 92586
87461 21929
105105 87713
105105 38564
105105 105105
105105 350873
436650 41130
38312 38314
38312 39572
21929 174506
21929 21928
21929 21930
174506 92586
92586 105110
38314 38564
38314 22182
38314 19114
38314 39574
21928 22182
21928 38564
21928 21930
21930 22181
21930 38566
370090 367258
39572 39574
39572 39573
39573 22181
39573 38566
39573 2665
39573 39574
105110 105110
39574 38564
39574 22182
19114 19114
19114 19029
2664 19048
2664 2665
2664 2664
350873 367258
350873 1626
350873 350873
367258 38566
87713 92580
19048 19048
2665 2665
2665 19029
2665 1625
38564 38564
38564 38566
22181 349862
22181 22181
22181 22182
22181 1625
1625 349862
1625 1625
1625 1626
22182 22182
1626 1626
38566 38566
19028 19028
19029 19029
