5388793 5388540
5388793 5388777
5388793 5388793
5388793 7568892
5388540 7568767
5388540 5388415
5388540 5388524
5388415 5388399
5388415 57933695
5611519 5607423
5611519 5611518
5611519 5619320
5615195 5607387
5615195 5607422
5615195 5388777
5615195 5635315
5615195 5615195
5615195 5403999
5404124 5607387
5404124 5607423
5404124 5439103
5404124 5403999
5404124 5404124
5607387 5607387
5607387 5388524
5607387 5619321
5607387 5403999
5403999 5439228
5403999 5403999
5439228 7568767
5439228 5439103
5439228 57933695
5388777 5388524
5388777 5388777
5388524 5388399
5388524 5388524
5439103 7568767
5439103 7568892
5388399 5607423
5388399 5388399
5635314 5619320
5635314 5619321
5635314 5635315
5635314 7568892
5635315 5619320
5635315 5619321
5611518 5619321
5611518 57933695
5619320 7568767
5619320 5619321
5607423 5607423
7568892 7568767
7568892 57933693
57933693 5607422
57933693 57933693
5607422 5607422
