9976 5107680
9976 10232
9976 288742
9976 9976
9976 9977
9977 6156256
9977 288739
9977 9977
9977 10233
845817 48496509
845817 10222
845817 10233
845817 59247
845817 845817
10233 10232
10233 48099407
10233 10233
48099783 59372
48099783 5185405
48099783 5107555
48099783 126815
48099399 5185534
48099399 5107680
48099399 10232
48099399 12281
48100303 1953532
48100303 59247
48100303 126940
48100303 7593723
48099407 7602044
48099407 6156256
48099407 12280
12024 5041118
12024 12025
12024 6156256
12024 12280
12024 12024
12280 7568367
12280 12280
12280 12281
126940 5041118
126940 126812
126940 126815
126940 126940
126812 7568367
126812 126812
126812 7593723
126812 126943
5041118 1953532
5041118 9963
5041118 5041118
5040351 5050366
5040351 12025
5040351 9962
5040351 126943
5040351 5040351
6156256 6156256
6156256 1953532
5107680 5107555
5107680 12025
5107680 5107680
126815 14544881
126815 126815
126815 126943
5107555 5107555
5107555 288742
5107555 1953790
288739 59375
288739 5050366
288739 9962
288739 288739
12281 12025
12281 14544881
12281 12281
288742 59372
288742 9963
288742 288742
126943 5185405
126943 126943
845795 5185534
845795 10223
845795 10232
845795 59244
845795 845795
1953532 1953532
1953532 1953790
9962 9962
9962 9963
9962 10223
9963 9963
9963 10222
59372 59244
59372 59372
59372 59247
59244 59375
59244 5185405
59244 59244
10222 14544881
10222 10222
10222 10223
59247 59375
59247 59247
10223 7568367
10223 10223
14544881 48496509
14544881 14544881
7568367 7568367
7568367 7602044
59375 59375
59375 7593723
48496509 33275902
48496509 1953790
33275902 5050366
33275902 5185534
33275902 7602044
5185534 5185405
10232 10232
12025 12025
1953790 5050366
1953790 1953790
7593723 7602044
5050366 5050366
