7822840 48397695
7822840 7822463
7822840 7839743
7822840 7830655
7831032 48734207
7831032 7830655
7831032 5193343
7831032 5058553
7831032 7839742
7831032 7822463
7847544 7830655
7847544 7839743
7839743 5058175
7839743 5193468
7847545 7822463
7847545 5631987
7847545 48135295
7847545 7839742
846547 5058300
846547 838357
846547 846547
846547 322905
846547 323034
48135420 48734206
48135420 372729
48135420 999039
48135420 48135295
838357 5058175
838357 838357
322905 306783
322905 5058553
322905 322905
322905 323034
323034 5074802
323034 306908
323034 323034
306908 5074929
306908 306783
306908 306908
48397820 5074929
48397820 5193343
48397820 7839742
5058553 372476
5058553 5058426
5058553 5058300
5058553 905189
5058553 5058553
306783 5631987
306783 5058426
306783 306783
7822463 48397695
7830655 48741880
7830655 5058300
7830655 5193343
372602 5074929
372602 372729
372602 372351
372602 5631987
372602 372602
372602 48135295
372476 48734207
372476 372476
372476 372729
372476 372351
905189 5074802
905189 5193468
905189 5058300
905189 905062
905189 905189
905062 5074929
905062 5058175
905062 5193343
905062 905062
905062 5631987
999164 48734207
999164 5193343
999164 999039
5193468 48397695
5193468 48734206
5193468 5193343
5193468 999039
48397695 5074802
372351 48734207
372351 5074802
372351 372351
5074929 5074802
5074929 5074929
5074929 372729
5074802 5074802
5074802 5631859
5631859 5058300
5631859 48741880
5631859 5631859
999039 48135295
5058175 5058300
5058175 5058175
5631987 5631987
48734206 5058426
48734206 7839742
372729 372729
372729 5058426
5058426 5058426
5058300 5058300
