5609438 5609439
5609438 5077228
5609438 14284783
5609438 5619451
5609438 5617630
5609439 880095
5609439 907512
5609439 5619450
5609439 5617631
871502 5075936
871502 871648
871502 871657
871502 871630
871502 871502
871502 871644
872015 873195
872015 5075951
872015 872015
872015 872143
872015 872186
872015 880638
872021 5077102
872021 872160
872021 872169
872021 872149
872021 880597
872021 872021
872021 880603
872021 872156
5633625 5183853
5633625 5077102
5633625 5077229
5633625 906977
5633625 907001
5633625 5075937
5633625 872156
5617241 5183849
5617241 5075936
5617241 5077103
5617241 907387
5617241 871644
880222 5074284
880222 880365
880222 5618541
880222 880350
880222 5059416
880222 872409
880222 5615579
880222 880222
5183978 5183849
5183978 5429118
5183978 5370209
5183978 915296
5183978 915581
5060710 5059040
5060710 872160
5060710 5060837
5060710 5370213
5060710 5059047
5060710 5060711
5060710 915580
5060711 5370209
5060711 5060836
5060711 872400
5060711 5388795
5060711 915581
5077102 906976
5077102 5077229
5077102 5077103
5077102 907386
5077102 907003
5077103 5183849
5077103 5635574
5077103 5077228
5077103 872149
5077103 907387
5635185 5184372
5635185 5074403
5635185 5075939
5635185 5077228
5635185 5619450
880248 5074284
880248 5439231
880248 5404127
880248 880248
880248 880379
880248 872447
907386 5183853
907386 5075936
907386 5075951
907386 907513
907386 907387
907386 915580
6159995 7568253
6159995 14284782
6159995 915325
6159995 6151934
6159995 6159994
6159995 915299
6159995 880365
915580 6151935
915580 5429115
915580 5183982
915580 915581
915580 915711
915581 15728509
915581 5429245
915581 907387
915581 915710
6159994 15466367
6159994 14663037
6159994 6151935
6159994 915297
6159994 880603
6159994 915324
907387 5183849
907387 5635575
907387 907512
5439100 15466367
5439100 14663037
5439100 5439231
5439100 5439101
5439100 5404127
5439101 7568245
5439101 5404125
5439101 14663165
5439101 14284783
5439101 5439229
5429245 14663037
5429245 5429115
5429245 871897
5429245 5429118
5429245 915710
5184503 5184372
5184503 915299
5184503 5388792
5184503 5439229
5184503 915710
880095 5074284
880095 5059412
880095 871927
880095 871897
880095 880095
871630 5057237
871630 5075937
871630 871630
871630 871886
871630 871888
871630 872186
871630 872156
872143 5057499
872143 871657
872143 880603
872143 873193
872143 5075949
872143 872399
872143 872143
5057232 871648
5057232 5370209
5057232 5057232
5057232 872400
5057232 871644
872149 5057493
872149 871644
872149 880355
872149 872400
872149 872149
872149 880638
5057237 871657
5057237 872399
5057237 5057237
5057237 872409
5057237 872447
5057237 5429119
872156 5057488
872156 872409
872156 880365
872156 880597
872156 872156
871644 871897
871644 871644
880350 5633885
880350 880603
880350 5615579
880350 872169
880350 5059417
880350 5057499
880350 880350
5619451 5184372
5619451 5633884
5619451 5074415
5619451 5635574
5619451 5635575
5619451 5619450
871648 5059040
871648 872160
871648 871648
871648 871888
906976 5183849
906976 5075936
906976 906977
906976 915296
906977 5633885
906977 5183853
906977 906979
906977 915297
906977 5075937
872160 5057488
872160 872160
872160 873195
872160 872400
872160 873817
906979 5184372
906979 915299
906979 5075939
906979 5618541
880355 5074403
880355 5057493
880355 5077228
880355 873816
880355 880355
880355 880597
880355 5404127
5060836 5060837
5060836 5370338
5060836 5388792
5060836 873816
5060836 5388795
5060836 915710
873187 5074272
873187 5059043
873187 5059416
873187 871886
873187 871888
873187 873187
5060837 5370339
5060837 5370213
5060837 915711
5060837 873817
5060837 5388543
873192 5059044
873192 5059416
873192 872399
873192 873192
873192 873193
873192 5388527
871657 5429115
871657 872169
871657 871657
871657 871927
871657 871897
873195 5059047
873195 873193
873195 873195
872169 5057493
872169 5429114
872169 872169
872169 880597
872169 872409
873193 5057488
873193 5059045
873193 5059417
873193 5388779
873193 873193
5077228 5635574
5077228 5077229
5077228 907512
5388527 5388778
5388527 5388543
5388527 872447
5388527 873817
5388527 5388527
880365 5074415
880365 5615579
880365 5057499
880365 880603
880365 880365
5388525 5074272
5388525 5074415
5388525 5059412
5388525 5059417
5388525 5388541
5388525 5388779
5388525 5388525
5077229 5619710
5077229 5617630
5077229 880597
5077229 907513
907000 5619711
907000 5618541
907000 5075948
907000 907001
907000 915327
907001 5633885
907001 5635575
907001 915325
907001 5075949
907001 907003
872186 880379
872186 5057499
872186 6151935
872186 872447
872186 872186
872186 880603
907512 5184372
907512 5635575
907512 907513
907512 915710
907513 5183853
907513 5619711
907513 5617631
907513 915711
5619450 5633885
5619450 5635574
5619450 5635575
5619450 14663165
6151934 7568245
6151934 7569279
6151934 14663165
6151934 5057499
6151934 5183982
6151934 6151935
5439231 5439229
5439231 915710
5439231 915327
880379 5074415
880379 5388779
880379 5057493
880379 5635575
880379 880379
880379 880638
6151935 7568253
6151935 915325
6151935 915711
5388541 5370338
5388541 5370341
5388541 5388792
5388541 5388795
5388541 14663165
915711 5429115
915711 5183982
915711 915710
5388543 15466367
5388543 5059044
5388543 5388794
5439229 5074284
5439229 14663165
5439229 7569279
5075937 5633884
5075937 5183853
5075937 5075936
5075937 5075939
5059043 5059041
5059043 915299
5059043 5370340
5059043 5388792
5059412 5370338
5059412 5059412
5059412 5059413
5059412 873816
5059413 5370339
5059413 5388778
5059413 5059413
5059413 871927
5059413 873817
5619711 5635444
5619711 5619710
5619711 872447
5059416 5370340
5059416 5388778
5059416 5059416
5059416 5059417
873816 5074272
873816 5388779
873816 872400
873816 873816
873816 873817
5059417 5370341
5059417 5388778
5059417 871888
5059417 5059417
873817 5057488
873817 880597
873817 873817
5633884 5618540
5633884 5075949
5633884 7568253
5633884 5635444
5633884 5633885
5633885 5618541
5633885 5635445
5370338 14284783
5370338 5370339
915296 5059040
915296 5429114
915296 915297
5074272 5074272
5074272 5074403
5074272 5388792
915297 5059041
915297 5429244
915297 915299
915297 5183982
5370209 5059040
5370213 5057488
5370213 5059041
5370213 5059045
5370213 5183982
5074284 5404125
5074284 5074284
5074284 5074415
5618541 5635444
5618541 5635445
5618541 5618540
5183853 5075949
5183853 5183982
5618540 7568245
5618540 5635444
5618540 5635445
5618540 5075939
5618540 5075948
5635444 7569279
5635444 5635445
5635444 5617631
5635445 5615579
5635445 5619710
5635445 5617630
7568245 5370340
7568245 7568253
7568245 7569279
7568245 5429119
5429114 14284782
5429114 915325
5429114 5429115
5429114 5429244
5429114 5429118
5429115 7568253
5429115 5429119
915324 15728509
915324 5059047
915324 915325
915324 907003
14663037 5635574
14663037 15728509
14663037 14663165
14663037 5388795
7568253 5370341
7568253 7569279
7569279 5388794
7569279 5429119
915325 5059045
915325 915327
915327 5059044
915327 5429244
5429118 14284783
5429118 5057493
5429118 14663165
5429119 5429244
5429119 5183982
15728509 15728509
15728509 880638
15466367 5429244
15466367 5619710
907003 5075951
5635575 5635574
871886 5074403
871886 5057499
871886 5075939
871886 871886
872399 5075948
872399 872399
872399 5404127
871888 5057488
871888 5059041
871888 871888
5057488 5057488
872400 5388779
872400 872400
5057493 5057493
5057493 871897
880597 880597
880597 880603
871897 5074415
871897 871897
872409 5615579
872409 5429244
872409 872409
880603 880603
5057499 871927
5057499 5057499
5615579 5388778
5615579 5615579
5615579 5404125
5404125 5074403
5404125 5074415
5404125 5404125
5404125 5404127
5404127 5404127
5059040 5059041
5617630 14284782
5617630 5617631
5617631 871927
5370339 14284782
5370339 5388794
5059044 5370340
5059044 5059045
5370341 5059041
5370341 5059045
5370341 5388794
5370341 5370340
5059045 5059047
5059045 5388795
5059047 5059047
5388778 5388778
5388778 5388794
5074403 5074403
5370340 5388794
5075948 5619710
5075948 5075949
5075949 5635574
5075949 5075951
14284783 14284782
5074415 5074415
5388779 5388779
5388779 5388795
871927 871927
880638 880638
872447 872447
