60277 5040618
60277 5040619
60277 60276
60277 60405
60277 60277
60277 60279
60277 14588797
64373 5044715
64373 6223998
64373 64372
64373 64502
64373 64375
64375 48099803
64375 5044715
64375 64374
64375 48099787
64375 64503
60279 48100311
60279 5040619
60279 60279
60279 60407
60279 60404
64503 5044714
64503 64372
64503 64502
64503 14588797
60407 15416823
60407 5040618
60407 60276
60407 60405
60407 60407
6224125 7831293
6224125 5044715
6224125 6223998
6224125 5040618
6224125 48099787
6224125 6224376
6224125 16498429
48099787 6223998
48099787 128879
48099787 60404
14588797 14588926
14588797 7823100
14588797 48099803
14588797 128877
14588797 64372
5369677 6224376
5369677 5040618
5369677 5040619
5369677 5369677
5369677 14282581
14282581 15694961
14282581 14282581
14588926 7831293
14588926 5044714
14588926 5040619
14588926 16498429
14588926 7822581
14588926 48099803
48100311 15416823
48100311 7823100
48100311 128877
48100311 64502
48099803 128879
48099803 60405
48099803 64374
48099803 15433596
7823100 7822581
7823100 7831293
7831293 7822581
5044714 5044715
5044714 64372
5044714 64374
5040619 5040618
5040619 5040619
5040619 60405
5044715 64502
5040618 5040618
5040618 60404
5040618 60276
128877 128876
128877 128879
128879 129007
129007 128876
129007 6223998
15694961 6224376
15694961 15433596
128876 15416823
60276 6223998
60276 60276
60276 60404
60404 60405
60404 60404
64372 64374
15416823 64374
15416823 15433596
6224376 7822581
6224376 16498429
7822581 7822581
64374 64502
60405 60405
15433596 16498429
