6223993 14335998
6223993 872433
6223993 14333416
6223993 6224122
6223993 1006971
6215803 5074277
6215803 5192305
6215803 6215928
6215803 6215934
6215803 14333416
6215803 6257527
6215803 7560571
6158584 14588914
6158584 880361
6158584 6150399
6158584 14351231
6158584 915300
6158584 6158585
6158584 915321
6215929 14335868
6215929 7569018
6215929 14335998
6215929 5615565
6215929 6157928
6215929 6157929
6215929 6216186
6215928 5615315
6215928 5741820
6215928 5742460
6215928 6216187
6215928 6249075
6215928 6257527
6158585 15433726
6158585 6150398
6158585 915301
6158585 880601
6158585 915323
6158585 14588157
6224122 14589181
6224122 5192567
6224122 5192701
6224122 5057265
6224122 7822591
6224122 6224383
6224123 5192567
6224123 5192701
6224123 6157929
6224123 5057521
6224123 6158960
6224123 6257527
6224123 6224382
6150398 48116726
6150398 7568249
6150398 1007103
6150398 872178
6150398 1006841
6150398 6150399
6150399 5192429
6150399 14588786
6150399 7560566
6150399 5057498
6150399 7561087
14588157 6233853
14588157 5192574
14588157 6158050
14588157 872180
14588157 1007096
14588157 1015293
6215934 14589181
6215934 7569018
6215934 6216187
6215934 880242
6215934 1015291
6215934 1006844
6215935 5074281
6215935 5192444
6215935 6157928
6215935 6158961
6215935 6249075
6215935 6216186
6215935 7822591
5750136 5741823
5750136 7830783
5750136 7839487
5750136 5750267
5750136 6257524
5750136 5742591
5750136 6257652
5074424 48429943
5074424 5074299
5074424 871928
5074424 5615318
5074424 880374
5074424 5074424
5074425 5074297
5074425 5074425
5074425 48741881
5074425 880372
5074425 5615350
5074425 880375
5074425 871930
5074425 5615326
880121 48742015
880121 5074279
880121 5074297
880121 871935
880121 880121
880121 871930
5750139 48116727
5750139 14654973
5750139 5741820
5750139 5742461
5750139 6257527
5750139 6257655
5750139 5750264
880123 5074277
880123 5074299
880123 15695351
880123 871931
880123 871928
880123 880123
5074428 15703295
5074428 5074303
5074428 880358
5074428 871887
5074428 5074428
5074428 5615326
915832 5062270
915832 5192574
915832 6158050
915832 907646
915832 14613373
915832 915833
915832 915963
915833 5192319
915833 5062271
915833 15417343
915833 6158051
915833 915962
915833 907647
6232443 15433726
6232443 7568763
6232443 5615585
6232443 6232568
6232443 6232572
907646 5192701
907646 6158960
907646 907773
907646 6224383
907646 5078269
907646 907647
6232447 5074404
6232447 5192307
6232447 6232568
6232447 6232572
6232447 14351231
907647 5192444
907647 48733695
907647 6158961
907647 907772
907647 5078268
7568888 7560575
7568888 5062271
7568888 5059064
7568888 15417343
7568888 5741695
1015289 48116726
1015289 48742015
1015289 1007100
1015289 1007103
1015289 48135546
1015289 5209465
1015289 1015161
7831034 7830783
7831034 5371503
7831034 6241919
7831034 6257524
7831034 49216502
7831034 5371898
7831034 7839486
1015291 5209467
1015291 6224382
1015291 1007101
1015291 1015160
5209596 5209471
5209596 15704063
5209596 915962
5209596 48135547
5209596 915303
1015293 5192566
1015293 1007096
1015293 1007099
1015293 14613501
1015293 48135547
1015293 1015165
5059064 5371500
5059064 873196
5059064 915320
5059064 5059065
6232568 5615320
6232568 5371500
6232568 5371501
6232568 7560700
6232568 7561087
915962 48742013
915962 5062396
915962 6158051
915962 907772
915962 915963
5059067 49242110
5059067 5059065
5059067 5371502
5059067 873199
5059067 915323
907772 5209471
907772 48733695
907772 6159350
907772 5078143
907772 907773
6232572 880368
6232572 1006845
6232572 1007103
6232572 5371502
6232572 5371503
907773 5192701
907773 48134127
907773 6159351
907773 5078142
907773 915963
915963 5192574
915963 5062397
915963 6158050
915963 14613373
6224382 48429943
6224382 871928
6224382 1006971
6224383 5741820
6224383 872440
6224383 907007
5059065 14654973
5059065 873197
5059065 5371501
5059065 5371503
5059065 915321
6216186 48429943
6216186 14654970
6216186 5615318
6216186 7822591
6216186 7560571
6216187 14589181
6216187 14654971
6216187 6149742
6216187 5615566
6216187 6151159
5059068 5192695
5059068 871652
5059068 915303
5059068 5371502
5059068 5059069
5059069 7830783
5059069 915301
5059069 5371501
5059069 5371503
5059069 871890
5059069 5059071
5059071 915300
5059071 873191
5059071 5371500
5059071 14351359
872439 14335869
872439 5615585
872439 5057239
872439 872178
872439 880247
872439 872439
872440 5615590
872440 5057265
872440 872189
872440 880255
872440 872440
5192301 5075953
5192301 1007101
5192301 5192429
5192301 6157935
5192301 1006713
5192301 1006972
5192301 5075965
5192303 5192428
5192303 6149861
5192303 5371898
5192303 1006715
5192303 1007100
6158960 6151159
6158960 871921
6158960 6158961
6158961 880092
6158961 6151158
5192305 14333419
5192305 5192307
5192305 1006844
5192305 1006717
6249075 5741695
6249075 7560571
6249075 6257652
6249075 5742591
6249075 7560575
5192307 1006845
5192307 6233726
5192307 1006719
5192319 14588914
5192319 15703295
5192319 915300
5192319 5192444
6151158 14284653
6151158 6151159
6151158 48741881
6151158 5078268
5057235 5057235
5057235 872435
5057235 872403
5057235 871672
5057235 5371898
5057235 871647
5057239 6149886
5057239 5057239
5057239 872398
5057239 871631
5057239 872434
5057239 871673
5057239 872411
873191 5074303
873191 5059544
873191 871887
873191 871890
873191 873191
873196 5615590
873196 5059544
873196 872398
873196 873196
873196 873197
5192428 1006975
5192428 6159350
5192428 1006840
5192428 5078143
5192429 1006974
5192429 1007103
5192429 5371503
5192429 1006841
5192429 6149886
873199 880631
873199 872014
873199 872176
873199 873197
873199 873199
873197 5615597
873197 5057490
873197 5059545
873197 872142
873197 873197
5057265 871660
5057265 872433
5057265 872434
5057265 5057265
5057265 872411
5057265 871677
6249203 5741823
6249203 14587885
6249203 872435
6249203 6257524
6249203 1006968
6249203 5742590
6249203 1006975
5057267 5741823
5057267 871679
5057267 871652
5057267 5057267
5057267 872403
5057267 872435
48116467 880625
48116467 5075952
48116467 5078143
48116467 5742590
48116467 1006975
49242110 6242044
49242110 5062396
49242110 48742013
49242110 5742590
5192444 906980
5192444 5742591
880633 48742013
880633 880625
880633 872182
880633 872055
880633 880633
880633 880380
14613361 15703295
14613361 5615326
14613361 14284653
14613361 7830651
14613361 7560575
14613361 14613489
14613361 7560566
14588786 880369
14588786 6233726
14588786 6149860
14588786 14351228
14588786 1006719
14588786 1006974
6257524 14587885
6257524 5750264
6257524 6257655
6257524 7847547
5192564 5741823
5192564 5192695
5192564 1006968
5192564 5750267
5192564 1015295
5192566 6158050
5192566 5192567
5192566 1007096
5192566 6158073
5192566 1006970
5192566 14613373
5192567 1007097
5192567 1006971
5192567 14613756
5192567 1015165
6257527 14654846
6257527 5750267
6257527 6257652
48429943 5209467
48429943 7847547
7568249 5371501
7568249 6149743
7568249 7560566
7568249 7561087
7568249 15417083
7568249 6149887
14351228 15703295
14351228 14654971
14351228 15449595
14351228 14351359
14613373 14654973
14613373 872189
14613373 915321
14613373 14613501
5192574 15449595
5192574 915301
5192574 5192701
5192574 14613501
14351231 14335868
14351231 6158073
14351231 14351356
48429951 5075955
48429951 5615608
48429951 7822842
48429951 5078268
48429951 5741695
1006840 5078142
1006840 6159351
1006840 1006715
1006840 1007101
1006841 6149887
1006841 1006713
1006841 1007103
1006841 5371502
1006841 1007100
5750264 5741695
5750264 5615597
5750264 48733695
5750264 5742590
5750264 6257652
48741881 6149743
48741881 5209467
48741881 7839487
48741881 14613631
48741881 6257652
5057490 880368
5057490 5371503
5057490 872176
5057490 871890
5057490 5057490
5057490 871931
5057490 872158
7560444 7568763
7560444 14333416
7560444 14587885
7560444 48134126
7560444 7560571
5057494 880372
5057494 6149861
5057494 880358
5057494 872177
5057494 871898
5057494 872150
5057494 5057494
5057494 871930
5059543 5615315
5059543 5059542
5059543 871921
5059543 5059543
5059543 5371768
5059543 873947
15449595 15417083
15449595 1006974
15449595 872183
15449595 7847546
15449595 1015164
5750267 5192701
5750267 5057527
5750267 6257655
5750267 5742460
5059545 880348
5059545 5615320
5059545 5615350
5059545 5059544
5059545 5371501
5059545 871890
5059545 5059545
5057498 880361
5057498 880369
5057498 871935
5057498 872142
5057498 871887
5057498 872178
5057498 5057498
5059544 5615315
5059544 5615320
5059544 5371500
5059544 5059544
5059544 880220
5059542 880092
5059542 5615350
5059542 5059542
5059542 5371769
5059542 873946
1006845 6233853
1006845 1006717
1006845 15695351
1006845 1007096
1006845 1007099
6233853 14654846
6233853 880370
6233853 1007099
6233853 6242044
6233853 6233726
5075952 5075953
5075952 872014
5075952 1006713
5075952 907004
5057521 880348
5057521 880375
5057521 871921
5057521 5057521
5057521 872180
5057521 871928
5057521 872189
14588914 6158051
14588914 5074410
14588914 6241919
14588914 14351356
14588914 7839486
14613489 48742015
14613489 5074297
14613489 7830651
14613489 5209465
14613489 7561087
14613489 7560700
5075953 872142
5075953 6149743
5075953 5075955
5075953 48116727
5075953 907005
5075955 6149742
5075955 872398
5075955 907007
5057526 880374
5057526 880380
5057526 872173
5057526 871930
5057526 872182
5057526 5057526
5057526 871898
5057526 14613756
6151159 14284652
6151159 5078269
5057527 880370
5057527 872165
5057527 871931
5057527 872183
5057527 871890
5057527 5057527
5057527 873947
48116726 1007100
48116726 6149861
48116726 880372
48116726 7847546
48116726 6242044
48116727 1007101
48116727 880626
48116727 1007097
48116727 5078269
48116727 5078142
6159350 871647
6159350 6159351
6159350 7847547
5075964 14654971
5075964 6149742
5075964 871887
5075964 906980
5075964 5075965
5075965 6149743
5075965 871631
5075965 7839487
5075965 906981
5075965 5075967
49216502 5074299
49216502 15695351
49216502 5209465
49216502 7560700
5075967 871503
5075967 906983
5075967 1006713
5075967 1015295
6159351 871519
6159351 1015165
14351356 48742015
14351356 14654970
14351356 48135546
5192701 906981
14613501 871677
14613501 7839486
14613501 1006974
14613501 1007096
14351359 6233726
14351359 5062270
14351359 5742460
871503 871679
871503 871652
871503 871503
871503 871631
871503 871673
871519 871647
871519 871660
871519 871672
871519 871677
871519 871519
1006713 6157934
1006713 1006975
1006713 1006972
1006715 6149860
1006715 5371899
1006715 1006974
7830651 7822842
7830651 6149861
7830651 6149886
7830651 7847546
7830651 7830776
1006717 14587885
1006717 14333416
1006717 6257655
1006717 1006968
1006717 1006971
5078142 872022
5078142 1015295
5078142 5078269
5078142 5078143
14613631 7822842
14613631 871930
14613631 1006975
14613631 1007097
14613631 1015161
14613631 14613756
5078143 872150
5078143 7839487
5078143 5078268
5741695 5741820
1006719 48742015
1006719 1006970
1006719 1006844
15417343 7830776
15417343 915320
15417343 880255
871631 871631
871631 871887
871631 871890
871631 872178
871631 872183
871647 872182
871647 871898
871647 871647
871652 871652
871652 872176
871652 871890
5062397 14654973
5062397 5062270
5062397 5062396
5062397 872165
5062397 5371899
5062397 5192695
871660 6158050
871660 871660
871660 872177
871660 871921
871660 872180
871660 871898
14597363 14335868
14597363 880627
14597363 14335998
14597363 6157934
14597363 6157935
14597363 1006971
14597363 1006972
15695091 15433726
15695091 7568763
15695091 5615609
15695091 7830776
15695091 48135546
5742590 5742461
7830776 6158051
7830776 6158072
7830776 7839486
7830776 7822591
871672 872165
871672 871931
871672 871672
871672 5371899
871673 6149887
871673 871935
871673 872173
871673 872142
871673 871673
871673 871930
15704063 1007100
15704063 7847546
15704063 1015164
15704063 871679
5742591 5074303
5742591 5742460
5078268 7839487
5078268 880358
5078268 5078269
14613756 14654970
14613756 5209471
14613756 48733695
14613756 7822591
5078269 14654971
5078269 880598
1006844 14335999
1006844 1007097
7830783 5062271
7830783 5062396
7830783 7847546
7830783 6242044
7822591 7822842
7822591 7847547
871679 872150
871679 871930
871679 871679
5741820 5615590
871677 872189
871677 871928
871677 871677
871677 871931
871677 872158
14589181 7822842
14589181 872434
14589181 1007097
14589181 1007101
5741823 5209471
15703295 7847546
872177 880369
872177 6149860
872177 872022
872177 872434
872177 872177
872177 880598
872178 880372
872178 872014
872178 872178
872178 880601
872180 880370
872180 872055
872180 872433
872180 872180
872180 880601
5074277 5074277
5074277 5074405
5074277 880241
5074277 880242
5074277 5615315
5074277 5615320
5074279 5074404
5074279 5074279
5074279 14333419
5074279 880243
5074279 5615348
5074281 5074281
5074281 5074410
5074281 880255
5074281 5615318
5074281 880092
5074281 880220
5074281 5615326
7560566 6149742
7560566 6149886
7560566 5371500
7560566 7561087
1006968 5742461
1006968 1015165
1006968 6257655
1006968 1007099
5074297 880242
5074297 5615318
5074297 880247
5074297 5074297
5074297 5615326
1006970 15417083
1006970 6149860
1006970 6149887
1006970 1007097
1006970 1015164
5074299 880243
5074299 5615350
5074299 5074299
1006971 1015165
1006971 1007096
7560571 14333419
7560571 6257652
7560571 7560700
1006972 14335869
1006972 14335999
1006972 1015161
1006972 1007103
1006974 1015160
1006974 1007101
1006975 1015161
1006975 1007100
7560575 6241919
7560575 5371500
7560575 5371769
7560575 7560700
5074303 5615348
5074303 873946
5074303 5074303
48135546 880374
48135546 7839486
48135546 1007096
48135546 48135547
48135547 48742013
48135547 872182
48135547 7839486
48135547 1007100
1015164 5192695
1015164 1015295
1015165 6157934
1015165 48134127
14654846 15695351
14654846 5371501
14654846 5371768
14654846 15417083
14654846 14654973
5209471 906983
5192695 1007099
871887 871887
871890 871890
873946 5615597
873946 5062271
873946 872403
873946 873947
873946 880358
873946 873946
871898 880092
871898 5074410
871898 6158051
871898 871898
873947 5615590
873947 5062270
873947 872165
873947 880598
873947 873947
880092 871921
880092 880092
5074404 5074404
5074404 871935
5074404 880368
5074404 5615320
5074405 5074405
5074405 880369
5074405 880370
5074405 5615315
5074405 5615348
5074405 871931
5074405 6233726
14333416 880241
5074410 880361
5074410 5074410
5074410 5615348
5074410 5615318
5074410 880380
14333419 14654970
14333419 14587885
871921 871921
14335998 15433726
14335998 14335869
15695351 1015160
871928 871928
871930 871930
871931 6257655
871931 871931
1007097 1015295
7822842 48134126
7822842 7839487
14654970 14335868
871935 14335999
871935 871935
1007103 6149887
14654971 5742460
1007099 5371502
1007099 5371899
7560700 7568763
7560700 6241919
1007101 6257655
14654973 5062270
14654973 6233726
48733695 7847547
48733695 880380
48733695 907005
872014 880625
872014 872142
872014 872014
872022 880626
872022 872165
872022 880598
872022 872183
872022 872150
872022 872022
880220 880348
880220 880361
880220 5615565
880220 6157928
880220 872411
880220 880220
872030 880627
872030 6157934
872030 872173
872030 872158
872030 872176
872030 872182
872030 880601
872030 872030
6157928 6149742
6157928 906980
6157928 6157929
6157928 907007
6157929 880348
6157929 6149743
6157929 906981
6157929 907005
5371500 5371501
6157934 906983
6157934 6157935
6157934 907004
5371503 5371502
6149743 7569018
6149743 6149742
6157935 906981
6157935 7847547
6157935 907005
6157935 872158
6149742 7569018
880241 880370
880241 5615585
880241 872433
880241 880241
880242 880369
880242 880375
880242 5615566
880242 872434
880242 880242
880243 880368
880243 880374
880243 5615593
880243 872435
880243 14587885
880243 880243
5371502 872176
872055 880631
872055 48134127
872055 872055
872055 872189
880247 880372
880247 5615609
880247 48134126
880247 880247
7847546 7839487
7569018 14335869
7569018 14335999
7569018 7561087
7847547 7839486
48742013 915323
5062270 5371768
5062270 5062271
5062271 5371769
5062271 5062396
880255 5615608
880255 880380
880255 880255
6241919 5615348
6241919 6233726
6241919 6242044
872142 880626
872142 872142
872142 872398
5615315 5615590
5615315 5615566
5615315 5615315
872150 880625
872150 880358
872150 872403
872150 872150
5615318 5615565
5615318 5615318
5615318 5615609
5615320 5615585
5615320 5615565
5615320 5615320
880348 880601
880348 872173
880348 5615565
880348 880348
872158 880361
872158 880627
872158 872411
872158 872158
5615326 5615566
5615326 5615608
5615326 5615326
6158050 6149860
6158050 6158051
6158051 6149861
906980 915300
906980 906981
872165 880631
872165 872165
872165 872403
880358 5615608
880358 880358
880358 880598
6149860 6149861
6149860 14284652
906981 915301
906981 906983
880361 880361
880361 5615565
880361 880601
6149861 14284653
906983 915303
872173 880627
872173 6158073
872173 872173
872173 872411
880368 5615585
880368 872176
880368 880368
880368 880627
880369 5615566
880369 880626
880369 880369
880370 5615593
880370 880370
880370 880631
872176 872176
872176 872435
880372 5615593
880372 880625
880372 880372
5615348 5615593
5615348 5615597
5615348 5615348
5615350 5615593
5615350 5615597
5615350 6257652
5615350 5615350
880374 880627
880374 872182
880374 5615609
880374 880374
880375 15417083
880375 872183
880375 5615566
880375 880626
880375 880375
6158072 15433726
6158072 6149886
6158072 915301
6158072 915320
6158072 6158073
6158072 872411
6158073 6149887
6158073 915303
6158073 915321
15417083 14284652
15417083 1015160
880380 5615597
880380 872189
880380 880380
5062396 5371898
5062396 872403
6242044 7568763
6242044 5615593
872182 872435
872182 872182
872183 872183
872183 872434
872183 880598
872189 880626
872189 872189
907004 48134127
907004 915323
907004 907005
907005 915321
907005 907007
6149886 7561087
6149886 6149887
907007 915320
1015160 5209465
5209465 5209467
1015161 5209467
1015161 48134126
1015161 14587885
915300 915301
915301 915303
14284652 14284653
14284652 5371768
14284653 5371769
915320 915321
5371768 5371769
915321 915323
14335868 14335999
14335869 48134126
5742461 880631
5742461 48134127
5371898 5371899
5615565 5615565
5615565 872411
5615566 5615566
5615566 872434
872398 5615608
872398 872398
872403 5615597
872403 872403
880598 880626
880598 880598
880601 880627
880601 880601
872411 872411
5615585 5615585
5615590 5615590
5615593 5615593
5615593 872435
5615597 5615597
880625 880625
872434 872434
872435 872435
880627 880627
880626 880626
880631 880631
5615608 5615608
5615609 872433
5615609 5615609
872433 872433
