5369949 7568255
5369949 5049285
5369949 5050746
5369949 5050751
5369949 5058244
5369949 6232550
5369951 7822327
5369951 5048774
5369951 5050747
5369951 5050750
5369951 5183847
5369951 5058500
6158563 5183865
6158563 5183869
6158563 5058403
6158563 846824
6158563 850409
6158563 917242
6150371 5184367
6150371 5073876
6150371 5183865
6150371 5183869
6150371 5058147
6150371 7560954
309488 325872
309488 5051230
309488 5074784
309488 325998
309488 309488
309488 309490
309488 309489
325873 325872
325873 5050751
325873 309489
325873 5428965
325873 850175
325873 325875
309489 5050719
309489 309491
309489 5058528
309489 325999
309489 309489
325872 5428972
325872 325874
325872 850174
325872 5051262
309490 325874
309490 5051231
309490 309491
309490 326127
309490 309490
309490 5404379
309491 326126
309491 5050718
309491 5060189
309491 309491
309491 325875
325875 325874
325875 5050750
325875 5371483
325875 851710
309492 325886
309492 326126
309492 5051358
309492 5074813
309492 309492
309492 309493
309492 309494
309493 325887
309493 5050847
309493 5058559
309493 326127
309493 309493
309493 309495
309495 5050846
309495 5074927
309495 309494
309495 325998
309495 309495
309495 325885
841976 5184380
841976 850408
841976 850414
841976 841977
841976 5078909
841976 850174
841977 5183869
841977 5062655
841977 850175
841977 850409
841977 850415
309494 5051359
309494 325999
309494 309494
309494 5631963
309494 325884
325884 325886
325884 5053438
325884 14663549
325884 851710
325884 325885
850174 325887
850174 5184511
850174 5439487
850174 850175
850175 325886
850175 6283007
850175 5183998
325885 325887
325885 5052927
325885 48758655
325885 851711
325886 325887
325886 5053439
325886 7569407
325887 5052926
325887 14663167
5050714 363857
5050714 5058244
5050714 5050746
5050714 367860
5050714 5050714
5050714 5050715
5050714 905053
5050715 363985
5050715 5058500
5050715 5050747
5050715 367861
5050715 5050715
5050715 5631839
5050718 5050750
5050718 5058500
5050718 372727
5050718 305752
5050718 5050718
5050718 5050719
5050719 5058244
5050719 306020
5050719 5050719
5050719 5050751
5050719 905215
5183846 5051250
5183846 5051263
5183846 905056
5183846 5183847
5183846 5428975
5183846 990975
5183847 905184
5183847 5428837
5183847 5371482
5183847 990974
5078908 5079039
5078908 14663039
5078908 6151150
5078908 846823
5078908 850408
5078908 5078909
7569277 7568244
7569277 7568255
7569277 6232550
7569277 6147823
7569277 7560954
7569277 6283007
325998 5074915
325998 5404639
325998 850408
325998 325998
325998 325999
325999 5074925
325999 5058403
325999 850409
325999 325999
5078909 5079038
5078909 6151151
5078909 838631
5078909 905211
5183865 904929
5183865 5183994
5183865 990843
5183865 14284637
5050746 7568247
5050746 364369
5050746 5050747
5050746 367868
5050747 364497
5050747 367869
5050747 14663678
5058559 367735
5058559 306154
5058559 5058395
5058559 909311
5058559 5058266
5058559 5058559
5183869 838632
5183869 917243
5183869 5183998
5050750 7822335
5050750 322658
5050750 5050751
5050751 322786
5050751 16514943
5048774 322658
5048774 5048774
5048774 364497
5048774 322675
5048774 322644
5048774 364535
5048775 364498
5048775 364534
5048775 322659
5048775 5048775
5048775 322674
5048775 322646
5048775 5371482
5050840 363858
5050840 905056
5050840 5058275
5050840 5051250
5050840 367734
5050840 5050840
5050840 5050841
5050841 363986
5050841 5058535
5050841 5051251
5050841 367735
5050841 5050841
5050841 5404378
5050846 5058535
5050846 5050847
5050846 5052927
5050846 305880
5050846 5050846
5050846 372735
5050847 5058275
5050847 306148
5050847 5052926
5050847 905211
5050847 5050847
6232550 5428837
6232550 5428847
6232550 5631824
6232550 5371482
850408 6158953
850408 842222
850408 850409
850409 5062654
850409 842223
842222 5079039
842222 850414
842222 842223
842222 6159343
842222 851711
850414 5079038
850414 6159342
850414 850415
850414 326127
326126 326126
326126 326127
326126 850415
326126 5631959
326126 5074942
842223 5062525
842223 6157919
842223 850415
842223 851710
850415 6149727
850415 5062524
326127 5058395
326127 5074893
326127 326127
5062654 16514943
5062654 5062525
5062654 846822
5062654 5371741
5062654 5062655
5183994 913249
5183994 990974
5183994 5428837
5183994 6283132
5183994 5431166
5183995 5051250
5183995 5439486
5183995 5052927
5183995 913377
5183995 990975
5183995 5078128
5062655 5062524
5062655 838630
5062655 5371740
5062655 905215
5052926 5052927
5052926 323426
5052926 7864191
5052926 7552767
5183998 7864189
5183998 5428965
5183998 847588
5183998 5431167
5052927 323554
5052927 14663039
846410 5049285
846410 363857
846410 306020
846410 306025
846410 5058244
846410 838351
846410 846410
846418 5049300
846418 363858
846418 306021
846418 306024
846418 838358
846418 5058272
846418 846418
305752 322658
305752 306020
305752 322644
305752 305752
305752 305754
305752 306013
305754 5051231
305754 322659
305754 306021
305754 322646
305754 306015
305754 305754
305756 306025
305756 322674
305756 322646
305756 306009
305756 305756
305756 5060189
305756 305758
305758 306024
305758 322675
305758 322644
305758 5404379
305758 306011
305758 305758
846438 363896
846438 5049294
846438 5062524
846438 306013
846438 838630
846438 846438
846438 846439
846439 5049295
846439 363900
846439 306015
846439 5079038
846439 838631
846439 846439
6158953 5184380
6158953 5074915
6158953 6151150
6158953 846825
6158953 909310
846446 5049295
846446 363897
846446 6149727
846446 306009
846446 838633
846446 846446
846446 846447
846447 363901
846447 5049294
846447 306011
846447 838632
846447 6159342
846447 846447
846543 363857
846543 306149
846543 306154
846543 838351
846543 5058266
846543 874203
846543 846543
838351 5059535
838351 838351
838351 846554
838351 5058138
838351 846557
846550 363858
846550 306148
846550 306155
846550 838358
846550 5058275
846550 846550
846550 882265
838358 5073876
838358 5058147
838358 838358
838358 846554
838358 846557
305880 322910
305880 323554
305880 306148
305880 305880
305880 305882
305880 306141
846554 5429086
846554 5058277
846554 322775
846554 846554
846554 322908
305882 5051359
305882 323555
305882 306149
305882 306143
305882 305882
305882 323039
917242 5062394
917242 909181
917242 14663549
917242 917113
917242 917243
846557 5058299
846557 323037
846557 6147823
846557 322773
846557 846557
305885 5074927
305885 323039
305885 306155
305885 323581
305885 306136
305885 305885
305885 305887
305887 306154
305887 306138
305887 5631963
305887 323580
305887 322910
305887 305887
372604 5074925
372604 372727
372604 372342
372604 5631959
372604 6283263
372604 372604
372604 372735
372605 5074927
372605 372340
372605 6159343
372605 372725
372605 5404379
372605 372605
372605 372734
905053 5051359
905053 5062265
905053 905181
905053 5631963
905053 905177
905053 905053
306009 5058395
306009 306154
306009 322773
306009 306009
306009 306011
306011 5074942
306011 306155
306011 322775
306011 306011
306013 306149
306013 5074893
306013 322775
306013 306013
306013 306015
5051230 5404378
5051230 306021
5051230 5051262
5051230 905211
5051230 5051230
5051230 5051231
5051231 905056
5051231 5051231
5051231 5051263
5051231 372735
306015 306148
306015 322773
306015 5631959
306015 306015
306020 322786
306020 306020
306020 306021
306020 306143
306021 322787
306021 306021
306021 306141
306024 5058528
306024 306024
306024 306025
306024 322800
306024 306136
306025 5074784
306025 306025
306025 322801
306025 306138
5184366 905187
5184366 6159342
5184366 5184367
5184366 5078129
5184366 990842
5184366 5079038
5184367 905059
5184367 6149726
5184367 990843
5184367 5371870
5051250 364370
5051250 5051251
5051250 367742
5051251 364498
5051251 367743
5051251 5428847
5051251 7552767
7568244 6282876
7568244 6151806
7568244 5371482
7568244 7568252
7568244 6149726
7568247 5053439
7568247 5437311
7568247 5062264
7568247 7569407
7568247 7568255
5184380 838633
5184380 6151151
5184380 909311
5184380 5184511
7568252 7569407
7568252 6149727
7568252 5371483
7568252 7864189
7568252 6151807
5051262 322787
5051262 14663039
5051262 5428847
5051262 5051263
7568255 5437307
7568255 5371740
7568255 5431167
5051263 325874
5051263 322659
5051263 7864191
5429086 847588
5429086 6148079
5429086 5429087
5429086 5431167
5429086 5429086
5429086 847615
5429087 364535
5429087 913245
5429087 913249
5429087 5431166
5429087 322908
5429087 5429087
5049285 322786
5049285 5049285
5049285 913245
5049285 364369
5049285 322801
5049294 364404
5049294 5049294
5049294 874462
5049294 322775
5049294 5371870
5049295 5049295
5049295 322773
5049295 364405
5049295 882524
5049295 6149726
5059535 838630
5059535 838633
5059535 5059535
5059535 904921
5059535 874203
5059535 5371740
5073876 904929
5073876 838631
5073876 838632
5073876 5073876
5073876 882265
5049300 913249
5049300 322787
5049300 5428837
5049300 322800
5049300 364370
5049300 5049300
306136 5058403
306136 846824
306136 306136
306136 306138
306136 322908
306138 5074915
306138 846825
306138 306138
306138 323037
306141 5074925
306141 323037
306141 846823
306141 306141
306141 306143
5051358 306149
5051358 5053439
5051358 5631839
5051358 905215
5051358 5051358
5051358 5051359
5051359 372727
5051359 5053438
5051359 5051359
306143 5404639
306143 846822
306143 322908
306143 306143
306148 323426
306148 306148
306148 306149
306149 323427
306149 306149
846822 363896
846822 838630
846822 846822
846822 846823
846822 904921
838631 838630
838631 838631
838631 846823
838631 847614
838632 847588
838632 846824
838632 838633
838632 838632
838630 838630
838630 847615
306154 306154
306154 306155
306154 323455
306155 5074813
306155 306155
306155 323454
846823 363900
846823 904929
846823 846823
846824 363901
846824 904929
846824 846825
846824 846824
846825 363897
846825 838633
846825 846825
846825 904921
838633 847589
838633 838633
6151150 14284637
6151150 14663164
6151150 6151151
6151150 5078259
6159342 7855739
6159342 6159343
6159342 909180
6159343 363901
6159343 990842
6159343 909181
6151151 5078258
6151151 7560954
6151151 5058299
5079038 7864191
5079038 5079039
7822327 5437304
7822327 7822335
7822327 7864189
7822327 5371870
7822327 5431167
7569407 367868
7569407 917112
7569407 323455
5079039 363900
5079039 990842
5079039 372735
5053438 16514943
5053438 323555
5053438 14663678
5053438 5053439
7822335 6282876
7822335 5062524
7822335 5437308
7822335 5053439
5184511 847589
5184511 5428972
5184511 5437307
5184511 6151807
5053439 323427
364535 364027
364535 364030
364535 364404
364535 364535
364535 5437435
322644 363985
322644 5058500
322644 322644
322644 322775
322646 363986
322646 5060188
322646 322773
322646 322646
322658 364027
322658 322786
322658 322659
322658 322658
322659 364031
322659 322659
322659 322787
5078128 990842
5078128 5078129
5078128 5078259
5078128 882264
5078128 909181
5078129 5058275
5078129 5078258
5078129 882265
5078129 909180
322674 364026
322674 5371483
322674 322801
322674 322674
322674 322675
322675 364030
322675 5428975
322675 322800
322675 322675
367734 5074927
367734 367861
367734 367734
367734 367735
367734 5404379
367734 367742
367735 5074784
367735 367743
367735 367860
367735 367735
5431167 5058277
5431167 5431166
367742 14663167
367742 5428975
367742 367869
367742 367743
367743 5428972
367743 367868
367743 48758655
325874 5428975
325874 851711
322773 5058523
322773 322773
322775 5074765
322775 322775
5062395 5062264
5062395 5062394
5062395 5371870
5062395 917243
5062395 874462
5062395 5631839
322786 322787
322786 322786
322786 847615
322787 322787
322787 847614
322800 5428965
322800 322801
322800 847588
322800 322800
322801 5428972
322801 847589
322801 322801
5078258 7552767
5078258 5078259
5078258 909311
5078258 882524
5078259 5058535
5078259 882525
5078259 909310
367860 367860
367860 367861
367860 5631963
367860 367868
367860 5060189
367861 5074813
367861 5058528
367861 367861
367861 367869
323454 14663167
323454 847588
323454 6148079
323454 323581
323454 323454
323454 323455
367868 5371483
367868 367869
367869 5428965
367869 14663549
5437308 5439487
5437308 7864191
5437308 5437304
5437308 5437439
5437308 5074893
363857 364369
363857 363857
363857 363986
363857 363985
363858 363985
363858 364370
363858 363858
363858 363986
322908 5058533
322908 323039
322908 322908
322910 363986
322910 5058535
322910 323037
322910 882525
322910 322910
5439356 16514943
5439356 5439487
5439356 14663039
5439356 5437432
5439356 5437439
5439356 5404639
49282941 364030
49282941 990974
49282941 14663549
49282941 851710
49282941 372734
49282941 7864189
7864189 7855739
7864189 5074942
5439357 5439486
5439357 14663167
5439357 5404638
5439357 5437304
5439357 5437311
5439357 6148079
372734 372471
372734 5074942
372734 5058403
372734 372598
372734 372734
7864191 6151806
7864191 6282876
363896 364404
363896 363896
363896 364027
363896 363900
363896 5062525
363897 364405
363897 363897
363897 364026
363897 363901
363897 6157919
372735 372469
372735 372596
372735 372735
363900 364405
363900 363900
363900 364031
363901 364404
363901 363901
363901 364030
14663039 14663164
14663039 6283132
363985 363985
363985 364497
363985 323039
363986 364498
363986 363986
323037 5074798
323037 323037
323037 6148090
323039 5074796
323039 874463
323039 323039
905184 5058500
905184 5060188
905184 905056
905184 905059
905184 5058272
905184 905184
14663678 5439486
14663678 5062394
14663678 14663549
14663678 5431166
364026 364030
364026 364534
364026 364026
364026 323580
364026 6159998
364027 323555
364027 364031
364027 364027
364027 5437439
14663164 5428847
14663164 6159999
14663164 5437432
14663164 6148090
364030 323581
364030 364030
364031 323554
364031 6283263
364031 364534
364031 364031
14663167 7855739
14663167 909180
882264 913377
882264 874463
882264 904929
882264 882264
882264 882265
882264 882525
882265 874462
882265 882265
882265 882524
5058138 905049
5058138 905080
5058138 5058266
5058138 5058138
5058138 5437307
5058138 5058299
5371483 5060189
5371483 5371482
5060188 372342
5060188 5631824
5060188 5371482
5060188 5060188
5060188 5060189
5060189 372598
5060189 5060189
6149726 7560954
6149726 6149851
6149726 6149727
6149727 917112
6149727 6157919
6157919 6149851
6157919 372598
6157919 917113
909311 909180
909311 917112
909311 909310
5058147 905059
5058147 905084
5058147 5058272
5058147 5058147
5058147 5058277
5428837 5058272
5428837 5428965
905211 905080
905211 905084
905211 905211
905211 5058299
5428847 5404378
5428847 5428972
372340 372471
372340 5074796
372340 5074765
372340 372596
372340 372340
372340 5437435
372342 372469
372342 5074798
372342 6149851
372342 372598
372342 372342
917112 5062264
917112 917113
917112 917243
917113 5062265
917113 5631963
917113 909310
5062265 5062264
5062265 5371741
5062265 874202
5062265 5062394
5062264 5371740
5062264 874203
990842 990975
990842 990843
990843 6149851
990843 990974
990843 5371871
7855739 5428975
7855739 5437304
7855739 6151807
6282876 6283007
6282876 5631959
6282876 6283263
6151806 6151807
6151806 6159999
6151806 5058523
6151806 7552767
6151807 5058395
6151807 6159998
6159999 364534
6159999 372469
6159999 990975
6159999 6159998
6159998 372725
6159998 851711
6159998 48758655
905215 905080
905215 905084
905215 5058277
905215 905215
5058244 5058244
5058244 5631824
5058244 905181
904921 913245
904921 874202
904921 5371741
904921 904921
874202 913373
874202 882525
874202 874202
874202 874203
874202 874463
874203 874203
874203 882524
874203 874462
5404379 5428975
5404379 905056
5404379 5404379
6149851 364405
6149851 14284637
5404378 5074784
5404378 5631824
5404378 5404378
5404378 5058299
5058266 905177
5058266 5058266
5058266 5404638
5058266 5437311
5058272 5058528
5058272 5058272
5058272 5631824
904929 913249
904929 904929
5058275 905187
5058275 5058275
5058275 5404638
847588 847588
847588 847589
847589 323455
847589 847589
847589 6147823
5058277 5058533
5058277 5058277
5058277 5631839
5428965 5058528
5428972 5074784
6147823 847614
6147823 6148072
6147823 6147823
6147823 6148090
372469 5058535
372469 372469
372469 372725
372469 5058523
909310 909181
909310 48758655
372471 5058500
372471 5058533
372471 372471
372471 372727
372471 5371871
7560954 14284637
7560954 5371740
5062394 874463
5062394 5371871
6283263 990974
6283263 6283132
6283263 851710
5058299 5058523
5058299 5058299
847614 323426
847614 6283007
847614 847614
847614 847615
851711 5437439
851711 851710
990975 990974
990975 5437435
917243 5074813
917243 909180
847615 5439487
847615 323427
847615 847615
7552767 6148072
7552767 5437311
6283007 905084
6283007 6283132
5371870 5062524
5371870 5371871
5074765 905187
5074765 5404638
5074765 5437304
5074765 5074765
5074765 5074893
5631824 5074798
5631824 5631824
364369 364369
364369 364498
364369 364497
364369 913373
364370 913377
364370 364497
364370 364498
364370 364370
905049 5074915
905049 5437432
905049 905049
905049 905177
905049 905181
905049 5404639
5058395 5058523
5058395 372725
5058395 5058395
5371740 5371741
913245 913373
913245 5437432
913245 6148090
913245 913245
882524 6148072
882524 882524
882524 882525
14284637 5074798
14284637 5371741
905056 905056
905056 905187
882525 364405
882525 882525
5371741 905181
905059 5074942
905059 905059
905059 905187
905059 5631959
913249 913377
913249 913249
913249 6148090
5074784 5074784
5074784 5074915
5631839 5074813
5631839 5404638
5631839 5631839
323426 323554
323426 323427
323426 323426
323426 6148072
323427 323427
323427 323555
323427 6148079
5058403 5058528
5058403 5058403
5058403 5058533
5074796 5439486
5074796 5074796
5074796 5074927
5074796 5404638
5074796 905177
5074798 5074925
5074798 5074798
5074798 905181
372596 372727
372596 5074893
372596 372596
372596 5404639
372596 5437439
364404 364404
364404 874463
364404 5371871
372598 372725
372598 372598
372598 5631963
364405 364405
364405 364534
5437304 5437435
905080 5439487
905080 5404639
905080 5074893
905080 905080
5437307 5439487
5437307 5437311
5437307 5437432
6283132 16514943
6283132 5074925
5062524 5062525
5431166 16514943
5431166 5058533
323455 6148072
323455 323580
323455 323455
909180 909181
909181 5074927
5074813 5074813
5074813 5074942
5062525 372727
5062525 5371871
905084 5074925
905084 5631959
905084 905084
14663549 323581
5437311 5437436
48758655 323580
48758655 5437436
5437436 5439486
5437436 913373
5437436 5437432
5437436 905177
5437439 5437435
5058500 5058500
5074893 5074893
364497 6148079
364497 364497
364498 6148072
364498 364498
5631959 5631959
905177 5058535
905177 905177
5058523 905187
5058523 5058523
5631963 5631963
913373 323555
913373 323580
913373 913373
874462 6148079
874462 874462
874462 874463
905181 5058533
905181 905181
5404638 5404638
874463 874463
5404639 5404639
913377 323554
913377 913377
913377 323581
5058528 5058528
5074915 5074915
5074915 372725
323554 323555
323554 323554
5058533 5058533
6148072 6148072
905187 905187
5058535 5058535
323555 323555
5074925 5074925
6148079 6148079
5074927 5074927
372725 372725
5439486 5437435
372727 372727
364534 6148090
364534 364534
6148090 6148090
323580 323580
323580 323581
323581 323581
5074942 5074942
