2031354 16498169
2031354 48107999
2031354 2023163
2031354 2031615
2031354 16506623
2031354 2031225
326782 309866
326782 48107999
326782 841957
326782 2031615
326782 326783
326782 326909
48109550 16506748
48109550 322547
48109550 14282708
48109550 326908
322559 297433
322559 309867
322559 322557
322559 2031615
322559 322559
322545 297434
322545 372221
322545 48107999
322545 322544
322545 325991
322545 322545
322545 322547
322547 297438
322547 372217
322547 322547
326908 310126
326908 16506623
326908 326783
326908 851708
326908 326909
850551 16498169
850551 842743
850551 48107999
850551 841957
850551 325991
850551 850550
2031615 2023032
847855 297435
847855 847854
847855 309866
847855 847855
847855 310127
847855 372093
847855 2023163
16506623 16506748
16506623 322557
16506623 49274749
16506623 326783
388981 372217
388981 372221
388981 14282708
388981 389109
388981 388981
388981 14282711
388981 48135293
372089 847849
372089 847854
372089 372217
372089 372093
372089 389109
372089 372089
372089 48135293
389109 847849
389109 847854
389109 372093
389109 389109
389109 48135421
48107979 322544
48107979 326783
372217 372221
372217 372217
372217 322556
372217 48135421
322557 297435
322557 372221
322557 325991
322557 322556
322557 322557
2031225 2023422
2031225 48135293
2031225 14282711
372221 372093
372221 372221
372221 49274749
14282708 297438
14282708 310126
14282708 14282708
48135293 16498169
48135293 842743
48135293 48135421
297942 297434
297942 297439
297942 847849
297942 297942
297943 297435
297943 297438
297943 847854
297943 297943
297432 322544
297432 297434
297432 297432
48135421 16498169
48135421 48750590
48135421 851709
297433 297433
297433 297435
297434 847848
297434 297434
297434 297435
297434 297438
297435 297435
297435 297439
14282711 297439
14282711 310126
14282711 14282711
372093 847848
372093 372093
372093 48134111
297438 297438
48107999 847848
48107999 326909
326783 309867
326783 850149
297439 322556
297439 297439
48116187 847849
48116187 2023422
48116187 850550
841956 841957
841956 850550
841957 850149
851708 842743
851708 49274749
851708 851709
48134111 842742
48134111 2023163
326909 48750590
326909 310127
326909 851709
325990 847849
325990 847854
325990 309866
325990 310127
325990 325990
325990 325991
325990 850550
325991 309867
325991 310126
325991 325991
847848 847848
847848 847849
847848 309866
847848 310127
847849 847849
847854 16498169
847854 847854
309866 309866
309866 309867
309866 310127
309867 309867
309867 310126
309867 322544
16506748 16498169
310126 310126
310126 310127
310127 310127
322544 322544
850550 842742
850550 2023163
842743 842742
2023032 2023163
842742 851709
2023163 2023422
322556 48750590
322556 322556
48750590 2023422
