839678 54517503
839678 5369853
839678 847481
839678 839678
839678 839679
904927 5060315
904927 904799
904927 6158822
904927 907100
904927 846809
904927 904927
7552762 5428967
7552762 6158822
7552762 6148056
7552762 5431164
7552762 14417789
839648 5183591
839648 847456
839648 5369793
839648 839648
839648 839649
5429214 5429085
5429214 325741
5429214 5431295
5429214 322396
5429214 5429214
5429214 913279
5431295 847480
5431295 850041
5431295 5431164
5431295 913279
850041 5183716
850041 841855
850041 325741
850041 850040
306126 305611
306126 305612
306126 306126
306126 846809
306126 323421
5373951 839679
5373951 841854
5373951 5373950
5373951 904952
5373950 14417791
5373950 5183599
5373950 5060315
363891 5369796
363891 364016
363891 363891
363891 364403
363891 846424
363891 846809
5369853 839649
5369853 14417789
5369853 846809
5369853 5369853
323421 6148056
323421 847579
323421 323421
323421 323550
5369983 14417791
5369983 5049297
5369983 5183591
5369983 5369793
847579 5429085
847579 838606
847579 322770
847579 847579
5431164 14417791
5431164 5429085
5431164 5369799
5369793 839679
5369793 846424
5369793 5369793
14417791 14417789
5369796 364016
5369796 5428967
5369796 847456
5369796 847481
5369796 5369796
5369799 838623
5369799 847450
5369799 847457
5369799 847480
5369799 5369799
305608 305608
305608 305612
305608 305996
305608 322384
305608 322641
846409 5049314
846409 305612
846409 309350
846409 838606
846409 846409
5049314 5049314
5049314 5183724
5049314 325740
5049314 322386
5049314 907100
305611 305611
305611 305615
305611 323550
305611 322398
305612 305612
305612 322386
847480 839679
847480 322396
847480 847480
847480 847481
846798 305615
846798 309350
846798 838606
846798 846798
846798 904952
305615 305996
305615 305615
305615 322396
322384 364016
322384 5048792
322384 322386
322384 847456
322384 322384
322641 5048792
322641 309351
322641 322641
322641 322770
305996 305996
305996 322770
305996 846424
838606 5060315
838606 838606
904952 5060315
904952 904799
904952 913279
904952 904952
5049297 5049297
5049297 322770
5049297 364403
5049297 913279
5049297 846424
322770 322770
322386 847457
322386 322386
322386 847450
846424 838623
846424 846424
5048792 364528
5048792 5183716
5048792 325741
5048792 5048792
6148056 364528
6148056 5429085
6148056 907100
6148056 6148056
846809 838623
846809 846809
322396 322398
322396 847450
322396 322396
907100 6158822
907100 907100
907100 907101
907101 904799
907101 6158823
907101 325740
907101 907101
907101 322398
322398 364016
322398 847481
322398 322398
847456 5183716
847456 847457
847456 847456
904799 913404
904799 6158823
904799 904799
323550 913404
323550 309351
323550 323550
847450 5429085
847450 838623
847450 847450
5060315 5060315
5060315 838623
5429085 5429085
309350 309350
309350 309351
309350 325740
309351 309351
309351 325741
838623 838623
847457 839649
847457 5183724
847457 847457
839649 5183599
839649 839649
5183716 5183591
5183716 5428967
325740 325740
325740 325741
325740 850040
6158822 6158823
6158822 5183724
5183591 841855
5428967 364403
5428967 364528
6158823 850040
6158823 847481
5183724 5183599
5183724 850040
5183599 841854
364528 364016
364528 364403
364528 364528
325741 325741
364016 364016
54517503 913404
54517503 14417789
54517503 841855
913279 913404
913279 913279
850040 841854
847481 847481
364403 364403
364403 913404
839679 839679
913404 913404
841854 841855
