48116221 305144
48116221 5109603
48116221 507645
48116221 5110014
14546927 499070
14546927 304751
14546927 507517
14546927 14546926
1957630 48119551
1957630 14546033
1957630 14546928
1957630 1965691
1957630 48166909
1957630 1957631
304893 304751
304893 305134
304893 48166909
304893 305144
304893 305147
304893 304893
5109629 499066
5109629 5109628
5109629 304871
5109629 5109631
5109629 1965691
5109629 1957631
14546928 499071
14546928 304886
14546928 48119551
14546928 507517
14546928 14546929
507647 507516
507647 507645
507647 5110014
507647 5109631
5109884 499067
5109884 304881
5109884 14546033
5109884 5110015
5109884 5109885
5109884 1957631
48166909 499070
48166909 15711735
48166909 507517
48166909 507645
304895 304743
304895 305130
304895 305146
304895 15466495
304895 304895
5109885 499197
5109885 14546017
5109885 305129
5109885 15728508
5109885 5110014
304870 304742
304870 305132
304870 305134
304870 5109601
304870 304870
304870 305126
1957631 14546929
1957631 5110015
1957631 1965690
5110015 499067
5110015 305130
5110015 14546033
5110015 5110014
304881 304742
304881 305127
304881 305129
304881 305130
304881 305132
304881 304881
499197 499067
499197 499070
499197 5110014
499197 15711735
499066 5109600
499066 14546926
499066 499067
499066 499196
499066 499070
48119551 499071
48119551 305146
48119551 14546929
48119551 507645
499070 14546017
499067 499071
499067 14546929
1965690 15711735
1965690 5109601
1965690 5109628
1965690 15466495
1965690 1965691
14546033 499071
14546033 305132
14546033 5109601
1965691 5109603
1965691 14546926
1965691 14546929
499196 499071
499196 5109601
499196 15466495
499196 5109631
304751 304879
304751 304751
304751 304884
5109600 304742
5109600 14546017
5109600 5109601
14546017 304876
5109601 5109603
5109603 305126
507516 15711735
507516 507517
507516 15466495
507517 507645
305126 304886
305126 305144
305126 305126
304743 304743
304743 304871
304743 304886
304743 5109631
15728508 15711735
15728508 5109628
15728508 15728508
305127 305127
305127 5109628
305127 304871
305129 304876
305129 304884
305129 305147
305129 305129
304742 304742
304742 304876
305132 305130
305132 304871
305132 305132
304871 305134
304871 305147
304871 304871
305130 304879
305130 304884
305130 305130
304876 304876
305134 304886
305134 305134
305134 14546929
305134 305146
14546926 304879
304884 304884
304884 305144
304884 305147
304884 5110014
304879 304879
304879 305146
304886 304886
304886 305146
15711735 305147
305144 305144
305146 305146
305147 305147
