48397821 5073905
48397821 5193599
48397821 5208951
306156 305878
306156 306007
306156 6148066
306156 306156
306156 306157
306156 323442
306156 846810
48116191 846833
48116191 1015546
48116191 850558
838646 5073885
838646 48117727
838646 847613
838646 846832
838646 838647
838646 838646
838646 846454
838647 5073905
838647 48166892
838647 846455
838647 846833
838647 838647
838647 847612
838648 5073905
838648 5193599
838648 847590
838648 846463
838648 838648
838648 838649
838648 846846
838649 846847
838649 5073885
838649 847591
838649 838649
838649 846462
838649 5209983
325863 325862
325863 309483
325863 309485
325863 323566
325863 322671
325863 325863
325863 850942
309480 326640
309480 309481
309480 325860
309480 309480
309480 309484
309480 846832
309480 846454
305745 305745
305745 306018
305745 305747
305745 322670
305747 306146
305747 306019
305747 322671
305747 306003
305747 305747
305747 846462
305749 306146
305749 323567
305749 306031
305749 305875
305749 305749
305749 305751
305749 322686
305751 846847
305751 306018
305751 305751
305751 306030
305751 306007
305751 322687
322813 5049319
322813 49274878
322813 306031
322813 847613
322813 322686
322813 322812
322813 322813
309482 846847
309482 325862
309482 309482
309482 309483
309482 309486
309482 326655
309482 846462
846427 5049334
846427 363863
846427 306019
846427 306030
846427 838618
846427 846427
846427 6147805
850942 16498171
850942 7856127
850942 841959
850942 842234
850942 850943
322670 5048798
322670 309483
322670 322798
322670 1006331
322670 322670
322670 322671
904815 48117727
904815 913384
904815 913391
904815 913401
904815 904940
904815 904815
904815 904957
322671 5048799
322671 7830523
322671 322799
322671 322671
1006192 1006323
1006192 1006196
1006192 1006965
375924 392318
375924 913384
375924 913391
375924 904939
375924 375924
375924 375925
375924 376055
375925 846847
375925 5073885
375925 392319
375925 846832
375925 375925
375925 376054
1006196 5192171
1006196 1014772
1006196 1006327
1006196 1006204
1006196 1007485
846455 16498171
846455 5049311
846455 306007
846455 846454
846455 325860
846455 846455
1006200 1006331
1006200 1006204
1006200 1014783
1955449 5192687
1955449 1963647
1955449 1006965
1955449 1007224
1955449 1964030
1955449 1014783
1007224 1015807
1007224 1007355
1007224 1007485
1007224 1963646
1007224 1964031
1015417 48166892
1015417 1007614
1015417 5209076
1015417 1015546
1015417 6148059
1015417 1015676
1006204 5192175
1006204 1015807
1006204 1014779
1006204 1006335
846454 5049310
846454 305875
846454 846454
846454 1963646
1963646 48117727
1963646 1955833
1963646 1963647
1963646 850943
1963647 48117467
1963647 5049310
1963647 5193599
1963647 1955832
850558 841958
850558 842235
850558 1015807
850558 325860
850558 850559
846462 5049311
846462 846463
846462 846462
846462 1014783
850559 7855871
850559 48107995
850559 841959
850559 842234
850559 325861
392318 1006323
392318 48108511
392318 392319
392318 392445
392318 1964031
392319 14655359
392319 5192171
392319 48107995
392319 392444
322687 5048798
322687 322686
322687 325861
322687 16506879
322687 322812
322687 322687
322686 5048799
322686 309481
322686 322686
322686 1964031
846463 325862
846463 5049310
846463 306003
846463 7856127
846463 846463
850943 325862
850943 841958
850943 842235
850943 1014783
326655 841959
326655 1006331
326655 1964031
326655 326653
326655 326654
842234 48166892
842234 850426
842234 842235
842234 5209983
306147 5049310
306147 305875
306147 306003
306147 306146
306147 306147
306147 323438
306147 846810
305875 306157
305875 323566
305875 305875
305875 306007
305876 323568
305876 305876
305876 306157
305876 305878
305878 306031
305878 846832
305878 323569
305878 306134
305878 305878
48117467 913259
48117467 1006965
6147805 5209076
6147805 847591
6147805 847612
6147805 6148059
6147805 6148073
6147805 6147805
7856127 7855740
7856127 5193598
7856127 1014652
7856127 1955832
325860 309486
325860 846833
325860 325860
325860 325861
6147813 48133108
6147813 846810
6147813 847590
6147813 847613
6147813 6148066
6147813 6147813
6147813 6148078
325861 309481
325861 309487
325861 323569
325861 325861
841959 326640
841959 841958
841959 850151
325862 325862
325862 309484
325862 846846
850151 326641
850151 326654
847591 322798
847591 847590
847591 847591
847591 323439
847591 5209982
309483 309483
309483 309487
309483 323567
309483 326654
309484 913384
309484 5049310
309484 309485
309484 309484
309484 326642
309485 326643
309485 5048799
309485 309481
309485 6148066
309485 309485
322798 5049319
322798 5192175
322798 306018
322798 322799
322798 322798
322799 5049334
322799 7830515
322799 306019
322799 847590
322799 322799
309487 5048798
309487 309486
309487 309487
309487 6148059
309487 326652
309486 913391
309486 5049311
309486 309486
309486 326653
309481 326641
309481 309481
309481 323568
1006323 364381
1006323 5192171
1006323 1007094
1006323 1006327
904939 5073885
904939 363991
904939 913259
904939 913260
904939 1006965
904939 904939
904940 5073905
904940 913259
904940 913260
904940 48133108
904940 846810
904940 904940
376054 5049319
376054 6148066
376054 376054
376054 376055
376054 6148059
376054 392444
1006327 5049319
1006327 5192175
1006327 1014647
1006327 7593725
376055 364381
376055 323567
376055 323568
376055 376055
376055 392445
49274878 7593854
49274878 48742269
49274878 326652
49274878 392445
49274878 1007614
1015546 14655359
1015546 1007485
1015546 5208951
1015546 1015807
1006331 5192175
1006331 1006335
1006331 1014652
392444 48108534
392444 14548220
392444 16506879
392444 392445
904957 5073905
904957 913273
904957 846833
904957 48741883
904957 904957
904957 846846
14548220 364382
14548220 48742269
14548220 1014647
14548220 14548221
14548220 5209982
14548221 7593854
14548221 1007094
14548221 364510
14548221 48741884
14548221 392445
847612 322812
847612 323442
847612 48741883
847612 847612
847612 847613
7593725 7593854
7593725 14655358
7593725 913260
7593725 1964030
7593725 48133108
322812 5049334
322812 14655359
322812 306030
322812 322812
7855871 7855996
7855871 1014648
7855871 1955833
7855871 48741883
7855871 846846
1006335 5048798
1006335 5192171
1006335 1014648
1006335 5209983
847613 48742269
847613 323443
847613 847613
392445 48107983
306157 363991
306157 913384
306157 306157
306157 323443
847590 5193598
847590 323438
847590 847590
846832 48107995
846832 846832
846832 846833
846833 306134
846833 846833
5073905 5073905
5073905 838618
1014783 1014652
1014783 1014779
323566 913401
323566 7830521
323566 323438
323566 323566
323566 323567
323567 1007355
323567 323567
323567 323439
913391 913260
913391 306031
913391 913391
913391 1007485
306003 306003
363860 363988
363860 363860
363860 364381
363860 363991
846846 846847
846846 306007
846846 846846
306007 306019
306007 306007
363863 5073885
363863 363991
363863 363988
363863 363863
363863 846810
363863 364382
846847 1015807
846847 846847
364381 5049319
364381 364509
364381 364381
364381 364510
364382 5049334
364382 364510
364382 913401
364382 364509
364382 364382
913401 913273
913401 323569
913401 913401
913401 48742269
7855740 7830513
7855740 7830523
306018 5048798
306018 363988
306018 306018
306018 306019
306019 5049311
306019 306019
5192171 364509
5192171 1007614
913259 913384
913259 913259
913259 6148078
913259 5049310
913260 6148073
913260 913260
913260 5049311
306030 306030
306030 306031
306030 306134
306030 6148059
306031 363988
306031 306031
323439 5192687
323439 306146
323439 323438
323439 6148073
323439 323439
323438 7830513
323438 6148078
323438 323438
323442 323443
323442 323569
323442 48108534
323442 6148073
323442 323442
323443 48108511
323443 6148078
323443 323568
323443 323443
1006965 1014772
1006965 1007094
5208951 14655358
5208951 5209076
5208951 1014772
5208951 1014779
1014648 7830515
1014648 5209076
1014648 1014779
1014648 1014652
913273 5049334
913273 6148066
913273 48166892
913273 6148059
913273 913273
1014647 48133108
1014647 1007094
1014647 5209076
1014647 1014772
5192175 1015676
5192175 326653
1015676 16498171
1015676 1007355
1015676 1015807
1015676 16506879
1007485 48117727
1007485 1007614
5209982 7830523
5209982 16506879
5209982 850426
5209982 5209983
14655359 14655358
14655359 48741883
14655359 326653
5209983 14655358
5209983 1964030
5193599 5193598
5193599 842235
5193599 1014779
14655358 5049334
14655358 48166892
7855996 7830515
7855996 16506879
7855996 48108534
7855996 7830521
7855996 16498171
1014652 5192687
1014652 7830523
5193598 16498171
5193598 48133108
5193598 850427
48742269 7830521
48742269 850426
7593854 6148073
7593854 7830515
7593854 48108534
326642 326640
326642 326643
326642 5192687
326642 48108511
326642 850427
7830515 326652
7830515 7830523
326643 326641
326643 7830513
326643 48108534
326643 850426
1014772 5073885
1014772 48117727
850426 850427
850426 326652
5049310 5049310
1964030 5048799
1964030 1955832
1964030 1964031
850427 842235
850427 48741883
850427 326653
1964031 1955833
7830521 326641
7830521 7830513
7830521 1955833
1014779 5049311
7830523 326654
326652 326654
326652 326653
48107983 323568
48107983 326641
363988 5049319
363988 363988
363988 364509
306134 306134
363991 306146
363991 364510
363991 363991
326654 16506879
16498171 48166892
846810 838618
846810 846810
838618 838618
48741883 5209076
364509 5048798
364509 6148073
364509 364509
364510 5048799
364510 6148078
364510 364510
1007355 326640
1007355 5192687
1007355 1007614
48117727 842235
48108511 913384
48108511 1007094
48108511 1955833
5048799 306146
5048799 5048799
48107995 326640
48107995 323569
48107995 1007614
6148059 6148059
5048798 5048798
5073885 5073885
5049311 5049311
6148066 48108534
6148066 6148066
6148073 6148073
306146 306146
5049319 5049319
913384 913384
6148078 48741884
6148078 6148078
5192687 1007094
323568 323568
323568 323569
323569 323569
326640 326641
48133108 1955832
7830513 1955832
7830513 48741884
5049334 5049334
1955832 1955833
