363607 5073887
363607 363732
363607 363765
363607 363607
363607 363735
363607 363615
846430 297174
846430 301286
846430 5049309
846430 372085
846430 310125
846430 846430
363615 363743
363615 14548471
363615 363740
363615 363773
363615 363615
325730 363740
325730 363743
325730 309346
325730 325731
325730 325730
325730 850046
309346 363732
309346 363735
309346 309347
309346 309346
309346 325742
309347 297826
309347 297839
309347 325731
309347 309347
309347 325743
325731 297842
325731 297855
325731 325731
325731 850047
841830 850536
841830 841955
841830 841831
841830 850927
841830 850046
841831 326768
841831 327679
841831 850023
841831 850047
309864 326768
309864 847840
309864 325988
309864 309864
309864 309865
309864 310125
850536 842735
850536 325988
850536 850537
850536 5183727
850537 5049315
850537 842734
850537 841955
850537 325989
850023 327678
850023 841955
850023 325743
850023 326769
309865 325989
309865 309865
309865 310124
309865 322512
309865 326769
325742 5049315
325742 376311
325742 841955
325742 325742
325742 325743
325743 5048796
325743 325743
325743 6148089
326768 5183719
326768 326769
326768 326899
326769 326898
326769 5048796
8380027 16769023
8380027 7551483
8380027 14548470
8380027 6148089
8380027 8380159
850046 393215
850046 5183727
850046 850047
850047 8380159
850047 5183719
363732 297420
363732 5049315
363732 363732
363732 363740
297173 297421
297173 297839
297173 297173
297173 297175
297173 297181
297173 322527
297174 297172
297174 297827
297174 297421
297174 297174
297174 297182
363735 297421
363735 363735
363735 904955
363735 363743
297175 297183
297175 297420
297175 297838
297175 297175
297175 846815
297172 297826
297172 297420
297172 322512
297172 297172
297172 297180
297180 847840
297180 297842
297180 297814
297180 297180
297180 297182
363740 297814
363740 5183727
363740 363740
297181 297183
297181 297855
297181 297815
297181 297181
297181 847871
297183 297814
297183 14282719
297183 297854
297183 297183
6147807 363765
6147807 372213
6147807 6148089
6147807 6148063
6147807 851707
6147807 6147807
297182 7551467
297182 297843
297182 297815
297182 297182
363743 297815
363743 14548470
363743 363743
841955 850926
913407 297839
913407 301294
913407 913276
913407 327679
913407 376180
913407 913407
301286 301286
301286 301287
301286 301294
301286 301935
301286 846815
301287 301287
301287 301934
301287 301295
301287 322512
301287 322527
5183719 297842
5183719 847840
5183719 301951
309994 847871
309994 327679
309994 326118
309994 309994
309994 309995
309994 310255
309995 327678
309995 326119
309995 309995
309995 310254
309995 322527
301294 301294
301294 301295
301294 301951
301294 5049309
5183727 847841
5183727 393214
301295 301295
301295 5048796
301295 301950
301295 6148063
326898 310124
326898 326899
326898 7551483
326898 851707
326899 310125
326899 851706
326899 5049309
363765 297827
363765 297838
363765 363765
363765 363773
851706 327548
851706 842735
851706 14679933
851706 851707
851707 842734
851707 327549
904955 5073887
904955 913276
904955 376180
904955 850927
904955 904955
16769023 297855
16769023 327678
16769023 393084
16769023 301950
363773 297843
363773 297854
363773 14679933
363773 363773
8380159 847870
8380159 913276
8380159 14679933
327679 327548
327679 327678
297814 297420
297814 847841
297814 297814
297815 297421
297815 847870
297815 297815
297826 297826
297826 297827
297826 297842
297826 5048796
297827 297827
297827 297843
297827 5049309
325988 847841
325988 310255
325988 325988
325988 325989
325989 310254
325989 322514
325989 325989
310124 7551467
310124 326119
310124 310124
310124 310125
310125 326118
310125 310125
297838 297838
297838 297839
297838 297854
297838 6148063
301934 7551467
301934 301934
301934 301935
301934 301950
301934 14282719
301935 847840
301935 847871
301935 301935
301935 301951
297839 297839
297839 297855
297842 297842
297842 297843
297843 297843
297843 7551483
376180 393215
376180 376180
376180 376181
376180 376311
376181 5073887
376181 393214
376181 376181
376181 376310
376181 846815
372085 5073887
372085 372213
372085 372085
372085 846815
372085 389117
847871 847870
847871 393215
847871 847871
327548 310255
327548 14679935
327548 327549
388989 372213
388989 7551467
388989 389117
388989 14548471
388989 388989
388989 14282719
393085 393214
393085 376310
393085 14548471
393085 14282719
393085 393084
327549 327678
327549 310254
327549 6148063
14679935 297854
14679935 301951
14679935 393214
14679935 14679933
14679933 389117
913276 6148089
913276 913276
913276 5049309
393084 393215
393084 376311
393084 14548470
297854 297855
297854 297854
301951 301950
297855 297855
301950 7551483
14548471 842734
14548471 14548470
297420 297420
297420 322514
297421 297421
297421 322525
322512 5048796
322512 322514
322512 322512
322514 5049315
322514 372213
322514 322514
5048796 5048796
5049309 5049309
322525 372213
322525 326119
322525 6148089
322525 322525
322525 322527
322527 376311
322527 322527
6148063 376310
6148063 6148063
846815 310255
846815 846815
5073887 842735
5073887 5073887
5049315 5049315
5049315 376310
847841 847840
847841 847841
847841 389117
14282719 310254
14282719 14282719
326118 847870
326118 326118
326118 326119
326118 850927
326119 326119
326119 850926
847840 847840
7551467 7551467
7551467 7551483
842734 850926
842734 842735
310255 310254
310255 310255
842735 850927
850927 850926
850926 14548470
310254 310254
372213 372213
376311 376310
376311 376311
376310 376310
6148089 6148089
393214 393215
389117 847870
389117 389117
847870 847870
