5675260 5675135
5675260 5683711
5675260 5691760
5675260 5675891
5675260 5675513
5692281 5691891
5692281 5675891
5692281 5675765
5692281 14333942
5692281 14587381
5692281 5675513
5692281 5692410
5692281 5700604
5692410 5700479
5692410 5691891
5692410 5675891
5692410 5675638
5692410 5684214
5692410 14596090
5692410 5683711
5683711 5675765
5683711 5700479
5683711 5683955
5700604 5700479
5700604 58179199
5700604 14333942
5700604 5684214
5700479 5675765
5700479 5683955
58179199 5675135
5691760 5675638
5691760 5691891
5683824 5683955
5691891 5675513
5691891 5683955
5675891 5675638
5675765 5675638
5684214 14596090
5684214 5683955
14333942 14596090
14333942 5675638
14333942 14333813
14587381 5675513
14587381 14333813
5675513 14596090
14596090 58179324
