14595827 5406075
14595827 6216302
14595827 14333695
14595827 5667958
14595827 6216439
14595827 5668095
6224496 5405821
6224496 6224627
6224497 5405823
6224497 5667959
6224497 14334591
6224497 6224626
6224626 5406074
6224626 6216303
6224626 15433083
6224626 6224495
6224626 6224887
6224627 5406075
6224627 6216439
6224627 6216303
6224627 6224495
6224627 6224886
14333692 14596849
14333692 14333567
14333692 6216438
14333692 14333692
14333692 14334719
14333692 14334588
6224886 5405948
6224886 5667959
6224886 15695100
14333567 14596721
14333567 14334588
14333567 14334719
6216303 14596849
6216303 5667959
6216303 5668094
6216303 6216428
14333695 5406074
14333695 14596849
14333695 5667958
14333695 5668095
14333695 6216302
5667958 5668095
5667958 6216302
5667958 6216306
5667958 5668085
6224887 5405821
6224887 5405949
6224887 5668094
5667959 6216307
5667959 5668084
5667959 5668094
14596477 5406072
14596477 5406203
14596477 6216428
14596477 14596605
14334716 14596593
14334716 48692083
14334716 15432831
14334716 14334591
5406072 5405821
5406072 6224620
5406072 5406074
5406072 5406203
48692219 5405949
48692219 5668094
5406074 5405823
5406074 5405949
5406074 14596605
5406074 5406075
15433083 14596605
15433083 14596849
15433083 6216438
15433083 6216439
15433083 15433083
15433083 15695100
15695100 48692083
15695100 49241343
15695100 6216438
15695100 15432831
5405821 6224495
5405821 5406075
5405821 5405949
14334719 14596593
14334719 14334588
5406203 5405949
5406203 5406075
5406203 6224620
5668347 14596605
5668347 5668084
5668347 5668094
5668347 6216428
5668347 6216439
5405949 6224495
5405948 5405823
5405948 49241343
5405948 5406075
5668094 6216306
5405823 49241343
15432831 14596849
15432831 14334591
49241343 5668346
5668095 6216302
5668095 6216307
5668095 5668346
6224620 14596605
6224620 6216429
6224620 6224495
6216429 14596849
6216429 5668085
6216429 5668346
6216429 6216302
6216302 14596721
6216428 14596721
6216428 5668084
6224495 5668085
14596593 6216307
14596593 6216438
6216306 6216307
6216306 6216439
6216307 6216439
6216307 14334591
6216307 6216438
6216307 14334588
14596721 14596849
14596849 14596605
6216439 5668085
6216439 6216438
6216438 5668084
6216438 5668346
5668084 14596605
5668346 5668085
5406075 14596605
