839655 5369817
839655 839654
839655 839655
839655 847463
839655 5209981
839655 847486
5049343 913252
5049343 325870
5049343 322387
5049343 846423
5049343 7823359
5049343 5049343
49217534 364414
49217534 999422
49217534 5209981
364541 5048827
364541 364020
364541 364414
364541 6148065
364541 7831031
364541 364541
364414 5049330
364414 363895
364414 913403
364414 364414
5073907 904932
5073907 5073907
5073907 904959
5073907 838615
5073907 838622
5073907 14654719
999422 5192188
999422 999163
5209087 999163
5209087 850431
5209087 904807
5209087 5208956
5209087 847486
842233 5193727
842233 850431
842233 842232
904959 913272
904959 5193727
904959 904807
904959 846423
904959 904959
5193727 5192188
5193727 5193596
5193727 839654
5193596 14654719
5193596 7823359
5193596 847462
5193596 850431
5369817 5192188
5369817 839654
5369817 846425
5369817 846808
5369817 5369817
309476 309477
309476 309476
309476 325870
309476 846423
7822838 14654719
7822838 7830641
7822838 7823359
363895 364020
363895 363895
363895 846808
363895 846425
363895 5369823
847580 322780
847580 847580
847580 6147804
847580 838615
7593983 850430
7593983 913272
7593983 7593596
7593983 7552638
7593983 847487
850430 325871
850430 842232
850430 5210110
850430 850431
5192063 14654719
5192063 5192188
5192063 913252
5192063 999163
5192063 7552638
5208956 913383
5208956 7823359
5208956 999032
5208956 7831550
305609 305609
305609 305613
305609 305998
305609 322385
305609 322399
305609 322655
850431 325870
999032 7831031
999032 999163
305613 305613
305613 305998
305613 322387
305613 846423
305613 322397
305998 305998
305998 846808
305998 846425
305998 322780
5369820 14654719
5369820 847462
5369820 847487
5369820 847451
5369820 5369820
5369820 838622
322385 5048827
322385 364020
322385 322387
322385 322385
322385 847486
322387 847487
322387 322387
322387 847451
913272 5049330
913272 913272
913272 6148057
913272 913403
846423 838615
846423 846423
838615 838615
6148057 322397
6148057 7593596
6148057 6147804
6148057 325871
6148057 6148057
846808 838622
846808 904932
846808 846808
846425 5049330
846425 838622
846425 846425
6147804 7830641
6147804 847451
6147804 6148065
6147804 6147804
322780 5049330
322780 322655
322780 6148065
322780 322780
322397 847462
322397 847451
322397 322397
322397 322399
322655 5048827
322655 913403
322655 309477
322655 322655
5369823 364020
5369823 847463
5369823 999163
5369823 847486
5369823 5369823
7593596 7823359
7593596 7830641
7593596 7831550
322399 364020
322399 913383
322399 847463
322399 322399
847451 838622
847451 847451
309477 309477
309477 325871
838622 838622
847463 847462
847463 847463
847463 5210110
6148065 913252
6148065 7552638
6148065 6148065
904932 5192188
904932 913252
904932 904807
904932 904932
847486 847487
847486 847486
913252 913252
913252 913383
839654 839654
839654 847462
839654 847487
904807 913383
904807 913403
904807 904807
913383 913383
913383 325870
325871 5048827
325871 325870
325871 325871
913403 913403
913403 5209981
7552638 5049330
7552638 5210110
847462 847462
325870 325870
364020 364020
847487 847487
5210110 7831550
5210110 5209981
7831031 7831550
842232 5209981
5049330 5049330
5048827 5048827
5048827 7831550
