5192060 5192191
5192060 999423
5192060 904804
5192191 5049331
5192191 913380
5192191 999162
5192191 5208959
305868 305743
305868 846417
305868 305868
305868 322782
5209084 913255
5209084 999033
5209084 14655487
5209084 5208959
5209084 6148062
305743 846807
305743 322653
305743 305743
14655487 364415
14655487 364540
14655487 14655356
14655487 999162
846417 5049331
846417 363894
846417 846417
846807 363894
846807 904935
846807 846807
999162 999033
999162 5208959
999162 999423
5073919 999423
5073919 904935
5073919 363894
5073919 5073919
6147803 364021
6147803 999033
6147803 6147803
6147803 6148062
322653 5048826
322653 364021
322653 322782
322653 322653
322653 6148062
322782 5049331
322782 364021
322782 913380
322782 322782
6148062 364540
6148062 913255
6148062 6148062
904804 913380
904804 904804
904804 904935
913380 364415
913380 913255
913380 913380
904935 913255
904935 904935
904935 5208959
913255 5049331
913255 913255
364540 5048826
364540 364021
364540 364415
364540 364540
5049331 5049331
5049331 364415
364021 363894
364021 364021
363894 363894
363894 364415
364415 364415
5048826 14655356
5048826 5048826
14655356 5208959
