5388914 5616494
5388914 5389047
5388914 5389048
5388914 5404005
5388914 5617903
5388914 5404273
5388914 5388915
5388914 5388922
5404659 5616615
5404659 5406206
5404659 5404528
5404659 5404531
5404659 6224622
5404659 5404663
5404659 5404153
5404659 5633247
5618294 5634038
5618294 6241276
5618294 5633258
5618294 5618557
5618294 5404273
5618294 5618295
5618294 5633404
5618294 5404029
6240886 5692534
6240886 14596075
6240886 6232695
6240886 5617260
6240886 5618419
6240886 6241013
6240886 5700726
6240886 5693180
14351869 5633660
14351869 5633661
14351869 14597630
14351869 6232826
14351869 14597756
14351869 6241278
14351869 14351741
14351869 14613751
5618295 5634039
5618295 6241021
5618295 5633259
5618295 6224623
5618295 5404404
5618295 5404025
5618295 5633405
5635188 6233083
5635188 5616613
5635188 5617640
5635188 6241023
5635188 5617908
5635188 5635189
5635188 5618557
5635188 5619455
5619455 5633918
5619455 5608414
5619455 5635446
5619455 5617909
5619455 5619454
5619455 5633403
5619455 5633279
5700726 5692534
5700726 14595831
5700726 14333687
5700726 5700853
5700726 6249848
5700726 5684989
5388923 5634039
5388923 5618152
5388923 5389048
5388923 5388915
5388923 5404271
5388923 5404279
5388923 5389054
5618153 5633783
5618153 5618152
5618153 5618285
5618153 5404271
5618153 5388915
5618153 5404660
5618153 5633371
5618153 5617406
5616473 5608281
5616473 5616472
5616473 5617773
5616473 5404277
5616473 5404404
5616473 5633117
5616473 5633261
5616473 5616475
6249852 6241151
6249852 5617261
6249852 14351741
6249852 5618418
6249852 14613751
6249852 6249979
6249852 5684862
6249852 6249983
5633117 5616604
5633117 5616472
5633117 5617773
5633117 5617893
5633117 5404279
5633117 5404406
5633117 5633403
14597756 5438326
14597756 5693055
14597756 6224622
14597756 14613749
14597756 5404277
14597756 5618556
14597756 14597887
5633636 5608282
5633636 5608279
5633636 5633384
5633636 6232820
5633636 5633637
5633125 6232826
5633125 5616472
5633125 5617381
5633125 5404269
5633125 5404396
5633125 5633124
5633125 5633141
5633124 5608280
5633124 5617380
5633124 5404005
5633637 14589174
5633637 5616471
5633637 5633385
5633637 5616474
5609454 14596079
5609454 5619453
5609454 5617640
5609454 5609455
5609454 5618301
5617258 5693055
5617258 5608282
5617258 5633279
5617258 5633258
5617258 5617259
5617258 5617903
5617258 6232820
5617259 5608283
5617259 14587362
5617259 5701373
5617259 5633259
5617259 5633278
5617259 5633247
5617260 5608283
5617260 5608278
5617260 14587362
5617260 5633260
5617260 5617261
5617260 5633272
5617260 5633273
5404269 5633918
5404269 5388922
5404269 5389307
5404269 5404005
5404269 5404398
5404269 5632863
5617773 5608412
5617773 5616472
5617773 5617772
5617773 5633141
5617773 5633402
5618285 5608414
5618285 5635189
5618285 5635446
5618285 5616494
5618285 5617908
5618285 5616475
5618285 5633373
5617772 5608281
5617772 5608413
5617772 5617893
5617772 5633140
5404273 5633772
5404273 5608281
5404273 5389046
5404273 5404275
5404273 5404404
5404273 5404277
5617261 5608279
5617261 5633261
5617261 6232820
5617261 5633272
5617261 5633273
5617261 5616475
5388915 5389046
5388915 5389049
5388915 5404133
5388915 5404275
5388915 5632863
5404271 5634038
5404271 5389306
5404271 5404133
5404271 5404396
5404271 5633141
5404277 5633773
5404277 5388922
5404277 5389306
5404277 5404406
5633141 6241278
5633141 5617406
5633141 5404398
5633141 5633140
5404279 5633782
5404279 14597630
5404279 5389307
5404279 5404275
5404279 5404404
5633656 5616492
5633656 5616493
5633656 5617909
5633656 6241278
5633656 5633657
5633656 6232826
5633656 5617918
5633656 5616607
5633657 5617380
5633657 5616492
5633657 5616493
5633657 5617407
5633657 5633373
5633657 5616606
5633657 5617919
6232695 5633258
6232695 6232820
6232695 6232824
6232695 5633273
6232695 6241276
6232695 5676797
6232695 6241278
5635189 5633772
5635189 5633783
5635189 5617641
5635189 5618556
5635189 5632861
5635189 5619454
5633660 5633661
5633660 5617902
5633660 5616495
5633660 5616605
5633660 14589174
5633660 5616474
5633660 5633404
5633661 5616604
5633661 5616494
5633661 5617903
5633661 6232820
5633661 5616475
5633661 5633405
5635190 5608283
5635190 5608412
5635190 5618300
5635190 5618301
5635190 6241149
5635190 5635191
5635190 14587895
5635190 5619453
5388922 5633919
5388922 5616615
5388922 5389049
5388922 5389055
5635191 5618300
5635191 6224491
5635191 5616604
5635191 6224622
5635191 5616475
5635191 5619452
5635191 5618301
5676670 5692661
5676670 14596079
5676670 49216239
5676670 6232820
5676670 5676797
5618300 6241149
5618300 5609455
5618300 5633260
5618300 14587895
5618300 5633402
5618300 5618301
5618301 6224490
5618301 5633261
5618301 6224623
5618301 5633403
6240894 6233081
6240894 14596079
6240894 5617640
6240894 5633384
6240894 5617647
6240894 5633405
6240894 6232820
6240894 6241021
5701246 5634039
5701246 5633259
5701246 5633524
5701246 6249848
5701246 5633402
5701246 49216507
5701246 5701373
5693055 5618419
5693055 6241013
5693055 6232826
5693055 5693180
5693055 6241023
5633272 6232954
5633272 5633914
5633272 14596075
5633272 5617640
5633272 5617918
5633272 5633273
5633273 5633915
5633273 5617919
5633273 5617641
5633273 6249983
5617908 5608283
5617908 5608415
5617908 5635447
5617908 5633390
5617908 5617909
5617908 5633278
5617909 5608282
5617909 5616607
5617909 5633279
5617909 5633391
5617909 5633373
5618418 5633918
5618418 5608413
5618418 5701373
5618418 5618419
5618418 5633524
5618418 5632863
5618419 5633919
5618419 5633525
5618419 5608412
5618419 5616615
6249983 6241276
6249983 5617406
6249983 5617919
6249983 6249848
6249983 5633524
6249983 5684989
5633278 6233083
5633278 5406207
5633278 5389048
5633278 5389307
5633278 5404528
5633278 5633279
5633279 6232826
5633279 5389047
5633279 5404396
5633279 5404532
5389047 5389046
5389047 5404005
5389047 5633391
5389047 5404275
5389047 5389307
5389047 5389055
5617406 5633525
5617406 5608412
5617406 5617407
5617406 14587895
5617406 5633405
14613749 5633773
14613749 5633914
14613749 14596075
14613749 6241013
14613749 14351741
14613749 14613749
5700853 5692661
5700853 14596075
5700853 6224491
5700853 6224623
5700853 6249979
5700853 5684862
6233081 6232954
6233081 5617381
6233081 5617918
6233081 6232826
6233081 6241013
6233081 6241276
6233081 14351741
5617918 5608279
5617918 6241151
5617918 5616605
5617918 5617919
5617918 5633384
5617919 5608278
5617919 5608413
5617919 6232824
5617919 5633385
6233083 5438327
6233083 6241021
6233083 6224490
6233083 5633261
6233083 5404404
6233083 5701373
6241023 5438327
6241023 6241013
6241023 6224490
6241023 5633390
6241023 5404406
6241023 5633403
5633525 5633773
5633525 14596075
5633525 5617646
5633525 5633524
5633525 5693180
5633247 5389048
5633247 5617903
5617380 5608282
5617380 6232824
5617380 5617381
5617380 5633258
5617380 5616495
5617380 5633404
5617381 5608283
5617381 5633259
5617381 14587895
5617381 5633405
5617381 5632863
5617893 5608280
5617893 5616605
5617893 5404275
5633258 5633783
5633258 5693180
5633258 5633259
5633259 6232954
5633259 5633782
5633772 5633773
5633772 5616494
5633772 5633524
5633772 5616474
5633772 6241276
5633772 5404157
5633773 5616615
5633773 6224491
5633773 5404153
5633773 5616475
6224622 5406076
6224622 5692661
6224622 14597630
6224622 6224491
6224622 6224623
49216239 14351741
49216239 5404157
49216239 5619452
49216239 5684862
6224623 5406077
6224623 5617646
6224623 6224490
6224623 5404531
5404396 5389048
5404396 5389055
5404396 5617903
5404396 5404005
5633261 5635447
5633261 5616613
5633261 14613751
5633261 5633260
5404398 5616494
5404398 5389049
5404398 5389054
5404398 5404133
5404398 5633391
5633260 6232826
5633260 5635446
5633260 5616492
5633260 5616472
5633260 5693180
6241013 5692661
6241013 14595831
6241013 6232820
5633782 5618152
5633782 6224491
5633782 5633783
5633782 5404153
5633782 6249979
5633782 5616604
5404406 5389049
5404406 5389055
5404406 5617646
5404406 5404275
5633783 5404157
5633783 5616605
5633783 5404275
5633783 14351741
14595831 5438327
14595831 5692534
14595831 14333687
14595831 5404153
14595831 6249979
14595831 5619453
14333687 5438326
14333687 6232954
14333687 5692534
14333687 14596075
14333687 5609455
14333687 5404025
5389046 5633918
5389046 5634038
5389046 5404133
5389046 5389306
5389046 5389054
5619452 5633914
5619452 5619453
5619452 5609455
5619453 5633915
5389048 5404404
5389048 5389307
5389049 5616615
5389049 5633390
5389049 5389306
14613751 5633918
14613751 5634038
14613751 5633405
14613751 5633404
14613751 5633403
6241021 6232954
6241021 5617640
6241021 6249979
6241021 6241021
5389054 5634039
5389054 5389307
5389054 5404404
5389054 49216507
5389055 14597887
5389055 5389306
5389055 5633390
5684989 14587895
5684989 5684862
5693180 5633919
5693180 14597887
5701373 14597630
5701373 6241278
5701373 6249979
5619454 5608415
5619454 5635447
5619454 14597887
5619454 49216507
5619454 5633402
5619454 5633373
5617407 5608413
5617407 6241151
5617407 5633140
5617407 5633524
5617407 5633371
5617407 5633404
5404535 5633918
5404535 5406077
5404535 5634038
5404535 5404531
5404535 5404660
5404535 5404663
5404535 14587895
5404535 5404029
5633404 6241151
5633404 5617647
5633404 5633405
5692534 14587362
5692534 5692661
5692534 5676797
5633918 5616606
5633918 5633919
6241149 6232826
6241149 5676797
6241149 5404663
6241149 5404532
6241149 14587895
6241149 6241278
5608278 5616492
5608278 5608279
5608279 5633915
5608279 5616613
5608279 5616493
5608279 5616471
5608280 5616472
5608280 5608281
5608280 5608282
5608281 5616474
5616472 5608283
5616474 5608282
5616474 5632861
5616474 5633373
5616474 5616475
5633371 5633373
5633371 5404133
5608283 5608282
5608283 5616475
5608282 5616493
5616471 5633914
5616471 5632861
5632861 5616492
5632861 5616493
5632861 5616605
5632861 5616613
5632861 5618556
5633373 5616606
5633373 5616495
5632863 5608415
5632863 5616615
5632863 5404660
5632863 5616495
14351741 5633914
14351741 14589174
5404005 5617902
5404005 5404133
5404005 5616495
14597501 5406076
14597501 14597630
14597501 5635446
14597501 5389307
5633384 5617640
5633384 5633385
5633385 6241151
5633385 5617641
5616492 5616613
5616492 5616493
5616492 5633402
5616493 5608413
5616493 5616613
5633390 5406077
5633390 5617646
5633390 5404528
5633390 5633391
5633391 5635447
5633391 6241278
5633391 5617647
5633391 5404532
5616495 5616494
5616495 5616607
5616495 5404133
5616494 5616615
5616494 5404663
5404528 5406077
5404528 5404656
5404528 6224490
5404528 5404532
5404528 5404025
5404531 5633919
5404531 5634039
5404531 5406207
5404531 5404656
5404531 5404025
5404532 5406207
5404532 5404660
5404532 5404663
5404532 5404029
5438326 5406206
5438326 5438327
5438326 5404153
5438326 5406076
5438326 5404157
5438326 14597630
5438327 5406207
5438327 5404029
5438327 5404025
5438327 5406077
5635446 14597887
5635446 5635447
5635446 5616607
5635446 5618556
5404025 5617646
5404025 5404153
5404025 5404029
6232954 14587362
6232954 5692661
6232954 14597630
5633914 5618556
5633914 5633915
5633914 5616604
5406076 5404656
5406076 14597887
5406076 5404663
5406076 5406077
5406076 5406207
5404029 14596079
5404029 5617647
5404029 5404157
5633405 5617646
5406077 5634039
5406077 5406206
5635447 5634038
5635447 5616606
5635447 5618557
6249848 6249979
5633402 6241278
5633402 5617641
5633402 5633403
5633403 5616613
5633403 5617640
5633915 6241276
5633915 6249979
5633915 5608412
5633915 5618557
5618556 14597630
5618556 5608415
5618556 5618557
5618557 5608414
5618557 5616613
5618557 5617647
6241151 14589174
6241151 6232824
6241151 6241276
5633919 5608414
5633919 5389306
5633919 5406207
5404660 5404656
5404660 5406206
5404660 14587895
5404660 5404157
5634038 5634039
5634038 5616606
5634039 5608414
5404663 5617903
5404663 5404157
5617902 5616607
5617902 5617903
5617903 5608415
5692661 6224490
5684862 14596079
49216507 5406206
6241276 5617641
5608412 5608414
5608412 5608413
5608412 5616604
5608413 5616605
5608413 5616606
5616606 5608414
5616606 5616607
5616607 5608415
5616607 5616605
5616605 5616604
5608415 5608414
5608415 5616604
6224490 5406207
6224490 6224491
5616615 5404656
5618152 5404656
14597887 5406206
14597887 5389306
6224491 5404656
6224491 5406206
5404133 5633140
5617641 14596075
5617641 5609455
5617641 5617640
5404656 5404153
14596075 5617646
5617646 5617647
5617647 5404275
5617647 5633524
5404153 5404157
5406206 5406207
