49250045 15449982
49250045 882043
49250045 882684
49250045 916221
49250045 48692606
5077357 882673
5077357 907897
5077357 5077486
5077357 882686
874356 5061098
874356 14284142
874356 5059181
874356 874097
874356 5691121
874356 882420
874356 874357
874356 874358
874359 15449597
874359 5059181
874359 5061103
874359 5077223
874359 874098
874359 874357
874359 874358
874359 882423
5077110 6150907
5077110 873833
5077110 6232301
5077110 907374
5077110 5690993
5077110 5077237
5077110 5077111
5077110 873852
5077111 873854
5077111 6232297
5077111 873835
5077111 907375
5077111 5077236
5077111 5690997
5077111 6258558
15449982 48117486
15449982 5699577
15449982 15449597
15449982 14597754
15449982 5691125
15449982 6159098
15449982 6159101
6250367 908281
6250367 882424
6250367 6250366
6250367 882685
6250367 48675837
6250367 882041
6250367 6258298
6250367 916095
874367 5060843
874367 5061099
874367 5059173
874367 882424
874367 874106
874367 874365
874367 874366
874367 6258559
908154 14284255
908154 908281
908154 48134132
908154 5078004
908154 5691121
908154 908155
908154 916348
908154 916221
873592 874089
873592 874090
873592 882671
873592 873593
873592 873853
908155 48117486
908155 14596975
908155 908280
908155 5078005
908155 5691125
908155 916220
908155 916349
14597755 5699449
14597755 14597754
14597755 6150906
14597755 14334830
14597755 5690997
14597755 48675830
14597755 6258299
14597755 6150909
882414 5699569
882414 5059439
882414 5076460
882414 882412
882414 874091
882414 6159101
882414 882670
882414 882415
873568 873569
5059169 873569
5059169 873834
5059169 873579
5059169 5059171
873569 873826
873569 873571
873569 873578
5059171 873571
5059171 5059175
5059171 6232297
5059171 873835
873571 5059174
873571 5076448
873571 873827
5059173 873577
5059173 874091
5059173 5059175
5077093 907369
5077093 873834
5077093 5077222
5077093 873855
5059175 6240749
5059175 5059174
5059175 5059431
5059175 874347
5059175 873579
5059175 874366
873576 873832
873576 873577
873576 873578
873576 873845
873577 5059174
873577 873833
873577 874090
873577 873579
873577 873847
873577 874365
873578 5059174
873578 5059426
873578 873834
873578 873579
873578 873844
873578 873845
873579 5059430
873579 873835
873579 873846
873579 5691129
907368 907369
907368 907499
874089 5059181
874089 874091
874089 882670
874089 874357
907369 5077223
907369 915561
907369 873832
907369 873853
907369 907374
907369 915567
907375 5060842
907375 915561
907375 6159099
907375 907374
907375 907500
907375 915567
907375 5691125
874091 5061099
874091 5059431
874091 874090
874091 874347
874091 5691121
5690993 5078004
5690993 5691121
5690993 5690997
874090 5060847
874090 874346
874090 5059430
874090 907499
874090 882415
5059181 5059431
5059181 873833
5059181 5059183
5059181 873593
5059181 882685
907374 5077222
907374 5077487
907374 907499
907374 907501
907374 5691121
5690997 6240745
5690997 5078005
5690997 6232301
5690997 5691125
5690997 5691005
915567 5060843
915567 5061099
915567 5059430
915567 6159098
915567 907499
915567 907501
874096 882672
874096 874097
874096 874098
874096 874357
907896 907897
907896 908027
907896 916094
907896 916479
873593 5059430
873593 873855
873593 873832
873593 873595
873593 873852
873593 882687
874106 5059438
874106 5061103
874106 874098
874106 874104
874106 916479
874106 874107
874106 882685
874107 5060843
874107 14284255
874107 5059434
874107 5059439
874107 874105
874107 882684
874107 874366
907897 5077487
907897 882672
907897 908026
907897 882687
907897 916478
907897 916095
5691005 6240749
5691005 14597495
5691005 5076449
5691005 5076462
5691005 5691001
5691005 6232297
5691005 5691133
916094 48116703
916094 908281
916094 874098
916094 874357
916094 916479
916094 916221
916094 916095
916095 5061099
916095 48116439
916095 5059434
916095 908280
916095 916220
6258298 48117486
6258298 5699573
6258298 5699577
6258298 15449597
6258298 14597754
6258298 6258299
6258298 15712127
6250106 5699569
6250106 5699581
6250106 6250107
6250106 6258559
14597754 6240745
14597754 14284254
14597754 14334831
14597754 48675702
14597754 15711613
6258299 5699445
6258299 5699449
6258299 14284143
6258299 14284790
6258299 6250366
6258299 48675830
6250107 5699441
6250107 5699453
6250107 14284254
6250107 6240749
6250107 14597495
6250107 14334831
6250107 6258558
882672 48116439
882672 882421
882672 874097
882672 908027
882672 882674
882672 882673
5077237 5699445
5077237 5077236
5077237 907501
5077237 6232301
5077237 882031
5077237 882041
5077237 6250366
882427 14284255
882427 5076463
882427 5077486
882427 874364
882427 5691129
882427 882425
882427 882426
882427 882686
5699441 14284143
5699441 5699569
5699441 5077236
5699441 5699445
5699441 48675702
5699441 5077878
5699441 14284254
882673 5699573
882673 48116439
882673 5059434
882673 874097
882673 882420
882673 882675
48692606 5699573
48692606 5077878
48692606 5076475
48692606 6159100
5059435 5060846
5059435 14284143
5059435 5059433
5059435 5059434
5059435 5059439
5059435 882675
5059435 874099
5059435 873854
882674 48116703
882674 5059433
882674 5077487
882674 5077879
882674 874098
882674 882423
882674 882675
5059438 5061102
5059438 882670
5059438 5059439
5059438 874099
5059438 873847
5059438 874105
5059438 916478
916220 48117486
916220 5061098
916220 6159100
916220 908026
916220 15712127
916220 916221
5077487 882421
5077487 5077486
5077487 882415
5077487 882426
5077487 908027
5059439 5060842
5059439 14284254
5059439 5059437
5059439 873846
14284142 48117486
14284142 5699445
14284142 14284143
14284142 874099
14284142 908026
14284142 6150908
14284142 916349
48116439 916221
14284143 48117486
14284143 5061098
14284143 5077486
14284143 6150909
882675 48117486
882675 5699569
882675 882422
882675 5077878
882675 874099
14587109 5076451
14587109 5077236
14587109 14334830
5077222 6240745
5077222 5077223
5077222 882028
5077222 6232301
5077222 5077486
5077222 882041
5077223 874346
5077223 907499
5077223 882030
5077223 908026
5077223 882043
6232297 5060842
6232297 5076448
5060842 5059426
5060842 5060843
5060842 6240749
5060842 873844
5060842 873854
907499 874357
907499 915693
907499 908027
907500 5699569
907500 5077236
907500 907501
915693 5060847
915693 6159101
915693 907501
48117486 882420
6232301 5060846
6232301 5059427
6232301 6150906
6232301 5076449
5060843 873855
5060843 873832
5060843 873834
5060843 873845
882412 5076462
882412 874347
882412 882413
882412 6159100
882413 874346
882413 5076463
882413 6159099
882413 882415
874098 5061099
874098 5059434
874098 874099
5077236 882029
5077236 14334831
5077236 882040
874099 5060847
874099 874097
874099 874358
5060847 5060846
5060847 915561
5060847 873847
5060847 873853
5060847 916478
882415 5059437
882415 5076461
882415 6159098
882415 882671
5691121 6240745
5691121 6150908
5691121 5691125
882425 14596975
882425 5076462
882425 882424
882425 874366
882425 5078005
882425 5691133
882425 882684
882420 5076473
882420 882422
882420 882421
882420 5077486
882420 6159098
6159099 5699453
6159099 6150906
6159099 6150908
6159099 882422
6159099 6159098
6159099 916349
882421 48116703
882421 5076475
882421 874357
882421 882423
882421 6159101
882422 5076472
882422 48134132
882422 5078005
882422 874358
882422 882423
882423 5076473
882423 48134132
882423 6159100
882423 5078004
882424 5699577
882424 5076460
882424 882685
882424 5078004
882424 882426
882426 5699581
882426 5076461
882426 874365
882426 6258559
882426 882687
6159098 15711613
6159098 6150907
6159098 916348
908027 908026
908027 882671
908027 916348
908027 916221
6159100 6150909
6159100 907501
6159100 6159101
6159100 6258558
6150908 6159101
6150908 5076460
6150908 48134132
6150908 5076475
6150908 6150909
6159101 48675834
6159101 916221
916221 5061099
14596975 14334831
14596975 48675830
14596975 882040
5699445 48134132
5699445 5699573
5699445 5077879
5699445 14284255
882041 5076473
882041 873852
882041 873855
882041 882040
882041 882043
5699569 48675834
5699569 5699573
5699569 908280
873595 14284791
873595 5059183
873595 5059426
873595 873854
874104 874105
874104 874365
874104 882687
874105 5059437
874105 873845
874105 882671
874105 874364
874105 882686
5691001 5076463
5691001 5076448
5691001 5691129
6258558 5699581
6258558 5076461
6258558 5077878
6258558 15712127
6258558 6258559
5077878 908280
5077878 5078005
5077878 5077879
5077878 882684
5077879 908281
5077879 6250366
5077879 882685
5077879 5078004
5077879 48675837
14597495 6150906
14597495 14334830
15712127 15711613
15712127 873855
15712127 874366
15712127 916348
15712127 882686
916348 15449597
916348 5061103
916348 916479
916348 916349
5059426 873826
5059426 5059427
5059426 873832
5059426 915561
5059426 873847
5059427 5059174
5059427 5059183
5059427 873827
5059427 873833
5059427 5061102
5059427 882031
873827 5076449
873827 873826
873827 882019
882019 5076451
5059430 5060846
5059430 5059431
5059430 873834
5059430 882686
5059431 5061098
5059431 6240745
5059431 873835
5059431 882684
873832 873834
873832 873833
873832 882030
907501 5060846
907501 5699573
5059433 874097
5059433 873852
5059434 5061098
5059434 873855
5059434 874097
882028 5076449
882028 5076463
882028 873834
882028 873844
882028 5691133
882028 882029
882028 882030
5059437 873844
882029 5699577
882029 5076451
882029 5076462
882029 873835
882029 873846
882029 882031
882030 5059174
882030 5076461
882030 5061103
882030 873845
882030 882031
882031 5699577
882031 5076460
882031 873833
882031 873847
14334831 5076462
14334831 5078005
14334831 48675702
14334831 14334830
14334830 48675698
873844 5076448
873844 873845
873844 873846
873844 5691129
874357 5061099
874358 15449597
874358 5059183
874358 5061102
874358 5691125
5060846 873846
5060846 873852
5060846 14284254
882040 5076472
882040 873854
5699449 5076451
5699449 5076460
5699449 6240749
5699449 14284790
5699449 5699577
5699449 5699453
873845 873847
873845 874365
48675702 6150909
874364 14284791
874364 5059174
874364 5061102
874364 5691129
874364 874365
874364 874366
874365 5061103
874365 882687
873854 873852
873854 6258559
873854 873855
874366 5061098
874366 5691133
873855 873853
5699453 5076449
5699453 5076461
5699453 14284791
5699453 5691129
5699453 5699581
916349 14284791
916349 5061102
916349 908026
916349 916478
15711613 5691133
882043 5076475
882043 873853
873852 14284255
873852 873853
873853 916479
873853 874097
6250366 15449597
6250366 5076460
6250366 48134132
6250366 6258559
6258559 908280
6258559 916478
5691125 6240749
5691125 874347
5076472 6150906
5076472 48675830
5076472 5076473
48134132 15449597
48134132 908280
5699573 882670
5699573 908281
5076473 6150907
5076473 6150909
5076473 5076475
5076473 48675837
5059174 874346
5691129 6240749
5691129 5691133
5699577 882684
5699577 5699581
5078004 6150907
5078004 5078005
5078004 48675837
5691133 6240745
5691133 873835
5078005 48675830
882685 5061103
882685 882684
882685 882687
873833 5061103
873833 873835
908026 14284255
908026 5077486
6150906 14284254
6150906 5076463
6150906 6150907
882687 916479
882687 882686
873834 873835
6150907 14284255
6150907 5076461
6150907 5076463
5059183 14284790
6150909 6240745
6150909 5076462
874346 874347
916478 15449597
916478 908280
916478 916479
916479 908281
14284254 5077486
14284254 14284255
48116703 908281
5076449 5076448
5076449 5076451
5076449 873846
6240745 5061098
5061098 5061099
5076460 5076461
5076460 5076462
6240749 5061102
5061102 14284790
5061102 5061103
5076462 5076463
5076463 5076461
882671 882670
14284790 14284791
908280 908281
873846 5699581
873846 873847
882684 882686
5699581 873847
5699581 882686
