842475 850666
842475 850667
842475 5058141
842475 842474
297204 297830
297204 297204
297204 297205
297204 297212
297204 5058397
297205 297831
297205 297205
297205 297207
297205 297213
297205 5074911
311295 327028
311295 311294
311295 311034
311295 5631999
297207 297830
297207 297207
297207 5631999
297207 297215
5631999 301550
5631999 376182
5631999 5631999
297846 297212
297846 297215
297846 297830
297846 297846
297846 297847
297846 363741
297846 7551999
297847 297213
297847 297831
297847 297847
297847 363741
297847 14548478
7551991 297212
7551991 302079
7551991 310904
7551991 7551999
297212 297212
297212 297213
327029 327028
327029 850667
327029 327158
327029 310905
327029 5058525
327029 311294
297213 297215
297213 297213
297213 14548479
376182 5074911
376182 393087
376182 376182
376182 376183
376182 5058141
376183 5074783
376183 5058525
376183 376183
376183 5058269
376183 393086
297215 58712063
297215 297215
310905 5058397
310905 310904
310905 311034
363733 297830
363733 297831
363733 363605
363733 363733
363733 363741
363733 5058269
363605 363613
363605 5058141
363605 363605
302078 301551
302078 302076
302078 302079
302078 58712063
302078 14548479
7551999 327028
7551999 302077
7551999 7551998
7551999 393087
302079 301550
302079 302077
302079 14548479
5058141 5058269
5058141 5058141
5058525 297830
5058525 301547
5058525 5058397
5058525 5058269
5058525 5058525
5058397 301551
5058397 5058397
5074783 297831
5074783 327159
5074783 301546
5074783 5074911
5074783 5631868
5074783 5074783
5074911 301550
5074911 301551
5074911 311035
5074911 5074911
363741 363613
363741 363741
363741 7551998
5058269 850667
5058269 5631868
5058269 5058269
311035 327158
311035 327159
311035 311294
311035 310904
311035 311034
58712063 311294
58712063 393086
363613 363613
363613 7551990
297830 297830
297830 297831
297831 297831
14548478 302076
14548478 327158
14548478 393087
14548478 8380157
14548478 14548479
842474 7551990
842474 850666
842474 850667
5631868 8380157
5631868 5631868
301546 301546
301546 301547
301546 301550
301546 302077
301547 301547
301547 301551
301547 302076
14548479 311034
14548479 393086
850667 327158
850667 850666
301550 301550
301550 301551
301551 301551
8380157 7551998
8380157 8380157
850666 327028
850666 327159
850666 7551998
327028 327159
327028 310904
393086 7551990
393086 393087
7551990 7551998
327159 327158
327159 311034
327158 311034
302076 302077
7551998 393087
