349524
370024
632168
697704
371304
354968
617112
682648
629336
432728
694872
693652
365972
628116
354984
617128
682664
365976
628120
431512
693656
367208
629352
694888
365992
633428
693672
371288
633432
436824
698968
370072
632216
350548
612692
354648
420184
436568
678232
694616
354660
616804
371044
350564
612708
370088
698984
416088
350552
612756
678292
354724
350632
416100
678244
367256
629400
432792
694936
354644
616788
633496
612968
350872
613016
677268
629092
694628
677204
693588
611668
436644
349608
699048
